       68.8707    230.5953   1665.2025
      735.1843   1203.0625    377.3152
      254.6907   1598.8798   1499.5343
     2180.7070    754.3275   1053.8093
     2257.1846    125.9003    164.7888
     1437.0632   1409.9525     89.7441
      736.7187    205.0689    574.8187
     1611.5925   1094.2051   2110.1470
     1789.3313   1227.2988    369.0312
     1617.6559    761.9888   1562.8373
     2184.9587   1817.3475    336.4041
      376.2102   1914.7006    756.2352
     1490.5953   1604.9531   2216.9932
      682.1852    484.7314   1902.0833
     1411.4888   1504.9637   1215.8657
       76.0133   1408.5358   1994.1130
      566.2480    931.4123   1764.7051
     1214.3807    363.0713    728.0720
      566.6299    602.3068    912.8660
     2017.5936   1985.4108    139.8554
     2111.5974   1217.0864   1095.2445
      848.1451   2255.7021   1122.9067
      710.2166    374.6724   2253.6824
      151.7853    862.7063    953.1279
      635.6658   2116.6091   1059.5400
     1010.1689   2130.9778    185.0280
     1549.0048   1882.3163   1744.8391
       16.7364    116.2881   1439.9819
     2078.5527   1346.7449   1435.9966
     1615.3190   2237.0723   1692.1614
      448.3632    382.2625    946.3356
     1019.4163   1475.9919   2113.2546
     1065.0334   1549.7626    390.4100
      894.4887   1216.2548   1079.9344
      531.8887    287.2877    134.2133
     1440.0321   1845.6263    185.5879
     1141.9214   1185.6779   2013.0577
     1899.4430   1303.2528   2170.4324
     1690.3793   1807.4130    337.2941
      565.9211   1563.5925    328.2267
      349.3373    422.5240     57.4026
      942.0828     27.9380   1550.6519
     2092.1602    622.3403    342.7784
      728.9351   2180.3567   1637.0066
      145.2586   1779.5933    809.2914
      906.8024   1101.6149    184.7598
     1556.8934   1887.7651   1268.5446
     2187.3943   1263.0020    397.0263
     2204.9927   1121.3260    603.4316
     1559.6547    583.0644   1069.0942
     1018.4673   2257.1885    473.9707
      227.7675    751.9080   1450.1553
       46.6959   1326.5797   1250.7408
     1964.0624    587.2932    916.9529
      927.4457    619.8492     71.5250
     1942.2688    982.1110    199.2692
     2208.5125   1012.2001    360.4900
     1970.9896    255.7441    325.1998
      142.0687    990.3525    733.9120
      417.7061   1626.7249   1224.5940
      752.9192   1264.3605   1736.7040
     1970.9534   1660.2078    520.6622
     1781.2173   2154.8855    640.3933
     2137.5054   1102.6510   1320.9078
     1512.5513   1801.4427   1515.9486
     1173.1406   2214.5552   1352.2900
     1029.8997   1867.6937   1766.1162
     1820.0946   2122.6023   2262.8818
     2099.9824    811.1115   1322.1174
     1154.6224    213.0004    900.2764
     1308.0978   2193.1089    909.9425
     2056.2771   2241.9338   1373.2302
     1996.7307   1263.5507   1754.5234
      243.0060   1774.0514   1280.7139
     1124.2661    189.9049   1514.3428
     1005.1824   1616.0404   1589.9153
      599.1344   1842.4683   2143.3970
     1996.5563   1409.3231    414.7497
      814.8820   2226.6067    611.6429
      942.9036    822.6000   1227.9476
     1859.6804    990.1019   1294.1018
     1747.3785    761.3117    205.4707
     2211.5144    325.8340   1267.9720
     1202.2064     13.6534     54.9536
     1784.4668   1281.6820    825.6310
     1017.9452   2029.8954   1360.5544
      478.7548   1852.5012   1693.3474
     1824.6038    308.7610    127.1903
     1700.2416   1388.5933    548.7637
      432.4384    231.5778    735.9575
     2203.9924   2114.9749    956.7747
      719.1929   1433.5166    780.5329
     1983.6985   2128.3108    841.6993
      493.9396    585.8062    292.0616
      385.8322   2100.2590    919.0190
     1915.0023    110.8094   1021.4230
     1383.4775    574.8295   1628.7836
      426.3586   2146.3552    334.1547
      391.6891    131.5090    373.3362
     1663.3250   1633.0702   1721.4028
     1861.1924   1464.9724   1340.7505
     1576.2729     98.4858   1323.3038
      428.1936    823.5916   1573.6073
      184.2507   1967.6249   1016.5756
     1178.9520   1292.4475    539.2774
     1499.6713     34.3671    273.3668
     1295.1078   1890.9468   1684.4148
     1130.1522   2015.0605    538.4761
      399.3987   1146.8075    563.8167
     1312.2930   1128.6979    826.4138
      585.1442    855.9956   1025.0052
     1276.0194    927.3182    973.9109
      545.6112     57.1869    580.4926
      472.8982   1622.8726   1622.5811
     1092.5981   1765.7074   1265.4143
     2043.6781    932.5850   2116.2720
      609.6049   1125.7827   1168.5649
     1870.9133    770.2948   1425.9827
     2129.2656    338.5627   1515.5739
      498.7949   1356.7012   1187.3586
     1876.3115    364.6906    726.3023
     1374.9447   1285.6364   2127.6868
      574.6602   2078.6101    706.7767
     2132.2983   1661.1053   1096.3799
     1850.0619     95.7165    453.6603
     1743.3660   1593.8191    887.8909
     1059.2671   1713.4426   2199.9363
     1880.4707    644.1881   2095.3896
      209.3139    162.4900   1230.6263
       85.4434    749.1455   2235.3896
     1981.8048   1913.5436    995.6068
      241.5420   1382.4203   1082.3918
      103.9389   1148.4650   1011.6166
      629.9464   1004.3636   1514.9132
     1730.3342   1355.1343   1055.5769
      607.3658   1916.6769    990.1526
     1508.8610    654.2103     20.0177
      174.0708   1162.0957   1736.9481
      570.9690     38.3876    182.1397
      435.1018   1873.1163    539.9499
       66.3666    954.8809   1166.4779
     1446.9305   1003.4333    289.6976
      636.6473   1918.0472   1499.1548
     1042.8279   1571.1700    663.2025
      249.7704   2191.5759   1412.3538
       12.4919   1931.1428    133.6651
      994.9652   1328.8611   1583.5377
     1808.4868   1729.6595   1391.3689
       10.3714    506.0706   2032.4631
      238.9163    709.9852   1753.7898
     1233.5880    308.6397   1154.2822
     2209.7720    732.8688   1557.5062
     1991.2787    681.2365    627.2807
     1040.8306   1967.1022   2062.4453
      313.6205   1338.2128   1586.9741
      932.8214    554.2065   1372.2850
      229.3849    630.0984    165.9892
     1166.8179    211.8072    495.3177
     1575.5266   1178.0208    441.4322
     1562.9789   1189.3395   1908.0956
      289.7178   2159.0667    123.6447
      295.2998    955.6791   1851.7943
     2206.2795    333.8040    914.6558
     1696.7144   1027.2328   1510.5511
     1910.4180   1547.4912   1545.8326
        3.5972    193.2728    700.7458
     1237.7878   1306.1871   1261.7991
      835.1777    864.6470    524.8954
     1563.9045    447.4818   1456.6338
      454.3303    624.3773   1367.9611
      210.3939   2221.5867   1052.2035
     1416.1646   2084.5576    135.3854
     1329.4719   1943.5928    924.0797
      178.8477    749.3096   1207.2120
     1650.0208     22.8024   1089.8149
     2192.9988    975.3492    869.5249
      844.4501   1895.2777    901.4088
      567.3940    828.6669   2115.8623
     1734.5920    547.0526     15.7268
      232.8524   1236.2399    367.9438
     1424.5156    425.9761   1904.7435
      615.0507    828.4620    743.8973
     1735.8497   1395.0062   1700.4279
     1963.3816   1853.5050   1252.8259
      846.8388   1962.4174   1178.1355
      647.1907   1331.3608   1003.0372
      703.8887    434.6781    243.7903
      895.1107   1116.6688    557.6149
      421.6253    465.7046   1833.3232
     1282.0778   1433.0784   1903.8562
      631.4136   1843.0554    703.0304
      949.9860    217.3549   1022.6782
      381.4273   1928.6742   1142.4893
       54.5890    498.3811   1609.3400
     1200.7612    455.7919   2037.1537
      954.8518   1627.7357   1874.4943
      620.1040   1445.4470     79.6082
      585.3075    495.2618   1149.7151
     1993.3408   1715.7823   2025.0818
      878.7864   1793.0728   1382.7411
      167.0088      4.1682    310.3032
     1813.6230     60.6635   1280.9973
     2177.8950    405.1519    197.1062
       85.7872   1544.1990   1241.1514
     1150.8274    661.9519   1441.2090
      990.3617    195.2119    701.1073
      895.0318   1113.8729   1909.7766
     2060.0640   1147.0598     89.6330
     1052.6870     52.6780   1774.9918
     1287.5127   1679.0018    809.2999
      422.5097   1498.2430    964.3630
     1125.1609   2262.8887   2030.2351
     1800.8643   1923.1584    791.8637
      269.5725   2015.4373   1646.5280
     1364.9264   2012.0432   1423.5055
     1930.7036   1157.0326   1499.8257
      501.2659   2095.8770   1719.0194
      270.0933     54.3036    744.9582
      156.6118    366.6937   1067.4301
      115.9892   1092.0857   1975.9999
     1290.6750   1667.1678   1573.2269
     1417.8335     84.0327    477.7342
     1717.8844    983.0546    305.9106
      443.3207   1871.3518    274.3384
      895.4355   1448.6936    515.8347
       59.2546   1381.4596   1477.4106
     1766.9130    392.6676   1311.5530
     2053.7419   2206.4736    620.5958
     1215.5859   2069.5078   1873.5944
     1288.7124   1955.1775   1182.9786
     1282.8822    207.9990   2144.7231
     1078.7889    446.5085    966.0553
     1630.5067   1400.6740    297.1055
     1394.7489   1442.6119   1455.0116
     1328.5822   1441.9854    963.4395
      886.7310    475.2568   1113.3652
     1769.4556     38.9505    226.9336
     1187.9941    464.0427     61.5405
      560.6451      7.9763    846.3805
     1116.0160   1548.6545   1393.6210
     2256.6624   1790.2202   1272.6763
     1205.6259   1424.9604   1627.1298
     1049.0289    992.6349    945.6702
     1461.9302   1257.2869    633.2844
     1411.3385    737.2370   1398.5392
      906.1536   1937.4752    343.6334
      835.7225   1322.4318   2022.6726
     2202.1902   1552.3661   2118.9534
      778.8953    661.2388    357.1984
     2248.3704    560.9513   1341.7690
       41.1254   2228.0569    593.2802
     1678.6147    803.0919   2210.2927
     1158.8009     13.7638    657.1284
     1294.3840   1067.0504    491.3927
     1637.2322    469.8359    860.4922
      671.6891    729.4929   1537.3390
      982.8526    851.7286      3.6329
     1384.1340   1292.2220    331.4211
      104.7383   2017.4458   2158.8975
     1089.9282    872.6797   1595.2079
      577.6553    638.9152     43.9734
      355.9964    956.4832   1067.5642
     1945.5314    817.3399    862.7814
     1483.0710    738.9772    277.1935
     1885.7476   2117.9834   1990.9313
     1925.0634   1879.7063    414.9665
     1258.6824     77.0382   1690.1877
     1217.6351   1989.5206    299.5828
     2218.9187   1641.3755    848.0749
     2064.3000   1434.4208   1959.2179
      785.2245   1495.7330   1583.7943
     1984.3760    981.4464    655.3458
     1781.4585   1568.3978   2023.6880
      355.8556   1794.4445   2064.6992
      822.5255    125.7944    156.7354
      888.4632    275.5587   1439.8258
     1457.6515   1716.1079   1913.0471
     1981.6628   1522.8668   2237.6741
     1999.1062   1108.1184    407.9072
      888.6734    832.5571   1464.5444
      296.3646    142.0027    111.0271
     1046.7976   1769.1605    505.1927
     1098.9762   1812.6558   1539.3187
     1536.1417   2022.2231    748.8677
     2159.4243   1930.3134    799.4479
       25.2504    929.3887   1414.5398
     1292.5599    938.9302   1835.9609
     2213.5803    635.2499    136.1052
      242.2734    420.0649   2076.5115
      749.4951    634.8882   2073.1213
     1619.3379    516.1860    279.0603
      396.7150    721.9106   1152.5846
     1556.9419   1252.1235    858.1990
      718.9014    691.5139   1193.6797
     1101.3600    587.6369   1174.3846
     2255.6316   1875.8622   1016.6054
     2242.8269   1909.2264   1724.2512
     1004.7288     24.1462    900.3396
     1626.2699   1413.5299   1273.3291
     1497.9380    785.9761    907.8107
      889.7196    659.1622   1659.5176
      449.5729    757.2812   1905.4329
     1984.1096    762.9308     74.2693
     1702.6458     29.2671   1996.5935
     1012.6842   1362.6626    768.6237
      519.5714    630.9736   1685.7848
      402.3229   1378.9624    235.3230
     1056.6467    598.1517    318.5905
     1719.0797   1550.2200     41.9321
     1992.5355   1432.1283    930.7621
     1024.2427    699.6672    984.2137
     1895.7844   2100.6252    371.2994
      955.1938    825.1605    271.5255
      209.8138    518.3583   1265.5671
     1837.7191   1034.4850   1988.1456
      456.0152    339.1224    524.4498
     2067.2656    975.6339   1096.5115
     1182.6229   1401.8221   2236.9443
      657.5462     20.4617   1340.0548
     1622.2040   1774.3605   2065.9636
      226.3404      6.8370   1622.8839
     1701.7820   1288.0890   1474.6052
     2176.2568    281.2448   2082.7395
      404.8568   1753.7834    965.7941
      878.7991   1548.6637   1334.8286
     2103.9146   1864.4301   1487.9487
     1524.1196   1536.6637    722.0784
     1282.9283   1409.5021    747.2535
     2129.1826    708.6348   2099.6838
      491.4456   2017.3450     98.2080
      969.9644   2209.3247   2207.5139
      815.9158   1006.3486   1270.3198
     2029.2266   2078.2463   1637.1350
      485.7690   2062.9202   1292.8442
      205.3245    680.6003   1989.5408
      490.9722    536.2314   2077.7322
     1235.3268   1563.5100   2070.4502
     1460.4224    766.7601   2088.6836
     1583.6820    341.2885     90.7866
     1515.6715   1025.2542   1009.2437
     1627.7373    241.5803    798.0274
     2061.7874    500.8693   1123.1589
     1318.2526    173.7918   1360.2290
      724.4689    968.2643    303.0905
      112.8659   1769.4485   2177.7625
     1071.1548    354.9240   1292.5227
     1296.0435   1197.4573   1804.6395
     1271.4803   1503.7043    277.1094
     1419.5382    468.8106   2175.1553
      825.1940   2140.8994    849.1957
      239.6458   1946.0585   1928.4594
      467.8858     68.5931   1737.8624
      154.9766   2013.4863   1285.4742
     1057.5399    120.7554    234.8864
     1871.9165    832.7073   1681.3101
      922.8658   1313.2333     38.1697
     2139.8118   1468.9225    660.2006
     1153.7134    646.7296   1715.1945
      671.6979    186.3388   1577.3375
     1625.0692    562.3615   2033.6129
      150.8691    273.6640    275.6547
      939.8860   2100.2722   1830.6255
     1523.5402   1032.8953    679.0404
      315.3470    567.4855    482.1265
      378.2434   1649.7953    718.3879
     2233.0459   1281.5361    811.9518
     1155.7751   1773.6102   1972.7708
     1701.6688   1915.2902    571.5544
      190.3556    325.9251   1425.3500
        6.6565   2206.8748   1696.0935
       91.6423    121.9015    940.6605
     1995.9313    336.3941    956.2639
       19.5640   2176.4448    113.3340
      578.1129   1355.3822   1935.5992
      220.9906    318.7764    800.1676
      986.3405    467.6155   2161.0188
     1891.2893   1245.0754   1226.4215
      868.8778   1930.7393    611.7454
      350.6645   1894.8483   1450.0231
       29.2991   1641.1484    125.8517
     1964.8425   1699.7334    846.4489
      847.8834    649.0818    637.6473
       94.8909   1855.5863   1495.8096
      869.3593   1795.4950   2035.3861
     2019.3314    204.0515    625.5869
     2186.8489    735.5483    802.7043
      164.1040   1526.9700   1726.5684
     1795.5706   1320.0240   1955.2750
     1092.8521    597.4329    745.2762
      989.7977    721.9604   2043.4854
     1259.6318   1687.8552     84.3234
     1987.5050    548.2483   1358.8253
     1892.7079    767.0290   1158.4802
      226.4638    963.4666    147.4866
      732.1262    448.5564    504.2017
     1701.8431    297.7813   1049.0314
     2243.7153    600.2300    574.8934
     1534.5483    143.3023   1811.0043
      317.5408    264.7443   1652.9167
     2065.3528    234.8703     65.8746
     1697.5552    321.4593   1888.2261
      811.9385    948.4130   1008.4769
     1843.9011     70.7283   1783.2413
     1587.5090    956.3446     86.1224
      485.8134   2260.7695   1976.9561
     1707.6620   1659.0347    590.8727
     1900.1536   1502.9410    703.4680
      424.5887     20.6036   1187.0566
      722.9544   2050.3591    221.8832
     1193.1792    703.7974   2193.8328
     1757.3063   1108.7368    606.0039
     1643.9493   1558.4569   1456.0316
      460.6278     76.9159   2207.1926
      284.3050   1382.2122   1324.6320
      620.0526    128.2421   1078.6602
      243.8693   1148.3330   1229.7848
     1261.1820   2222.6899    327.3312
      623.9771    198.5382    360.0703
     1655.3083   2028.5983   1986.6726
     2183.0403   1638.4966   1841.6775
     2052.2588   1437.0796   1196.5909
     1730.2831   1844.3093   1062.9498
      240.4297    955.3255   2128.6812
     1005.5909   1272.0179   1318.6368
      374.9149   2051.7883   2120.0647
      160.1739   1106.9296   1463.0331
      738.4313   1239.3136   1486.3396
       88.4513    515.9006    361.0832
     1787.1644    522.4379   1519.7798
      891.8698   2021.2322   1578.1494
     1446.3339   1538.9353   1713.7953
      108.0855   1340.3330    559.4314
     1214.3605    799.3901   1208.9730
      776.0335   1825.3970    163.1201
     1007.1619    836.6892   1823.3750
      103.5505    918.7855   1675.4791
      642.8198   2135.8098   2229.9304
     2164.4412   1733.9240    633.7698
     1920.6017    360.8661   1713.4746
     1069.5521    708.4356    515.0552
     1402.9673    989.1377   1487.5903
     1408.8989   2241.9348   1949.7798
     1304.4514    260.7352    136.2165
     1660.9525    650.6137   1314.4514
      550.3930   1709.7070     98.8066
     1979.5790   1959.2130    642.9790
      217.7729   1800.5778   1720.9811
     1146.1449   1255.1532    963.6243
     1365.9364   1813.9764   2144.0149
     1232.2435    521.0775    513.1885
     1181.3336    780.5455    177.6258
      411.0936   1182.3811    999.2211
     1465.8672   1802.5885   1059.7664
      748.3340    788.2440     99.7707
     1159.1299   1091.0686     27.9182
      546.3038   1437.1143   1437.0548
     1829.5330   1007.9453   2247.4431
      439.7165   1043.9045    322.5159
     2192.8613   1156.2670   1585.5243
      341.7805   1185.3181     95.2490
     1067.1610   1865.1133   1017.9119
     1834.1246   2076.1589   1150.8137
      360.0754   1626.1829    465.5708
     1624.5408   1330.3241   2188.3181
     1113.0378    357.0936    311.5661
      751.4362   2078.6658   1371.5844
     1963.7893    243.3961   1901.1660
     1961.9152   1257.5404    616.6818
     1112.4055    937.1266   2048.6873
      369.2467   1074.8557   1603.8922
     2148.2854   1443.2606   1669.6096
     1383.2080    533.1686    734.3489
     1658.5398   2149.2578    445.4431
       82.3174    449.9482     10.1993
      321.6546   1422.7542   1873.5084
     1284.7360    630.1599    973.2357
      606.1377    229.1525   1858.7012
     1022.7452    454.1957   1594.2590
     2259.7803   2099.8933   1504.3979
      378.1980    341.6175    294.1553
      183.6305    131.9405    524.9516
     1389.1841   2147.0823    603.5974
      243.7032     22.0492   2132.7078
     1608.8572   1654.2252   1206.8311
      352.8131   1184.1960   1919.2393
     2241.7190   1419.8751   1002.9061
      826.0350   1647.0339    833.9288
      580.4686    884.5428   1308.7823
     2032.4440   2260.1899    182.5138
      607.3665   1097.0406   1936.2854
     2043.5302    577.8372   1650.5905
     1779.4613    535.4224   1805.6984
     1041.1661   1058.1827   1169.1570
      290.0690    519.1539   1529.7635
      556.8055    816.5012    405.7724
     1508.1108   1259.9586   1651.3816
      868.9211    233.9200    366.1791
     1042.4507   1249.3148    339.0712
     2216.4385    868.7120    167.4230
      172.8377   1221.5624   2156.2703
      171.8394    767.5775    658.0549
      631.0876    406.6919    732.0016
     1080.5828   1456.1045   1192.3596
       91.8725    754.5410    381.6170
     1343.4481    826.3181    703.9756
      492.5850   1176.5645   1396.8873
      692.7349     92.2250   2147.8474
      328.1817    719.4139   2201.9722
      991.5730    206.6142   2216.1577
      113.1132    205.8840   2222.9229
     1444.2487    323.4919    614.1382
      180.6049    973.1600    431.3147
      750.3443   1554.5715   2006.3817
     1862.7190   1637.5753   1128.1173
     1834.9348   1886.5952   2149.3464
     1818.4567    334.6135   2107.0115
      370.4064    512.9708    713.3976
     1771.2275   2034.2964   1762.8866
     1112.2323   1088.1670    702.9284
       82.4482    167.8163   1925.3020
     1588.5702   2176.4641   2181.9487
      661.3268   1255.7568   2147.1562
     1172.8302   1975.6360     21.5782
      496.1648   2173.1011   1513.6920
     1901.5386    249.2006   1465.0227
      788.5052   2223.1948    361.7390
      492.9644   1562.9536   2101.6509
     1283.7260    423.0852   1412.3079
     1905.4603   1351.7795    160.2093
     2241.3809     15.3221   2113.1367
      947.7962   1087.0750   1514.9253
     1442.8690   2246.2603   1491.0228
     2007.0613    521.7292   1938.2252
      446.1747   1061.3912   2154.5747
     1549.7795    869.8878    508.1025
     1968.2758    286.9545   1228.5831
     1196.4777    386.2941   1729.3344
      158.1822   1499.4871    819.1943
     1579.5399    926.1886   1327.6545
     1400.0956    250.7517   1580.8943
      790.0068    909.2552   2025.1454
     1414.7380   2099.6794   1698.5616
      859.8141    923.3994    747.3213
     1555.5281    407.9510   1697.5394
      796.6581    707.7587    887.7188
      811.9754   1613.6788   2254.1934
     1688.1621   2056.8569    207.7577
     2180.2812    174.4334   1103.4260
      294.5059   1890.1099     73.8008
     1480.0201   1969.0640    443.2782
     1212.0789     59.7974   1139.8740
      904.6552   1152.3821    821.0638
      965.6815   1110.3226   2169.9658
     1432.6687   1151.4877     56.1593
      797.2150    980.4445   1702.1133
     1428.0792   1496.2694    449.3799
       93.9291    542.3755    790.1567
     1917.2539    439.6116    463.8301
     1094.4155   1612.8638    958.5721
      236.4355   1228.5641    773.0542
      538.5771   1326.0300    427.9960
      649.9756   1100.3701    805.9340
     2126.0039   2073.1257    340.3885
      902.1458   1971.2083   2239.4995
      666.3063   1559.3496   1146.1661
      330.3558    953.0043   1338.9302
     1636.4537    119.6394    583.8826
      376.8125    748.5666    818.0594
      824.8812    316.5849   2017.0156
      501.5960   1974.2146   1966.0978
     2113.1360    458.3207    711.5781
     1281.6434   1666.3364   1116.9124
     1276.1028    677.4958   1930.5394
      913.3446     47.4297   1988.9357
     2182.7822   1286.0372   2207.0051
     1058.5464   1381.7247   1825.1833
      980.1605     96.2469   1286.5957
      361.8908   1354.9733   2191.1716
     1527.6205    335.1405   1222.7339
     1765.5065    679.1436    467.0047
     2035.1912   2197.6045   1124.9183
      441.9686    898.9687    106.5136
     2116.3147   1594.9136   1401.1899
      167.9161    387.7590    558.0208
      968.1875    499.9934   1891.3240
     2018.1331   1666.5942    222.3453
      518.7325    411.1807   1572.7460
     1326.5892   1023.3331   2078.9431
      640.0094   1558.0286   1765.8077
     2222.8193   1829.2305   1996.2677
     2012.4120   1821.0565   1726.2198
     1581.2371   1772.6483    782.6964
     1567.2433   1008.3514   1699.3337
     1179.1971   1626.5547   1788.8724
     1152.4822   1010.9390   1376.8756
     1078.5337   2098.7659   1080.8199
      723.1123   1039.2974     34.4443
     1460.4164    156.3992   1029.9569
     1813.4818   1085.3588   1742.6393
     1593.1752   2262.1091    845.2256
     2150.5364     66.1121    414.7090
      333.8553   2127.8330    580.7599
     1803.4825    578.3223    724.4565
     1727.1753    720.4708    937.5087
     2092.0774   2046.9961   2176.4011
      718.6379   1991.6910   1797.7938
     1047.3379    983.8271    448.8935
     1142.2501   2107.2144   1567.4688
     2062.0984   1995.2457   1898.6407
       46.1638    556.0280   1041.2301
     1811.8839   1833.9226   1597.3032
     1229.0355   1172.4733   1534.3306
     1555.3533   1448.5765   1924.6986
      650.4061   1784.7507    400.6622
      201.2377   1535.6388   2122.8887
        6.6461   1006.5358   2210.8582
     1546.5323   2028.8159   1029.4531
     2243.8999   1991.3230    562.4601
      200.6162   1767.0220    317.1031
      314.9711    220.7169   1914.0909
       26.7240   2095.8245   1946.7795
     2114.9290   1024.1547   1792.1063
     2186.7930    846.8905    546.1105
      765.1992    132.2133    802.4519
      292.5349    571.0779   1003.6550
     2094.4670   1781.4031   2229.3435
     1558.4269    934.5224   1912.7540
     1705.1017    913.2727   1087.9235
     1649.9421   1135.4017   1206.1395
     2153.6868   1433.2845    174.4733
     1574.8568    235.6880   2110.2917
     1481.6621    590.2964    480.4930
      787.7748   1660.3004    556.2433
      590.7993   1828.4612   1244.1198
     1681.4980    225.4930   1593.8884
      784.5041    430.9815   1674.3700
     1820.0911   2246.1426   1553.9446
     1672.1183    410.1218    561.3445
       26.3609   1645.7281   1582.6323
      393.3581    991.1429    823.5184
     1590.3633   1911.1520     11.5297
     1537.6886   1533.2766    984.5306
      293.5914   1619.7812    112.1552
      571.0175   1217.4753    139.2381
     1362.0770    877.5970     19.2836
      385.0941    328.8194   1223.2775
     1046.3542   1104.9802   1733.5929
      156.0339   1487.5607    359.0505
      513.9960   1270.9596   1690.2440
      748.8583    746.1328   1848.6249
     2251.1560    674.7062   1816.6044
     1411.2246   1964.0818   1924.7937
      764.6675    271.6584   1230.5800
     1358.0757    807.5558   1659.6548
     1886.8855    544.8639    226.3515
      433.8852   1674.2903   1855.2662
      868.3298   1717.0024   1101.0359
      188.8454   1651.1383   1048.3707
     2034.9938    802.7648   1881.2371
      151.9497   2077.5146    767.6577
     1373.1040    374.6728    941.3541
     2070.7908    126.6900   1638.0927
     2166.7854   2007.6743   1271.0183
      393.3130    126.7765   1441.3083
     1297.1956    578.1553    273.6372
      699.5294   1257.2710    619.6280
      704.1576     11.2079   1858.6534
      178.6489    444.6270   1814.4315
      568.9892    626.2532    592.9384
     2237.4688   1277.0527   1818.8298
      705.9050    325.3394    953.4604
     1341.0177   1751.3748   1333.9879
     1767.3719    792.1176   1918.6174
      335.0069    787.6154    318.9658
      668.2170   1762.2512   1898.8040
     1373.0289   1213.7371   1079.0558
     2201.4023   1567.8151    413.9781
     1355.4056   1029.5436   1229.8054
     1523.8462   1620.9292    248.4442
     1713.8353    988.3727    845.3769
     1307.4998    227.9997   1892.9675
     1995.8077   1151.1699    866.4654
     1338.5414    555.9058   1203.3330
      160.4642   1423.0298     90.3717
      745.5074   2078.2527   2030.3690
     1781.0597    853.5156    629.9565
     1770.5844   2138.0259    924.8545
     1194.0291   1015.3031    260.7100
      904.4178   1436.6151    995.7473
      637.7463   1677.9109   1427.6383
     1464.1415    802.0015   1136.5109
        1.1820    883.7580   1958.6371
       44.1304   1174.6439    200.4629
     1846.0466   1113.2098   1042.1079
     1475.5970   1204.3998   1393.5400
     1619.2092   2024.8087   1499.5353
     2051.9636    934.8497   1556.3928
      627.6325   1024.4102    550.0627
     1904.4174   1536.7365   1804.8525
     1064.2572   1802.1935    189.9174
      929.0159    375.6357    153.5632
     1107.6821   2051.6692    808.2156
     1032.4249   1526.7604    123.8642
     1550.1699    676.4755   1809.5532
      890.4884    226.5487   1751.6667
      249.9066   2179.1033   1871.0820
     1992.4535     68.3455   2130.1318
      826.1841   1624.7382    307.4604
     1812.5399   1783.3418    120.2234
     1685.0326   1181.5627    142.0966
     1185.1913   1283.4559    172.1555
      369.3340   1409.3828    563.0276
     1887.1628   2007.4891   1419.9684
     1815.9922   1569.4653    323.0478
     1412.8409    350.0657    341.5799
      161.7302   1680.0970   1922.8988
      459.4414   1310.0189    782.7392
     1846.6011    114.7550    776.4886
     1062.7559   1829.1676    753.5624
     1276.5210   1742.0485    361.6896
     2087.7505   1160.0474   1996.6655
      652.2991   2025.6969    461.1526
     1052.4670    271.5707   1955.7476
     1677.3436    270.3292    342.9176
     1789.8163    102.7590     12.8599
      813.7351   1393.6821    245.6056
     1583.9854    708.2003    713.4086
      492.9273    273.8124   2097.6267
      587.5685   1550.9705    618.9830
     2116.1226     54.8117   1877.5359
      612.7687   1634.5299    907.1502
      192.3949   1886.5422    562.6965
     1398.1166    113.1073    743.3301
     1334.5608   2105.9622   2120.5078
     1340.7126   1874.4042    636.3515
     2192.3198    322.7577    464.8905
      571.3981    315.3750   1364.1470
     1808.4639    512.3398   1088.5938
      713.2381    505.7171   1428.1980
     1952.0123    835.1687    406.2741
      361.6742    871.4176    571.3329
     1479.8616     87.2198     25.2454
      977.8039    403.6026    549.1268
      878.4949    472.2118    825.7040
     2019.2750    498.9753   2207.3845
      808.6424   1779.7012   1629.4880
     1653.3102   2110.4001   1293.2443
     1478.2207   1710.9608    530.1309
     1301.1842    803.5483    445.3044
      147.8602   1599.0940    597.0610
     1114.1597    859.5220    743.9890
     1417.4492   2193.7620   1218.5999
       30.1381   2244.6343   1217.9531
     1243.7394   1628.2150    559.4183
      372.1367    143.4297    979.9010
     2117.6775     94.5341    872.2852
     2174.6836    365.7865   1814.0675
     1791.9980   1815.6702   1886.6489
      746.2255   1324.2292   1256.5981
      153.9228   2043.6578    357.8849
