       15.3868    187.2551   1639.0465
      971.4894   1287.2574    498.7312
      216.7947   1606.4220   1517.4849
     2173.7192    824.9219   1088.8329
     2231.8318     64.6863    281.7737
     1436.2162   1325.6587    140.0933
      949.3621     10.9621    746.4994
     1696.2275   1226.1639   2083.1252
     1830.3947   1226.7087    283.2136
     1623.8344    900.4755   1494.2809
     2148.8462   1755.8817    585.1437
      255.8992   1793.2024    656.6198
     1557.4669   1636.3796   2233.7554
      733.1442    553.8425   1985.0171
     1447.6473   1642.7388   1299.9120
        1.8601   1467.7676   1909.9684
      559.7953    782.4266   1697.9897
     1210.5911    456.5746    643.9926
      698.5631    525.9807   1033.7485
     1865.4663   1869.7747    140.7629
     2116.8513   1211.4784   1284.5961
      856.3451   2171.8337   1005.3303
      776.3072    415.5604   2171.6704
        9.7395    985.6938    943.5682
      595.4946   2087.4136   1180.8459
      985.7032   2260.8508     86.4017
     1619.2275   1798.9370   1905.7478
       32.4938    139.9843   1410.6483
     2124.6162   1455.1379   1581.2388
     1542.6776   2166.6680   2020.6217
      503.7839    615.5151    928.1876
     1127.2295   1491.3835   1999.8953
      934.3181   1752.5618    488.4207
      861.9130   1214.2238   1083.8542
      519.7220    393.4483    273.0804
     1389.7305   1885.4133      4.0551
     1054.4633   1144.5444   2064.3748
     1906.3369   1333.9841   2030.6023
     1688.8271   1934.7928    279.6187
      431.4995   1579.0505    266.1501
      248.4724    493.4979     81.9939
     1031.8296     34.9751   1592.2441
     2090.2561    753.0248    370.9960
      858.0648   2039.3473   1493.6619
      166.1591   1595.3888    761.7313
      682.4013   1090.5913    297.5926
     1527.6179   2013.4617   1252.4916
     2232.1443   1258.4655    373.9376
     2239.8625   1101.8533    513.7485
     1425.3052    487.0641   1028.4900
     1071.9078   2199.2834    447.0984
      211.1181    658.4794   1384.8732
      179.2282   1250.9797   1507.9723
     2030.7084    456.9814   1110.3701
      826.7516    552.4198     58.3398
     2062.3601    948.0908    224.8338
     2226.4690   1100.1956    247.6667
     1962.2019    225.3425    368.2970
      134.4395    872.1446    810.9138
      362.0455   1814.0986   1054.0383
      706.9202   1134.4987   1831.3551
     2065.0974   1480.3550    346.1967
     1649.3381   2120.5845    623.7205
     2022.3112   1037.1814   1413.5244
     1435.4966   1861.4586   1530.0284
     1124.2205   2023.5409   1335.8350
     1093.8638   1898.1287   1665.8744
     1709.4686   2153.2871   2185.9219
     1880.8700    847.8601   1425.3612
     1149.2996    288.8907    754.9100
     1265.3328   2069.3840    922.0217
     1810.8477   2013.4473   1591.7108
     1904.3488   1351.5502   1796.0504
       95.5007   1983.0833   1263.9714
     1125.8860    226.9387   1670.5284
     1130.6385   1582.2230   1647.6719
      459.6477   1819.9689   1944.5492
     1946.6766   1328.0555    454.8326
      999.6296   2083.9229    664.2895
     1070.6489    689.4893   1136.6118
     1863.7021    876.3746   1201.9630
     1877.0046    805.1506    311.7244
     2259.7834    283.0742   1226.6760
     1235.6279     38.8057     24.7651
     1813.4811   1676.4004    822.2513
      938.2106   1712.2350   1612.5316
      542.5352   1810.2294   1550.3546
     1821.0867    170.2473    190.4568
     1729.9578   1304.0986    462.1963
      597.8784    221.1829    780.2169
     2228.4707   2235.6118    821.0625
      729.1354   1431.9083    757.5157
     1831.3118   2052.6460   1011.3266
      603.2752    579.2276     82.6564
      585.5544   2221.0698    769.4169
     1891.4114    285.3128    814.5281
     1397.0944    624.0084   1695.0381
      420.6996   2136.7219    554.8570
      474.3543    256.0503    450.3649
     1511.9546   1714.0586   1712.2715
     1778.1888   1469.4331   1402.1442
     1499.4843    161.5760   1510.4215
      422.7960    670.5842   1526.9030
      177.4954   1929.5228   1048.8813
     1148.3967   1323.7535    694.9657
     1468.7404    327.2635    262.0618
     1235.9867   1888.3665   1860.5403
     1074.9692   1638.3085    654.7489
      348.0381   1256.6449    528.2137
     1368.2450   1186.6521    962.0146
      461.7533    838.1097    903.5174
     1083.1096   1013.8248    858.4490
      756.0504     90.3540    668.2498
      508.3145   1382.7510   1617.4943
     1108.4656   1722.5023   1469.3081
     2132.1536    906.5148   2136.8853
      619.7234   1189.2987   1042.6008
     1654.3079    841.2437   1278.4630
     2094.5591    342.8605   1319.7356
      443.4198   1327.7150   1407.4741
     1910.4283    251.6781    614.9860
     1471.7156   1256.0629   2148.4094
      562.0475   2003.7544    714.3232
     1935.4497   1667.8000   1007.6279
     1839.0704     22.5412    555.5442
     1697.0105   1656.4396   1008.3102
     1211.1631   1772.8555   2229.7036
     1674.2227    566.9691   1992.3151
      243.1810    116.2697   1090.3685
      171.6810    615.4545   2172.7366
     1804.6422   1828.2435   1024.6139
       63.9982   1354.1100   1130.6433
       53.5062   1230.8181    940.6116
      612.5419    853.3599   1503.0548
     1746.4114   1495.0557   1150.1686
      526.9376   1884.5323    871.3806
     1618.6011    684.1140     60.4302
      157.8367   1155.5674   1724.9308
      596.2703     83.7822    129.2381
      338.1961   1980.4102    660.6772
      178.1780   1092.6145   1095.2765
     1280.6929   1022.7950    342.8395
      645.8392   1995.1532   1558.3529
     1258.2424   1503.8738    723.1873
      203.1117   2148.1372   1166.4244
       12.2139   2035.6470     76.7235
      878.8817   1160.1603   1358.4503
     1663.7350   1635.8892   1336.3680
       83.3170    273.8245   2051.5928
      180.4069    830.5512   1483.9695
     1379.3248    313.9179   1167.8619
     2239.6123    645.4664   1816.1642
     2039.5194    630.8751    584.4370
     1020.3220   1822.1011   2033.7982
      310.9147   1426.7371   1524.1173
      859.1915    618.8418   1406.4851
      254.2402    742.8733    247.8556
     1150.6968    119.1088    408.1856
     1482.6339    967.2642    365.0866
     1588.9349    957.4466   1937.4142
      225.1276   2129.9592     71.8627
      327.3542   1021.5560   1786.1389
     2129.5818    280.2612   1063.4524
     1632.0955   1104.7811   1563.2975
     1741.1281   1509.6858   1722.4589
       49.9830    378.9700    635.3558
     1259.6171   1286.1135   1365.3430
      962.3669    603.3647    483.1346
     1545.4413    530.8030   1575.5944
      349.7027    293.3221   1456.2261
      273.3160   2140.5293    981.2509
     1530.6156   2114.7773    106.0338
     1406.0879   1885.9501   1093.4761
       26.6524    787.8773   1307.8246
     1765.2397      8.2960    969.1382
     2251.1240    987.8622    714.0459
      831.7122   1612.2115    634.4694
      489.3963    936.4167   2075.0740
     1927.5828    634.7905    164.8799
      232.7758   1393.8562    353.7949
     1232.9058    176.1310   1859.1167
      679.2039    915.8243    879.3812
     1548.6168   1333.8417   1735.0145
     1809.2983   1840.5029   1412.2362
      910.4374   1990.2195   1294.3274
      788.0552   1263.3884    909.5835
      728.7767    461.3613    267.0829
      879.1462   1061.9543    565.6373
      341.4761    425.3936   1816.0493
     1347.3656   1501.9409   2001.8456
      487.6844   1782.7322    660.4366
      965.3472    246.6638   1142.3201
      390.7869   2010.2480   1135.3185
       22.9166    520.6506   1626.1002
     1140.2162    570.0422   2046.1028
      556.2982   1695.0973   2083.9270
      575.7424   1421.0090    138.3903
      798.6287    657.5908   1206.9244
     1966.3135   1746.0907   1819.7670
      756.4018   1839.6217   1481.7073
      123.3807     18.4910    407.6236
     1721.1541    168.0782   1132.1997
     2070.7725    385.6999    491.5394
       89.5927   1418.5198   1527.3662
     1200.5475    505.1743   1614.4447
      910.6729    121.9062    486.0112
      877.0562   1138.7086   1971.3563
     2219.8308   1144.4891     38.9277
     1028.5057     58.1400   1821.2765
     1376.9122   1725.6720    709.8663
      447.9207   1345.5703    992.9032
      957.8843   2173.8979   1955.9304
     1895.9176   1913.0991    821.3372
      331.5636   2200.0764   1510.2351
     1243.5413   2160.1541   1436.9590
     1774.3573   1049.7808   1364.1283
      479.2062   2123.9949   1725.0551
      225.7751     45.8067    853.0050
      183.0984    318.0373   1098.0231
       33.7758   1260.5475   1895.8860
     1382.5682   1536.2588   1648.5471
     1426.2866    152.7507    408.7528
     1649.0198    964.5871    189.8234
      363.5063   1915.2928    426.7133
      776.2504   1428.8573    528.1252
       39.2720   1519.6426   1702.0616
     1741.1027    164.1140   1528.6760
     1867.1061   2127.4583    814.7012
     1137.7258   2025.3458   2003.0486
     1351.8405   1849.9427   1288.7305
     1120.3633    388.7688   2157.6641
     1226.0917    383.2247    955.7012
     1549.9395   1354.4468    339.9356
     1394.3573   1310.3800   1607.1876
     1123.9091   1413.1088   1297.9502
      791.1291    334.9221   1039.1162
     1653.7849     49.4994     65.5702
     1186.7308    568.3814     12.2593
      704.5677     56.4541    896.4559
     1206.6139   1459.5408   1503.6260
     2087.9175   1686.3673   1148.8439
     1154.3217   1339.0795   1658.5897
      898.4321    824.4354   1127.5217
     1551.3196   1297.8282    592.4985
     1334.7590    649.5975   1482.4875
      979.2311   1971.9198    445.1289
     1050.9968   1459.0441   1819.4880
     2122.0063   1530.1882   2096.3684
     1168.7013    475.4832    217.0280
     2258.3254    619.0261   1451.8912
        1.2721   2262.2129    603.4512
     1833.6296    672.3788   2228.2302
     1168.9769     88.5714    843.2909
     1489.6436   1076.7642    539.6672
     1542.3752    137.8586    826.3116
      653.4495    646.2805   1507.8601
      868.9150    791.6779      1.2786
     1386.6492   1219.2589    415.2285
      283.8116   2157.9731   2113.5457
     1123.4110    878.9026   1776.8770
      427.7234    396.7506     41.8676
      278.7642    926.2156    999.1368
     2049.2246    918.1526    909.3864
     1538.6096    786.0984    249.2005
     1933.5776   2050.2793   1987.4131
     2012.6782   1697.3287    427.2100
     1234.6376      0.6215   1693.2632
     1148.1600   1845.2200    562.0339
     2134.4680   1555.8314    962.4689
     1993.2089   1521.1227   1910.4203
      956.6299   1420.5544   1617.4100
     2022.2557    918.6866    484.5700
     1735.4827   1714.0039   2115.6174
      329.7994   1681.1237   2071.8416
      820.0422    148.5949    126.8172
      695.3013    175.4538   1440.8029
     1404.0222   1757.9519   1894.7485
     1886.5275   1518.5598   2130.5234
     2014.6392   1186.8635    183.7098
      875.1370   1009.6609   1539.0560
      319.7678    120.9203    344.3845
     1237.0139   1631.8702    507.2517
     1087.4281   2092.8081   1548.2877
     1451.6782   1959.5588    884.2512
     2048.5630   1861.8313    965.8827
       77.0383    936.4058   1160.5990
     1122.9720   1067.2380   1857.5724
     2238.0933    619.1746    334.9161
      302.8761    283.8427   2156.0007
      683.6118    645.7750   2166.8718
     1893.2888    398.5636    235.1707
      469.5216    830.0184   1134.7799
     1212.3865   1365.6630    906.8378
      821.9942    862.7489   1389.8116
     1006.7975    317.0863   1318.8972
     2244.8535   1733.9982    988.5561
     1891.7970   1948.9983   1789.9050
      980.9900    103.8727    930.9356
     1431.8173   1454.3121   1433.7667
     1545.3237    797.8511    796.2405
      818.7063    775.1948   1588.3932
      396.2121    633.5842   1755.9758
     2110.8948    713.3040    126.6864
     1441.0962      3.0415   2236.1372
      868.9124   1282.7531    696.0812
      759.1252    692.3366   1773.4292
      317.8553   1395.3484    155.7850
     1133.1107    878.2422    302.2433
     1751.1631   1532.2288     31.1118
     2061.9377   1269.0348    750.5173
      902.6769    634.3180    972.3828
     1820.3453   1919.9005    455.1767
      940.4114    768.6529    315.7583
      104.1387    459.6673   1280.1631
     2063.7561    939.2278   1930.8230
      542.3221    347.5564    632.3131
     2227.8154   1149.1490   1111.8715
     1032.1632   1388.3317   2189.6086
      809.9047    120.5297   1083.7128
     1185.6293   1708.2729   2006.0491
      223.8772    128.6445   1527.0902
     1916.3083   1214.5479   1435.6801
     2103.9536    188.0618   2011.1940
      495.5293   2092.4570    940.6694
      641.9733   1679.8882   1384.5751
     1908.2754   1780.0674   1596.1495
     1690.8093   1461.5500    713.4360
     1294.8038   1580.4066    909.4674
     2135.3745    724.4196   1983.9391
      611.9359   2138.2485    179.5277
      906.6719   1991.8512   2070.0920
      718.8805   1091.0155   1230.1768
     1753.7993   2122.5205   1798.5284
      460.9648   2141.3262   1332.8510
      309.3528    642.5288   1967.8005
      425.8029    362.6766   1998.0011
     1256.9026   1313.2721   2123.5764
     1686.0334    803.2621   2060.8792
     1476.7732    432.7646     69.9971
     1607.2642   1308.3776    871.4473
     1374.4729      3.3520    903.7195
     2067.5356    701.6238   1399.3787
     1251.6025    120.2076   1522.8838
      556.0481    998.2540    142.1793
       73.5397   1921.9944   2144.0117
     1056.1387    113.7254   1395.5087
     1165.2800   1289.5111   1916.4012
      994.7423   1523.7472    456.6739
     1347.3511    498.9046   2170.0083
      689.7685   2055.4900    914.6401
      254.4340   2123.3035   1710.9042
      413.3517     58.5837   1676.3707
      246.8197   2076.8330   1367.4548
     1266.1685    324.4034    340.1957
     1835.6349   1049.7833   1555.4315
     1079.9252   1385.2834    287.7769
     2244.0332   1539.9845    561.0720
      909.8339    834.8233   1771.4243
      517.7870    252.6188   1590.4165
     1524.8285    439.3309   1981.7988
       34.4367    396.9915    407.9446
      854.9346   1906.4410   1678.9127
     1497.8256   1168.6429    772.7694
      366.8075    665.1815    428.0384
      379.0007   1728.4374    858.0783
     2227.0669   1440.6226    751.7394
      945.4974   1603.0286   1964.1283
     1727.3324   1892.7876    670.4368
      358.2044    359.6221   1235.2054
       87.3163   2213.5540   1561.4333
       30.3736    188.6734   1004.8074
     1641.1527    505.6884   1004.1263
       16.3684   2253.9724     76.2152
      471.9896   1192.5151   1812.4005
      324.8040    348.9194    649.5472
      886.8601    375.3407   1990.1987
     1672.6281   1231.0781   1262.9395
      806.4976   1981.8031    572.0259
      329.6490   1888.4655   1296.8053
       91.5138   1702.0271    194.8256
     2026.6730   1722.1385    785.0178
      819.9050    464.1498    839.9077
        4.0338   2013.8953   1687.4987
      850.1082   1772.2683   1874.1827
     2106.8376    342.6312    712.3818
     2199.4072    800.5678    830.7612
      199.2869   1380.6957   1725.7271
     1794.1731   1131.7825   1872.9049
     1306.2991    760.6722    886.7358
      866.2516    744.5137   2023.4156
     1398.7588   1564.9794    310.8051
     1703.1129    505.7023   1376.1371
     1833.7892    682.2336   1291.0355
      321.9268    969.9371    200.5976
      649.9616    392.0777    448.8925
     1565.6132    293.8874   1030.0767
     2228.8845    552.2203    519.6395
     1509.6312    248.5765   1890.6088
      324.7759    258.7390   1707.1106
     2059.5715    332.8379    108.3738
     1980.5870    348.4827   1899.7496
      724.2827    879.2408   1211.1318
     1610.3516     99.6312   2131.1489
     1856.1287   1021.1102    179.0571
      334.1955   2259.4910   1883.0402
     1705.3585   1745.0934    497.3012
     1912.8768   1390.6160    648.5856
      448.0245     51.5328    943.9743
      924.3176   2131.2295    281.4469
     1198.1288    895.6552   2009.0568
     1751.0425   1235.5648    706.9667
     1620.1750   1443.0304   1577.9518
      384.2755     78.0270   2258.2542
      387.6658   1534.5049   1342.0833
      594.5228    218.9247   1036.6044
      302.6987   1248.9509   1165.2697
     1119.2236   2012.4053    314.7323
      696.4595    159.2189    490.4754
     1686.9183   2025.1564   1979.7533
     2234.1978   1831.0125   1792.7339
     1924.8546   1100.4802   1215.8103
     1590.0162   1755.0953   1151.0308
      389.9765   1091.2799   2000.7891
      922.4151   1004.2123   1233.1863
      449.9396   2097.9812   2253.0742
      283.5094   1050.8854   1561.3237
      509.6919    989.5613   1659.8921
      124.2991    743.5760    461.5623
     1745.7292    696.0459   1492.6885
      631.7883   1900.3479   1758.4474
     1338.2830   1393.6610   1818.2952
      106.2376   1304.4028    546.4865
     1139.9193    939.7001   1241.5480
      570.8485   1885.8090    289.6444
      981.6012    936.0279   1947.2056
       19.2430    884.2624   1904.7402
      698.7275   2053.5776   2206.3962
     2238.0298   1651.1692    753.8420
     1906.8152    348.8809   1478.6003
     1278.4836    624.7164    509.3418
     1266.2988   1160.5698   1758.5615
     1335.6985   2154.5186   2057.0598
     1272.1558    344.0231     82.1069
     1344.5328    557.3431   1213.7279
      542.0098   1708.9139    147.5487
     2042.5516   1952.1025    633.8399
      307.4020   1771.6420   1608.5848
     1066.9916   1357.0542   1063.3842
     1209.6002   1534.0208   2187.6550
     1348.6748    541.9600    327.0497
     1411.9794    774.4498     26.9062
      224.8329   1316.8923    947.7930
     1473.4740   1714.6340    906.6886
      750.0881    704.6758    197.7543
     1466.1500   1130.6783    230.6905
      611.0910   1463.2623   1409.4558
     2048.2412   1257.9623   2197.6995
      115.7088    976.2054    270.8452
     2159.8455   1235.6799   1497.2266
      343.1361   1168.3879    102.1032
     1019.1104   1855.3829    964.9412
     1900.7484   2255.1980   1153.7257
      351.1592   1723.4602    460.2854
     1690.9155   1452.3256   2096.7329
     1136.5569    452.8772    436.0128
      684.3660   2071.7249   1373.2681
     1858.5642    161.1720   1961.3202
     2073.1619   1075.5728    656.8347
     1088.3199    969.7014   2176.1304
      349.2932    836.9517   1658.7302
     1876.6107   1383.0818   1567.3733
     1473.8855    698.0043    443.6480
     1709.2098   2213.6646    254.1458
       49.1975    429.8517    165.6399
      413.0235   1403.4146   1839.7930
     1218.6456    596.4177   1023.0164
      717.9910    199.9744   1814.3076
     1002.5535    484.0653   1509.6437
     1964.4939   1958.6832   1450.0100
      390.2505    546.0497    219.5476
      376.5725    169.5844    745.3703
     1184.3667   2056.5547    541.7109
      135.2060     48.4486   2003.7312
     1895.5283   2066.7869   1267.6484
      255.4883   1256.1862   1911.3507
     2104.0244   1424.6560   1162.4204
     1160.2396   1763.9404    793.3161
      397.9610   1121.5239    998.7767
     1916.9506   2228.0432    129.0444
      649.2383   1107.7748   2037.7623
     1840.2472    656.0879   1693.5760
     1795.8916    850.6723   1630.9092
      995.2802   1045.6572   1049.0807
      185.9028    732.3364   1778.4622
      569.0444    579.4658    530.3953
     1699.8336   1276.2133   1480.2589
      826.3358    268.0672    332.5000
     1154.8369   1203.7260    431.1470
     2216.4551    905.7362     78.7598
      287.7709   1231.4973   2132.5549
      105.4030    683.9013    685.8840
      767.0623    318.2160    652.2380
     1006.4694   1542.7107   1435.1227
       17.0340    805.8815    249.9367
     1271.3190   1067.8586    562.4242
      472.8740   1117.6562   1484.4087
      609.0066      5.0672   2193.1145
      282.7941    801.3592   2129.2693
      929.4776    259.3393   2194.1875
      175.6740     98.4358   2205.0757
     1600.1053    509.6532    484.9818
      393.8472   1008.7003    544.6603
      718.7568   1300.4299   2019.1481
     1943.7063   1546.6542   1251.2526
     1771.5632   1932.5914   2171.0271
     1703.8885    273.0321   2086.9639
      622.3943    527.2858    742.7579
     1523.9646   2129.3113   1799.4819
      931.2631   1434.7600    879.2556
      175.5008    101.8991   1747.3853
     1262.2878   2073.0332   2237.7026
      653.1046   1286.7167   2224.1401
     1077.3666   2058.1206    118.1353
      578.4928   2194.6011   1516.7736
     2090.6284    139.4661   1234.5901
      859.1628   2178.6362    522.0621
      355.4561   1459.9763   2081.5779
     1158.5262    301.3699   1480.7297
     1922.5414   1597.5665    187.0848
     2224.1370     80.3934   2146.6523
      633.8217   1183.8646   1637.3947
     1415.5240   2217.1663   1603.4866
     2195.1277    361.8165   1932.7120
      489.9352   1293.4635   2008.2108
     1692.7927    795.8453    610.9900
     1923.2477    494.8739   1292.7499
     1180.1431    595.8918   1808.9948
      323.7418   1483.7543    869.9811
     1297.0964   1058.4960   1308.1085
     1365.7310    199.0243   1695.5475
      863.7835    963.4426   2128.0728
     1445.4473   1918.6655   1726.6492
      985.2384    902.2144    692.5569
     1754.0289    460.7961   1591.4807
      916.5424    705.7073    704.8423
      831.8796   1450.6782   2125.3311
     1754.4675   2067.0034    112.4276
     2132.4304     20.2249   1060.7961
      406.2379   1797.8712     10.9365
     1534.8225   2125.1233    315.5229
     1164.2986    187.2237   1043.8625
      873.0272   1069.1567    816.2922
      858.0792   1200.3497   2164.5200
     1626.8075   1350.4166      6.6861
      703.3803    942.3651   1701.0873
     1471.4635   1550.5779    694.4948
      192.7146    480.8230    771.1645
     1980.6455    572.6127    405.2001
     1022.3532   1594.1603   1204.9191
      193.7581   1083.2675    856.9315
      347.6486   1146.7891    307.0153
      554.0422   1076.9570    853.1106
     2214.9102   2064.4617    654.7228
      883.8103   1842.0908   2243.8457
      702.4324   1335.2206   1219.6322
      239.9905    795.6403   1210.5631
     1609.7277    291.4507    448.9246
      282.2908    710.4946    814.1874
      668.4589    336.2884   2015.2933
      586.5097   2019.9769   1935.1001
     2182.1221    560.4423    729.1541
     1355.7843   1676.8130   1113.8367
     1286.4244    724.8956   2119.3801
      890.9242    158.0778   1979.0532
     2261.4048   1370.2454   2219.8804
      854.1277   1560.3275   1756.5685
     1005.3732     49.4234   1149.7571
      206.4915   1501.0227   2222.6292
     1562.3457    415.8610   1212.1169
     1897.0728    743.1418    508.1167
     2111.5583   2098.8599   1543.3499
      612.2902    791.0383     66.6297
     1977.2957   1599.1213   1497.4515
      386.2364    458.2471    462.4567
      786.4594    435.4586   1807.3873
     2048.5696   1684.7314     17.4383
      589.9066    559.3889   1699.7871
     1271.8502   1115.7579   2065.8926
      613.9547   1537.0706   1751.4685
     2258.8943   1976.3064   1936.9316
     1943.1255   1556.9987   1705.4243
     1643.5287   1833.3749    892.2511
     1364.1832    997.5114   1885.5243
     1277.2802   1610.0889   1837.0146
     1214.5376    718.4887   1287.9500
     1059.9865   2155.3809    892.2673
      710.6197   1018.2674      1.0008
     1547.8413    178.9441   1297.6995
     1753.2876   1228.3540   1686.2975
     1465.4124   2122.1506    759.7303
     1902.2122     14.6679    344.5642
      201.8917   2204.3499    625.0054
     1789.0397    496.2737    826.2912
     1705.7778    688.9070    887.5406
     2129.8369   2027.3457   2140.6497
      713.2532   1727.4784   1667.7101
     1064.8499    989.7643    491.4396
     1111.7197   2118.9468   1774.6354
     2193.4961   2193.0518   1984.2251
       45.5389    613.9371    879.6976
     1747.8920   1730.3369   1735.2142
     1235.0345    892.6135   1460.5780
     1566.6511   1616.4082   2015.6683
      568.8241   1717.7500    416.5972
      171.2786   1741.0546   2227.4321
       84.0594    915.4257   2122.2542
     1440.9109   2106.6582   1068.0875
     2194.0122   1881.6111    776.5480
      494.5510   1960.7943    117.1131
      494.4057    200.4984   1866.0364
       51.9014   2193.2732   1794.6737
     1945.0695    985.1762   1744.1229
     2224.8713    930.0662    416.4514
      797.6966    240.3882    860.0065
      223.0207    530.1502    972.7833
     1988.4907   1885.7422   2177.1946
     1840.8904    928.7473   1938.5668
     1675.7382    900.1975    997.2425
     1490.6863   1208.9366   1435.9768
     2257.6580   1589.0543      3.2319
     1477.5096    300.3977   2147.5999
     1510.7760    862.1501    572.4851
      982.6953   1450.1992    661.2991
      515.9677   1750.0808   1212.8297
     1635.7623     62.3429   1916.8359
      626.5560    441.1743   1532.5642
     1739.7142   2205.5137   1597.1138
     1815.0078    567.8398    549.7118
       53.0463   1814.1251   1579.1223
      341.8099    966.6282    769.0444
     1641.7540   1878.4749     75.6259
     1421.1578   1403.0551   1013.0046
      448.1236   1558.4631      3.0235
      768.7492   1189.0178    129.3445
     1594.0889   1113.4932     24.4966
      406.6736    722.4761   1320.5332
     1009.3828   1230.7577   1770.8229
      277.7526   1641.5394    112.6313
      327.0732   1240.7411   1660.3657
      753.5687    925.8964   1928.4542
     1974.6008    768.4866   1827.3458
     1471.6294   1961.9790   1952.6951
      809.8515    383.4087   1406.1506
     1221.9242    749.4985   1650.3867
     2087.8684    486.4357    257.9135
      409.1507   1932.0305   1739.8226
      721.1699   1867.3228   1267.5114
      111.0969   1764.1981   1185.2609
     2159.8940    852.4535   1730.6884
      372.7984   2194.0872    761.7355
     1424.5679    528.4009    644.2007
     1963.7737     88.8644   1599.8751
     2128.3948   1969.3928   1308.7451
      447.2609    194.5099   1208.1226
     1369.2844    613.2097    130.0091
      698.8434   1149.6600    696.2760
      625.4498     93.2676   1661.0123
      152.8802    510.1172   1833.2067
      714.6364    683.6147    839.2294
     2243.9719   1254.2371   1685.0305
      581.7693    389.1252   1161.3668
     1310.5511   1688.0688   1502.0220
     1681.5289    993.4162   1738.8916
      471.2533    800.0287    247.6325
      785.4894   1685.8368   2098.5503
     1454.1708   1226.3436   1222.1185
     2147.3904   1582.1244    180.2458
     1362.1998   1026.5330   1126.9064
     1293.6263   1374.0096    312.7906
     1634.5396   1011.8256    717.3070
     1400.3301    112.8023   2043.2871
     1917.3755   1078.5874    789.3923
     1211.0642    472.6403   1355.6339
      103.9328   1489.4750    150.6692
      695.4537   2123.6531   1704.4583
     1844.2029    693.1000    720.6642
     1618.7367   1974.1371   1054.7202
     1169.2974   1008.2341    101.3383
      846.1076   1460.0784   1106.9159
      402.9734   1728.8055   1422.3311
     1304.8929    793.6013   1116.1711
      238.9478    895.2100   1930.1401
      143.9766   1232.3016    240.3794
     1608.9219   1347.9253   1082.8240
     1250.7351   1294.0101   1145.7501
     1581.0323   2236.7700   1466.8148
     2212.6902    872.8788   1484.3997
      477.6869   1153.5205    656.7961
     1779.7931   1611.2792   1922.7125
     1103.6130   1794.7853    342.6176
     1019.0322    437.9226     70.5526
     1118.7518   1983.5408    808.7057
     1157.9291   1578.0286    308.7663
     1525.8573    692.1036   1899.5496
      934.0375    263.6007   1790.1598
      257.4974   1880.2633   2035.8888
     2057.8604    142.1840   2258.3926
      773.9406   1763.4982    179.8059
     1848.7214   1718.8192      3.2084
     1839.2903   1340.6090     10.8416
     1233.5392   1375.7794     81.3258
      579.7557   1342.2036    566.4532
     1584.2032   2051.9226   1594.2897
     1617.2736   1588.8496    332.6900
     1547.1637    550.6854    264.1503
      234.9124   1513.2762   1908.8250
      394.8333   1412.9352    682.3223
     1907.6703     77.0754    766.1028
     1282.3947   1832.6129    934.8951
     1547.0564   1777.8323    323.7336
     2141.6985   1326.8810   2029.1199
      739.4404   2039.6890    361.2994
     1086.8796    233.7066   2007.4067
     1601.0851    142.8145    252.9687
     1686.3308    357.6975    248.4158
      600.7075   1502.8259    389.3010
     1618.4598    612.4622    668.5696
      523.9873    238.5857   2193.3135
      531.8680   1538.3513    827.8113
     2153.1187     12.0196   1689.0104
      649.1036   1422.8351   1033.7919
      115.9733   1709.4194    534.5830
     1349.9781    144.4125    734.2979
     1063.0076   2155.3511   2161.2544
     1288.1005   1926.3984    707.6346
     2082.3665     65.2218    452.2712
      386.7072    450.0840   1049.2679
     1755.8032    493.9103   1164.3235
      441.4998    509.0591   1369.2339
     2043.2178   1123.7460    394.5645
      322.0823    781.2995    607.8463
     1435.9561    190.4622     69.9899
      902.7757    384.7721    485.1785
     1290.0563    573.3431    812.8182
     2033.8405    686.3616   2185.2285
      783.6021   1582.1287   1507.0343
     1702.5380   2148.7144   1171.4723
     1515.0002   1898.0587    692.4066
     1325.2485    762.5319    263.6179
       20.0088   1475.6166    358.7953
     1068.9379   1134.3580    654.3849
     1172.2072   2257.5107   1251.3949
       48.4968   2190.6924   1355.9556
     1404.5590   1457.5272    508.1376
      592.8040    383.9294    900.4690
     2094.3469    170.0042    873.9138
     1962.0316    429.7496   1682.4813
     1664.2834   1928.6547   1751.0023
      870.3214   1368.2435   1442.2988
      149.1540   1863.5518    359.8954
      723.9815   1890.7877    748.8254
     1557.7039   1151.0446   1045.4557
     2034.3030    449.5592    894.8491
      572.3892    997.9238   1072.8971
     2244.7456   2110.4417   1127.3823
      244.2519   1494.1821   1104.0435
     1898.1655   1278.0596    871.0568
     1580.1179   2165.9797    940.0369
      799.6627   2251.3066   1822.0221
      233.3982    280.8824    480.9566
     1766.3492   1629.7505   1527.7537
      854.1597    832.6638    521.0642
      634.3185    333.6394     99.0936
      138.3369   1691.5088   1744.8215
      127.9828   1367.7091   2060.7080
     1150.6968   1187.8984   2250.4617
     1301.1189     32.9597    568.9580
      776.5912    525.1435    597.0132
     2031.6185   2201.2441    660.4059
      257.2586     41.4159   1326.0403
     1373.9882   1441.9019   1223.1500
      798.2189   2003.3375   1866.0072
      114.4470    301.5005   1830.7234
     1148.1196   2236.2881    241.0974
     1374.2953    232.6542    962.8983
      268.3259    903.3417    406.8437
     1442.4590   1019.2455   1499.9463
      356.7671    989.2330   1214.8622
     1820.3372    378.9074    461.3342
      223.9695   1392.5145   1291.5374
     1083.3207    218.1409     87.7360
      717.2736   1883.2905   2048.1946
      790.2032   2135.7449    730.3080
      413.7083    819.5755   1869.6108
      308.4337   1169.3127   1371.3389
     1941.2981   1445.3750   1021.8454
     2155.5796   1566.8979   1339.0780
      789.9515   1618.2767    412.8322
       99.5956   1201.0885   1285.7080
     1620.5214   1486.3646    525.3792
     1600.3846    366.6202    814.7767
      211.1669    260.4623     84.3601
      319.7397   1965.2114    878.6614
      558.3082   1942.1454    519.3307
      173.6903   1355.0653    747.0763
      574.7502    616.3263    319.6082
     1073.3920    111.0825   2170.3125
     1953.3046   2148.4016   1669.5653
      814.3748    528.4326   1624.6769
      403.6633    459.3828   1605.9481
      291.2734    349.9994    270.2292
      179.2416    541.3132    321.1180
     1855.9314   2070.8765    627.2153
      745.8104   1225.4476    498.6362
     1547.0511   1513.5288    143.5842
     1744.5092    518.8781    105.8533
     2093.2266    481.3082   1497.7275
      422.1903     94.3432   2057.9346
     1368.0299    285.5930   1385.0386
     2095.1838   2088.7712   1834.7870
      685.6584    776.7902   1034.7629
      311.2372   2155.4119    368.9893
     1584.3041   2261.1829    446.6014
     1418.4126   1473.7548   2221.8823
      104.6995   1926.3734    633.4197
     1045.4792   1099.5370    272.2013
     1104.5266    755.9890    854.5275
      720.5407   1408.0623   1609.1506
     2219.7253   1815.7650     52.5774
     1875.5326   1041.2944   1015.6523
      620.0012   1558.6677   1200.3984
     1477.4076    718.1895   1003.6684
     2185.9922   1647.6029   1899.2532
      660.7488   1575.7850      0.1366
     1523.6869   1397.9855   1974.6195
      628.9483    209.2064    281.5168
      867.0209   1634.4044     68.0997
     1748.5773   1446.3176    229.1708
     1535.7064   1544.1177   1112.9166
     2209.3616   1769.5527   1333.0635
     1698.8605    181.7118    641.0270
     1217.1433   2230.9573   1038.8892
      409.4611    435.3656    830.2490
     1850.8849   1528.3458    411.1960
     1444.2032   1722.4399    136.1376
      946.7742   1644.0347   1010.4227
     1087.7957    792.6483    519.0721
     1887.6796    799.3738    983.9855
     1262.8805    256.5251    572.9910
     1971.8768   2243.6643    941.1191
     2038.4952   1039.7096     16.0368
      507.4333   2173.6953   2039.6033
        9.5148    218.7643     77.8091
     1833.3467    369.2966   1027.5050
     2003.8378    683.3981    855.8901
      853.4388     25.8426   2157.2856
     1191.9229   1501.7946   1083.6072
     1312.4257   2089.2371   1248.6346
     1296.1832    962.7764   1664.9388
     1415.8441    945.7264    137.8965
     1958.9856    276.7926   2118.5449
     1596.0018   1421.5378   1322.5032
      162.1004   1891.5536    142.3849
     1620.7057   1149.5735    366.2773
      897.8737   1731.6207   1346.5082
     1574.4779    309.4139   1674.0345
     1326.1796   1991.2594    351.8036
       80.2524   1462.5222    927.8481
     2261.3799    528.6354   2063.2366
      512.9446   1922.7980   1362.8422
       84.4795   1154.8940   2138.9941
     1707.1622    318.3909   1888.5933
     1107.5347     43.3635    625.7530
      139.8783   1054.3344     73.6234
       86.1606   2221.2856   1001.4588
     1437.7969   2090.3796    542.6323
        4.2892   2011.4236   1459.1204
      554.8288    943.4441    699.8746
      977.2768    478.1427   1087.7743
     1520.8315   2226.8691   1255.7131
      694.0518   1049.2616   1459.6190
      369.3767    522.4412   2140.0205
      117.8512    781.7169   1016.3673
      192.4905   1502.3320    571.8871
      562.3452    322.8473   1369.0878
     1531.3304   1645.6815   1511.0214
     1874.3513    590.7692   1013.4030
     2093.4937    151.5779    643.0689
      205.7609    444.4650   2007.8320
      229.2804    608.9914   1621.4258
     1444.8903    837.7025   2049.1802
      869.6530    980.2096    346.8013
      661.2147   1260.6019   1419.8105
     1845.6309    459.4702   2072.8840
      155.1535   2059.3462    479.2074
     2161.9097    343.0955   2172.0745
      324.9639   2000.3473    237.3305
      820.1706   1403.4761     68.2344
     1127.4252    658.3546    666.2098
     1514.3663   2033.4703   2182.4172
     2222.1836   1930.0745    253.1957
     2010.3275   1166.1561   1875.7510
      231.2027    460.5633   1436.3486
      163.3763   1794.4453   1406.0820
     1998.3959   2099.6377    452.9710
     1550.3901     70.9806   1070.0906
     2246.3904    733.9477   2198.7837
     1235.0454   2166.0920    721.6944
     1783.4125   1257.9575   1049.4054
      576.8092    371.5661   1791.0020
     1331.8833   1273.7357    611.8698
       53.5384   1066.6045   1516.1945
     2215.9932   1069.5764   1813.0654
     1636.9691    265.4570     46.4462
      894.1438   1997.5988    857.3217
     1988.6543   1503.4685    818.4590
      768.0422    640.7303    411.7581
     1952.5085    841.9772     70.6149
     1911.3348    273.2112   1213.9247
      532.0950   1172.0160    436.6552
      197.9765    246.2571   1313.3022
     2225.9954   1023.9288   1319.0209
      767.7643    913.6404    699.7810
      425.5465   1573.0768   1069.4171
     2166.9521   1107.7706   2051.9434
     2076.7861   2085.2114    862.0793
       44.4883    739.2167   1618.2308
      367.2068   2035.6704   1940.1904
     1307.6390   2114.3386   1849.7861
     2109.7446   2136.8472    231.6224
      983.9952    458.3276    687.1669
      529.4979    617.1932   1145.6343
      526.2112     43.0043    370.7052
       13.8099    357.3658   1467.1776
      423.5951    205.4576    158.4315
     1395.6785   1362.0133    793.0612
     1266.6324   1150.1176   1521.0349
     1670.7592    714.7214    405.3852
     2044.9301    217.6312   1739.4016
     2174.0903   1335.2175    174.8730
     1266.7666    231.2495   2186.1296
     2121.5017     22.5682   1455.4294
     1367.2201     49.0458   1362.6632
      359.4890   1812.0353    242.0225
      748.2374     12.5504    326.1291
     1072.9192   1712.2423   1809.8081
     1182.3153    223.6286   1251.9192
     1849.1505   1022.5793    396.7209
     1230.8906    370.8715   1787.6011
      621.2383    716.8163   1310.6449
      390.0621    561.6780    651.3621
      188.3898    834.1149     63.7467
     2020.2864   1900.5452    405.5324
     1389.5505    967.0604    720.6169
     1306.1936   2134.1377    179.8166
      873.2395   1208.9875    314.9284
      154.7402   2096.6956   1932.1747
     1407.6813     46.5845   1837.0161
      571.4288      0.7025   1849.7799
     2031.2321   1411.1636   1389.4788
      165.1530   2081.8757    782.6819
      114.4424    704.3831   1987.4143
     1091.2473   1169.7172   1238.6310
     1080.0939   1714.6328    109.6514
      567.1738    463.7497   2158.7463
     1083.9279   1921.7045   2216.9888
     1222.4537   1612.7308   1293.1276
     1512.4827     30.8249    633.1882
      504.2657   1111.4047   2205.4277
      395.9664    251.4878    975.2825
      537.4946     87.1710    612.4886
      774.6407   1551.6155    918.7871
      585.9224   1677.1428    980.2789
     1697.5878    718.0384   1112.7625
     1666.3016   1252.4647    166.2404
     1064.2056   1037.5139   1413.3557
     1559.1877    897.2546   2239.1497
      285.0134    570.0511   1208.1897
      741.1783   2158.3926   2010.3744
      996.4564   1892.7357   1476.2507
     1507.5321    570.4977    827.3783
     1912.8597   2036.8661    262.9796
       22.7470    170.5499    782.7115
     1522.7799    654.7081   1217.0198
     2207.9407   1899.6144   1122.9508
        0.5062   1370.4767   1338.9863
      351.4601     81.2599    545.2357
     1719.6516   1094.7863    883.2003
     1376.4180    366.8253   1574.4866
     1415.6292    432.3391   1803.7340
     1999.3917   1229.8403   1656.6287
      637.2610      1.1608   1088.9214
      753.0646   1530.2998   1951.3060
     1065.9508    728.2568   1916.6132
      747.5824    315.4593   1634.0068
     2001.7715   1747.5787   1354.9132
     1350.5001   1151.4965     35.6068
     1139.4924   1797.6838   1270.4662
     2168.6201    528.1620     20.7263
     1507.5031    970.4703    904.9193
      200.7620     54.8795    195.2387
      111.3717    402.8319   2227.3469
      997.5153    653.1946    115.8636
      896.8152   1038.8387   1758.9960
     2167.4832    554.1496   1268.0408
      810.0227   2255.2380   1504.7305
     1294.6150    855.6472    496.2720
      411.6721   2223.5737    188.7314
      458.9074   1348.9097    325.2212
     1371.8517    369.7870    796.1533
      636.5380   1363.4479   1835.0203
     1492.5438    274.5545    619.2896
     1187.1929   1954.1245   1104.2955
     1292.1893   2033.3936   1640.8456
     2057.7302    876.6592   1281.3103
     2101.6584   2169.0386   1264.9250
     1352.3746     94.9892   1152.0878
     1483.8245   1672.4607    516.1229
      786.4430   1021.0776   1015.4941
      752.9918   1970.1013    147.5806
      655.3629   1712.3362   1880.3853
      858.3917    349.1913    140.6631
     1702.8425   1044.1799   1142.8501
     1009.7899    664.5979   1669.2417
        6.7147   1193.7803    738.0256
      777.4029   1689.9501   1156.3125
     1166.6656    423.4723   1143.4585
     2007.6206    851.5572    708.7121
      297.5766   1968.1737   2212.8533
      372.1419    674.6384     56.2362
     1441.1252   2063.0117   1431.7450
      123.2806   1770.1274   1951.2632
     2218.2620   1922.6715    478.5656
     1972.1051    498.8112   2247.5371
     1608.8271    708.3552   1669.4650
      515.9232   1158.1891   1246.4945
      701.4354    226.0763   1235.5258
      677.0532    849.9179   2127.8374
      547.2950   1208.9106    160.9089
      835.2607   1338.2744   1798.3127
      878.1819   1430.3516    304.4782
     1035.0944   2095.4790   1114.6365
     2251.2161   1621.4016   1512.4005
     1591.4583     83.8742   1686.4978
      521.8751   2102.0435    360.4571
     1730.2979    202.9316    894.8060
     1822.3834   1140.1334      3.8599
     1047.8749   1510.4995    113.7941
      682.7946    846.9704    355.1195
     2056.3621   1929.9829   1695.8660
      940.3096   1073.6094     51.7420
      108.0197   1575.9828   2052.4622
      199.3991   1660.3026    982.9243
      993.6823    883.6838    143.1645
      514.2563    812.1949    506.7905
      780.3671   1840.7189    385.5976
     1055.1821    302.7360    295.8982
     2141.1340    623.6948   1012.5891
      583.7690   1476.2465   2078.9446
      483.1340   1383.2271   1203.9226
      430.4958    890.1484     11.9888
     1755.0981    772.6941    167.2815
     1001.5993   1632.8306   2170.7476
      397.3931   1498.1107    475.6341
     2085.9841   1876.5786   1963.0157
      626.9217     28.7363   1286.9310
      817.4349    446.4528   1215.2626
      884.2654   2069.7793     13.5639
      806.7849   2181.7483   1220.1761
     1302.4568    343.3941   1988.0450
       74.3002    642.6511   1158.7942
     1936.9858   1102.3607   2085.0093
      960.8019   1877.7639    198.3942
     2053.9338   1990.3912     94.0364
       87.9475    641.2156    118.6224
     1547.4595   1546.9672   1825.3285
     1537.2633    690.9497   1415.9110
      972.2231    106.8089    264.3019
     1705.6422   1027.5585   2095.5469
      505.9969   1925.5358   2122.5654
      168.1123   1285.2672     43.9186
     1599.8571   1186.4630   1899.4376
     2108.4519   1676.6946   1677.7148
      920.2953   2131.5261   1697.3778
     2133.9565   1357.7401    943.6570
     1471.2357   1121.5298   1700.7644
     1666.9490    478.1623   2184.9749
     1780.1888   1467.5715    917.6986
      657.0151   1826.3708      4.6684
      205.7002   1969.7864   1548.5551
     1085.0062    406.2409   1911.2168
      501.1972   1592.5325   1546.2686
      857.7463    131.0941   1320.0383
     1135.2269    667.3245    330.3203
     1280.1364    952.2164    909.3824
      896.6024   1702.7606    815.8416
     1830.7744    302.8159     17.4894
      948.0613   1318.5853   1235.1072
     1803.0220    883.5699    810.7015
      952.4976   1662.7886    277.1431
     1180.5175   1128.2056   1042.8134
     1259.3381    163.8642    206.3224
      689.9086    717.6821    625.1085
     1575.1747   1940.7075    471.1024
      941.3968    255.4913   1535.9086
     1308.0317   1904.2673   2077.4160
     1698.6311   1692.2305    158.9924
     1747.3010    135.2661    410.4453
      941.3041    518.5314    287.1997
      597.4792   1903.5261   1082.8464
      412.9380   2233.3975   1136.9865
     2100.9109   1387.9324   1796.0369
     1405.6808    407.6147    491.0977
      776.7248    923.7507    164.7093
     1765.7953    912.5845   2257.7317
     1806.8074    263.3723   1701.4968
     1848.3406     76.6465   2212.0530
     1744.6550    291.0700   1329.8319
       58.6757     67.1678   1188.2166
      647.0189    524.2133   1313.1818
     2047.7139   1456.1957     16.9430
     2235.2249    146.9413   1858.1643
     2073.6748   1002.9392   1096.9950
     2168.4966    381.4222   1723.1061
     1755.8497   2111.6812    427.5400
     1526.3589    650.1663   2140.4746
     1684.4857    913.8114    429.7086
     1083.8281   1073.8047   1618.4824
     1579.7891   1838.9001   1350.7162
     1406.3048    821.2914   1325.7373
     2214.1560   1707.3398    374.0411
     1737.8929     14.4088   1325.2124
      713.8055   1771.1528    572.4294
      477.4723   1580.8700   1920.7979
     1435.2921    824.6268   1561.5861
      768.1135   1825.9817    972.9965
      168.4241    159.6772    632.8856
     1672.4523   2032.7692    831.6853
     1916.9492   2202.6475   1446.4196
     1927.3750   1771.9906    611.2977
     1721.5695   1359.7605   1885.4772
     2099.7786   2191.7012   2260.6311
     2123.2651   1827.9958   1524.7146
     1890.5698    657.7880   1994.9207
       21.9848   1569.0712   1159.2318
     2003.3407    698.8144   1156.3955
     1234.0500   1905.3501    158.2958
     1092.4766    670.2271   1456.7473
     1826.7421     65.7292   1767.4100
     1067.5327   1267.9127   1486.1500
     1304.1381    935.6681   2207.0435
     1026.2552    868.8837   1557.5363
     2038.7157   2057.0015   1090.2031
     1000.7051   1273.1318    123.0552
      375.4849   1614.6409    666.5359
      302.0186   1718.2521   1854.3182
     2014.8397    847.8232   1586.0056
      345.8197    695.9684   1021.5233
     1391.9264   1693.3445   2107.7444
      443.8036   1328.5552   2246.6621
      114.1502    936.6459   1697.6305
      662.3019   1009.5319    498.9482
     1238.0918   1909.6914   1469.2249
      955.7594    223.0743    694.2341
      500.6593    733.2721    734.7273
     1055.9271    538.5151    869.3492
      337.1111   1559.3778   1710.9700
     1201.4973    900.9376    695.9485
     2164.7920    268.9747    295.9998
      195.3764    550.3259    525.6101
     2123.7568   1063.3395   1628.5613
     2056.0188    506.4459   2048.5071
      176.6674    369.5688   1620.4818
     1833.8370   1845.4214   1986.1255
      267.7578   1019.7940   2162.2744
     1813.8658   1598.7885    605.5991
      808.5573   1537.8300   1301.9055
     1915.6597    585.0552   1491.9146
     1471.7488   1054.2656   2103.3359
      289.6286   1681.3754   1235.7123
     1852.9103    959.1337    617.1378
      896.8016    846.8396    893.5394
     1771.6345    542.9150    311.6952
     1947.2228   1384.3678    209.6850
     1727.5146    378.4211    646.4549
     2104.7434   1117.0490    897.3021
      139.7435   1823.2880    854.9628
     1586.8324    333.8073   1470.1370
     2215.4382   1756.2224   2099.7263
      511.8080    548.4702   1948.1215
      941.2962    582.2458   1874.8752
     2082.2529    237.9222   1516.4929
      613.9525    743.6234   1929.1774
     1955.8502    473.2566    689.1279
       10.0434    394.4367    864.8448
     2052.2590   1787.5460    217.2840
      584.9190   1292.2581    819.1982
     1148.6998   1712.9430   1050.5719
     1168.7095   1415.8711    493.4790
     2016.2811   1245.5741   1077.6292
     2153.7756   1339.7778    554.9395
      705.0345   1570.3486    216.5125
     1699.2657   1101.4465    548.2766
     1744.0840   1919.2937   1223.1989
     1814.0837    484.7688   1850.8984
     2046.3472    563.9445   1838.3813
      948.0965   1340.4476   1991.8655
     1961.1868   1876.3508   1163.9272
     2091.5791    658.3464   1648.0752
     1840.0441   1745.0066    324.6902
     2192.6072    801.6857    578.5592
     1562.8372   1842.4572   2122.6543
     1877.2332   1334.8016   1237.3274
      371.4539   1223.2299    811.8611
     1070.9940    274.6431    524.4394
     2209.1245   2133.7478    416.3023
      960.0050   1822.4304   1155.8978
     1820.4037   2234.7715   1999.4594
      483.9650    715.6415   2126.9312
        2.9126    204.2302    496.7282
     2035.7795     34.5695   1856.6931
     1657.3773   1834.7913   1548.2943
       12.1167   2014.3646    918.3323
      675.6514    111.1880   2005.5148
      275.5749    204.2108   1931.5270
      956.5053    574.4995   2141.9624
      230.5063   1138.8370    655.1642
     1562.7719   1504.9871    885.6871
      410.6383   1998.6150   1532.2999
      113.4527   2107.7336    272.0920
     1304.4717   1776.3704    318.4233
     1307.2128   2196.7583    400.1165
     2044.2664    110.9216    203.2367
     1238.6824   1180.2581    214.5121
     1118.7975    863.4701   1033.3887
      451.1899    102.6745   1416.4159
     1258.9767   1127.9771    768.7778
     1503.2260    897.7291   1135.7740
      115.5405   1572.6301   1335.6008
     1905.4982   2086.4399   2218.7810
     1176.8208    778.3729     79.6252
     1932.7832    183.4861   1041.2759
      645.9038   2172.9929    537.4585
     1696.2970   2259.5352    753.9778
     1366.9066   1854.0463    516.9240
      492.2477   1721.3065   1739.4308
       63.6268   2156.4268   2146.2810
      193.2031    997.3140   1346.2203
      532.4890    978.6354   1863.2729
     1889.4092   1174.4650    567.5166
      553.0496    947.8267   1328.4323
     2004.4769   2261.0063   2077.5808
     1022.5970   1246.1163    878.1299
     1292.6023   1595.4601    118.2431
     1629.2596   1689.1422    710.7006
     1980.8773   1703.9480   2057.2930
      585.4775   1567.3453    604.7491
      673.1796   1690.5118    777.1769
     1432.8525     36.8927    228.0794
     1089.1849   1559.8032    851.6955
      481.7301    987.1033    353.1462
     1282.3961   1778.5532   1684.3914
     1504.8157    884.4603   1761.3153
      854.4176   1206.2518   1608.9001
     1160.7178      0.4672   1998.8514
     1346.9711    581.9651   1971.1807
     1365.5896    739.8628    683.4456
      973.1571   2197.1396   1363.1592
     1458.6152   1941.6161    210.7691
      205.4897   1604.0043    333.5312
      998.1891   1936.4551   1847.5251
      393.8658    894.9377   1459.8832
     1920.8569    132.8510   1358.2478
      128.2654   1069.7538   1942.6511
     1823.2681   1709.0939   1219.1476
      192.7776   1926.0405   1789.3507
      825.1489   1996.4076   1098.4259
     1003.4347    325.2964    928.8545
     1924.0509    863.6550   2117.3701
       12.8971    460.4949   1062.8856
      217.8253    280.5884    874.3281
     1613.2953    513.2509   1778.4406
     2039.1080   1553.9391    601.8530
     1460.3105    492.0044   1394.2113
      854.0002    116.4579   1665.1505
     1401.9126   1223.8370   1932.8153
     1706.5674   2048.4783   1400.3771
     1003.6254    431.4821   1711.6293
      113.4532    215.9999    280.8167
      144.7764    932.6266    578.0582
      714.6044    212.4618   2206.5500
      187.2823   1128.8895    441.3802
      993.1833    792.5323   1312.0562
      687.5007   1318.9517    315.1458
      784.5915   2214.3855    127.5235
      966.3821   1869.4048    697.0067
     1319.4156    780.0490   1854.9475
     1729.8813    763.1559   1853.4497
     1552.1787   1045.4681   1305.5258
     1077.4375    764.1755   2146.1116
     1022.9308    529.2112   1287.1707
