       31.2327    181.9066   1582.3344
      794.1044   1204.6942    382.4261
      262.6963   1613.7769   1449.0457
     2195.9104    859.4840   1204.0693
     2205.6609    182.9632    211.6246
     1387.8175   1379.3905     94.0767
      733.1882     18.0522    611.3151
     1760.4095   1143.1477   2150.3594
     1888.3590   1183.1499    376.9104
     1585.4945    801.5446   1582.9424
     2119.3350   1878.8231    386.0971
      177.8379   1804.0116    746.4073
     1483.5293   1533.3535   2160.0083
      649.8467    655.8789   1934.1296
     1577.2205   1673.3439   1219.0087
       53.3415   1434.4752   1909.4733
      594.0901    966.5732   1832.5098
     1163.4214    390.1085    592.3396
      742.5929    674.9542    992.4098
     2007.5309   1975.7444    163.6749
     2167.7617   1235.0170   1124.7106
      797.7332   2260.0381   1069.7407
      707.5599    307.7775   2256.3938
      122.5411    833.5557    936.7734
      646.8961   2066.7456   1054.3623
      951.5854   2217.8123    119.5691
     1657.5591   1858.4380   1925.1763
        9.8562     77.7649   1354.1019
     2143.4614   1337.2834   1409.4818
     1533.9951   2255.6851   1732.0879
      471.5228    506.5416    975.1671
     1042.9922   1517.2758   2042.7910
      915.6664   1659.5856    344.3691
      884.5291   1175.3990   1070.7722
      536.4796    287.1414    177.3565
     1348.0020   1978.5668    158.4444
     1236.0105   1167.1383   2002.9083
     1981.4811   1274.0682   2131.4150
     1582.9486   1828.7919    290.9134
      462.9950   1539.0768    273.1371
      273.5314    381.8929      4.4417
     1021.9619     31.6428   1476.8856
     2107.6638    774.8301    372.0552
      776.1049   2184.4937   1588.6595
      188.9120   1553.5879    663.9882
      876.0876   1142.9310    165.4344
     1479.3350   1929.3777   1210.6815
     2195.0774   1308.3992    381.8847
     2170.6960   1116.9810    598.1873
     1517.8558    493.0297   1001.9720
     1060.3950   2187.8655    431.1379
      167.3929    626.6721   1482.9811
       39.1062   1189.9834   1309.9541
     1947.7227    561.7121    954.9799
      911.6185    571.8903     26.7902
     1996.6511    924.8290    183.6535
     2192.5232   1027.6683    326.7845
     1943.8268    224.7987    377.5128
      194.1568    896.2241    729.4513
      367.1620   1648.7870   1160.4639
      849.7594   1200.3589   1778.7603
     1994.8049   1585.2078    527.0190
     1747.7645   2155.6829    703.3486
     2087.2986   1068.8766   1320.3125
     1585.3693   1835.0470   1453.5759
     1116.7638   2130.3164   1307.0181
      995.1776   1810.0958   1752.1964
     1815.0179   2181.9451   2256.2727
     1971.7098    770.4167   1353.0009
     1176.8508    239.4070    827.2994
     1251.4658   2242.1287    872.7435
     2096.5732   2112.6741   1494.4214
     1913.0339   1333.7720   1730.8855
      144.7933   1727.1124   1262.4020
     1141.2399    182.7003   1611.3026
     1023.9485   1656.5668   1540.5245
      398.8620   1835.1246   2141.0220
     1984.7474   1408.8724    290.9084
      897.2697   2112.6511    613.8257
      969.5076    737.7996   1183.0439
     1910.3440    892.6960   1170.1891
     1794.0737    645.2209    243.6689
     2233.5425    300.2818   1216.6055
     1172.4298     63.6802     10.0489
     1751.3892   1329.4539    846.0046
      918.1428   2036.2876   1437.4349
      495.0367   1792.2150   1598.7532
     1914.1128    242.1310    125.9189
     1785.8961   1395.2496    508.2969
      567.3505    224.4399    756.2333
     2219.1406   2166.6165    931.8582
      825.2366   1436.2572    776.5405
     1929.0522   2260.0935    868.4974
      536.6543    609.5060    242.7953
      394.9712   2095.8118    890.9207
     1921.6499    336.4710    884.0227
     1386.7062    530.8644   1691.3799
      423.6031   2214.6277    410.3214
      330.3121    163.2576    282.6849
     1530.4000   1718.6316   1694.1259
     1747.1697   1471.7223   1410.5940
     1562.4843    144.8843   1421.7292
      421.7693    679.2806   1503.0088
      178.8276   1875.8772   1031.2177
     1201.2245   1291.5748    600.4957
     1450.8763    300.6095    265.4388
     1251.5565   1892.6680   1780.7162
     1028.5317   1905.1558    534.2435
      364.6908   1165.8213    575.5786
     1280.5104   1184.5974    828.8787
      508.4924    753.8677    970.0802
     1285.5693    901.7579    874.7320
      472.9901     32.5698    632.7624
      473.6325   1527.8206   1577.8879
     1062.7352   1855.0411   1250.0090
     2152.0410    979.2037   2051.4036
      557.8815   1240.5381   1182.0525
     1692.0364    793.6479   1339.5164
     2078.9824    323.7895   1456.5239
      426.9061   1421.9357   1308.2429
     1716.6797    348.3390    552.2710
     1466.4452   1274.2433   2036.8151
      596.0439   2034.5333    735.8018
     1937.9075   1662.9005   1007.3696
     1841.1471     22.4274    481.1029
     1698.8649   1556.7240    932.3345
     1069.5469   1763.4509   2203.5208
     1823.8572    566.0691   1992.6572
      183.1333    122.1694   1154.7521
       96.8503    608.0471   2202.7166
     2017.1642   1895.4835   1000.8593
      183.1205   1265.0153   1043.9598
      117.0367   1075.7581    915.8170
      591.0186    903.0488   1481.1777
     1645.3549   1340.7240   1091.0837
      687.5679   1871.0616    948.9713
     1639.3752    679.8289     34.2396
      116.5091   1202.5616   1740.7863
      563.3566      9.9324    221.0787
      412.7357   1939.9457    633.9016
      124.6799   1003.0731   1156.3998
     1294.6302   1049.2721    267.4589
      666.2624   1939.6672   1444.7207
     1079.9337   1557.5137    730.0198
      283.8414   2170.8328   1263.2113
       18.3009   2015.3799    147.4486
     1024.7479   1311.0112   1272.8226
     1789.8937   1718.0856   1446.7317
       20.4521    422.0623   2042.8185
       59.4408    798.3638   1627.8557
     1270.4327    289.0809   1157.0684
     2246.0925    602.2382   1766.7794
     2033.8252    729.6180    660.6832
     1167.6219   1923.8242   1996.6199
      196.1613   1324.0044   1453.8300
      946.2596    570.3925   1340.8876
      291.0479    694.5908    117.9407
     1212.7242    198.3532    393.8473
     1527.5537   1109.1078    285.2880
     1627.9004   1035.9489   2002.7534
      298.8018   2187.5374    145.1642
      348.8982   1032.4081   1933.8845
     2196.5015    384.3198    968.6591
     1652.9377   1056.9797   1499.9149
     1753.8383   1541.8041   1642.3181
       10.1900    355.6263    701.7030
     1252.6158   1274.2501   1316.5834
      813.2460    790.3975    543.5987
     1570.3702    431.8767   1477.1965
      305.5200    427.1336   1548.1440
      196.3302   2152.6304   1017.3582
     1563.5894   2184.1106    191.1863
     1358.0035   1966.9946    894.3118
      157.8709    749.6935   1248.7625
     1666.6295     18.6515    916.0132
     2191.7881    950.2198    773.1660
      860.7119   1853.4436    761.8906
      567.0388    828.2735   2059.6082
     1827.1340    479.9180     19.6486
      262.8134   1358.5309    322.3251
     1394.6024    477.9912   1929.6992
      717.4153    885.9693    769.9176
     1628.1997   1310.5389   1778.4966
     1936.4889   1853.7112   1233.5233
      819.5635   1941.0957   1175.3932
      720.2857   1306.7311    944.6085
      711.8712    467.5986    190.7966
      890.7520   1071.0516    542.1484
      400.8484    442.5202   1815.4081
     1333.9410   1484.5497   1897.5935
      640.8907   1718.1754    705.5009
     1002.2885    250.7255   1060.0979
      431.9078   1911.1112   1109.2950
       30.1182    419.5484   1548.9310
     1110.8251    511.3956   1939.0458
      599.0115   1561.3644   2016.5822
      569.4491   1549.8340     30.5594
      679.0743    530.1396   1197.7451
     1933.9617   1747.8793   2029.2347
      841.5706   1798.4521   1392.4742
      118.9203     20.4167    343.1974
     1822.8774    182.1517   1050.6299
     2171.3115    402.6253    361.1290
       61.4927   1492.2086   1290.7411
     1218.2202    592.2692   1411.0371
      973.2389    183.3722    582.9677
      987.1445   1027.7339   1890.8394
     2244.4363   1048.3047     70.3885
     1028.2559     31.1197   1772.3669
     1415.6189   1690.2871    801.6034
      457.8744   1398.1594    987.8990
     1167.7587   2248.7488   1976.1707
     1820.5005   1988.8997    835.1492
      327.4396   2067.2026   1515.7748
     1344.8003   1978.0436   1476.4969
     1900.3281   1016.8755   1468.3872
      563.3195   2025.3254   1688.5250
      285.1882      2.9800    792.5631
      214.1535    375.8811   1063.8116
       68.1092   1105.5428   1993.2765
     1296.4388   1718.8423   1622.0709
     1405.9734     47.0040    384.7031
     1712.3840    917.2820    253.3630
      498.1961   1935.1714    382.4499
      689.8349   1502.7540    542.0927
       52.1508   1491.6504   1556.4056
     1790.1876    291.3768   1349.2061
     2052.3706   2199.1267    618.3602
     1307.4491   2129.6772   1727.5879
     1204.9165   1990.9998   1099.0876
     1113.2430    391.5242   2169.5510
     1174.4307    424.5895    974.2258
     1616.2994   1334.7760    278.4521
     1287.0536   1286.6134   1571.2892
     1312.7723   1543.7620   1199.4526
      894.1367    516.1784   1018.3868
     1883.9358     37.3929    222.0267
     1144.5466    558.9136     95.4387
      567.5797      0.6852    850.9823
     1202.3879   1488.3024   1466.4485
     2185.2561   1697.4185   1142.5436
     1154.5370   1442.6924   1719.5789
      924.4501    862.1750    963.2096
     1572.8386   1264.2533    552.5793
     1449.3499    654.3531   1421.4374
      951.6973   1934.3640    310.3842
     1031.7257   1290.9386   1926.7643
     2177.6035   1567.1700   2074.6973
      824.5920    643.1666    326.9071
     2186.6389    680.7399   1479.7126
       36.0787   2261.6338    660.4891
     1980.2579    781.8885   2126.2385
     1079.2126     19.0436    699.1050
     1356.2166   1046.5345    493.2889
     1536.5168    231.9744    758.6243
      669.7543    676.6030   1433.7423
     1009.9496    848.5807     15.6900
     1371.4336   1269.5438    391.5205
      105.3895   2212.3760   1968.5653
     1072.5399    875.4617   1647.6859
      461.5877    503.4742     19.4754
      340.6684    915.9905   1063.5228
     2012.0282    789.6913    916.9778
     1492.2225    824.2864    232.6043
     1875.0029   2135.0256   2024.8826
     1874.9135   1824.4327    373.7464
     1307.8712    113.5163   1845.2096
     1235.7952   1988.1865    395.9635
     2206.5259   1548.6462    835.5925
     2006.9193   1445.3525   1923.1594
      953.1881   1409.0934   1566.2513
     1953.3793    964.8792    714.8444
     1708.6548   1670.7242   2100.1824
      170.8964   1881.4945   2026.0411
      754.9409    117.4190    162.8996
      851.0200    182.9965   1548.5087
     1449.5776   1731.4889   1921.6533
     1924.1096   1555.7153   2201.7097
     2058.0356   1212.8529    153.8158
      894.1427    861.1195   1441.1672
      238.3741    119.8232     72.0797
     1130.1924   1712.4764    512.9670
     1123.5244   1862.2145   1491.1938
     1520.3214   1955.0553    725.1562
     2082.9731   2032.3273    792.4923
       12.5081    932.5747   1423.6030
     1246.1304    966.4171   1784.4298
     2204.7722    620.5314    152.8099
      267.9056    321.5048   2014.7003
      689.8088    591.3935   2196.2891
     1769.8868    359.8483    288.8540
      455.4955    702.2039   1231.0009
     1464.5806   1362.3521    768.3976
      708.2736    830.2966   1210.3593
     1097.6578    501.2763   1180.0387
     2223.5850   1831.1394    892.3583
     2147.8064   1921.7314   1681.7059
      972.6339     64.3858    910.4409
     1479.5388   1404.4098   1296.5220
     1532.9508    833.2651    822.2477
      870.3853    697.7839   1601.4950
      423.2572    740.7922   1862.3921
     1969.0085    681.4656     92.2383
     1695.1162    104.4433   2061.6001
      933.5021   1370.8348    554.1907
      637.3751    776.6976   1726.1526
      324.7319   1394.4846     73.4852
     1073.9279    749.9317    225.0644
     1624.4567   1599.4568    112.6605
     1961.4543   1406.6515   1005.4569
     1098.7516    675.5520    934.8917
     1958.7865   2068.7415    392.6012
      885.0481    925.3851    316.8296
        1.6527    503.9328   1303.8352
     1885.2971    982.6398   1993.8352
      422.3117    338.7857    506.7449
     2080.6833   1023.0241    993.9777
     1036.6663   1310.6682   2234.6555
      669.4110    120.6629   1380.5243
     1389.8107   1872.1737   2141.6179
      293.3976     78.2143   1498.8743
     1866.2976   1265.6069   1511.3621
     2253.2559    167.6984   1886.4180
      416.9586   1852.3439    881.9499
      809.3044   1525.0637   1379.6272
     2038.2699   1756.8597   1499.9587
     1603.2469   1538.4797    646.9567
     1263.1787   1507.9790    901.2916
     2243.3813    734.3083   2017.0988
      501.0178   2007.3787    150.7405
      984.8340   2114.2793   2152.2981
      744.9363   1050.8315   1344.5946
     1943.0844   2136.1694   1703.9810
      517.4523   2097.1238   1293.4805
      247.2838    589.4205   1959.7045
      521.9467    461.0879   2033.6213
     1250.4293   1365.2609   2135.9097
     1393.4188    725.8269   2180.0298
     1616.9695    446.9274     96.0726
     1598.4849   1143.9106    905.1115
     1371.6417    176.3636    977.1282
     2074.4822    635.5018   1189.7609
     1238.9843    117.4457   1359.8486
      648.0256   1038.4291    271.6005
       10.1479   2041.3689   2151.6150
     1068.3296    331.6166   1373.2004
     1374.9037   1204.4832   1792.6798
     1108.0393   1476.9900    412.6854
     1380.4714    436.4770   2174.4783
      814.9160   2117.2546    842.3044
      285.7183   1935.3252   1725.5587
      474.2840      2.9226   1763.8055
      110.7774   1986.1605   1326.0731
     1013.4202    125.5905    275.8720
     1841.7970    836.5229   1590.8881
      938.1188   1442.5485    208.0662
     2191.8970   1470.3815    628.7971
     1192.4476    668.8558   1693.4374
      571.8626    245.0218   1602.5626
     1601.4062    524.4989   2082.5859
      141.4847    301.9983    373.4470
      999.9285   2050.6704   1845.2230
     1467.6915   1057.2107    695.5955
      405.3936    599.6803    489.5651
      342.9404   1623.2446    881.1680
     2180.8826   1272.1595    821.4558
      923.5442   1752.0773   1976.5491
     1697.6548   1910.3162    542.1186
      206.6374    269.2734   1345.6624
       88.1392   2170.1777   1546.8396
       35.9568    140.4956    914.0905
     1686.3691    404.1775    844.9136
       61.7618   2252.0710     56.6699
      551.9637   1250.6948   1934.3375
      234.7165    225.2440    824.1997
      855.0095    426.2497   2039.5854
     1754.3312   1254.1949   1319.7302
      768.5989   1916.4401    528.9394
      385.5340   1839.9204   1367.1141
       64.3978   1792.3074    241.3370
     1981.6763   1699.8250    767.8472
      710.5846    541.2704    749.4934
      104.8897   1942.5336   1582.0631
      831.3765   1962.9377   2010.7013
     2041.6431    321.1657    595.1721
     2245.2788    694.7415    771.4952
      226.5904   1427.5050   1705.9080
     1765.0497   1284.1545   1980.1075
     1144.7937    599.4469    720.2582
      875.1318    658.4147   2020.7291
     1372.6129   1679.4087     67.2132
     1935.1418    500.7661   1367.3145
     1798.9650    687.2454   1139.5474
      256.3858    948.9847    105.2465
      643.2073    497.1320    495.9637
     1573.6497    232.9949   1000.0906
     2209.9502    610.5435    518.6173
     1554.6688    250.1443   1926.8936
      311.2380    221.1908   1684.0067
     2141.1501    288.0316      4.8240
     1851.0906    318.3664   1844.4161
      688.4804    980.9415   1034.3513
     1731.7733     35.7945   1851.3386
     1801.2056    877.7495     27.6481
      587.0981   2207.0374   2017.3766
     1770.1121   1670.2478    537.7928
     1926.8356   1459.7201    773.6041
      444.4435     20.4877   1108.3158
      746.5916   2084.0239    177.4417
     1113.7266    697.6091   2152.2998
     1740.3508   1123.9415    672.8354
     1502.0731   1576.1453   1454.3726
      489.9830     11.8183   2233.5129
      257.2060   1456.1833   1126.0840
      646.2238    190.7237   1125.7325
      297.6921   1185.5698   1260.4683
     1220.9901   2183.7646    242.8453
      614.0406    197.5250    444.0083
     1626.9073   2133.9250   1952.3461
     2247.7278   1669.1228   1800.1858
     1948.5936   1366.3743   1263.6001
     1777.5247   1818.9261   1067.7155
      405.9004   1040.9532   2158.9817
      996.6045   1002.4402   1219.3536
      312.1989   2102.1169   2159.7546
      189.2389   1102.0980   1548.5211
      640.2014   1129.1055   1590.9598
      153.4162    562.3277    324.9839
     1778.9338    609.3972   1493.8463
      805.7802   1932.8636   1680.9991
     1421.3324   1483.9198   1677.3309
      124.3570   1329.8016    551.0511
     1236.9994    795.0432   1129.7980
      719.8490   1855.8849    265.3044
     1051.2056    772.0943   1881.1172
        3.8427    998.8423   1738.2957
      606.1033   2009.7849   2177.0476
     2212.9341   1725.8158    604.7476
     1839.4523    369.2259   1576.8252
     1074.7080    679.1677    478.4669
     1410.9470   1061.6526   1529.3997
     1426.9556   2251.0073   2060.2476
     1210.0828    306.1248    157.0972
     1617.1140    547.3339   1265.0647
      539.2620   1783.8059    109.2793
     1951.7091   1901.8180    614.1620
      202.9680   1693.4523   1698.4119
     1152.2792   1320.7748   1036.9551
     1258.5746   1649.8236   2106.2590
     1232.9451    500.8766    342.4318
     1284.0896    866.6705     82.1370
      406.8913   1138.5532   1003.4028
     1565.5619   1777.6115    973.4119
      783.0245    790.9402    141.8674
     1340.6842   1115.2209     25.2027
      590.3101   1342.1851   1506.0321
     2004.3237   1050.1226   2234.4014
      372.9864   1033.0822    312.9660
     2122.6841   1162.9685   1576.8929
      437.3244   1153.0634    122.6171
      965.3807   1880.8495    994.3102
     1899.2614   2188.0396   1078.1152
      404.5316   1700.4639    606.9716
     1706.4175   1449.5891   2163.6982
     1002.6150    447.1054    345.2003
      781.7404   2168.9331   1288.0500
     1983.4010     90.3942   1861.4449
     1995.6010   1289.3176    600.4926
     1176.5874    956.7059   2135.8108
      361.8517    937.4756   1676.8325
     2001.2972   1523.9863   1600.9115
     1340.4795    594.7480    570.3655
     1673.3751   2141.6077    396.5843
       66.8662    410.5037    111.6621
      446.3275   1497.4015   1819.3077
     1356.3384    641.0177    850.8627
      684.7800    417.4414   1833.0294
     1074.7849    443.5749   1594.3982
     2162.2834   1878.2703   1339.6731
      348.1204    427.6829    236.5136
      233.8095    147.2693    577.6577
     1255.1611   2171.5928    587.3578
      323.9031     78.0525   2016.4072
     1744.2595   1991.1594   1237.0687
      262.9042   1295.9419   1964.7585
     2201.0276   1456.6376   1087.7186
      902.1335   1640.5887    895.0988
      503.0580    955.2617   1231.7405
     2082.1694   2184.9250     43.6026
      731.9431   1121.8789   2037.6801
     2031.7272    571.6365   1608.5779
     1815.2092    581.9718   1750.1554
     1076.6644   1050.3440    956.2589
      244.0634    620.1381   1695.3799
      614.2428    771.6502    391.7409
     1574.4645   1297.0088   1547.0575
      809.1307    305.7823    375.2131
     1057.3394   1218.6569    396.7804
     2241.7791    822.9772     12.3520
      211.3711   1135.8794   2216.7332
      177.4098    710.0511    553.6544
      778.5338    311.4454    618.7979
     1064.1934   1571.4331   1294.4277
       89.9187    813.7578    294.5753
     1294.3684    840.4964    617.4670
      441.5833   1132.2043   1447.7953
      737.9916     52.6127   2214.1252
      374.5968    715.2513   2161.7375
      939.9615    173.1198   2231.1509
       94.1967    210.8956   2158.8037
     1454.5812    325.2090    522.0518
      154.9479   1066.3545    487.3555
      778.7529   1359.3608   1970.9182
     1810.1105   1581.9498   1180.8275
     1782.7421   1914.6317   2139.7703
     1773.8257    339.1248   2096.1731
      442.9798    452.0837    740.4053
     1705.2512   2094.1409   1692.6041
     1046.9266   1294.7771    834.4235
      187.4940     34.3855   1743.8600
     1577.4698   2103.1355   2225.7139
      796.2352   1310.1642   2225.6462
     1091.4833   1964.2314     88.0291
      525.8904   2247.6372   1520.2115
     2001.6547     68.9113   1355.3560
      825.5907   2251.9492    368.0895
      396.9438   1479.7445   2105.9065
     1310.2407    361.8688   1450.2432
     1827.1877   1381.2983    110.2378
     2163.5439     64.3773   2097.6621
      905.9903   1189.1766   1504.6991
     1359.5769   2226.1641   1516.5155
     2041.5045    276.8134   2012.4266
      558.7247   1295.2527   2196.0774
     1651.1112   1019.1293    485.2314
     2007.8451    340.6258   1174.2223
     1233.4547    351.4284   1779.6798
      130.9171   1394.7465    874.6507
     1440.7548    895.4667   1315.5696
     1407.3053    202.0112   1623.5536
      794.7565    897.1956   2148.3606
     1513.1083   1964.6964   1696.8192
     1019.1979    860.3632    696.8585
     1635.0867    424.7588   1745.7743
      899.1497    667.1297    802.2316
      836.6514   1540.9618   2167.7578
     1755.1279   1990.0797    195.4487
     2065.6201    104.1067   1106.0925
      233.6441   1911.4419     40.3974
     1471.5133   2062.3323    445.4135
     1177.3586     58.8085   1117.7843
      856.0977   1095.8837    813.8572
      967.7669   1110.9901   2136.9294
     1584.2439   1274.8342     36.8676
      857.9467    968.9471   1648.8732
     1541.3149   1559.8347    401.3654
      186.4131    476.7085    829.4641
     1977.1458    524.3381    411.0665
     1095.1355   1626.7048   1043.3083
      149.6702   1161.7098    720.2122
      543.0927   1229.4865    382.0433
      587.2687   1133.4800    818.1635
     2252.4099   2083.4841    405.9038
      828.9515   1926.4158   2261.3933
      613.9769   1476.7587   1165.2921
      280.1284    920.3877   1398.9750
     1593.7570     68.1284    581.5939
      347.2930    684.4427    779.5811
      736.7166    205.5845   2003.6650
      561.4456   1944.2604   1961.3685
     2080.2539    518.9553    777.8306
     1323.7478   1744.8844   1054.9585
     1306.3314    722.5912   1927.2231
      904.9526     21.4287   1998.5427
     2251.7842   1300.3160   2180.6626
      882.3187   1558.0372   1819.1697
      942.2559     92.7959   1263.6871
      144.2181   1474.7234   2169.9121
     1514.0347    322.3388   1229.1353
     1862.9462    763.2371    472.0643
     2045.6028   2103.0784   1250.8987
      528.8883    845.2212     77.8701
     2067.5269   1580.9988   1324.2350
      225.4774    435.4817    573.7117
      935.6136    534.2690   1793.3339
     2040.8939   1646.4583    254.1512
      570.6962    526.7080   1631.5673
     1418.7729    926.6308   2015.2767
      673.0651   1409.6533   1727.3362
     2187.4590   1819.0618   1992.6403
     1991.6547   1718.5535   1765.0465
     1732.5223   1761.8453    761.3928
     1516.9988    962.1852   1776.1127
     1190.4331   1671.3094   1859.7910
     1153.5347    822.9911   1379.4031
     1019.6652   2126.8923   1030.3398
      647.2513   1073.7042     13.6472
     1529.7992     79.4503   1198.6018
     1758.7865   1069.4890   1744.4442
     1468.7139   2214.3560    761.0507
     2099.8306     15.5177    366.4653
      225.4647   2110.5503    542.4510
     1862.3813    542.2247    694.8420
     1709.8658    694.7663    927.5831
     2037.5684   2000.0061   2159.1252
      665.4781   1744.0518   1884.1486
     1117.1202    961.6211    453.3032
     1084.4707   2058.9907   1595.0212
     2103.6650   2096.4944   1902.3868
       19.4064    617.1213   1042.5471
     1773.4006   1828.4292   1705.9042
     1146.6392   1063.4803   1455.2041
     1586.6547   1496.6847   1906.1465
      610.7360   1703.8510    425.8892
       86.9905   1741.3894   2245.1638
      202.6136    883.3998   2131.1089
     1431.8275   2185.5642   1030.5143
     2250.7329   1969.6415    597.9656
      339.3327   1760.2842    266.5202
      513.6645    231.2865   1897.5836
       81.2743   2008.5392   1835.3405
     2004.5946   1037.6857   1774.0798
     2258.5830    889.2678    505.6800
      794.4889    152.5520    811.4033
      266.5684    638.1074   1033.9388
     2103.7771   1765.3459   2256.2544
     1640.6976    787.4260   2064.2429
     1668.7952    994.8732   1194.0386
     1487.0402   1146.7108   1292.8510
     2149.5391   1498.0743     78.2454
     1520.1660    271.5101   2202.1072
     1539.7017    765.0635    501.6699
      901.4090   1640.4084    586.9911
      597.7789   1760.2196   1188.0582
     1706.4769    192.2510   1642.1918
      784.8375    419.1515   1552.7430
     1806.2073   2244.7671   1509.4413
     1706.3606    578.9805    500.3273
       24.1270   1724.9897   1522.6194
      435.8546    935.9173    812.9954
     1566.4093   1869.2832     23.7622
     1475.8899   1485.7036   1010.3702
      324.4168   1651.1071     39.2691
      663.2915   1295.8911    162.9544
     1562.7482    986.5389     52.7740
      289.1910    533.7213   1286.7777
     1092.3634   1167.3768   1679.9697
      133.5219   1582.2650    204.7147
      408.3221   1229.2350   1725.4908
      816.1680    866.6753   1893.8250
     2048.6382    540.0058   1928.0903
     1416.6527   1999.4491   1941.9612
      848.0277    364.9614   1265.7749
     1359.5410    809.1166   1596.4110
     2030.9169    450.3933    167.8171
      395.2205   1758.0664   1877.9485
      861.6758   1668.6306   1152.4083
      117.1852   1639.6519    992.8789
     2033.7700    790.2414   1869.2195
      157.2654   2044.7767    778.5286
     1381.8706    392.6809    796.5757
     1980.5050    153.1873   1601.3572
     2229.4153   1955.8982   1125.3982
      434.3345    185.9193   1334.7856
     1385.3770    585.5740    144.2804
      690.0230   1248.5131    621.6572
      705.7960     95.5503   1777.4366
      113.6195    380.6154   1780.8719
      552.0297    710.7003    646.7440
     2188.3452   1371.5763   1698.7869
      690.7374    373.4621    970.1509
     1351.9366   1754.1599   1344.7706
     1809.9440    810.9044   1856.4249
      354.3758    790.6848    361.6854
      638.5715   1727.6388   2168.8103
     1395.4268   1252.9495   1097.4779
     2221.1377   1553.8740    387.9329
     1487.5145    960.4578   1050.1666
     1320.2507   1505.3685    287.7438
     1743.5455    959.5663    921.6977
     1280.4298    224.2579   2059.5750
     1961.1365   1189.3783    876.3583
     1328.5664    575.4005   1192.3623
       68.9792   1335.2535    149.3306
      747.5076   2117.7925   1851.8622
     1759.0195    790.1232    699.2570
     1630.8336   2057.5498   1041.5696
     1081.8756   1038.6262    119.8441
      908.7724   1431.1953   1043.0386
      556.8590   1636.7649   1381.6669
     1504.3400    733.4286   1091.0062
      190.4271    859.0052   1889.1667
      160.9229   1132.1665    234.9745
     1883.7383   1165.5614   1095.0267
     1237.2043   1031.7021   1190.7909
     1588.1543   2119.7815   1421.0845
     2084.6135    834.1179   1614.0596
      620.9669   1003.2165    543.4933
     1810.6031   1597.9722   1860.6738
     1119.5963   1765.1021    215.0232
      974.9320    345.6948    140.4465
     1077.2235   2039.8547    783.8433
     1106.8719   1552.0675     71.2855
     1523.4220    693.4737   1813.0208
      884.0736    277.0686   1777.6002
      347.9342   2081.6902   1923.8833
     1945.2321    109.6223   2180.1458
      833.2102   1692.8329     83.6544
     1796.4807   1761.5524     77.8843
     1779.2810   1127.6803    127.7945
     1173.6530   1282.5759    193.5447
      409.7045   1430.3262    530.0668
     1850.7819   1955.6040   1470.5222
     1807.6628   1581.6750    297.3476
     1518.7135    536.6255    346.9459
      224.2085   1642.3131   1988.8207
      365.5539   1281.3107    752.2223
     1834.0876    135.8428    697.8749
     1127.8806   1790.8503    820.6580
     1330.2706   1745.6638    332.8629
     2091.1804   1206.7899   1932.5266
      638.3563   2133.5391    428.8827
     1014.0087    257.5250   1997.4790
     1644.5453    122.5965    318.3152
     1674.4158    131.8390     67.0088
      707.5287   1474.2887    307.9538
     1564.3234    572.3390    722.8550
      467.2481    248.3727   2155.8743
      540.9791   1492.3883    746.4283
     2160.8557      2.9185   1698.2874
      620.8105   1618.3346    973.0704
      190.5556   1830.5835    499.7560
     1330.3489    133.7597    629.5817
     1280.4507   2107.5933   2196.8948
     1262.7133   1906.2648    648.6770
     2238.6335    191.3060    506.6315
      443.0344    365.1231   1159.3204
     1768.2379    419.7796   1125.7931
      551.2143    429.1379   1384.0544
     1961.5463    994.0980    460.1122
      375.7217    913.1300    583.4100
     1387.8225     81.3678     96.1952
      910.4574    533.8239    584.0825
      906.6442    369.1394    825.5716
     2075.6663    522.6121   2167.2278
      708.3186   1670.2499   1624.0261
     1743.1876   2245.6953   1257.6877
     1474.0121   1773.8982    535.5327
     1299.3806    757.9688    374.9625
      220.1422   1585.9288    423.3729
     1123.3308   1060.2361    690.2049
     1380.2389   2149.8118   1286.2461
       10.4676   2190.8450   1178.5098
     1312.6659   1521.8245    602.2439
      440.7996    218.4810    985.4632
     2097.4976    154.7589    778.1286
     2073.8530    357.3530   1725.6270
     1911.3694   1955.9954   1857.0468
      762.3730   1289.2421   1303.6580
      254.4276   2012.4771    319.2965
