      106.7985    383.3473   1617.4088
      400.5172   1603.0470    230.1888
      391.6983   1690.3491   1277.6277
     2213.9055    842.1215    855.9862
     2037.9611    430.8231    341.2412
     1155.2441   1499.9854    261.1136
     1169.5712    173.0461    653.0875
     1840.6069    816.3018   2168.8821
     2200.1218   1208.6929     62.7207
     1786.2683    952.2736   1701.8745
     2123.2427   1786.2699    741.6013
      626.8671   1927.2927   1072.9670
     1573.6464   2008.8673   2056.8027
      794.5936     58.2566   2046.6573
     1383.8397   1129.4497   1211.0565
      327.8712   1286.3776   2237.3628
     1078.7903   1101.0625   2219.3479
     1793.7279    637.1505   1018.8718
      955.4713    792.9206   1058.4312
     2080.0535   2026.1992    174.3033
     2207.0068   1184.4131   1327.6255
      891.9335   2103.5046   1030.3871
      639.6603    247.0715   1909.4418
      228.6850    529.6364    983.5007
      656.9095   2227.8635   1209.1460
      561.6534   2104.8064      5.7739
     1662.5499   1941.1885   1587.1010
      346.4380    122.8750   1569.6506
     2159.7195   1677.3859   1396.9724
     1805.5978   2207.9712   1983.8091
      138.6870    151.7103    712.0723
     1122.4182   1412.1268   2138.2344
      913.8796   1310.2506     73.0960
      704.3298   1490.9884    316.0432
      895.7319    167.8587    443.8094
     1004.0043   1950.0985    298.8553
     1321.7870    599.5298   2053.7546
     1985.0869    900.4695   1928.9757
     1458.5952   1627.7008    243.9434
      665.8179   1624.5254    643.0108
      993.0555    557.6136     52.4616
     1236.5616     18.1529   1584.5764
     2089.1187    564.3670    107.4507
      729.9570   2103.6072   1702.3000
       53.3783   1051.4016    623.1569
      781.0215   1045.7098    150.1934
     1563.5203   2250.9072   1039.8884
     2027.2578   1481.7737    195.3348
     2156.0652    739.1167    582.0303
     1385.0931    623.3776   1244.1427
     1184.6339   1974.8751     29.9496
      186.6967    889.4600   1434.4410
      289.2800   1163.9493   1269.6499
     2146.0066    539.2181    879.9008
     1114.9310    325.8834    394.0015
     2151.5254    983.5888    378.0849
     1903.5619   1148.6089    295.5959
     2237.8108    431.9867    588.0447
      147.9665    644.8416    651.0716
      410.4604   1614.4281    975.0660
     1044.4093   1077.7943   1641.0120
     2017.1578   1573.4718    499.4539
     1865.6826   2200.9285    452.4052
     2216.0073    938.9929   1785.2158
     1427.2103   1236.4905   1829.9802
     1458.7087   1930.5679   1067.2876
      939.1680   2245.9761   1470.3785
     2064.9192   2231.6650   2187.3999
     2105.2756    879.1778   1441.4500
     1228.4872    308.5020    896.9508
     1149.9955   1990.4180   1025.2175
     1864.5310   2155.3018   1492.3558
     2185.9319    986.6611   2125.5129
      105.9404   1464.7152   1250.2708
     1446.4734    220.7216   1691.5713
     1072.6637   1350.7937   1692.1698
      586.7783   1712.1008   2243.7280
     1697.4873   1558.7728     36.6568
      975.6862   2218.5981    334.4778
     1274.1625    518.4424   1484.7386
     1672.5011   1119.5244   1276.5796
     1221.4374    873.6602    208.4601
     1840.3539    320.9374   1602.3693
     1150.9082     12.1472     80.0588
     1737.9312   1410.4352    621.5919
     1022.6646   1683.7164   1710.7345
      494.5566   1564.3860   2004.9825
     2249.2703    199.7366    159.1677
     1839.9076   1754.4016    649.9404
      944.8969    362.0517    934.7806
     1815.8201   2194.8577   1186.5934
      790.9304   1466.6787    930.7339
     1537.6077   2144.2822    505.1366
      106.2814    342.1775    369.6983
      347.1837   2199.0635    934.4796
     2036.5289     61.8453   1002.0961
     1919.9443    588.6875   1267.6704
      556.1544   1927.2874    190.6102
      231.5695     69.2195    402.2694
     1909.2253   1683.0433   1561.3329
     1472.1938   1400.4655   1546.8597
     1658.4139    409.5782   1167.3484
      432.1702   1080.8574   1485.1450
      386.4309   2058.4182    692.6494
      908.8854   1456.0836    672.4250
     1824.6262    206.5375    374.9861
     1430.0238   1850.2009   1822.7037
     1252.6562   2184.4038    686.5007
      555.9376   1373.0854    537.2974
     1147.0197    734.5287    615.7601
      754.9829   1212.9546    646.4513
     1281.9839    902.8197   1055.5684
      751.1290    503.9877    245.8430
      419.9695   1656.8643   1645.2953
     1633.5541   1488.4989    866.9949
     2108.7847    652.3264   2019.1135
      484.2029    230.3657    973.4487
     1992.6624   1169.0106   1608.3513
     1901.6617    639.6584   1607.4686
      624.3684   1315.8063   1597.3575
     1769.9198    458.5693    522.0178
     1556.1859   1060.4523   2001.3793
      740.0701   2236.6292    571.0737
     1503.6774   1689.9414   1236.3809
     2127.3518     29.8128    713.4466
     1689.0026   2042.1951    938.5543
      817.7209   1515.8683   2200.8762
     1815.2837    503.1984   2214.9614
      220.0430    325.8647   1279.9745
       91.0026    716.6463   2038.5532
     1984.4291   2041.7180    790.3825
      314.2957   1340.6276   1064.8861
      329.5851   1094.1783    713.0846
      807.0055    985.7974   2061.5518
     1953.5015   1191.8331   1321.9778
      747.0103   2117.8701    273.8673
     1185.9344    579.4523    352.5251
      398.8896   1386.4033   1690.0264
      599.3367    219.4363    372.2022
      119.8333   1921.6713    628.0209
      500.3611    813.9670   1581.0239
     1330.9740   1292.5903    148.9122
      755.2878   1826.2596   1712.1602
     1258.1501   2011.5803    498.3161
      212.3093   2027.2075   1473.3357
      641.3917   2100.9685    791.1280
      768.1298    953.9527   1286.3309
     1333.8627   2216.8025   1315.0585
      128.9559    465.2288   1927.4901
      748.0711    988.4677   1566.2891
     1347.2246    598.5667    947.7075
     1921.3298    469.3723   1947.3234
     1887.5487    805.7718    310.5796
      884.4789   2146.1431   2261.0896
      189.6562   1155.1780   1548.2012
      772.9771    715.7897   1729.0609
      212.9946    953.5768    430.8249
     1321.4408    505.1613    667.0573
      953.4790   1369.5065    380.1101
     1233.0765    727.5341   1637.6107
      239.0144   1917.9890    338.1511
      530.0859    848.7952   1850.6475
     2108.4048    257.5055    809.5467
     1512.9374   1418.9657   1210.0881
     2181.7957   1934.4109   1076.2164
      343.3120    362.2971    695.3942
      888.7101   1250.0182   1455.6260
      707.5922   1089.8868    376.8035
     1616.7480     49.1589   1395.6392
      460.8494    483.9059   1648.8705
       74.2758   2039.5878    862.0470
     1606.2562   1881.5781    386.6000
     1070.1456   1840.1084    734.3242
       36.0435    954.4337   1201.4697
     1769.7386    373.0082    773.3259
     2242.5671   1370.6893    998.3189
      749.5578   1668.0540   1154.3058
      946.6406    354.4705   1917.5027
     1653.4630   1045.3042      4.1605
      343.4281    793.8310    783.6694
     1644.8114    411.7295   1807.9651
      474.4768    548.7112    879.7880
     1880.5820   1543.0870   1844.4399
     1336.5089   1965.4443   1539.9283
      488.5158   1957.7632   1378.9456
      545.5863   1311.1777    828.6168
      671.5442    778.6935    312.2386
      408.1637    918.5626    223.6589
      279.2948    356.1788   2125.8137
     1574.9869   1504.2648   1756.9280
      316.5041   1812.0875    839.2760
     1286.7738     19.1844    978.4868
      939.0035   2143.8284    758.9702
      222.1776    667.6393   1723.2606
     1062.5127    298.8689   1650.3398
     1261.7551   1546.1473   1950.4138
      570.4071   1448.2021     75.8088
      744.4639    664.4985   1200.3103
     2197.9055   1984.9485   2213.2461
      810.2364   1932.9148   1452.0031
      155.7836    435.8874    100.5049
     2187.1436    301.3698   1130.8296
     2006.9225    976.6709    128.2265
      101.5873   1465.9869   1633.9257
     1393.7024    310.7464   1134.3485
     1478.1051    259.0805    584.4650
     1350.0797   1202.0948   2133.6682
     2125.2112   1657.9724      1.9862
      843.2642     84.8007   1750.3495
     1172.1732   1413.9093    805.8983
      350.1421   1020.9883   1008.1255
     1289.5128   2128.4719   1789.5796
     1756.9840   2253.3835    701.9675
      228.1959   2103.4773   2176.1428
     1512.3273   2193.8770   1641.2429
     2204.1082   1591.1549   1792.7283
      232.1985   2100.2092   1750.3567
      139.8103    181.2181    992.5769
      296.6702    589.2786   1451.0588
      674.7346   1250.6544   2160.7473
     1625.8966   1667.3300   2063.4192
     1740.9801    176.0784    986.1737
     1741.2756    571.3447    270.2408
      313.5799   1613.4700    490.4668
      983.4376   1671.3522    488.8248
       63.0492   1193.6765   1796.4250
     1869.9708    300.2761   1327.9257
     1910.5469   1768.7471    200.7404
     1062.9619   1942.1110   1587.6709
     1305.7949   1750.2510    904.8190
     1274.6877    322.1503   1971.6261
     1580.9436    658.5270    829.0752
     1463.2090   1082.2904    263.3763
     1188.3452   1289.1057   1409.6654
     1268.8912   1553.0048   1334.9353
     1220.6429    222.7202   1391.2322
     2240.3496     60.9328    431.5726
     1198.4757    311.7368    127.7485
      462.8389     76.5957    716.4478
     1005.4159   1545.8878   1454.9689
     1840.8206   1869.4110   1398.8490
     1472.6671   1124.6531   1501.9226
     1318.4512    946.2802    760.1302
     1485.4325   1257.0875    698.3303
     1818.6938    915.1283   1430.4231
      476.4166   1881.1766    508.6820
     1107.2939   1172.5503   1952.3920
     2243.4746   1454.5933   2075.9583
      714.4989    826.2351    617.4194
     2167.5127    618.2650   1689.7667
       70.8656   2176.6484    146.2634
     1559.0348    728.1976   2249.0408
     1540.0570     22.5747    225.1418
     1367.2782    902.1807    490.3130
     1493.2584    237.4281    862.8369
      504.3950   1176.7135   1881.0759
      940.0018    846.7101     29.4910
     1212.0480   1742.2402    420.6862
      447.5914   1884.8401   1951.9824
     1305.7054    961.4181   1417.2642
      568.1116    651.0420     38.2774
      161.3076   1152.0065    947.5668
     1911.3672    948.1210   1165.0812
      975.5933    749.5052    375.6574
     2200.8569   2108.5864   1919.9073
     1718.0951   1534.0361    386.7860
     1090.2349     34.0543   1907.0177
      874.2542   1988.0927    558.5812
     2262.1672   1682.5293    983.7609
     2071.1897   1314.6704   1858.6455
      819.6733   1123.1853   1796.8406
     1711.4396    952.3116    971.8406
     2013.2194   1739.6628   1972.3107
      245.4848   1645.6760   2219.1470
      842.9669    223.5381    161.7245
     1019.2349    566.8871   1830.7806
     1719.0421   1744.6603   1764.7197
     1924.0364   1426.8777   2095.8652
     1970.3053   1286.6646    533.4012
     1048.4011   1113.6205   1204.0801
      445.3991    360.1906    107.5599
     1140.1134   1680.9838     57.9965
     1184.3676   1841.7576   1303.0366
     1478.6190   2081.7686    778.9387
     2133.1384   1998.1969    443.3106
      274.2045   1009.2888   1739.4628
     1309.8257    477.2821   1779.8785
     2217.2644    817.8759     99.8101
      102.3988    107.2357   2116.1604
      143.7997   1042.4061   2257.5674
     1596.2883    823.6343    240.7036
      469.9178    642.1144   1123.9875
     1552.2312   1220.9020    939.4738
      622.0377    375.3412    666.4112
     1098.7644    411.8232   1233.5939
     1937.7589   1823.2527   1050.3706
     2222.9995   1937.4552   1652.8253
      749.9496    110.0614    958.2320
     1389.6187   1553.0212    720.2308
     1549.1500    622.2427    533.5139
      990.0264    865.0290   1826.9076
      341.6363   1043.9451   2068.8169
     1727.6194   1299.9070    175.8987
     1552.9276    382.6570   1435.8113
      715.5074   1538.0427   1474.4058
      342.3145    304.7095   1831.1678
      121.7062   1481.5770    135.2437
      989.4074    431.6885    658.3660
     1634.8694   1156.2479    455.4910
     1903.9261   1561.1769   1275.9010
      928.6241    874.6703    782.4839
     1666.0951   1811.1886     47.3096
      977.4078    980.3538    528.2145
      149.0627    640.6403   1224.5447
     1566.8109    462.1183   2135.8750
      386.4117    392.2932    423.2057
     1828.1094   1204.1914    814.6288
     1397.7306   1545.0231   2188.0032
      689.6278    242.7177   1616.8407
     1903.1394   1933.3181   2143.7690
      557.1051      5.3799   1508.0969
     1823.7762   1340.9614   1097.4022
     2186.8708    340.9018   2180.4905
      261.1236   1432.6124    797.4260
      374.1310   1410.9121   1368.5792
     2148.9653   1972.6783   1390.7124
     1455.3201   1796.5779    577.6517
      866.0494   1159.0045    911.8348
     1908.9825   1145.0604   2207.8562
      255.7508   1887.9254     18.7574
      974.8112   2012.4656   1891.2384
      571.9572   1184.4368   1128.5179
     2250.4482   2255.9092   1607.7878
       66.1310   2192.5623   1145.1606
      355.2390    678.6905   2048.8035
      599.1914    506.7002   1966.4697
     1629.1913   1335.1278   2070.5718
     1476.6554    915.9644   1681.7147
     1478.6255    423.5497    208.4801
     1544.9595    865.7571   1166.4347
     1049.9326     98.6746   1094.7159
     2186.4380    537.6709   1417.3596
     1715.7096    115.6610   1689.5393
      231.5020   1245.2336    237.8227
       15.3387   1762.0697   2069.7395
      796.1969    260.0767   1359.1080
     1285.8168    924.6097   1885.7640
     1240.4185   1230.6001    483.8388
     1539.2462     23.3643   1931.3226
      979.6700   1753.0060   1006.0101
      507.7089   1930.1941   1691.6022
      291.4890      6.8157   1974.1172
      299.6980   1950.9451   1117.2321
     1324.2168     87.4173    372.4726
     1853.8301    199.4688   2097.3394
      310.2986   1330.5442    475.8678
     2156.4001   1387.7339    721.3255
      794.4752    645.3531   2077.0845
      866.5720    471.9185   1528.8911
     1626.7546    690.5239   1958.0914
      340.5884     66.8423    142.8103
     1057.2505   2106.6174   1295.9320
     1125.7074   1135.7563    709.3593
       18.2854    659.6691    354.8736
     1034.3110   1428.2854   1206.6387
     2055.7786   1046.5981    700.2858
     1252.1769   1817.4022   2036.6821
     1784.1921   2140.0017    190.7508
      486.9658    284.4371   1322.8345
      143.2400   1853.5967   1811.8655
      150.4022     36.8021   1376.3689
     1926.5153    400.3865   1045.3906
       96.3209   1624.4607    681.5084
      866.9398   1386.0690   1933.4396
      492.7807    661.1866    541.1638
      719.4351    391.5190   2217.7292
     2135.2576   1378.5919   1502.3833
      775.3541   1857.6626    817.4055
      119.1955   1803.2976   1221.8264
        9.0887   1790.8153    180.0927
     1972.1405   1524.5610    907.6998
      787.6277    537.4150    504.9519
      195.5219   1696.7570   1467.0170
      849.4777   1839.2882   2262.0286
     1665.2084    273.7979    106.3581
     1890.4510    673.3361    614.8669
      228.7729   1602.7682   1924.7374
     1837.3512   1155.3378   1939.8706
     1267.7646   1506.2079   1070.7714
     1063.0704    693.6870   2072.2917
     1415.0071   1840.7727     83.3659
     2104.5181    708.2589   1110.5892
     1913.4347    804.3828    846.3841
       57.3647   1624.2334    407.8997
      307.3649    591.0386    292.0503
     2132.2651    267.8090   1475.7687
     1973.9850    214.6870    577.7338
     1408.3524    188.5876   2197.7812
       76.4374    132.9019   1829.9320
     1978.9103    211.6691    150.6322
     2079.8728    148.9140   1965.8250
      640.3348    899.5237    894.3773
     2060.1387     86.3225   1300.0026
     1045.0662   1141.1527    290.0272
      714.8917   1536.8232   1743.3146
     1642.8544   1716.0454   1005.8545
     1459.1615   1470.6637    475.1950
      683.4891    363.8165   1114.3599
      446.1850   2122.1704    370.7942
     1055.5651    246.7262   2171.0120
     1746.3568    959.4937    569.0185
     1608.2408   1661.0201   1492.8271
      514.1508    142.2689   2199.2861
      694.5830   1407.2787   1242.4619
      811.8568    574.2668    894.4664
      578.3861    544.7692   1418.6620
     1304.1290   2091.0686    237.9306
      828.2119    206.9570    719.3804
     1919.1257   2245.8911   1746.6680
     1902.6045   1932.4952   1780.8673
     1722.3987   1364.8777   1489.3005
     1550.7300   2013.8252   1358.1749
      537.3849    945.6617   2247.4619
     1125.0615    790.9306   1293.5011
      690.3873   1874.7372   2033.1757
      504.4034    853.8492   1272.3646
     1284.0896   1634.7902   1639.1395
      228.2840    744.6605     40.3235
     1662.6416    649.8470   1376.8286
      970.7670   1687.6702   2035.1370
     1728.6646   1210.9502   1688.5803
      481.9556    954.5063    514.9763
      969.5078    797.4141   1568.1335
      761.3902   1781.6936    323.8169
     1370.0323    919.6390   2202.1270
      230.3380   1347.1241   1977.5708
      580.6496   2141.2314   1928.1736
     2234.3020   1290.4709    374.9476
     2089.7129    335.4741   1758.4794
     1094.5471    617.0855    879.7546
     1543.1000    647.7070   1730.6658
     1667.3564   2260.2109   2206.8496
     1253.1869    668.2710     45.4121
     2122.8066   1070.9625   1006.6131
      529.1948   1208.0873    215.8266
     1808.7988   1974.2205    588.5231
      377.5624   2242.6226   1199.0865
     1122.4137   1248.3070   1008.1476
     1336.4491   2160.1650   2169.6865
