      216.4454     56.5886   1469.7278
      310.6511   1455.0320   1046.2524
      382.1685   2038.9139   2077.5027
     2164.3901    712.3484    502.0175
     1323.2504    214.0562    118.3018
     1158.6183   1102.8126     12.2936
      636.9348    581.9546    525.2479
     2174.5103    170.6055   1533.4055
     2131.6951    902.2907    194.2872
     1817.9376   1712.8347   1601.8599
     1638.2592   1490.6152    897.9497
      552.6724   2206.0569   1112.0504
     1529.1761   1562.9343   2076.1101
       67.3483    464.8527   1576.7285
     1167.2913   1362.6182    865.8020
      540.0459    839.7001   2100.3853
     1001.0607    577.8287   2058.8398
     2214.0356    100.9233    308.9763
     1816.5155    839.4122   1280.0514
     2118.0198   1646.2701    884.7194
     1817.3544   1446.5240   1236.6078
     1209.5540   1843.0077   1048.9941
      787.8885    165.5092   1445.5806
      709.3235    716.4915    220.4305
      942.4814   1431.3496   1079.8461
      617.5416   2189.1387    801.0574
     1955.3137   2196.7852   1644.3469
     1460.6947    516.5201   1070.3619
     1893.4233   1932.2328   1767.0674
     1026.2716   1832.1797   2062.1677
      360.3621    412.2205   1296.6176
     1089.7067   1713.4072   1690.0725
       45.7509   1624.9816    106.9661
      775.6371   2190.4080    433.8218
      398.7644    979.6608    628.4214
      616.3410   1811.4469    646.2692
     1702.4834   1213.2990    838.8121
     2034.9186   1813.7466   2057.4053
      675.7986   1299.2188    897.3326
     1504.6118   1266.8389    109.7673
      166.2256      7.6937     91.4658
     1404.2762     10.0198   1683.7428
     2104.9863    496.2647    154.4608
      725.3513   1670.9851   2020.0457
      133.5204   1009.6300    981.9729
      772.3135   1490.9658    190.8565
     1461.2235   1375.5735    732.0423
     1916.0226   1509.7745    704.6350
     1515.6644   1030.2853    522.5775
     1002.2747   1006.8577   1743.8027
     1224.6753   1111.3361    367.7416
      524.3342    186.5523   2069.7358
      372.0085   1358.9005    645.1006
     1453.4399   1252.0488   1158.0089
      886.8901    315.2706    149.5311
     1820.5739    424.1048   1337.8596
     1714.0782    366.3161     83.9576
     1651.5070    181.2974    667.9155
      497.7579    947.8229   1042.8578
     1670.6078   2261.1201     26.5954
     1314.5194   1299.7990   1657.4601
     2151.4756   1943.8329    809.9373
     1168.2449   2052.4111    690.6115
     1964.0820    995.7269   1754.6040
     1824.3545   1153.8516   2091.8013
     1253.9730    747.3516   1230.1597
     1465.2462   1942.6296   1980.8750
     2227.9131   2205.4453   1364.3248
     2124.2568    838.0067   1137.5056
     1315.3096     52.3015    826.6827
     1262.4221   1423.7974    553.9820
     1829.8925   1869.9731   1167.9427
     2016.7589    389.6960   1735.8232
       83.2199   1644.5011   1523.0067
     1156.7556    268.4614    495.1819
     1909.9646   2256.0769   1319.6013
      310.7540   1522.2733   1987.5886
     1581.1481   1698.7812     56.4507
     1803.2394   1801.0713    835.5878
      598.2290   1381.2228   2007.2659
     1695.5221   1157.0587   1818.9083
     1664.3066   1255.5995    367.4320
     1940.8561    710.9749   1610.5471
      221.4487    380.0506      0.8623
     1382.3348    672.8451    517.7902
      963.5114   1479.8834   2076.2268
      836.1442   2006.3022   1764.5901
     1979.7623    343.6796    493.0648
     1870.9365    965.0331    424.6243
     1116.5502    515.0984    725.2278
     1632.0039   2015.1276   1568.0775
      448.9335   1715.7249   1019.3670
     1325.1686   1833.3596    769.5901
      173.6712    666.2345    637.5164
      142.5826   1756.1979   1110.9694
     2018.6835    122.0160    779.8184
     2077.6306    398.4710   2046.1995
       99.7442   1609.6636    725.7598
       91.3574    300.0449    774.0945
     1782.0942   1935.0807   2038.1622
      830.7888   2210.4202   1276.3691
     1153.4579     73.8517   1540.5245
      145.7242   1246.9385   2155.5840
      661.5416   1563.6980   1556.8756
     1198.4624   1116.3802   1440.6996
     1998.8077    154.9815     84.2765
      677.8697   1168.2769   1245.1530
      735.8458   1693.9817    891.5748
      338.9099   2000.8621    947.5526
     1110.3774   1543.5284    147.1751
     1098.7839    643.3929    350.3525
     1429.3457   1701.0100    443.3520
       80.0637   1174.7067    354.6104
      151.8716   1811.0057   2035.8309
     1882.7406   2019.2548    190.5820
     2236.2944    110.9162   2082.8013
      246.2301     22.7620    762.7147
     2041.7877   1333.1451   1845.2050
     1757.3264    555.4629   1119.9888
      394.5234   1239.8065   1507.3339
     1512.9352    329.7908    302.9467
     2023.4761    700.3958   2178.0305
     1134.7439   1873.6702    324.7753
     1565.4712   1952.0510    591.4037
     1877.8684    419.0497    760.3868
     1450.9238   1478.1420   1519.9335
     1190.8573    762.0638   1877.9329
     1773.6777    381.1187   1896.5789
     1145.8787    847.5680    589.4454
      787.6586    559.0184   1182.2732
     1738.0575   2218.2271    503.5028
     1322.6816   2179.8032   2132.0505
      423.2705   1941.8615    382.2568
     1020.6198     23.1439   2226.5818
     2089.0720   1880.1069   1111.8823
     1497.1902   2027.2217    174.2738
     1419.7489     96.4698    502.8018
      510.8489    781.6279   1757.4818
      436.1804     69.2031    273.8927
      651.9575   1421.4778    477.3814
     2187.0801   1009.4118   2050.2332
      601.7435   1123.1381    489.8177
      668.7985   2051.6570   2046.5275
     2221.9949   1904.5270     30.4478
      229.1026   2086.3997   1811.9338
      176.5603   2045.8788    276.3048
      795.5673   1292.7981   1805.2653
     2138.5891   2181.4954    977.1714
      223.2570    254.0936   1764.1814
     1458.6295   1967.0873   1041.0012
     2175.1584    499.1030    838.4327
     1527.6559    672.6443   1494.1870
     1727.4784    922.3553     19.9405
      578.1066   2195.1428   1615.6450
      523.3436   1142.7562   1975.7537
      931.4356   1008.2177   2142.8411
      183.1246   1422.2174    188.1500
      601.7196    480.5420    263.8509
      997.5042   1081.1780   1180.1744
     1787.1909   1143.2723   1408.2941
      633.7522   2239.9741    100.9760
     1189.4077    621.8018   1554.6409
     1795.1587    151.4607   1033.3700
     2098.1252   1327.9510   1519.8690
     1567.3546   2176.3223   1043.5181
      928.6841     72.4913    864.0477
      476.8355    365.7070   1809.5205
      664.0046   1239.9871     53.9302
     1760.0651    137.3195   1674.7832
      337.7531    645.2573    981.1208
     1031.3468   1709.1687    639.1432
     2070.5669   1892.4695    485.6168
     2021.5247   1261.6708    796.8842
     1407.9491    857.1133   2074.9565
     2001.7859   1277.5265    141.6892
     2056.8528   1720.2189   1443.0890
     1205.3851   2244.8911    294.0644
      437.9817    533.4015   2102.6667
     1756.3307   1709.8020    441.1314
      686.1115    863.0941    751.0676
     1166.0070    180.9199   1980.2749
     1563.1398    449.8082    609.3272
     2204.4275   1657.6482   1829.3959
     1904.7810   2216.1714   2070.2339
       62.8995    830.4310   1618.8691
      832.1407   1695.4661    418.9114
      935.8605   1598.7869   1381.4277
      191.0437    819.8682     54.7179
      618.5475    425.1611   1547.5021
      839.3717    719.8878   1681.3701
       42.9226   1994.0192   1615.1195
      131.5604   1136.3365   1302.4358
      977.4804   1176.1177    678.6461
      718.1218    357.7570    824.5485
      966.6823   1241.7023   1538.5864
     1132.7216    343.9226   1712.8868
      286.9934   1683.1774    374.6168
      358.2429    804.3612   1476.4091
     2236.0811   2031.0015   1961.5837
      217.4212   2254.0867   1017.9150
      154.9793    341.8526    290.5663
     1692.3450    720.6343   1972.9872
     1847.9781    871.6344    937.2069
      515.4794   1829.8822   1661.0233
     1097.1541    769.4399    943.7245
     1631.6525    240.7539   1296.8771
      883.5341     55.0940   1749.7827
     1890.9069   2163.9941    903.5952
      907.4354    522.0769   1463.0773
      307.6256   1821.0902   1413.6571
      820.9952    975.0876    967.8877
     1438.6312   2201.5237   1309.6323
      809.6917   1920.9355    135.6880
      323.2133   1568.6913   1674.5587
      884.6014   2031.4105   1041.5435
     1244.4072   1414.5753   2004.3341
      167.0294    957.2272   1938.6954
      153.9522    646.9825   2037.5227
      541.2683    279.4478   1108.7012
      733.6849    443.8757   2164.9873
     2228.5588   1415.2592   1078.0953
     1081.4252    280.1268   1055.4465
     1802.5867    693.5665    362.2618
       65.2905    951.0084    593.4230
     1291.2765   1855.2560     15.5903
      777.7446   1826.6981   1159.7050
     1468.7942    949.7867   1285.3411
     1796.8232   1571.3979    177.2469
     1328.7018   2022.0996   1694.3148
     1222.4612   1416.0830   1253.6740
     1389.0063    344.1244   1848.5135
     1041.7091    837.2157     68.1165
     1393.2290   1093.2566    875.6794
     1526.2856   1804.1445   1315.1134
     1059.7681   1989.8630   1379.3915
     1141.1365     10.8306   1081.4678
      424.8859    262.2069    616.7017
     1410.8043    982.2966    211.0782
      700.9604    880.6500   1440.0182
       35.5752   1241.4159   1699.8174
     1605.3170   1551.2854   1785.9010
     1393.7295   1013.9933   1649.0426
     1527.3911    796.8897    944.1344
     2234.6873   1659.0278    374.9729
     2148.8350    510.2854   1187.9797
      590.7007   1696.9786    120.9235
     1431.7432    401.0063   1526.7714
