       16.4063    291.7574   1765.5798
      263.8711   1340.5834    161.9072
      686.6526   1767.9541   1457.5397
     2257.3911    865.0458   1111.2686
     2009.1517    362.1845    388.4710
     1217.9727   1513.3455    177.6086
     1164.0127    201.1244    707.8948
     1755.2418    856.3103   2001.1008
     2103.4124   1151.6133    128.2542
     1649.0695   1007.4918   1806.9645
     2103.6472   1770.8645    417.3244
      316.5268   1797.8402    898.9680
     1689.4299   1829.7509   2101.2688
      817.2070    120.5402   2029.2559
     1315.3910   1121.9852   1248.8651
        6.5077   1214.2112   2032.2731
      987.7593   1103.1813   2205.7607
     1612.1669    733.5882    865.7986
      862.1354    705.2432   1081.2590
     2081.8132   2068.8210    204.1816
     2173.3572   1096.8202   1465.9583
     1016.7005   1989.7135   1041.2169
      649.1849    244.2928   1764.3094
      252.8235    869.5156    889.9974
      815.6049   2134.2686   1390.1731
      829.0532   1972.5803    240.5371
     1600.5212   1960.9229   1529.4430
       62.5038      8.1573   1599.9747
     2173.8477   1415.4308   1474.3721
     1592.6581   2172.1638   1874.4058
      241.7540    274.0339    710.0807
      792.2902   1576.4469   2206.0305
      969.1021   1373.2206    124.1015
      395.8480   1405.4354    791.5662
      959.3671    267.3860    367.6693
      982.3378   2238.6372    319.7382
     1203.3473    624.1205   1994.8737
     2173.5471    783.8251   2081.1995
     1402.5957   1691.5531    356.5487
      460.0138   1545.8401    408.2018
      643.4684    423.8058    148.8927
     1102.1671    182.9491   1450.0891
     2183.2253    539.7080    191.0915
      569.2745   2217.1257   1872.0323
      238.8107   1347.4731    486.4030
      773.8065    861.7717    147.9806
     1644.5812   2071.0039   1242.1378
     1912.9164   1497.6862    267.2437
     2053.1997    998.8317    661.4371
     1425.0172    782.2095   1087.8839
     1177.7777   2116.5620     85.3840
      145.6785    783.1124   1488.0852
      182.1095   1115.2339   1428.7628
     2036.8470    445.8795    926.6224
     1233.7361    539.1883    346.4892
     2228.0815   1104.9851    392.0292
     2096.3086    857.1341    349.2003
     2258.7637    322.5253    538.2327
       31.6249    827.5217    788.2799
      448.5829   1623.7937   1071.2942
     1109.9913   1280.1794   1801.1421
     2049.2339   1528.5946    626.4724
     1833.1665   2223.0500    552.0656
     2163.0386   1093.1489   1742.8110
     1350.3745   1506.8608   1784.3817
     1327.8120   1940.5632   1308.2969
     1109.4233   2148.8665   1518.3806
     2027.9794   2214.5940   2245.3000
     2123.0420    780.8384   1390.1536
     1199.1874    200.1927   1069.1340
     1315.9445   2063.8508   1070.2284
     1879.7092   2215.6543   1356.9926
     1977.1139   1030.1239   2094.4954
      222.8516   1471.6012   1327.9395
     1469.0714    199.7335   1851.4006
     1056.8475   1591.2642   1689.1919
      632.3480   1804.8463   2220.2593
     1832.6116   1539.1708      9.0780
      918.1953   2259.3286    587.7292
     1349.0599    573.1526   1310.2120
     1888.3663   1217.3275   1557.6348
     1521.4059   1014.6862     92.4112
     2087.9087    457.4001   1629.4510
     1150.2335    140.1337     81.0903
     1780.6810   1311.1826    953.0221
      991.5455   1881.1428   1391.8496
      393.1441   1679.2537   2012.5244
     1921.0502     65.5685    258.9556
     1899.3704   1347.1228    492.8680
     1214.6898    442.3362    990.3315
     2232.2759   1923.9200   1207.0317
      648.0868   1625.8663    943.1526
     1551.6069   2137.1289    549.9336
      238.7021    475.1735    479.7715
      580.1585   2155.6729   1009.4319
     2257.8621      9.8488   1053.0284
     1539.2996    375.1170   1165.6157
      548.0154   2156.2717    196.8036
       98.3687      5.7309    495.6425
     1803.2762   1775.8070   1489.9517
     1534.1794   1680.7074   1515.2438
     1453.0133     33.6112   1144.7361
      443.9362    865.6804   1578.7716
      218.1684   2056.3127   1020.5015
      846.6051   1451.8754    531.9797
     1706.4186    287.5998    466.5656
     1182.0765   1799.3881   1898.9233
     1275.6254   2251.1982    586.0316
      599.6152   1394.2631    575.1493
      908.4006    943.9279    674.6466
      784.6691   1200.5701    723.5872
     1511.8440   1086.1467    952.1868
      710.9944    332.9832    474.5284
      457.8157   1455.1677   1746.8776
     1580.8872   1577.3535    935.3724
     2128.4241    499.7077   2178.0249
      535.7097    512.9725   1104.7531
     1918.5480    899.8010   1637.4773
     1904.5591    631.8690   1569.9603
      727.3074   1138.4469   1651.1835
     1599.7463    489.1974    685.3770
     1674.0464   1158.0948   2093.5671
      651.3174   2162.4209    627.9519
     1655.9861   1904.1930    999.2772
     2066.3943     54.9338    659.4188
     1938.5765   1877.0486   1020.4775
      698.9333   1515.2275   1979.3596
     1908.2462    250.5412   2251.5103
      276.0337    416.3676    985.7310
      178.1145    592.4810   2209.1907
     1994.3531   2176.7717   1087.8081
      253.9342   1352.2972   1084.5360
      225.6471   1186.8474    760.7346
      761.2479    827.9409   2061.2515
     1924.9474   1266.1862   1190.0638
      705.9307   1926.7756    473.6978
     1469.1346    768.9986    212.7410
      490.8237   1322.7509   2020.1505
      733.4379    119.4419    245.7389
       84.4664   2010.6472    637.7366
      200.3942    985.7678   1674.8590
     1560.3292   1404.2908     27.6462
      624.7937   2073.3611   1565.5380
     1041.5732   1735.5408    602.2079
      182.0093   1927.4498   1451.8503
      564.7478   1918.5276    799.5118
     1011.2944   1119.5273   1546.1362
     1368.5387   2204.0366   1400.5253
       73.6321    455.2591   1956.7445
      458.0207   1014.8464   1885.5518
     1357.5642    196.6865   1351.5236
     1970.2073    707.6229   1868.6412
     1892.7524    629.9262    434.0402
      834.8129   2152.9519   2241.3950
      430.6310   1237.5426   1523.2666
      525.4851    653.9891   1323.7217
      334.4406    789.2821    518.2994
     1287.1465    461.9916    644.6315
     1271.7109   1265.6309    283.7268
     1302.3192    851.2867   1759.4581
      133.8983   1929.2570    284.8701
      129.8056    932.1819   1958.1846
     2234.4609    231.4988    819.6254
     1618.7228   1259.4524   1167.6663
     2193.8438   1713.3645   1424.8724
      102.0541    524.3614    715.5441
     1231.1880   1278.1036   1505.8533
      849.5189   1137.3728    371.6073
     1685.1204    234.7383   1438.1011
      255.1288    390.1844   1312.2496
      386.9336   2235.8047    697.6485
     1632.6746   1944.2913    339.3047
     1181.2198   1976.4261    709.0867
      223.5761   1081.6343   1163.7166
     1760.1953    471.9997    969.6216
     2244.3586   1265.8533   1249.0778
      780.5909   1522.9932   1204.8088
      870.9258    375.3240   1972.1295
     1719.0388    777.2138    169.9858
       90.9977   1011.3242    621.5313
     1650.4545    616.3201   1849.7881
      597.9976    907.9463    832.6074
     1739.3696   1466.5179   1776.0424
     1350.2184   1948.7219   1649.0140
      502.3150   1877.6862   1137.3351
      658.6782   1258.9502    981.8404
      895.9088    577.5231    173.9668
      720.3589    872.4066    407.9276
      313.4160    329.6788   1837.2898
     1577.1718   1699.8104   1825.8699
       21.0353   1775.2957    870.1217
     1126.3087    401.1366   1262.6864
      844.7592   2031.1486    824.5793
       90.0657    500.2851   1625.6388
     1149.3191    415.3876   1807.1401
      994.2078   1619.3176   1986.8400
      444.4002   1536.7678     49.5207
      879.1500    561.6741   1331.6304
     2205.7319   1899.3257   2234.9026
      813.6995   1838.0435   1184.9875
       77.3735    287.2221    105.9625
     2225.7156    249.8117   1149.0699
     1945.3923    500.1385    128.0621
      252.5388   1593.3446   1571.4572
     1367.2971    292.1948   1602.2311
     1525.9794    149.6962    698.6867
     1295.1072   1239.4382   2043.2347
     2257.8157   1464.1432    124.1323
      918.2097    389.5262   1595.6578
     1300.7101   1547.6578    753.5762
      422.8376   1059.4447    946.4661
     1078.0319   2251.1724   2077.4778
     1787.5475   2147.8303    819.2323
      240.3372   1982.7028   1984.3214
     1451.5613   2255.6978   1699.4641
     2011.6329   1607.4270   1590.8683
      325.9195   2165.3728   1671.9374
      487.1531    246.0310   1067.1393
       55.1043    261.6309   1439.3585
      365.2590   1122.1356   2234.8179
     1382.3030   1654.3710   2070.7725
     1704.5815    189.7512    907.8636
     1600.3795    584.0309    422.2553
      380.2982   1968.9878    616.2556
      945.5855   1611.0946    268.2852
      135.8150   1320.5634   1612.4028
     1688.3453    116.6052   1210.6880
     1970.2169   1765.7462    102.1593
     1203.2632   2072.7222   1829.2769
     1395.2581   1849.6124    869.8395
     1351.9689     27.7843   2034.2483
     1363.8267    681.9343    810.1109
     1584.5740   1342.9788    325.0369
     1463.0616   1417.1608   1488.6449
     1403.8889   1624.9160   1052.5677
     1097.4609    550.7202   1529.0714
     2192.3640     99.0718    243.8295
     1139.0356    400.9550    124.8782
      648.1034    125.4193    834.8376
     1260.6156   1469.8656   1226.9082
     1918.8444   1918.6019   1303.6735
     1416.6178   1063.4045   1727.1578
     1354.5677    995.9891    741.0032
     1717.8137   1082.4817    728.1733
     1814.2157    902.1558   1298.1565
      679.3256   1714.5396    248.7159
     1005.6959   1314.2738   2047.5477
     2206.9954   1604.3848   2095.5049
      715.2940    725.2693    630.6346
     2203.2415    734.9543   1692.4030
      216.8396   2255.1111    119.1340
     1637.1797    628.8010   2220.0532
     1375.9359     16.6702    216.9666
     1297.4686   1011.3979    400.0163
     1440.4340    336.3998    917.7249
      737.2307   1115.0057   1937.7354
     1149.6014    831.5922    127.0144
     1121.8219   1522.1976    458.9203
      253.5818   2037.6881   2233.6768
     1336.7122    984.3854   1472.3154
      405.0802    575.2051    106.0195
       48.5931   1127.7303    950.8363
     1674.2820    659.6920   1151.0695
     1146.9414    769.7385    613.3100
     2214.8369   2084.9749   1964.3024
     1791.4105   1714.7651    424.4396
     1123.1095     97.2798   1811.2676
      967.9058   1971.3064    466.4884
     2141.4805   1555.2208   1174.7504
     2134.5750   1444.5302   1828.8986
      809.8829   1398.1934   1661.8970
     1759.3942    834.4551    646.4624
     1875.5647   1595.3904   2005.1462
      194.6568   1418.5825   2104.6665
      939.0787    251.5487     51.5012
      936.5088    691.0024   1850.9286
     1449.6725   1964.8322   1932.1337
     2010.5831   1348.2218   2163.6228
     1862.1444   1076.1855    384.3474
      746.5815    859.8677   1360.5444
      372.4612    308.8179    100.4996
     1187.4193   1805.8002    247.4207
     1173.8336   1777.7964   1112.8723
     1433.3832   2128.7595    824.1247
     2177.8508   2088.4211    464.3882
      247.3030    741.6791   1749.5178
     1381.9644    589.3578   1659.7485
     2245.7173    832.3745    122.1778
      213.6380    282.2122   2124.6697
      245.2159    870.1981   2195.1584
     1472.6879    336.7808    349.1678
      332.0434    750.0948   1125.0050
     1490.3746   1302.2935    799.1210
      516.3845    325.8852    669.7604
     1158.9857    701.1326   1120.8373
     2169.5017   2037.9792    934.6171
     2138.9548   1944.9594   1549.9607
      853.0197    128.8043    937.5919
     1536.4662   1561.2870    599.2682
     1489.8303    777.6182    523.6087
      699.1570    863.2833   1722.0035
      519.2902    848.2774   2224.7283
     1822.9841   1136.5172    122.2159
     1653.8251    406.9568   1731.6748
      956.0136   1563.4594   1410.0890
      478.6269    527.7135   1597.9572
      105.4581   1098.9072    116.3628
      949.7129    592.0382    464.1552
     1643.8422   1634.1121    186.8190
     2061.1365   1529.0176    940.7371
     1076.8522    910.2889    852.5150
     1740.3618   2005.6233     92.4700
      994.7339    855.5036    348.7887
       92.4191    593.7365   1069.8146
     1878.5748    484.8528   2025.4976
      526.3829    162.1968    481.7008
     1707.4139    937.7343   1057.6516
     1120.9957   1652.6372   2233.2673
      808.1959    109.3610   1550.9791
     1956.0707   1979.3749   2074.8752
      591.2490     44.5223   1275.5339
     1590.0608   1143.1045   1443.8154
     2237.2605    136.6494   2188.1152
       84.1942   1499.2959    905.9333
      619.9693   1474.4781   1448.7174
     2185.9883   2164.7393   1305.2490
     1334.9418   1785.9418    621.1609
      972.1660   1427.9111    789.0343
     1934.9469    769.7355   2213.3853
      379.8419   1887.6354    212.8425
      859.0700   2153.4734   1865.9912
      724.3317   1235.0704   1320.2257
     2042.3708   2170.3845   1653.0500
      221.6971   2257.8215   1306.5616
      380.7352    729.1692   1983.5729
      617.4447    516.1464   1855.9894
     1525.8656   1440.9706   2015.5109
     1400.8660    976.9385   2011.3307
     1462.4762    228.9996     34.0413
     1521.4375    811.0206   1410.1315
     1107.0699      1.6156    870.6904
     2236.0649    524.3634   1341.3193
     1787.6595     58.5834   1682.6528
      466.3223    851.1931    229.1667
      183.1426   1707.4960   2202.9062
      842.5948    246.7845   1258.5005
     1036.6060   1009.1446   1835.6525
     1356.4166   1250.3220    555.7704
     1620.2023    227.4384   2073.2104
      868.5587   1737.6050    867.0608
      448.0392   1844.7760   1695.0061
      375.7879     66.0522   2046.7671
      174.3931   1744.9412   1152.0996
     1246.7678    185.3965    365.6604
     1862.0023    308.1281   1821.5859
      576.4747   1112.2367    287.9643
     2147.5396   1276.5988    747.6087
      685.1498    589.2484   2188.2390
      725.4755    629.3801   1574.5739
     1433.9709    753.7676   2121.4695
      282.1912    221.4229    328.8165
     1017.0027   2229.6204   1209.9120
     1063.3983   1222.5068    622.7289
        2.0018    630.0572    440.2077
     1129.7662   1566.0499   1004.6404
     1995.5767   1139.1383    930.8436
     1112.3965   1927.9003   2143.0999
     1869.2385   2007.9476    433.9106
      489.1351    182.4902   1545.8947
      128.7003   1965.0037   1731.9519
      258.0502     80.1236    904.7530
     1950.1412    224.2600   1095.3992
       20.0383   1611.8787    525.7725
      631.8783   1344.5029   2241.8362
      409.0999    638.6091    699.9009
      540.5118    399.3585   2048.4429
     1783.5630   1468.6832   1435.2030
      678.5593   1693.4398    582.4225
      363.1392   1736.9678   1343.3364
      266.0001   1618.0596    251.1143
     2078.9651   1790.5630    718.0933
      686.3498    565.5301    883.1490
       11.6141   1706.5692   1746.7747
      892.1230   1905.5161   2056.5032
     1683.4680    427.6925    177.7364
     2037.4240    654.7374    669.9230
      228.3637   1525.1295   1859.0826
     1908.2709   1208.8184   1860.0947
     1216.4155   1189.4453   1009.3890
     1050.8401    693.7295   2210.6838
     1431.6104   1814.3276     39.1691
     2029.7197    643.9509   1183.7660
     1975.1978    873.4966    954.4962
      257.3210   1133.0448    376.2826
      554.1234    594.2405    416.5728
     1905.0126    464.0482   1296.1055
     1911.1810    358.7816    690.4752
     1411.5220    468.2256   2000.3434
       88.5488     64.3773   1889.3672
     1675.4363    113.7733    191.2697
     2072.9771    133.5605   1944.0690
      890.5002   1139.5193   1066.9199
     2063.2905    161.9716   1364.9025
     1288.3032   1092.2239      6.0802
      757.6225   1678.4081   1755.3448
     1616.5476   1874.6044    642.7147
     1783.7644   1605.6693    740.2865
      578.8038    363.6139   1366.9808
      347.6056   2112.6531    399.8201
     1189.6582    267.8970   2087.3000
     1606.4119    992.9521    372.7773
     1842.0519   1916.2864   1775.1553
      589.2610    164.1032   2250.8372
      491.1862   1298.9222   1248.9336
      875.3108    409.3144   1005.0493
      676.5051    949.9533   1123.1902
     1301.7177   2011.3129    386.9816
      834.3930    323.3206    699.9247
     1818.0361   2156.1602   1980.0575
     2072.0737   1810.0416   1907.0375
     1795.7450   1538.9835   1164.3428
     1563.7803   1726.9480   1232.6934
      671.1732   1080.9193   2233.0225
     1011.7365    925.6506   1199.9180
      589.3716   1915.8209   1893.3422
      555.1223   1017.4214   1386.5396
     1252.2943   1642.3370   1499.4951
      170.2353    575.3745    232.1829
     1593.3756    533.7280   1478.1873
      962.7501   1895.3333   1677.9105
     1575.3713   1302.4368   1741.9585
      438.3698   1049.7639    566.6226
     1057.6611    815.0341   1529.4592
      935.0733   1833.6842     66.8696
     1100.4972    901.2313   2076.5696
      263.0813   1250.0062   1865.9436
      584.8607   2125.6743   2169.5186
     2206.6719   1406.4091    406.9324
     2034.5754    192.9136   1626.0154
     1076.7731    595.4080    801.8819
     1672.6516    810.2225   1643.9340
     1732.4508   2231.2251   2217.6292
     1349.2229    491.2387      3.5419
     2081.7571   1025.3287   1177.8492
      711.8339   1426.9623    281.6119
     1863.4320   1915.7095    717.0361
      458.1995   2018.4154   1367.0024
     1014.1395   1329.5319   1203.9133
     1445.8505   2083.0098   2179.8066
