       59.1990    239.4757   1670.4797
      769.0474   1120.9696    308.9680
      197.0925   1608.9705   1439.7732
     2152.1694    861.4297   1111.6881
     2201.2637    142.9809    108.5036
     1469.0355   1457.9220     49.6670
      744.1429    140.4913    569.9991
     1638.5035   1125.0389   2158.2830
     1828.8403   1178.1853    378.7222
     1690.1703    787.2266   1571.6216
     2171.2646   1815.3563    291.7997
      327.9961   1781.0607    765.5763
     1494.7352   1678.0874   2206.0288
      678.3558    475.1519   1850.7518
     1393.1801   1524.4053   1230.0013
      122.2437   1366.2385   2002.0908
      536.9075    888.3594   1764.8623
     1223.9678    356.2195    710.6508
      583.1149    583.6132    848.8317
     2045.5159   1983.2443     73.8814
     2146.0686   1185.0226   1088.4247
      873.9911   2261.3015   1106.0073
      759.8152    436.4493   2217.7407
      132.8889    817.5009    960.9696
      632.8721   2177.2439   1070.5182
      952.9633   2074.1794    182.8472
     1616.4449   1922.5433   1778.7294
       23.9897    158.1031   1415.1190
     2070.3877   1312.9982   1384.4438
     1664.0947   2209.0049   1842.0725
      478.3420    344.5766    888.7092
     1055.6215   1541.2119   2030.4081
     1057.6409   1528.1743    423.9516
      807.4562   1146.0823   1079.0519
      571.7045    310.1861    129.7717
     1397.5266   1840.8137    205.9156
     1123.2601   1241.8542   2048.8896
     1927.1774   1194.6882   2156.2429
     1658.6816   1837.9429    289.1232
      504.6698   1470.1128    237.7362
      333.6267    480.2324     22.4489
      958.4393     16.5895   1567.9686
     2131.2056    568.2229    434.3657
      685.3459   2180.9004   1599.2512
       83.8068   1806.9688    767.3216
      921.3183   1135.8530    111.0170
     1518.1254   1979.9391   1250.3231
     2091.8643   1253.9806    346.1844
     2244.4263   1198.0280    530.1978
     1521.6073    571.3218   1058.0750
      995.8588   2212.6750    396.7787
      155.2463    687.7509   1465.8359
       59.8393   1276.6030   1276.9147
     1953.6217    517.3619    897.2463
      991.5851    598.8403     47.2569
     1921.1895    953.2578    240.3020
     2209.9629   1025.8507    331.8260
     2018.0145    185.8344    287.1545
      113.1202   1110.3531    746.9711
      447.4358   1669.7070   1284.5485
      831.3148   1323.9636   1745.8160
     1947.8879   1722.4205    442.7030
     1758.2214   2122.4033    741.0573
     2066.9268   1100.3904   1293.5687
     1560.3535   1767.9402   1496.1364
     1236.0494   2260.9609   1456.4236
     1010.3140   1838.3594   1738.8894
     1837.8748   2109.5398   2198.3374
     2098.7183    793.5844   1333.0127
     1190.9424    229.1797    959.2407
     1246.1106   2208.3909    924.3826
     2037.7900   2252.3501   1333.9906
     1999.0878   1191.6090   1779.3213
      255.8896   1851.6555   1298.4774
     1144.1116    253.6689   1585.1746
     1020.3264   1634.7882   1538.5952
      632.5577   1827.9722   2194.1814
     2011.5469   1493.1464    401.2156
      854.9634   2132.4666    595.8762
      883.2945    817.7014   1159.9484
     1881.7163    918.6587   1282.8002
     1764.8569    788.7697    213.4989
     2259.9390    318.5768   1220.7234
     1209.5347     22.0591     66.4824
     1753.9131   1356.5250    773.9827
     1009.4505   2071.5933   1375.3042
      518.2909   1868.4296   1710.1052
     1695.5327    299.2920     21.5931
     1733.6632   1406.2783    496.4033
      570.9666    245.9527    697.5269
     2137.7278   2132.7910   1043.4218
      732.9720   1434.3213    775.2411
     1945.8652   2053.6729    858.7203
      518.1995    578.0773    300.7673
      414.8093   2072.3735    847.3352
     1854.3905     13.7673    958.6432
     1370.7357    442.9085   1673.6592
      473.0609   2150.8677    337.6951
      399.8475    126.3770    288.4820
     1623.0366   1674.5690   1709.0872
     1890.9347   1486.8639   1326.6603
     1611.8511    155.9721   1372.6257
      380.1410    822.9359   1556.9498
      198.7076   1944.3420    933.5020
     1139.4946   1363.0541    587.3051
     1557.6039     39.2233    272.9731
     1301.5531   1826.3737   1684.6272
     1103.3875   2058.8801    567.5324
      374.6311   1123.9437    591.3967
     1280.4937   1120.4640    876.6389
      552.6358    818.0131   1029.6053
     1285.5656    892.5732    920.4545
      538.8199     57.8208    517.3849
      490.6331   1607.3965   1530.6439
     1064.0933   1747.9972   1258.9199
     2061.6985    927.1999   2139.2769
      604.2665   1061.0789   1102.6669
     1900.8101    729.7089   1478.7030
     2122.3040    342.1360   1454.2327
      534.4728   1280.3102   1202.5082
     1781.9270    337.2689    676.6530
     1399.7184   1271.7645   2142.5242
      589.8693   2057.8167    617.5193
     2048.7908   1647.8529   1052.3911
     1839.2468     55.4116    540.4883
     1787.4515   1609.0278    860.5042
     1094.9686   1738.9244   2162.9070
     1922.5072    693.8865   2150.6765
      230.5693    186.1947   1263.9064
      181.2400    789.3729   2221.8416
     1932.5591   1863.5654   1024.5823
      218.9226   1382.0243   1104.9059
      108.4982   1172.3909    990.3724
      650.7098   1131.0032   1684.0637
     1741.3984   1278.4470   1087.9722
      582.2082   1899.8329    859.5366
     1503.1000    766.9125     27.8520
      198.3106   1235.3234   1699.7352
      628.2209     56.7515    195.9264
      360.5003   1957.8018    617.0276
       91.1272    988.4345   1177.5551
     1375.8969   1015.0840    333.7892
      661.7957   1941.9508   1482.3514
      968.0776   1451.0743    702.6591
      192.8084   2093.9666   1392.9722
       62.2541   1926.6003    167.1089
      943.9191   1409.0393   1544.0214
     1734.6421   1706.4563   1338.2637
       26.3901    480.2623   2037.4728
      194.3859    677.1389   1746.3481
     1372.7356    420.2206   1221.3209
     2178.5811    767.5353   1562.2461
     1987.0674    812.9704    612.2947
     1140.4790   1984.2590   2059.2661
      328.7520   1398.7085   1556.6536
      882.6374    670.3154   1378.9304
      285.3055    679.5336    126.6972
     1163.3867    205.6897    497.1214
     1575.5619   1223.8066    422.8192
     1580.2887   1235.1829   1962.5664
      299.1576   2129.3074    117.4810
      300.6533    872.8868   1864.3414
     2201.5903    345.7850    954.0978
     1747.4973   1016.5223   1478.1722
     1912.2542   1581.4708   1633.9358
       20.2235    229.2147    731.1586
     1248.2604   1267.7533   1344.1588
      896.6083    960.3389    457.1492
     1532.3433    402.1516   1432.7153
      431.2140    549.1926   1378.8228
      220.1716   2180.8540   1099.0743
     1361.2079   2130.9636    194.2602
     1280.3684   1987.7643    821.7042
      111.9530    755.7380   1220.3766
     1612.8379     41.0028   1073.2035
     2175.0205   1001.8708    889.1542
      797.6848   2001.4014    923.0604
      599.3689    848.2545   2072.6013
     1746.5145    572.3937     10.7203
      175.8206   1196.1296    400.5624
     1434.0155    461.6130   1917.5273
      588.6078    834.6425    753.3245
     1695.4816   1388.7521   1747.6061
     1990.5677   1759.6578   1293.4835
      854.5869   1974.2832   1157.4927
      662.8367   1319.2466    966.3757
      759.0275    402.4517    198.2494
      858.1050   1210.3405    536.3528
      433.1524    471.1829   1825.1183
     1297.5740   1371.1888   1882.7794
      614.4991   1774.4536    666.8698
      934.0161    277.5975   1069.1693
      418.0217   1998.0216   1073.7336
        9.8397    503.4760   1608.6996
     1246.3291    467.7722   2060.3586
      874.4484   1610.3171   1804.1555
      659.4375   1586.4796     67.5389
      500.4832    522.6838   1105.1644
     2031.4092   1619.4337   2044.6208
      906.4337   1856.2461   1401.7737
      150.7232     63.7253    213.1064
     1832.5924    162.8137   1194.6783
     2078.7026    413.9354    225.8272
       19.0461   1512.2515   1251.6697
     1126.3458    747.6414   1368.9309
      989.0347    185.5946    686.4327
      877.8569   1095.8870   1876.3370
     2042.7109   1168.5933    126.5261
     1097.2195     46.7048   1780.2372
     1298.5841   1704.1672    791.1079
      401.3903   1493.9856   1003.7097
     1141.9921   2241.0371   2040.3483
     1807.4663   1854.0779    774.7816
      217.0363   2017.8036   1620.9082
     1323.9264   1992.8468   1433.0348
     1884.8057   1286.7694   1574.1071
      449.7872   2085.6912   1785.3381
      332.9532     88.6865    696.3005
      192.1780    289.6167   1055.9319
      155.4642   1082.7327   1951.0165
     1291.3282   1640.0466   1577.0046
     1436.6163    203.4270    454.1506
     1615.6462   1006.5483    287.9570
      318.2041   1922.0493    343.6730
      763.7820   1427.8131    426.6403
       60.1721   1395.4137   1508.7113
     1749.2974    396.1686   1326.3744
     2031.9219   2176.2734    595.3947
     1260.7178   2067.8286   1854.3590
     1223.4506   1957.9329   1203.7245
     1282.1713    199.7590   2167.4846
     1139.4025    472.6856    948.2959
     1634.7328   1377.0347    233.4495
     1416.9301   1446.8635   1462.8510
     1341.9073   1496.2994    915.6287
      863.1459    510.6503   1209.1626
     1784.1156    115.6897    248.2015
     1206.7467    434.9290     23.3276
      576.2458      3.8270    821.2195
     1159.1740   1510.1305   1356.9827
     2231.6357   1746.6953   1256.2513
     1192.5726   1376.0507   1596.4796
     1052.4933   1002.1719    924.0142
     1520.5978   1214.1289    672.7299
     1512.4576    619.8544   1544.1321
      828.7537   1959.1840    392.7925
      906.1420   1326.0095   1977.2950
     2232.1335   1514.7054   2166.9778
      749.6500    670.3082    295.9349
     2236.8069    551.5023   1343.9109
       25.1618   2204.0571    614.8372
     1685.9496    835.6850   2108.9226
     1142.8657      8.2801    642.7257
     1324.4069   1083.2461    602.3886
     1618.8350    498.2742    827.4416
      648.4045    898.6197   1538.3369
      985.0092    863.6735     18.8359
     1286.6921   1263.7855    421.0830
      162.1613   2069.5898   2178.1680
     1089.5417    860.2458   1610.1757
      580.2617    550.2840     70.4662
      315.3041    967.3921   1091.3418
     1934.2587    844.2943    909.3814
     1389.8302    765.8067    297.0251
     1914.4020   2195.0242   1902.7867
     1880.1412   1931.1245    262.3931
     1330.5925     13.3681   1742.3499
     1208.9022   1980.5901    317.6495
     2206.6533   1618.8640    834.2151
     2086.4417   1350.3215   2007.7555
      738.2254   1512.8942   1592.5399
     1948.3090   1044.2473    772.1266
     1765.6143   1546.6514   2028.4535
      374.8937   1860.1934   2138.5764
      882.6534     50.5223    155.1802
      905.7538    357.3233   1418.7765
     1451.5709   1692.6144   1902.6686
     1975.6553   1457.7278   2244.3379
     2021.9100   1054.5441    509.2519
      922.9391    911.2556   1411.4500
      282.7273    260.4151    106.2166
     1007.9623   1810.4099    451.2302
     1137.2872   1829.8704   1489.2767
     1563.4432   1985.2863    768.9107
     2178.3782   1996.7722    809.2936
       23.0111    970.8575   1390.3397
     1311.3713    872.7155   1793.2314
     2216.5684    709.9668    213.5633
      319.3265    418.6104   2050.0237
      793.0594    659.6360   2084.5930
     1633.8234    588.3647    300.0093
      382.5860    724.8433   1220.4852
     1496.4828   1285.7991    930.8297
      664.4178    675.6115   1224.8556
     1110.3414    567.5569   1209.7439
     2226.5610   1821.5823   1006.9242
     2262.6519   1911.9935   1727.0212
     1032.4326     55.6261    907.9837
     1641.5649   1478.2103   1251.4489
     1494.1187    781.0768    891.2342
      864.5236    710.9859   1614.9011
      446.4178    699.8577   1908.3595
     1940.5760    662.9885    148.5406
     1692.7576    116.1207   2029.1129
     1037.0714   1288.2051    880.5055
      495.5749    631.9001   1649.9487
      363.3459   1282.8439    174.8758
      960.6024    530.9461    303.1379
     1737.6221   1623.1915     73.2962
     2023.0380   1464.1582    855.0466
     1012.0757    758.6464    936.5473
     1932.3018   2134.3069    351.3525
      892.7634    859.1116    240.0164
      258.3129    492.6722   1228.1149
     1838.3787   1038.9760   1945.0453
      405.8215    300.7526    518.2758
     1895.8528   1018.9493   1075.8459
     1239.4884   1432.0558   2251.3323
      560.2119     99.3750   1403.4999
     1641.4976   1765.3981   2030.8984
      233.8618     57.4293   1506.9628
     1642.2104   1293.1881   1485.0192
     2178.0896    267.8984   2116.4375
      368.4724   1749.7814   1031.0825
      866.4003   1540.7610   1300.7710
     2058.8188   1830.6604   1527.0941
     1541.1982   1488.1329    704.3202
     1337.4647   1378.8967    723.4554
     2212.4736    688.2915   2208.7310
      487.6178   1999.9675     65.9043
      935.8698   2158.7859   2177.0891
      777.3661   1079.1724   1309.0485
     2055.7891   2085.8081   1686.1831
      504.6943   2014.2787   1289.7489
      202.1091    611.0692   1973.7502
      557.4570    516.6436   2077.9233
     1302.1449   1578.8507   2059.5564
     1461.0024    681.5598   2066.7251
     1552.9730    351.0503    230.1049
     1515.3971   1057.4271    992.8763
     1555.6276    216.6408    890.1603
     2029.4658    611.2324   1122.9637
     1336.0842    230.9329   1360.6962
      646.8474    917.0274    313.7643
      124.3572   1820.3307   2179.5173
     1114.6067    327.3096   1233.1909
     1373.9478   1133.0249   1854.0497
     1301.0784   1462.4532    269.7546
     1457.6375    450.4844   2209.4790
      829.5524   2217.4414    829.8047
      235.4998   1947.1157   1938.3466
      514.1855     60.3856   1688.6218
       56.1216   2000.8588   1175.1157
     1136.1693    119.9467    268.3927
     1908.5164    869.5466   1696.8453
      972.4509   1373.7845      8.1649
     2169.9712   1439.5702    605.9989
     1172.9113    649.6709   1705.3086
      736.4053    201.5373   1545.5217
     1648.7689    564.3320   2001.3962
      102.5199    292.8102    249.0972
      981.4368   2058.3052   1836.1931
     1525.2174    991.1168    761.4479
      294.6331    621.4355    453.2856
      471.6826   1538.5608    765.1882
     2123.4775   1220.9197    782.2884
     1172.2717   1781.2782   1894.1260
     1625.8586   1936.2723    551.0399
      144.9995    383.6230   1440.6838
       38.6023   2220.9211   1654.8849
       34.9528     80.5649    954.9050
     1989.1814    251.5732    915.7036
       33.5164   2175.6658    101.9643
      634.7744   1345.5552   1906.7986
      247.1488    334.7188    822.7290
     1012.2905    390.8076   2115.8921
     1826.4935   1193.0570   1303.5067
      832.3024   1914.6007    656.2338
      421.6670   1875.8971   1509.5328
       91.1321   1652.6401    130.5383
     2035.1981   1760.4517    734.9771
      800.6705    704.2391    760.9156
       72.5351   1859.4421   1473.3430
      894.2967   1826.2775   2014.1462
     2052.6665    207.8481    634.0321
     2123.2207    700.9450    859.8564
      218.1595   1493.3413   1776.4565
     1825.9037   1293.4979   1966.3643
     1080.9994    596.5731    757.4595
     1028.7925    687.8914   2061.7773
     1250.4464   1694.3595     90.6461
     1982.7341    523.1633   1369.1044
     1817.6970    719.1221   1196.3987
      169.5331    874.5718    242.2172
      771.4893    496.9034    479.5941
     1762.3076    284.3344    940.5876
     2239.3020    644.1400    617.1631
     1540.0316    167.6690   1815.9688
      347.9238    230.8332   1708.0060
     1972.9751    221.9231     47.6116
     1768.9911    304.9992   1859.0594
      760.8671    935.3096    915.4270
     1835.6036    101.0226   1748.7257
     1520.5642   1022.3727     62.8734
      565.7911   2235.3416   1938.9270
     1699.0682   1680.2344    562.8612
     1906.3776   1533.5426    640.0555
      401.5607      1.3423   1275.9155
      706.9608   2070.3259    126.0852
     1245.3905    698.3970   2226.6614
     1719.9634   1101.4733    589.8939
     1702.1575   1505.9916   1517.7440
      449.1203     76.1442   2247.8193
      324.4914   1467.1855   1313.0670
      618.0498    168.9995   1026.9152
      303.9416   1180.0195   1222.1196
     1293.1168   2237.9504    389.1115
      610.7441    289.8200    395.8346
     1751.7133   2003.5233   2012.1593
     2247.4175   1547.8673   1904.6649
     1982.4321   1414.4733   1137.8048
     1691.9065   1797.0513    995.7559
      351.1963    952.2061   2117.7878
      974.4451   1284.1570   1323.3870
      390.9098   2142.1055   2083.9390
      186.2699   1149.5154   1470.3997
      756.0253   1250.9180   1490.1454
      110.0704    542.8698    329.1647
     1776.0558    500.1955   1552.5251
      875.9864   2011.2991   1584.3590
     1468.0358   1479.3119   1719.5811
      157.8566   1386.3761    606.2893
     1121.0175    877.9789   1154.4493
      732.8246   1817.3789    189.4985
      992.6372    762.1807   1820.2241
      118.4853    942.8049   1638.5187
      642.9254   2208.2332   2193.0017
     2217.3652   1721.3982    553.0562
     1962.4719    305.7578   1640.6412
      967.0461    705.8329    524.1133
     1339.5220    911.0146   1352.6294
     1433.7903   2259.3650   1987.4823
     1353.8733    219.5564    183.2416
     1637.9185    620.0184   1296.6198
      522.1788   1752.4086    201.9223
     1877.7495   1944.0405    553.5407
      260.2033   1740.1941   1623.1339
     1290.1990   1303.3519   1078.5958
     1310.6543   1852.3789   2136.5955
     1221.1273    598.1347    517.9176
     1145.1564    691.0953    242.4087
      412.3602   1214.1127    999.3818
     1437.9485   1847.4543    972.4774
      767.6161    713.4892     66.4719
     1171.8671   1087.8488      1.9247
      590.5351   1421.0479   1408.2861
     1845.3596    964.5038   2249.0723
      435.4677   1068.7273    341.8871
     2178.7341   1143.1990   1575.6377
      329.2529   1043.7788    118.8279
     1065.6859   1852.7533    990.4134
     1778.9230   1923.1976   1245.0057
      433.9981   1646.3372    439.4730
     1706.1523   1382.7423   2235.5110
     1169.8049    407.9613    298.1522
      754.4676   2189.9519   1330.2651
     1995.2258    236.0926   1952.0172
     1928.1930   1248.2837    620.1273
     1142.8903    941.7324   2082.9575
      382.8799   1077.5519   1657.6725
     2148.2751   1421.2961   1686.8820
     1378.9796    569.9456    743.2285
     1703.0239   2155.9131    418.3761
       43.4415    502.4925     80.7854
      383.3712   1410.1793   1942.7542
     1266.0377    676.2101   1048.3041
      648.0910    228.6383   1830.4714
     1035.9150    524.6964   1544.9860
     2198.0872   2090.2935   1457.9114
      334.5405    399.8425    281.2067
      175.1547    131.0706    467.6924
     1380.8458   2134.9424    630.9139
      190.9593     80.3376   2082.0969
     1543.9666   1735.5680   1171.4714
      403.6790   1174.1278   1876.0070
     2236.2651   1426.2356   1013.1690
      891.3636   1755.7091    855.0128
      582.3158    882.7664   1305.9606
     1969.1210   2236.1814    133.2056
      635.3364   1050.3508   1964.1349
     2053.5022    574.7495   1654.4341
     1883.3049    562.9720   1808.1775
     1065.2885   1171.6971   1150.0377
      300.2689    488.6587   1581.6927
      703.0810    735.0294    532.0062
     1465.6774   1251.4764   1646.1589
      921.0800    235.2327    395.8469
      978.6730   1311.6613    290.0347
     2157.0547    955.0356     90.8434
      264.3568   1236.4847   2170.3335
      188.3429    807.1267    694.1681
      736.9812    423.1530    705.6973
     1084.7207   1484.7537   1132.4648
       95.0470    749.3177    449.9648
     1362.6033    819.1184    648.7901
      532.5835   1106.3873   1411.3154
      782.7618    183.0954   2252.4421
      415.7440    701.0021   2154.1016
     1018.7013    146.0558   2194.1799
      136.9123    307.6681   2189.5576
     1479.7650    343.8198    665.4634
      224.7257    973.2665    488.4301
      770.0542   1535.2517   2055.9146
     1823.6920   1632.8107   1132.9666
     1923.0863   1838.7394   2141.8896
     1838.6458    394.6693   2083.7505
      323.5167    558.3428    700.7565
     1777.5699   2056.9426   1707.8698
     1084.5078   1113.0400    678.4910
       60.5748    198.5087   1920.0063
     1611.1194   2147.2786   2132.5322
      716.2580   1256.2864   2136.0532
     1172.8746   1984.1741     73.0156
      439.2135   2157.1428   1540.4513
     1891.9443    206.9991   1425.9183
      765.4639   2209.3254    363.0328
      521.0441   1610.8229   2069.4497
     1260.0018    472.8513   1440.6790
     1898.9264   1347.2139    183.9537
     2216.6677     44.6661   2107.1016
     1007.9257   1139.9260   1598.4630
     1567.8429   2244.9702   1582.7732
     2047.0691    526.5762   2016.6230
      483.2068   1118.5868   2158.3552
     1536.5367    898.4955    510.6533
     1987.3113    362.5970   1145.6581
     1155.1459    422.1309   1806.5865
      215.3280   1579.7546    851.6324
     1599.3173    843.1063   1375.0116
     1419.2867    231.9549   1590.4994
      858.5740    883.2611   2017.5745
     1437.0741   2034.7590   1659.2356
      855.2638    951.5244    683.7883
     1633.1786    490.8040   1765.0441
      761.0417    648.5090   1008.4771
      896.0579   1649.8413   2242.5439
     1658.6757   2068.6213    192.2635
     2105.4226    129.0252   1122.5413
      292.2729   1847.0269    119.4533
     1456.4381   2030.1005    377.5556
     1178.4139     60.0361   1187.4211
      846.4426   1168.5693    813.0240
      895.3904   1089.3530   2127.3945
     1419.8994   1225.3055    185.3195
      852.3933    933.1530   1685.8468
     1425.2853   1430.6890    490.8538
      104.8069    530.1741    796.5136
     1893.6827    370.8683    438.6512
     1106.9720   1592.2167    873.1869
       74.0624   1386.1410    826.1319
      569.8120   1287.3691    371.3010
      544.5735   1073.6234    838.8268
     2149.5872   2092.4785    299.3844
      909.8235   1932.9070   2251.3066
      609.2467   1562.3396   1121.4156
      295.5461    905.3054   1356.3994
     1550.0045     51.8453    601.4240
      399.4444    725.1136    844.6016
      797.9151    292.9676   2025.0288
      508.4625   1950.9834   1980.3535
     2121.7295    428.7537    684.4662
     1269.1149   1676.7019   1081.5322
     1233.6609    704.1944   1985.0768
      834.5170     26.3304   2003.4718
     2224.6221   1284.3203   2234.6792
     1084.5565   1278.4735   1814.9126
      974.7100     87.3894   1338.0145
      512.9866   1393.4459   2187.3413
     1595.5446    321.2156   1159.8925
     1877.2728    653.2828    396.4373
     1899.4564   2144.0017   1141.4358
      503.1193    852.4238     65.7516
     2102.4365   1578.3988   1427.2748
      154.3723    395.1700    562.8250
      943.5143    510.3303   1881.2679
     1985.3055   1714.8822    149.9052
      578.3799    380.2926   1614.4957
     1403.1292    942.1667   2100.5090
      548.6983   1584.2834   1762.6522
     2218.1235   1875.4619   2036.6897
     2086.0833   1702.0236   1775.1678
     1556.9828   1745.8728    763.4095
     1506.0846    976.8093   1639.7404
     1166.4043   1559.4139   1785.8357
     1128.6558   1035.0620   1364.7404
     1077.0905   2086.9158   1073.1798
      743.1581    945.3530     23.5476
     1396.3250    141.1024   1093.9014
     1706.6670   1123.6796   1733.0586
     1541.1393   2223.4949    837.5809
     2177.7017     62.3321    424.9153
      313.0225   2194.3076    530.1381
     1882.4983    575.7064    642.7618
     1769.8082    669.0859    858.1909
     2094.0940   2058.6826   2117.4448
      762.1562   1986.6228   1810.7263
     1104.2931   1107.4778    409.6079
     1174.4320   2085.5515   1613.1378
     1984.4619   1950.2445   1902.6821
       30.2796    573.6270   1033.5276
     1822.2434   1845.7240   1584.4529
     1263.0117   1108.9331   1570.5233
     1536.5880   1468.0815   1980.8644
      665.5804   1664.5502    382.1485
      229.0107   1571.0072   2067.6472
       84.4268   1041.0208   2221.1753
     1411.0586   2116.7622   1049.4763
     2137.0122   1980.9243    509.6578
      167.1895   1721.1951    366.7317
      357.0616    203.1600   1943.8019
       22.2966   2089.8262   1895.2460
     2163.6016    946.6889   1775.1763
     2226.7488    943.8333    638.9818
      790.3716    193.8280    858.8992
      297.7411    573.4686    983.9423
     2161.2803   1753.6993   2247.3145
     1575.7714    949.6967   1926.8615
     1686.4512    852.8326   1021.4813
     1619.2125   1038.7955   1235.6534
     2163.0515   1470.9741    155.2456
     1486.6266    247.7531   2042.1527
     1479.6940    635.1612    505.6756
      820.0092   1670.3129    600.8613
      628.7136   1807.1901   1148.8757
     1711.8898    247.8031   1593.6189
      794.5626    484.8578   1634.4752
     1808.7063   2259.7209   1511.3257
     1670.3043    476.8193    503.0564
        8.9258   1618.0698   1618.6953
      305.9984    983.2657    830.7404
     1533.3313   1933.7109     26.1038
     1558.8123   1548.2251    991.8583
      395.9409   1618.1963     37.4765
      584.3079   1146.1093    115.8679
     1306.8798    910.6558     88.4821
      473.6016    290.0017   1184.3781
     1129.3557   1023.6229   1834.4556
      234.4516   1499.8586    293.2617
      547.6937   1343.8142   1660.1353
      726.6542    708.8009   1831.3591
     2210.1077    657.3590   1843.1514
     1433.0723   1949.5770   1949.5613
      748.3182    172.7918   1250.7369
     1345.9352    793.1155   1579.5311
     1832.5853    419.9324    226.4342
      353.1610   1725.1223   1905.0353
      858.2301   1714.0435   1100.3489
      153.3916   1638.7373   1083.0967
     1986.3164    817.4838   1929.3722
      170.6654   2186.0718    831.7315
     1378.3561    392.8754    960.6501
     2089.9253     71.4542   1588.7567
     2075.6582   1987.7972   1269.8466
      403.3001    273.3796   1426.9739
     1432.6792    560.5089    163.0381
      631.0359   1227.8671    633.4431
      827.5649     24.9049   1768.7418
      167.4030    409.7637   1804.9960
      522.6047    525.7039    580.5278
     2250.8333   1253.5383   1818.4088
      699.7225    390.8994   1040.7080
     1344.1907   1726.3828   1345.0865
     1729.1115    767.9227   1821.3540
      400.4014    813.4034    326.5756
      684.1284   1747.8672   1907.7496
     1518.9529   1274.9940   1194.9264
     2255.1226   1524.3652    367.3193
     1317.2887   1059.4124   1154.8373
     1494.3458   1606.1754    250.6743
     1744.6466    895.4578    780.2974
     1292.6488    219.1687   1872.0547
     1908.3376   1231.9698    967.6500
     1369.6454    643.7113   1297.6241
      190.1422   1438.2316     36.0409
      749.4529   2038.7588   2075.9033
     1792.4600    880.7790    470.2019
     1676.4576   2040.3658   1008.7296
     1135.1741    990.2270    219.2208
      860.8577   1480.7245    979.5967
      688.3959   1688.5774   1388.8019
     1464.7645    836.2889   1136.5320
       47.7845    856.8360   2003.7284
      112.2837   1178.8955    154.8408
     1705.7794   1130.8513    866.8098
     1466.5610   1127.2593   1412.6825
     1634.1967   2010.7098   1496.7457
     2003.0719   1016.8140   1523.2778
      621.8525   1000.0644    544.0654
     1964.4595   1477.6898   1833.6442
     1016.4960   1811.4447    197.8093
     1016.5154    305.8877    112.4974
     1050.2451   2057.3083    822.5899
     1088.4718   1533.9537    159.9452
     1505.7542    683.7532   1807.2500
      914.4950    262.6440   1710.4373
      260.5454   2254.7539   1797.9620
     1946.4633     87.0963   2117.2478
      852.1979   1571.8931    246.0637
     1750.4802   1873.2050     49.3442
     1725.1271   1161.6652    101.8156
     1174.1848   1264.9813    194.2618
      370.0976   1358.9443    453.8330
     1894.9011   2051.7571   1476.5406
     1724.7014   1603.5043    330.4744
     1377.3760    413.5200    408.4953
       94.9970   1751.8043   1855.0575
      354.1324   1323.2577    752.3922
     1762.9830    123.6888    742.9524
     1082.0645   1826.4415    691.4418
     1242.3291   1725.1525    381.3723
     2173.2654   1126.3865   2024.1829
      578.6697   1924.9801    416.1118
     1020.5479    208.7614   1930.5327
     1692.8777    216.0873    445.7909
     1742.6244     27.6667     23.8320
      744.3516   1339.0773    131.4474
     1646.8540    695.0855    649.9102
      551.1690    244.9303   2103.0857
      570.0247   1475.3381    571.6371
     2138.5093     37.7885   1825.3029
      662.2863   1658.1436    906.0881
      118.3433   1933.3181    559.1251
     1344.1886    135.5634    743.3643
     1340.2196   2116.9639   2185.0212
     1309.2103   1918.0852    561.9408
     2205.3159    304.3238    465.9515
      668.1608    394.6473   1321.6228
     1778.9053    518.3229   1060.5892
      642.7213    636.9290   1458.1123
     2073.4512    824.3535    401.5448
      398.0775    832.6711    571.2255
     1480.1082     96.7437     16.4210
     1033.3817    421.3326    547.9686
      914.2226    457.0043    866.8353
     2074.1843    487.2593   2257.0896
      745.1471   1768.5586   1646.4515
     1708.7111   2164.1567   1292.7281
     1444.0410   1689.4171    520.3101
     1216.5020    860.5356    444.2695
      206.4638   1611.1199    585.8000
     1106.0502    842.8123    690.3628
     1435.3746   2210.5339   1262.7578
       25.6144   2261.0911   1239.3424
     1206.3160   1598.6012    601.8072
      365.5630     83.6202    969.2129
     2115.7637     18.3742    822.2888
     2140.5217    373.7137   1806.1442
     1817.0664   1750.6810   1843.3944
      755.2142   1343.3641   1224.3726
      139.4705   2106.2585    362.9013
