       50.8657    252.6566   1645.1775
      709.8542   1162.1394    350.8690
      202.6273   1612.0371   1449.7523
     2170.9790    761.7623   1093.0389
     2232.5684    137.8565    130.2209
     1428.9362   1382.8439    120.2398
      720.2972    137.6989    535.6000
     1636.7002   1093.6442   2096.2800
     1863.7913   1239.5980    312.8760
     1652.8534    780.8503   1629.5786
     2210.7908   1802.3810    355.2689
      369.0665   1857.7122    713.3434
     1501.9606   1606.3479   2228.4570
      649.9789    507.0511   1862.8398
     1371.8407   1470.9998   1179.5994
      150.9095   1381.8846   2024.6595
      590.3564    918.6537   1803.8228
     1218.7872    364.1587    680.7426
      585.7820    567.8027    885.4413
     2004.7689   1980.2849    147.6030
     2113.5239   1203.9316   1093.4885
      821.5323   2247.5559   1131.7441
      686.1190    510.8997   2255.8853
      173.1489    852.4450   1036.9235
      571.8247   2158.5857   1054.9725
      986.0409   2114.4043    215.5945
     1584.2327   1923.5739   1720.8904
        8.2143    139.0123   1408.4547
     2112.5408   1370.3623   1384.3021
     1590.8809   2211.2346   1736.8563
      455.5025    306.2372    914.8342
      984.7565   1545.7816   2103.7505
     1026.9340   1584.1560    337.9398
      902.9266   1208.7966   1046.1637
      579.2204    284.3882     93.8810
     1404.7537   1874.4329    188.2731
     1102.6372   1223.5402   2073.9692
     1856.3053   1259.5101   2173.2278
     1685.4016   1812.2961    295.4360
      544.3306   1486.8263    293.3426
      327.6205    392.2235      8.3058
      925.3694     28.6026   1571.2950
     2112.6533    569.4799    380.9219
      695.2649   2133.0896   1577.3650
      139.3009   1772.3511    783.5065
      912.7401   1100.6509    203.8777
     1520.3191   1886.0028   1243.3839
     2160.5540   1275.0331    331.1442
     2187.7568   1142.7633    571.3926
     1569.1052    601.5352   1126.7233
     1024.2355   2253.1226    460.2607
      250.8693    665.9128   1447.8315
       67.2051   1244.6074   1262.8228
     1994.7908    566.0459    951.7932
      923.8386    618.9702     76.5119
     1926.1608    977.4088    219.8363
     2257.7041    990.3878    363.1728
     1948.0779    219.6626    295.3904
      121.0087   1036.9512    697.2563
      428.7108   1670.3022   1200.4969
      788.1085   1312.1819   1753.8477
     1979.3612   1698.3917    493.8696
     1741.8337   2134.6487    616.0874
     2066.6155   1075.1119   1326.4086
     1463.7383   1811.3785   1538.5376
     1143.5660   2246.6206   1403.2919
     1015.4343   1823.8076   1749.1338
     1824.2623   2080.0020   2243.9204
     2093.8794    791.5923   1335.6139
     1156.1212    186.5807    902.6005
     1279.9465   2190.4609    926.8373
     2021.8232   2231.1755   1398.7069
     1964.8049   1218.1923   1793.5452
      266.2978   1808.8619   1266.1136
     1101.3000    209.0888   1564.6565
     1028.2368   1638.5891   1585.5854
      647.0286   1791.2495   2109.9907
     1992.8601   1455.3826    403.8611
      867.2160   2216.4338    656.3935
      938.0244    841.1357   1210.8252
     1844.8589    978.6196   1258.5013
     1779.5544    743.1066    262.6295
     2240.2163    320.1281   1195.7748
     1220.8475     21.3937     28.0626
     1742.9203   1303.5643    786.9721
     1047.0682   2055.0889   1377.3185
      493.1018   1881.3615   1697.4375
     1752.4648    294.2117     73.6519
     1743.6305   1393.5864    512.0803
      557.3544    248.9024    700.5967
     2209.5276   2145.4539    988.0565
      765.1887   1418.0660    734.3414
     2019.5347   2086.3667    811.5297
      555.5027    510.1826    384.7528
      389.7238   2078.1399    883.3629
     1890.3618     50.3304    996.2558
     1317.5038    489.3195   1630.0529
      462.3416   2113.8445    321.4780
      387.6212    142.0889    355.0569
     1603.6449   1653.1841   1723.1198
     1877.0426   1538.1334   1349.1499
     1534.5730    103.9745   1312.2913
      422.1873    877.7194   1576.6753
      158.0022   1936.2721    969.8193
     1127.5287   1326.5477    551.1158
     1503.6752     78.9998    331.3940
     1274.2174   1839.3428   1679.9014
     1092.4231   2037.9003    567.3267
      352.3317   1112.9814    613.7178
     1301.6952   1111.5817    815.9726
      597.4510    831.3172   1038.8202
     1253.3167    874.2219    865.1636
      519.2427     15.0918    539.0242
      429.5200   1677.2864   1553.2522
     1079.4569   1738.2972   1229.0267
     2080.9531    938.4055   2186.7769
      655.4929   1108.2607   1123.2690
     1913.1849    739.4753   1511.9978
     2129.3149    322.1427   1506.4036
      535.0401   1335.0071   1212.8763
     1819.2164    315.7891    733.1363
     1366.5062   1224.8513   2098.2148
      637.1006   2067.8210    705.1875
     2062.4478   1646.6188   1057.4028
     1840.3842    120.8447    478.0290
     1734.0660   1636.4410    866.3162
     1067.7694   1759.3044   2192.8772
     1887.1388    742.5838   2135.9597
      166.7465    134.9410   1195.2755
      143.4003    710.0632   2229.7271
     1992.4391   1895.0902   1026.4639
      213.2201   1352.8624   1000.6796
      145.7899   1105.1161    979.6970
      629.1078   1041.5669   1599.3192
     1767.3710   1386.7510   1054.7529
      620.3906   1869.4745    920.7559
     1513.7659    691.0526     11.2303
      174.0077   1269.8444   1688.2922
      596.9530     30.0426    172.0108
      442.0826   1884.8662    489.4103
       61.7521    994.5289   1212.6545
     1414.5956   1026.6213    265.9033
      622.2755   1937.9335   1457.6079
     1014.4139   1545.1360    626.7580
      239.7724   2140.2063   1396.5176
        1.9294   1927.2908    151.1439
     1073.4202   1337.6904   1534.6918
     1695.2489   1762.2386   1373.3639
        2.4919    496.6024   2024.2163
      246.0523    710.9771   1724.2268
     1284.5845    310.6159   1170.2013
     2159.8003    775.5380   1625.5288
     2019.4974    729.0850    683.4617
     1098.2363   2039.6327   2079.9365
      315.5444   1445.8136   1609.6748
      910.5007    619.2106   1391.9385
      247.8562    599.6348    219.1243
     1167.6371    212.8492    459.2814
     1540.6539   1195.4734    425.5412
     1547.2380   1250.6757   1931.9089
      305.1780   2114.1912    125.7134
      347.2613    950.3324   1870.0372
     2237.8997    367.3058    917.3997
     1736.8887   1028.1403   1473.5033
     1863.0831   1601.6478   1583.3348
        2.5714    220.8127    686.9553
     1241.8187   1238.0392   1307.4751
      861.6870    860.4083    507.7793
     1490.7881    427.3149   1419.1102
      503.1197    682.9944   1371.7754
      221.9086   2168.7515   1089.6824
     1406.2457   2131.1033    208.5963
     1338.4562   1937.1520    881.4641
      126.4645    722.4677   1257.7946
     1656.1350     23.2235   1092.6094
     2245.8396    937.2729    899.6026
      881.0318   1868.4037    856.6342
      629.7195    863.6536   2118.0959
     1736.6179    557.8406     39.8855
      187.2921   1179.3713    375.2922
     1448.4674    457.7602   1873.8276
      617.2365    810.4668    765.1293
     1698.9525   1393.6486   1715.4579
     1940.4275   1775.4572   1269.0762
      835.5879   1995.7509   1100.3466
      652.6193   1310.0685    931.4584
      751.9446    423.1059    209.8713
      894.3020   1169.1537    588.7487
      400.1219    463.4848   1809.4142
     1263.3287   1394.3081   1949.2198
      626.8306   1793.7839    667.2278
      920.3976    240.3429   1027.7581
      397.8190   1956.7784   1109.4233
       59.3943    572.6761   1598.5931
     1215.6578    479.0694   2058.0166
      889.9187   1587.3976   1813.8000
      599.4418   1454.5634     55.4730
      572.2655    521.2830   1148.6500
     1985.6652   1673.5159   1993.4110
      884.8889   1820.0393   1373.8878
      113.4338     22.9397    345.9717
     1822.0126     81.5949   1281.2086
     2150.5588    397.4486    177.4381
       33.4406   1518.6918   1189.4054
     1142.6398    715.5699   1413.9916
      944.6075    241.7508    726.7606
      887.1275   1172.3765   1907.0421
     2017.6826   1186.7124    111.2253
     1069.0437     41.5745   1798.6796
     1325.8350   1655.7295    827.2133
      415.1702   1514.1931   1009.4044
     1172.4646   2247.7698   2016.5680
     1796.7244   1925.0393    793.9940
      212.0833   2038.6021   1662.8492
     1342.9220   2062.4941   1439.9727
     1932.4324   1253.4329   1527.5890
      453.7064   2124.1108   1760.0231
      312.4678     79.6194    690.7008
      226.8523    329.2316   1015.0929
      133.7372   1091.8698   1917.7622
     1317.1266   1592.8550   1585.7129
     1416.2308    119.5027    554.6224
     1691.7657   1005.2736    319.6896
      410.5573   1872.6443    247.6949
      837.8118   1410.5142    491.3935
       78.0844   1425.5062   1488.1454
     1736.7823    346.4139   1304.0945
     2065.6045   2213.2874    610.6433
     1192.8407   2056.1621   1845.3981
     1280.5162   1925.0232   1197.0565
     1295.0760    200.4216   2172.6326
     1126.5433    418.5229   1028.7634
     1630.7740   1340.0160    243.9346
     1415.4803   1407.1974   1412.2352
     1247.1866   1414.9204    949.2354
      845.5627    527.5568   1145.8362
     1741.8073      6.7880    242.4673
     1200.0142    437.3565     45.2589
      516.5465      5.7913    851.9797
     1158.3145   1523.9558   1364.6544
     2260.6807   1766.5300   1245.5513
     1261.3282   1326.5278   1659.3281
     1053.3914    962.0802    921.4500
     1526.7654   1245.9800    661.7247
     1475.8988    660.8569   1453.9650
      922.6555   1939.9833    375.4737
      867.5868   1346.2577   2021.3009
     2201.5063   1572.4207   2125.3684
      773.3863    661.7773    357.6371
     2236.2681    580.0970   1359.7902
       41.6163   2240.4387    618.6396
     1665.3187    860.0923   2131.9861
     1150.6100     63.5904    658.5176
     1377.2863   1046.7825    558.5922
     1651.0520    463.3237    878.6115
      664.3993    803.8823   1526.6582
      980.5762    873.6821     15.7349
     1306.0677   1254.8994    387.8054
       97.2954   2041.6984   2166.2861
     1118.1588    923.0556   1646.9785
      487.1788    609.5005    138.3379
      385.9344    998.8491   1112.7937
     1955.3883    836.9384    926.3743
     1420.1934    739.7869    250.4567
     1863.1100   2162.2808   1944.9648
     1915.3907   1900.2380    357.9875
     1290.4788     57.1600   1718.4646
     1195.5704   1998.8284    358.7110
     2200.3220   1621.5210    856.3616
     2027.0205   1382.3724   2020.6698
      786.2194   1508.8251   1602.8301
     2020.0815    978.3965    709.2155
     1759.1774   1592.8849   2048.7852
      387.2502   1815.8141   2091.0176
      828.6182    113.2095    205.1977
      811.3597    328.8069   1439.6016
     1388.8667   1726.0043   1912.5325
     1953.5386   1490.8317   2196.7222
     2012.7273   1071.4969    420.6503
      903.9713    871.3609   1485.4336
      295.1983    101.4803    121.1760
     1033.0846   1795.4380    513.7966
     1153.7640   1830.4788   1451.5409
     1509.0751   2008.6909    721.0441
     2205.9470   1950.9932    806.7040
       43.2896    877.9684   1438.3529
     1375.8486    885.7011   1817.9352
     2255.7380    612.4998    165.8805
      252.1311    453.5937   2047.7028
      790.7158    633.4130   2077.1311
     1616.1464    552.4789    278.7925
      381.4426    733.3434   1181.7402
     1474.1664   1245.9132    911.5071
      720.6219    775.1668   1215.6360
     1070.5343    603.1022   1179.0397
     2238.8269   1804.1096   1000.3448
     2262.5422   1930.6521   1716.6060
      967.8402     36.7742    938.9125
     1645.6278   1375.8547   1257.6681
     1516.1342    742.9012    884.8948
      911.6209    662.6865   1640.7058
      499.5399    693.4301   1912.9381
     2010.3285    722.2848    139.3457
     1717.0190     85.9944   1983.8973
     1041.4517   1364.0812    793.6432
      535.5744    621.9591   1642.1165
      366.2604   1312.8762    108.5163
      989.9854    508.4380    308.9569
     1723.0236   1596.3660     94.2583
     1953.2626   1431.8010    930.9865
     1059.2504    701.5549    938.7491
     1903.5437   2133.3789    419.2785
      973.2720    814.9318    288.3939
      279.2076    474.9239   1252.4866
     1876.5912   1009.5991   1944.1056
      429.5710    352.7826    519.0804
     2030.2035    986.3389   1077.0806
     1217.1617   1404.5658   2250.2427
      659.7903     55.7473   1323.5709
     1598.7393   1816.2007   2071.0232
      228.0087     52.9339   1592.1738
     1686.7719   1311.1569   1492.1365
     2159.2498    292.3115   2132.1238
      381.7699   1775.7806    935.9351
      895.1683   1552.7277   1368.0259
     2034.5736   1865.9301   1485.9285
     1564.7562   1515.1914    665.4726
     1339.6393   1379.6592    696.5831
     2181.5896    692.1766   2192.3240
      527.7164   2008.5143     36.1125
     1008.5368   2186.1138   2224.5251
      782.3952   1051.0635   1357.9640
     2056.0623   2113.3494   1655.3777
      511.3828   2074.5576   1308.4973
      241.8335    695.7315   1976.4478
      535.6882    539.1785   2084.0098
     1293.3962   1572.0776   2108.9006
     1489.5344    730.9414   2042.9414
     1518.3689    334.2596    121.5400
     1478.5571    966.6838    997.7469
     1632.0208    212.1772    895.0157
     2126.0291    491.1336   1145.2107
     1280.5428    160.2986   1401.6830
      735.8209    932.3764    260.1331
       60.5574   1799.9189   2176.0251
     1010.0625    367.7148   1253.8658
     1330.1298   1153.7521   1853.2920
     1258.4000   1462.3226    263.1528
     1428.9393    455.4952   2166.0708
      777.9489   2117.5498    897.1372
      233.1057   1916.3235   1920.4021
      487.7808    108.0421   1702.2443
      111.7647   1983.9037   1206.0627
     1099.2380     99.5002    235.6539
     1854.8805    887.5818   1726.6064
      964.2487   1286.0883      7.2678
     2127.3752   1429.0930    641.3671
     1122.4082    620.2509   1731.7738
      683.9595    141.0674   1560.6991
     1661.4856    506.3099   2067.5974
      130.9981    293.1062    238.6778
      950.5362   2098.4292   1881.1078
     1543.7151    994.5632    746.3187
      259.8904    642.2071    496.0662
      412.5215   1572.8147    764.8978
     2141.4055   1196.2894    847.5129
     1176.9175   1818.8524   1960.1012
     1683.0153   1893.5206    521.6932
      139.4851    376.6924   1428.5374
       36.2739   2194.9548   1703.2827
       98.3610    123.2342    908.9520
     1986.6849    309.0671    936.4642
       25.4950   2162.6995    112.0672
      608.6680   1365.8315   1984.7654
      254.6942    285.3544    757.2170
      953.1840    427.2498   2186.0918
     1877.9432   1234.8971   1282.1278
      859.3102   1932.3965    607.7432
      353.1184   1896.5947   1457.3773
       58.3060   1650.3066    130.0632
     1969.5515   1732.1174    813.9390
      853.7076    655.8337    681.5018
       74.2338   1852.8636   1484.9896
      894.7822   1798.7683   2009.5463
     2011.0414    221.4515    660.6948
     2189.6113    659.2895    858.7032
      186.8777   1521.3925   1804.0852
     1776.8274   1283.9669   1945.0845
     1171.8868    601.7325    755.3085
     1025.9868    698.2460   2092.3601
     1265.6554   1667.9003    123.3671
     1955.2107    548.7078   1360.9277
     1920.4209    752.1424   1184.8956
      230.9610    838.7573    159.7951
      750.6429    433.8682    505.5057
     1783.3781    279.9646   1068.7698
     2257.2939    617.1800    575.8033
     1559.6050    193.6068   1792.6222
      286.2950    267.1093   1737.4629
     1970.7725    188.6338     55.6723
     1753.4020    348.0621   1871.2279
      812.7225    944.4018   1034.9060
     1819.0416     77.9421   1735.0312
     1638.8046    919.1467     76.2632
      584.6447   2214.7937   2015.1655
     1770.8608   1693.5410    607.9344
     1906.6484   1494.5660    681.4382
      397.3369      2.4784   1224.6469
      724.1002   2042.7550    196.4946
     1238.5686    680.6658   2209.9531
     1737.1339   1103.6709    567.8478
     1584.1178   1580.8214   1492.4076
      475.5357     59.7989   2218.5249
      285.5353   1440.9736   1325.8898
      619.6323    150.7857   1048.8086
      326.0191   1186.0913   1264.1217
     1258.1215   2225.2078    400.2852
      618.9983    251.4017    355.2956
     1646.8163   2032.4291   1943.9102
     2169.8347   1524.5406   1858.7206
     2011.6572   1416.0736   1179.7828
     1706.3698   1878.8805   1006.3423
      266.8759    923.9452   2098.6157
      981.6752   1263.5449   1294.4312
      353.6968   2091.8601   2116.6123
      214.1110   1141.5300   1469.3054
      778.6780   1294.9167   1489.2914
       96.0136    504.7572    389.5577
     1820.6759    428.5263   1530.9432
      909.7361   1967.5005   1583.4332
     1443.6567   1443.8518   1744.5632
       69.9248   1376.4707    515.6475
     1191.5406    851.3729   1145.6873
      766.0732   1823.3402    123.0257
     1035.9298    811.9673   1846.9045
      108.7628    981.1275   1694.5298
      724.2194   2171.3132   2231.5032
     2219.3796   1749.3484    606.4133
     1945.8962    306.9771   1687.3829
     1018.2813    660.6103    497.3351
     1385.7515    925.8809   1399.8947
     1433.8468   2262.1545   1975.3995
     1301.8800    209.5333    176.9201
     1703.3586    623.9341   1341.6377
      551.8967   1705.4396    118.8904
     1987.0492   1951.5089    602.7456
      253.8092   1726.4487   1720.0477
     1166.4016   1201.1652    998.5721
     1319.9841   1823.4198   2195.9287
     1273.7114    574.8110    489.6046
     1179.2622    655.4420    186.6682
      409.0371   1249.0793    970.1197
     1513.2319   1744.4749    991.6016
      714.0470    753.2899     73.9168
     1169.4037   1069.3777     10.9533
      548.8885   1466.4895   1415.2180
     1854.3022    988.8603   2222.6489
      462.1796   1022.8630    353.6056
     2206.8784   1159.4006   1590.3010
      274.6605   1048.5956    120.1112
     1095.8727   1892.2510   1028.7478
     1832.4976   1994.3480   1187.7882
      392.3720   1647.5166    413.2159
     1629.9221   1383.4768   2197.6360
     1199.1989    404.9137    309.9120
      784.3119   2095.7141   1314.1605
     1975.0416    218.4604   1920.0322
     1957.0874   1232.2816    641.3280
     1108.6335    951.6339   2060.4316
      365.6031   1101.8843   1658.5293
     2071.5095   1457.1804   1620.8950
     1436.9611    539.3005    769.6594
     1557.4344   2161.9348    476.3481
       84.3233    417.6947     14.5035
      394.0919   1420.9360   1902.4229
     1329.2104    645.4745   1005.3349
      622.5801    230.2340   1871.8018
     1045.1272    463.0007   1552.8455
     2256.7334   2090.3857   1483.4196
      383.9546    372.3748    238.4553
      174.8686    229.3992    464.2155
     1311.5717   2144.8391    645.8396
      212.1878     17.7898   2157.7578
     1589.3414   1633.9661   1196.6483
      388.0333   1197.1777   1918.9635
     2243.6938   1390.6787    977.0975
      844.5359   1622.7124    826.9810
      543.1868    954.2621   1339.1732
     1980.9180   2254.4299    169.9153
      637.6277   1143.2595   1893.4105
     2055.4846    537.6295   1681.3300
     1813.5653    602.7713   1730.0879
     1064.7921   1057.9655   1175.3013
      353.3320    464.6931   1528.1884
      620.7623    784.6402    481.2440
     1517.0735   1244.9760   1649.6727
      924.8472    236.2692    445.3098
      990.4026   1269.5387    351.8754
     2191.7407    880.9606    168.1362
      211.4909   1162.7510   2160.7705
      156.3268    779.8554    726.5490
      732.6129    383.2436    723.9037
     1088.5315   1443.6672   1145.0420
       59.5536    760.0858    375.2391
     1361.8137    788.1850    655.7120
      543.8964   1204.7443   1405.5718
      733.3924    193.3174   2185.6262
      396.3975    724.6696   2187.2280
     1045.4448    206.7127   2228.4878
      169.0393    239.3125   2157.6150
     1477.4872    366.4333    632.7054
      239.9706    916.8459    481.4511
      714.8121   1577.9310   2016.3314
     1803.9861   1633.4167   1096.3187
     1887.2792   1885.0133   2073.0146
     1846.8223    302.7076   2103.0969
      387.5314    546.4835    705.5297
     1828.5250   2064.4512   1705.8136
     1096.2665   1082.2031    689.7779
       73.2367    208.4726   1909.5464
     1581.4591   2149.4841   2165.4292
      709.0952   1225.3612   2173.7031
     1181.7179   2000.0817     96.0222
      443.2411   2210.1646   1512.1429
     1933.8767    182.6830   1465.6853
      762.2909   2217.6064    387.6308
      466.5019   1558.4414   2153.2190
     1225.1528    425.2652   1396.0679
     1875.2725   1421.0474    163.5809
     2210.8840     60.2315   2103.3779
      951.3213   1112.2959   1540.8242
     1464.9513   2251.4941   1528.8920
     1968.1559    525.0171   1922.7158
      490.1280   1052.2448   2152.2283
     1552.7908    917.1762    491.6295
     1989.7811    303.4637   1225.5396
     1167.3003    340.1307   1784.3799
      155.4380   1516.3092    803.8514
     1640.3336    850.3946   1366.7762
     1374.0339    253.4260   1627.8602
      833.8712    892.5463   2013.0605
     1401.6121   2084.8955   1695.0983
      834.4302    911.5421    772.1713
     1602.9995    458.4230   1619.9220
      791.1216    702.9712    958.5441
      803.9539   1606.0524   2256.6235
     1651.6451   2042.8667    229.2049
     2137.9268    108.8505   1100.0780
      240.0363   1840.9170     72.6829
     1454.8284   1951.1699    457.0228
     1149.3685     98.5183   1150.6473
      883.1938   1169.7023    812.0372
      873.5402   1066.7731   2155.5806
     1482.2076   1133.2379     38.6497
      851.8513    963.4377   1758.6370
     1490.2556   1440.0160    414.4300
      146.5112    529.2443    807.6395
     1938.3102    400.9841    481.2652
     1057.2926   1605.2632    945.7890
      123.1865   1266.3751    753.1105
      490.6966   1292.6508    387.8215
      615.0720   1053.2212    879.5054
     2137.6699   2115.7263    320.3815
      881.1656   1932.3722   2212.6294
      645.4880   1558.5750   1159.0205
      303.1720    913.7096   1359.9202
     1645.0261    112.2325    662.0936
      405.0539    790.5686    859.7915
      803.4025    341.6082   1995.2076
      503.7813   1984.5046   1927.7706
     2100.7749    449.0016    691.3265
     1264.4561   1664.7454   1079.6995
     1241.1399    702.9759   1924.0331
      888.5031     95.9773   2025.5793
     2199.5117   1270.8541   2195.8491
     1027.7833   1417.0786   1760.9746
      920.8480    117.8644   1341.1106
      412.9649   1308.9841   2128.8828
     1519.8571    338.2192   1178.1757
     1831.9725    630.4108    464.0143
     2015.4968   2177.3989   1154.8293
      506.9399    884.4871    117.7036
     2162.6333   1622.2665   1417.9573
      134.8227    404.6756    613.0790
     1000.9442    492.0635   1908.2313
     2028.6012   1653.4456    236.8421
      557.1882    335.5645   1629.5144
     1373.4990    954.6518   2046.4567
      559.3306   1557.9757   1755.9973
     2176.0115   1896.8745   1994.5955
     2047.0179   1734.6764   1744.5149
     1555.0057   1775.2761    733.9777
     1508.2075    989.6269   1619.0437
     1178.6168   1607.5669   1814.2468
     1132.3911    984.7681   1388.6495
     1097.8436   2126.2556   1087.2324
      716.8301   1018.4830     39.8317
     1428.6595    129.2529   1040.9189
     1755.5142   1107.0203   1724.8280
     1558.6714   2197.2041    825.8700
     2132.6021     77.5739    411.5337
      369.4190   2100.9380    604.4237
     1855.9503    545.6194    710.2607
     1752.9236    695.9484    884.7853
     2073.4875   2068.7363   2175.0605
      754.8689   1992.7634   1787.1669
     1060.5890   1018.1323    413.6340
     1120.8551   2088.7432   1601.3038
     1994.2883   1962.8391   1845.7251
      104.4204    575.6987   1058.8591
     1781.1897   1825.4299   1599.7306
     1278.4894   1117.1647   1603.9084
     1566.5542   1525.4572   1952.0035
      640.8035   1747.0980    403.7610
      200.3410   1598.8175   2115.4844
       54.9286   1013.3526   2248.0725
     1473.0732   2068.2058   1061.0189
     2218.0664   1997.6433    557.1580
      190.7632   1757.8964    349.2781
      367.6845    148.8123   1956.8907
       47.4063   2111.4448   1939.5651
     2148.4285    971.5027   1771.6678
     2206.4846    874.3243    625.6518
      738.2601    129.8650    844.1199
      349.4149    568.8090    990.5421
     2098.6179   1766.1625   2254.5867
     1585.5001    997.1663   1863.7687
     1707.8173    869.8345   1070.8021
     1660.6783   1123.2256   1234.8579
     2155.2371   1446.5939    123.1775
     1572.4084    240.8668   2091.5835
     1505.9163    612.0461    494.4323
      800.2863   1681.3210    600.1903
      603.4999   1859.4071   1191.9003
     1626.6267    184.3500   1551.1467
      790.4090    431.0420   1660.3131
     1782.9670   2244.4089   1525.9185
     1681.7631    414.0565    488.0800
       11.1928   1630.7263   1644.9740
      366.6277   1006.7375    868.5599
     1586.2103   1946.9546     21.7910
     1530.7670   1491.9189    929.1710
      329.7787   1594.0138    117.6723
      565.9519   1176.5044    142.5341
     1373.2671    904.4949     78.7892
      424.7434    266.5678   1183.3090
     1090.8130   1181.1515   1798.6544
      223.0987   1448.3173    301.9955
      539.6642   1288.7700   1627.3945
      752.0093    720.3195   1796.0895
     2239.8730    673.0512   1837.7465
     1392.9900   2004.7986   1960.0009
      706.5000    272.6422   1216.7859
     1300.0862    787.7032   1606.1621
     1882.8978    488.2558    217.1832
      395.9371   1665.8619   1908.8909
      848.8467   1726.7556   1124.8605
      179.6620   1677.2437   1040.9463
     2029.2269    776.2775   1911.2599
      181.9340   2123.2668    788.0634
     1380.1481    401.4397    965.3987
     2084.8496     80.7519   1631.7568
     2130.2249   1984.4377   1235.6490
      340.7700    193.6588   1438.4546
     1391.0076    508.1600    176.7316
      600.6927   1222.6444    635.2297
      739.5594      5.7713   1818.5646
      141.6028    465.0713   1804.8225
      610.7758    595.6678    640.3830
     2228.3696   1303.4355   1845.1504
      727.1525    396.8645    970.9666
     1351.1958   1706.1610   1339.7834
     1691.3289    752.3282   1896.4611
      409.0654    779.0364    320.2796
      689.1711   1821.7155   1877.8542
     1458.8367   1263.3760   1151.8424
     2220.4951   1538.7062    380.4315
     1351.1799   1064.2671   1179.0078
     1522.1327   1622.2035    235.5588
     1768.7815    960.3765    765.0131
     1333.3746    229.3026   1939.3718
     1909.0591   1129.3499    912.3091
     1318.4479    618.7474   1245.4198
      155.4294   1379.5686     37.0044
      762.3253   2029.6409   2020.4812
     1796.8044    865.6885    547.9427
     1785.9303   2108.4998    962.0037
     1183.3657    940.6188    204.6361
      869.6019   1472.2173   1027.7871
      662.6853   1691.0475   1389.1584
     1483.8027    792.9223   1178.9271
       12.9642    865.8914   2011.3507
       19.4376   1171.4708    150.8130
     1672.3977   1125.6821    983.6185
     1477.0343   1148.0007   1410.3052
     1610.2914   2023.5197   1501.1011
     1994.7968    983.1892   1518.6812
      626.3181   1014.6671    583.6411
     1902.0172   1488.1586   1810.4142
     1044.2465   1798.7694    186.2051
      961.1897    301.9058    165.9657
     1047.5599   2078.8511    801.7275
     1008.8562   1531.1511    114.6464
     1480.4189    669.8857   1751.5674
      873.4501    235.2923   1744.3574
      235.8257   2235.4456   1865.3375
     1968.7855     53.3364   2136.6108
      793.1727   1625.2531    339.6400
     1820.7484   1796.4004     57.4576
     1732.5593   1188.6986    103.2560
     1194.3011   1225.0444    173.9811
      321.7493   1371.3534    544.3888
     1856.0627   2030.0609   1441.3992
     1788.1527   1602.0844    334.5441
     1425.9941    357.8532    398.2947
       57.1928   1719.7064   1905.3219
      386.8446   1326.1396    750.5150
     1837.6858     54.6727    759.6861
     1085.4008   1766.5789    765.7952
     1245.5594   1734.0536    348.9736
     2117.8577   1117.6295   1995.3816
      663.0925   2006.5830    466.9641
     1071.1771    269.8611   2001.6313
     1667.7949    262.6517    305.1136
     1733.2601     60.1561      2.5342
      810.2620   1378.1927    191.6861
     1648.0623    720.0953    650.2527
      500.8289    308.3444   2054.6421
      554.4021   1534.4458    558.2881
     2112.0776      0.1262   1882.3435
      620.1477   1614.6296    923.1027
      173.1396   1910.1946    555.4874
     1365.8461    184.8287    799.0698
     1352.2205   2075.8486   2234.3674
     1325.5646   1808.7683    631.8086
     2183.4917    308.9966    433.6554
      540.7310    342.0839   1384.8054
     1804.4266    520.1730   1139.2069
      676.7430    537.3429   1419.0858
     2045.7675    815.2618    403.3995
      429.6683    872.0154    603.2269
     1489.6414     64.9147     62.4111
     1007.9649    418.0184    570.1659
      953.8779    480.7849    861.4806
     2029.6492    489.3189   2206.3579
      750.8015   1774.2242   1644.6312
     1630.1888   2143.5361   1281.1000
     1526.0947   1674.7683    480.0479
     1266.0908    868.8500    422.2526
      201.3172   1613.9436    569.8754
     1072.4276    814.9626    667.4979
     1330.0187   2189.3882   1246.2883
        7.1147   2200.6201   1240.0193
     1268.7985   1556.8536    580.9164
      333.1568     90.8800    965.1453
     2112.9622     69.0345    854.0161
     2157.5713    334.3990   1826.9991
     1788.0148   1813.0736   1859.2928
      781.9208   1373.1327   1224.3297
      210.1896   2049.7820    368.8072
