       40.7692    198.6002   1626.9706
      980.5410   1295.5037    512.7201
      268.4538   1609.1122   1490.3239
     2148.0435    798.5349   1029.9446
     2180.7229    104.7280    228.3268
     1397.3203   1353.0405     97.3937
      905.8596     20.7586    798.2437
     1671.5073   1218.8289   2061.8816
     1806.4120   1201.8004    225.5185
     1614.4016    905.9836   1535.3594
     2146.6348   1765.0149    606.6675
      193.2523   1777.8073    745.5349
     1630.5508   1661.2208   2237.2080
      766.1462    569.5387   2005.4600
     1433.1096   1663.2739   1349.7340
        1.0137   1480.3002   1976.4161
      573.7347    827.2206   1757.9941
     1249.4126    457.3614    659.8761
      709.6964    570.4484   1038.0028
     1865.0297   1853.7329    249.3994
     2145.8413   1229.1390   1248.7244
      835.0383   2190.2952   1019.6742
      742.7994    391.6109   2189.7407
       20.9668    999.0198    922.1475
      656.1357   2074.0239   1178.6421
      995.1578   2262.6235     96.4234
     1650.5518   1792.7313   1880.3298
       20.0292    118.1775   1428.4799
     2171.0918   1467.7605   1571.8290
     1540.8561   2198.6223   2021.7268
      501.2698    625.4362    935.6176
     1169.2383   1497.9010   2024.3575
      942.2407   1762.1576    518.4963
      824.8779   1265.2767   1058.0117
      494.3682    402.9339    266.6771
     1387.5502   1881.6569     46.5780
     1051.1237   1126.5785   2112.6301
     1865.2584   1280.1898   2100.0842
     1664.6500   1947.1771    260.2360
      399.1512   1579.6331    229.3064
      285.6448    451.3842     30.1563
     1042.0209     25.6141   1556.9144
     2043.0127    695.2549    336.7934
      856.1169   2026.5049   1554.1149
      141.8116   1551.9784    734.9472
      667.8810   1076.6086    298.0237
     1495.8875   2031.5740   1221.4447
     2205.3413   1297.2499    371.6798
     2250.8396   1067.3594    519.2053
     1388.3038    472.6924   1025.6707
     1041.4720   2203.6199    439.7287
      184.1526    682.9554   1361.3263
      163.8498   1267.1194   1521.9482
     1978.7214    495.7882   1090.7002
      837.0819    485.8909     71.4667
     2036.5426    939.7617    293.9513
     2226.5959   1075.0507    269.7199
     1955.9999    226.1231    377.7418
      184.2811    907.8721    793.4626
      363.7077   1797.4775   1036.4279
      704.0644   1151.1039   1852.6978
     2065.6287   1477.0331    425.7643
     1606.0577   2073.5908    644.7033
     2017.9266   1040.2926   1338.5671
     1401.9926   1815.8168   1489.8700
     1158.4749   2037.9238   1311.5105
     1086.4905   1884.1829   1700.8463
     1689.2864   2148.1658   2225.5381
     1860.1171    920.8707   1283.5806
     1180.8822    285.6106    757.5807
     1260.3717   2072.0300    956.3709
     1771.5531   2007.6599   1579.9294
     1890.0710   1359.4861   1745.8948
       86.4357   1973.1401   1245.1023
     1110.8450    214.3196   1736.2217
     1109.3219   1598.3201   1681.8585
      432.7847   1814.2448   1991.3010
     1943.7179   1286.0507    404.4489
      990.7966   2121.9333    671.5058
     1047.3322    712.9044   1131.8357
     1906.9141    891.3308   1040.1190
     1859.5923    841.2284    363.8856
     2246.4250    293.2603   1199.8845
     1248.5347     41.0091     23.5145
     1799.3698   1663.5474    807.2051
      941.2771   1735.0392   1606.1799
      549.4432   1764.2291   1605.4916
     1795.6108    160.1745    214.7282
     1712.3834   1287.9221    433.5788
      571.0416    210.4326    797.4111
     2225.7061   2238.1475    827.3734
      733.6564   1454.4073    728.2387
     1869.6189   2059.5071    998.0425
      571.6163    562.4801    137.4697
      540.8595   2206.1729    748.7531
     1817.9396    356.0144    772.2492
     1423.8572    580.1490   1717.1112
      429.7277   2137.9666    565.3640
      454.4632    269.4910    451.5786
     1493.2118   1696.8939   1664.2826
     1736.0873   1450.1107   1424.9146
     1478.5321    179.5441   1499.4985
      435.9010    651.5977   1485.8749
      249.1521   1972.5453   1083.3668
     1101.4674   1293.7010    707.2499
     1451.9766    292.7068    267.9617
     1254.9574   1887.0946   1876.5760
     1055.9773   1647.7247    652.5818
      337.6625   1269.5004    542.0674
     1410.3232   1216.2057    973.3425
      485.8817    850.1045    882.5717
     1093.6083   1028.2186    876.2980
      737.3696    102.0949    679.5220
      522.4584   1367.4144   1639.2821
     1153.1827   1740.3336   1515.5621
     2149.1079    994.1017   2134.2751
      595.9122   1198.4788   1052.9916
     1641.7009    841.6091   1326.6803
     2135.7236    424.1448   1339.4110
      497.7509   1332.5675   1419.2263
     1915.9597    267.3744    602.1006
     1510.1719   1275.3066   2182.3335
      570.4509   1978.7932    692.3774
     1883.0286   1649.0344    998.9144
     1919.5715     24.0231    551.0067
     1665.8721   1664.4449   1052.2235
     1224.7108   1766.0804   2224.3784
     1691.1616    594.8511   1982.8788
      262.0197     96.9738   1053.4714
      165.8785    612.4222   2177.1445
     1839.7325   1845.8439   1020.7858
       68.0745   1341.5905   1114.9988
       21.0069   1287.7366    890.7847
      568.1103    857.4827   1533.1707
     1731.2395   1517.6422   1204.4514
      543.4366   1883.1169    889.1411
     1589.0988    644.7012     50.5683
      156.8331   1146.5693   1720.7072
      581.8755     88.9675    167.6713
      343.8153   1934.2030    642.6935
      170.2613   1081.7202   1084.2220
     1276.8077   1068.9269    349.0450
      593.0119   1977.1021   1534.8373
     1251.0079   1546.1068    711.0779
      198.0302   2166.7190   1157.9434
       33.8761   1979.1710     72.1048
      890.1190   1147.7032   1435.1371
     1654.6298   1700.6060   1309.3151
       55.0872    251.0582   2041.6587
      133.3750    878.1071   1441.3774
     1376.8147    303.8473   1164.7017
     2166.7146    732.4086   1816.8722
     2010.5513    655.1705    553.5807
     1066.2783   1813.5210   2054.9023
      335.9158   1427.1519   1570.8419
      864.7672    648.7921   1437.2654
      229.3728    754.9769    243.4608
     1167.4923    123.7395    407.3947
     1450.7118    961.6998    359.0318
     1625.4097    898.8521   1942.8312
      228.1352   2165.3320     36.5519
      298.1253   1015.1926   1798.6008
     2119.3416    322.1261   1036.2997
     1608.5742   1112.7535   1607.3510
     1728.5767   1493.0773   1678.3380
       30.1832    375.3604    629.6805
     1276.6824   1296.4757   1400.6748
      955.0546    596.8459    528.6819
     1510.3925    506.6043   1543.7611
      325.7135    320.9270   1445.4092
      286.2959   2154.3198    938.1454
     1538.1332   2066.3916    106.9683
     1366.4115   1925.4429   1074.3259
        2.3965    768.1719   1276.1993
     1827.6744     15.0175    968.5158
     2243.1433    942.8580    698.1884
      802.6124   1645.9651    643.3830
      457.2881    846.3058   2102.5742
     1969.8969    600.7156    148.7335
      212.3713   1411.2103    373.3635
     1255.0859    204.9156   1923.5659
      685.8464    939.9502    844.8686
     1527.6100   1302.5446   1769.5933
     1806.8275   1860.3566   1429.0619
      906.6457   1999.7440   1304.4476
      737.4169   1215.4441    881.2376
      715.7431    446.6032    232.3064
      906.5344   1085.5162    583.6387
      342.0917    408.1404   1841.2980
     1379.6693   1544.9137   1999.3136
      514.2407   1771.2296    635.3796
     1046.9576    284.9272   1067.3091
      444.0851   1984.4058   1128.3235
        2.1170    561.3237   1682.8049
     1140.4270    552.9578   2039.4252
      590.5854   1810.2333   2215.1772
      546.0782   1433.1774    159.3280
      792.9479    687.4570   1215.8633
     1934.8048   1711.2534   1833.4633
      732.2819   1845.7673   1490.1884
      117.7926     62.3474    426.3633
     1764.9231    139.8661   1179.5027
     2089.2256    352.6193    508.1973
      126.4832   1487.4938   1553.6598
     1219.9852    525.5997   1651.0621
      919.8580    144.8400    496.1640
      892.7914   1161.7347   1966.3132
     2201.1682   1210.3080     94.8269
     1001.6919     39.3939   1812.7800
     1368.6747   1734.4650    730.4581
      454.1918   1335.8748    941.4321
      959.7044   2165.9312   1977.3005
     1909.6326   1899.2209    826.2277
      325.9235   2207.5928   1505.2118
     1228.9336   2167.0552   1499.9812
     1698.4568   1059.9285   1374.3568
      456.4748   2086.7119   1687.9899
      166.6275      4.9270    783.6882
      194.5406    317.7868   1068.8871
       74.6211   1297.1324   1876.4484
     1407.3381   1473.7042   1662.7854
     1409.7180    125.7575    444.4586
     1572.6542   1007.6812    161.2233
      285.6035   1989.2408    405.9656
      776.9238   1444.1348    500.1485
       32.3900   1511.0969   1765.0818
     1690.7131    158.9326   1452.4028
     1882.0217   2145.2664    801.7253
     1132.5569   2023.3873   1995.7853
     1327.1559   1862.3796   1293.9382
     1117.6442    374.8094   2134.5127
     1194.3993    399.8078    945.9830
     1536.0332   1363.3638    348.9977
     1393.4902   1273.0100   1624.3535
     1098.7834   1396.2423   1301.4606
      811.8444    396.1390   1036.9998
     1640.2944     55.8581     74.8297
     1153.7603    556.4479      3.8091
      671.6022     24.8898    889.5567
     1171.2062   1479.5463   1493.3712
     2059.9646   1674.9138   1145.7823
     1186.3673   1341.0096   1651.3115
      886.5474    856.6128   1119.9857
     1533.3756   1303.0599    615.0466
     1331.5190    605.0911   1464.6830
      985.9453   1996.9742    496.1542
     1082.3435   1452.3176   1833.7101
     2154.9136   1591.0142   2129.3203
     1158.3527    512.0341    241.9830
     2254.2283    571.3368   1441.2859
        0.1723   2261.1099    604.6586
     1799.9502    675.3034   2258.4744
     1114.7957     98.4016    841.4331
     1511.0114   1082.2533    570.1262
     1570.7098    120.4256    840.1656
      651.3304    676.2051   1570.0645
      823.5475    854.5619     24.1496
     1414.1683   1212.1598    438.6041
      306.9665   2165.4199   2099.0049
     1039.6162    849.2817   1776.4923
      481.3452    443.1821     18.8604
      284.2505    915.9625    995.0277
     2058.0361    938.4567    882.3416
     1500.5649    780.5409    231.1853
     1936.4988   2077.1206   1940.3763
     2017.1980   1679.6309    433.3502
     1202.3715      2.5812   1737.8369
     1156.8584   1854.2599    594.5986
     2107.0750   1554.1698    989.0089
     1947.3805   1454.7701   1957.6748
      967.1167   1398.6382   1643.4872
     2036.6316    901.6511    511.6889
     1791.6532   1699.1949   2086.6428
      333.3828   1688.7393   2130.0898
      794.6852     80.5366    168.0596
      669.1080    170.9258   1485.8511
     1440.0833   1752.3431   1902.3318
     1937.3894   1505.7438   2173.2512
     2022.5796   1174.1768    219.1457
      876.6246    968.6708   1558.9393
      320.0784    147.8410    310.8673
     1189.0591   1672.7316    489.6347
     1058.3977   2084.7773   1579.8182
     1473.8511   1993.5173    894.1653
     2066.0122   1836.4642    969.5413
        3.2891    929.4412   1145.0414
     1112.4564   1060.9027   1902.6669
     2243.6233    678.9160    300.6880
      306.7137    268.7646   2173.0530
      765.6302    654.4839   2236.4756
     1913.3483    394.6325    225.1713
      478.0013    825.1138   1116.7579
     1197.1776   1248.7611    912.5629
      781.4076    833.4400   1404.4188
      997.7899    335.0176   1269.5836
     2240.1565   1717.4459   1008.2336
     1891.5959   1967.5591   1767.6617
      965.7724     80.1879   1000.1860
     1407.6188   1441.6959   1455.0660
     1641.3115    774.6044    769.9406
      819.0750    778.5492   1632.7396
      256.3242    586.1210   1771.5947
     2133.5774    797.5191    135.2679
     1481.5717      7.8696   2227.2957
      853.6151   1277.1774    701.5129
      686.7004    639.4237   1807.9666
      321.7108   1360.9366    193.7467
     1149.8800    871.0424    283.6728
     1800.6053   1547.0267     58.3436
     2019.1227   1297.4011    763.1376
      883.4512    678.3621    973.3813
     1822.6675   1929.3927    471.6213
      917.9189    782.1130    291.4967
       97.2316    477.6732   1257.8385
     2066.4822    977.8721   1865.2701
      557.0180    340.2729    626.0981
     2236.1064   1158.6248   1077.0754
     1049.9628   1398.2498   2210.4351
      854.0759    172.3475   1133.2601
     1223.8385   1696.1281   2025.9591
      218.1221    141.1781   1507.7037
     1957.1516   1215.9434   1409.4608
     2058.8108    189.8473   1968.8049
      504.0908   2103.6956    934.8022
      647.4855   1682.1826   1354.4908
     1930.6912   1783.3596   1617.9033
     1687.7167   1478.0197    747.6370
     1294.9723   1602.3639    936.8747
     2091.8848    817.5516   2011.4178
      602.3398   2157.6057    176.0225
      905.3676   2002.1226   2106.5781
      728.7269   1138.1133   1225.2190
     1767.5864   2170.5149   1811.9241
      468.6895   2117.0603   1310.9231
      261.8660    639.0581   1970.4645
      441.6940    393.7272   2035.1207
     1324.1425   1334.9370   2097.9258
     1626.8295    756.0943   2119.0376
     1500.0123    426.7000     90.6737
     1542.5492   1350.0077    840.1093
     1367.7743      1.2126    943.1314
     2087.0457    677.8121   1368.8328
     1249.2449    106.7336   1542.5964
      512.6276   1003.4066    116.0198
       54.4141   1966.6351   2119.0125
     1096.2804    211.2377   1403.1670
     1141.4214   1283.6589   1985.6433
      979.2789   1529.3822    449.4368
     1334.4045    493.2856   2184.6072
      701.5072   2036.6158    954.7130
      245.2378   2136.2820   1733.3074
      379.0195     85.5562   1674.0294
      265.1852   2054.6587   1348.7142
     1258.2971    305.9081    374.4333
     1836.9510   1016.2264   1518.8602
     1085.8315   1337.6677    329.3419
     2210.5605   1566.8634    570.4626
      784.0657    836.6293   1822.8169
      496.6191    276.0545   1630.7047
     1545.5398    435.9265   1964.3394
       28.2230    432.0905    400.5968
      880.3792   1932.4271   1728.5101
     1488.2343   1152.4297    771.8296
      326.3428    654.9454    486.8417
      394.0964   1708.7864    837.3669
     2172.3701   1437.5610    759.2002
      966.5455   1596.3271   1961.3262
     1730.8247   1853.9067    640.4077
      352.2834    331.9429   1220.7496
      108.0724   2213.4358   1558.2606
       41.3794    193.8660    969.6072
     1592.5084    516.3603   1019.1107
        4.1615   2171.0991     80.2220
      482.3986   1185.6837   1802.1910
      312.2070    335.8297    627.2494
      831.0541    314.5860   2005.1171
     1678.5100   1266.4285   1297.1021
      772.8788   2005.8872    563.5928
      318.6405   1869.5033   1268.9015
       26.7065   1778.3408    190.2302
     2025.5911   1686.7247    826.4826
      824.1371    508.7647    831.6318
       14.2678   2012.3009   1673.3768
      813.8337   1763.9806   1882.2634
     2073.2649    367.6572    741.4590
     2219.4412    763.5085    836.8481
      237.0605   1388.6600   1728.3759
     1809.1350   1147.2043   1896.5162
     1468.3843    805.1718    878.7100
      805.5208    766.6944   2048.3027
     1402.3842   1536.5048    313.0685
     1710.4917    537.9990   1365.3228
     1833.3433    717.8935   1353.2745
      295.7426    965.5276    225.6978
      647.8849    418.0685    434.3255
     1626.1368    306.5329   1083.0649
     2198.3701    579.8740    491.2619
     1483.7631    206.2416   1935.8956
      284.0690    280.5796   1673.9150
     2116.2917    327.6331     94.5678
     1904.1147    296.6802   1877.9448
      686.8901    905.9092   1207.2589
     1613.4309    129.8014   2105.1479
     1796.3162    998.0214    187.1063
      332.8895   2245.6509   1890.2039
     1586.3268   1716.1797    555.0183
     1862.4824   1395.4926    607.4940
      452.0600     38.7773    950.1699
      893.3633   2161.9900    277.0185
     1198.1194    876.3939   1972.7231
     1711.5286   1270.1245    729.3079
     1590.7594   1356.1920   1549.8113
      379.4272     82.8993   2245.7852
      454.8416   1528.0669   1334.7686
      637.5815    203.4924   1054.6979
      283.8781   1240.8259   1155.3220
     1082.9655   2028.7328    292.6858
      715.9115    231.9034    512.1111
     1686.2045   2038.2312   1962.3485
     2245.6799   1800.3210   1819.4149
     1842.2621   1130.0568   1235.3662
     1536.2534   1800.7659   1154.5845
      364.3949   1064.7377   2001.9727
      895.2685    997.9276   1291.4164
      458.9033   2123.9189   2252.5559
      281.3667   1035.4268   1532.3489
      453.5255   1005.7974   1667.4731
      116.5719    718.7552    450.5599
     1787.7455    783.5624   1543.4707
      666.5312   1922.6394   1732.6852
     1303.9030   1362.2485   1863.0210
       34.1223   1371.0872    555.2750
     1128.0271    937.3671   1226.6624
      581.8444   1916.9606    283.8708
      949.8658    933.3009   1967.6299
       13.4451    960.2167   1870.2104
      685.3742   2031.3934   2146.9155
     2239.9080   1671.2952    804.1630
     1910.4125    360.4048   1467.0321
     1268.8807    622.8859    494.3696
     1257.8713   1163.0337   1787.7827
     1340.7437   2134.8682   2051.9199
     1262.8490    355.1525    124.0971
     1386.6465    582.9393   1261.1506
      564.3015   1723.4799    181.7623
     2051.5708   1961.4520    644.0170
      292.8656   1779.6787   1594.1077
     1057.4423   1352.9305   1075.6808
     1286.7983   1521.2126   2209.5901
     1360.3729    478.5990    305.3377
     1399.7091    751.2525     16.5623
      243.1848   1356.5404    963.8757
     1467.8903   1749.0879    945.3684
      744.8536    674.7773    189.2701
     1435.3625   1163.8107    213.8769
      666.1761   1457.4171   1433.0353
     2054.2522   1214.1866   2204.2671
      154.0592   1041.6115    359.4172
     2199.1528   1248.9762   1459.2722
      329.4538   1145.2299     99.4439
      998.5836   1887.4886    924.7928
     1943.2838   2251.0457   1174.1654
      309.0427   1785.1019    480.8902
     1734.8706   1482.8793   2099.4346
     1119.1354    477.1566    459.3789
      724.3345   2078.2822   1377.6575
     1830.6091    142.8948   2009.3245
     2057.9204   1059.7271    672.0709
     1065.5947    899.3339   2170.2390
      331.4177    818.7748   1680.7117
     1916.0081   1451.1201   1521.8751
     1460.8373    671.6639    426.7406
     1732.3738   2182.8926    225.3089
       89.1592    421.4087    167.2683
      435.5472   1437.6721   1808.1019
     1228.3130    627.1619   1048.7333
      687.8403    219.0681   1809.8472
      965.2215    456.9954   1484.8008
     1962.6821   1952.8342   1535.4471
      370.6750    565.6221    248.6053
      367.5802     88.1366    722.0439
     1192.2900   2089.8281    557.8624
       92.7408     36.5050   1945.5537
     1879.4021   2048.9619   1246.1642
      299.8919   1258.2240   1891.3782
     2120.7393   1428.0823   1168.7556
     1137.7018   1720.0431    835.9435
      392.2624   1114.9486   1003.0527
     1882.5831   2236.2512     97.5035
      671.0713   1123.9581   2086.1414
     1877.8010    629.4846   1700.0710
     1945.0842    880.3726   1700.6686
      983.7023   1118.1149   1110.1968
      131.1256    762.3182   1782.1167
      524.4467    556.4592    559.5917
     1774.2769   1238.5551   1496.9116
      857.2520    276.0723    343.2514
     1188.1000   1218.3584    478.2480
     2233.1782    970.0190     70.0220
      294.2503   1225.5638   2147.9724
      146.0078    686.7106    686.3611
      744.3614    330.4360    726.7759
      985.3724   1589.5737   1449.7251
       67.8166    883.0057    242.5905
     1308.6509   1045.9509    569.6366
      489.3422   1109.7112   1485.8867
      583.8813     21.6098   2216.0415
      259.6897    796.1122   2113.0386
      951.8314    254.7684   2198.1587
      173.8698    111.9189   2142.0242
     1593.7196    480.5880    421.3875
      349.7084   1025.0662    494.0249
      734.7711   1331.3152   2045.6606
     1919.0601   1574.7446   1317.4653
     1774.4193   1946.7700   2158.1089
     1732.5920    330.2969   2067.8813
      581.5900    527.6035    763.3567
     1542.1345   2152.0024   1765.0438
      892.0286   1404.5001    880.8990
      188.5840    100.4254   1751.3351
     1344.7474   2089.5371   2259.7556
      648.6636   1274.7683   2235.5964
     1136.6238   2096.1631     82.6471
      550.0378   2195.1028   1515.5387
     2121.8125    153.8949   1292.7069
      853.0406   2205.2507    542.3144
      377.5782   1437.2944   2034.2411
     1146.6765    324.7799   1570.6122
     1907.8912   1597.7155    260.2729
     2191.1101     83.0335   2115.5552
      652.6218   1192.8284   1647.7379
     1402.9468   2251.6702   1636.6602
     2166.2297    364.1327   1921.5493
      497.7490   1257.7406   2033.2207
     1675.9156    892.7123    574.5547
     1932.6381    516.9905   1309.0924
     1135.8691    639.6634   1828.5334
      328.8046   1495.4128    827.1650
     1279.9717   1089.0817   1319.7805
     1349.6738    202.7700   1719.2594
      857.6808   1023.4896   2146.8384
     1463.5991   1901.4012   1733.2572
     1016.6009    887.3013    707.6412
     1749.1700    473.8402   1585.8607
      913.1188    696.7871    746.4655
      836.4245   1529.8401   2136.4290
     1810.4478   2019.2479    102.8819
     2148.1841     68.7138   1088.6497
      394.9390   1810.2203     26.5773
     1514.9498   2119.5994    313.1571
     1243.0125    195.2228    982.7551
      887.7653   1062.2566    802.8996
      893.0601   1251.6377   2198.7161
     1710.0509   1345.6968      1.9139
      686.0721    979.9642   1679.6903
     1439.5537   1489.4048    702.9022
      188.8189    422.2689    782.3164
     2003.6597    506.4939    392.4925
     1021.9366   1594.7253   1235.1949
      197.1722   1128.3112    880.4902
      334.9396   1178.4670    310.1417
      545.6207   1118.7987    851.6210
     2253.9658   2051.0161    664.5596
      979.6351   1845.2368   2254.6077
      683.5168   1345.1107   1216.3352
      223.1156    848.3434   1198.3560
     1583.2375    248.9549    475.0757
      297.7802    744.3177    854.4537
      639.3024    384.2459   1968.4899
      578.4108   2053.6028   1883.8827
     2217.3882    560.2795    719.4007
     1336.3464   1687.1227   1150.9905
     1233.7742    724.9273   2121.8982
      871.6010    112.0010   1978.8529
     2260.1528   1382.5537   2195.3516
      895.5336   1578.3854   1755.5596
     1017.8665     90.3586   1210.8773
      290.2786   1460.6472   2258.0977
     1553.1290    435.4913   1233.8102
     1844.2513    767.6777    555.6856
     2136.8010   2101.0183   1532.1656
      630.2831    845.2238    148.5619
     2046.7172   1638.7854   1503.1255
      376.9064    460.2951    437.0336
      784.5733    438.2191   1795.1442
     2001.2494   1662.0006     45.0438
      459.3502    650.7159   1698.5209
     1271.8113   1119.8583   2063.2405
      614.9037   1566.2061   1746.1924
     2242.3042   1984.8610   1895.1174
     1969.1686   1544.6853   1711.2274
     1669.9736   1817.9365    870.3942
     1379.1340    998.6141   1915.2864
     1291.8713   1593.2971   1805.5594
     1202.7043    693.4587   1280.1313
     1055.8806   2149.7278    936.2900
      691.6530   1086.6196     54.0456
     1554.2032    198.1383   1268.0056
     1722.0900   1241.3904   1714.9440
     1443.2672   2158.6672    753.0118
     1923.8322      0.5528    325.9466
      216.3895   2157.8931    593.8772
     1687.4175    540.3098    756.3504
     1661.6913    708.3458    983.0004
     2120.7422   2067.4692   2143.7729
      736.2827   1717.6569   1683.4419
     1079.8226   1003.6570    458.3808
     1123.8667   2075.6179   1795.9611
     2163.1775   2188.9878   1962.4958
       96.3747    613.5179    898.7531
     1740.3892   1710.0436   1712.5580
     1237.9823    854.3669   1449.9865
     1577.8210   1613.8367   2005.0837
      559.1728   1709.4036    399.3842
      136.4617   1767.0983   2220.7158
       63.4781    902.5190   2083.4065
     1490.6655   2144.2844   1046.5797
     2213.0225   1891.9263    799.9429
      574.4788   1970.0624     77.5156
      480.5241    224.7059   1844.9087
       20.4125   2194.6775   1755.1011
     1925.5911   1096.6029   1712.9420
     2219.5667    870.2516    420.1344
      806.4780    203.1774    901.4512
      285.5290    504.0726    949.0625
     2005.3445   1864.0116   2145.6086
     1875.1398    922.9050   1943.3428
     1688.3663    946.8484    939.7766
     1509.9995   1211.4227   1427.8378
     2256.4421   1615.9457     59.6658
     1487.0697    312.3300   2145.4031
     1494.8657    847.1021    524.0613
      959.7320   1462.5894    659.8552
      517.5083   1728.8057   1181.5393
     1632.5463     56.0583   1889.6268
      582.9680    474.1900   1548.9493
     1738.1021   2235.6812   1601.2661
     1806.0645    568.4467    488.8329
       62.0475   1814.8621   1610.8591
      381.9860   1005.5828    780.1983
     1616.9792   1883.6670     53.1374
     1335.7926   1419.3650   1061.7212
      446.2811   1578.1226      3.0955
      774.9487   1257.2397    138.7774
     1638.4534   1111.1562     12.1150
      373.6222    707.2408   1281.3292
     1015.9056   1218.1141   1785.0223
      242.3931   1663.4969    116.6965
      360.7453   1206.1616   1622.1051
      729.4285    967.2206   1967.6990
     1964.8599    720.5750   1865.8962
     1468.4681   1980.6559   1927.1160
      782.5928    350.7293   1404.4813
     1227.9696    748.7680   1638.5872
     2138.0115    506.9720    220.5575
      408.8376   1891.9800   1748.5513
      733.4736   1864.9633   1243.5377
      140.7298   1766.9391   1149.4614
     2167.2532    917.1331   1674.3101
      347.3567   2125.6418    759.5930
     1463.1486    523.5798    645.3053
     1902.5952    145.7701   1556.9302
     2088.4937   1997.2563   1320.3004
      458.0602    152.2365   1184.7048
     1354.6880    596.2171    140.2317
      705.2555   1116.9558    682.0666
      610.5126     85.1123   1652.5597
       79.0034    520.6767   1869.7141
      707.0093    712.2178    792.1296
     2255.6648   1301.0999   1669.4426
      629.6435    399.1435   1188.3099
     1330.7030   1617.2396   1554.5637
     1728.2379    958.9829   1741.4846
      467.0356    762.7551    238.1047
      836.2482   1749.1698   2097.9036
     1424.9299   1259.7112   1241.2207
     2134.6387   1589.5009    231.9436
     1369.7166   1037.4124   1140.8883
     1295.7972   1345.5168    291.6158
     1672.1531   1017.8878    744.8740
     1361.5334     93.2233   2097.6404
     1871.0016   1088.3188    802.0398
     1191.2415    420.8712   1410.0570
      147.9108   1479.9768    166.6626
      681.9214   2133.9456   1680.3129
     1831.6969    687.4163    747.3366
     1646.9778   1960.2140   1023.1826
     1171.8594   1019.5374     59.8016
      865.8021   1466.6836   1087.2775
      431.9581   1729.0909   1410.7886
     1292.8219    822.5267   1121.3461
      222.9577    879.4816   1916.8518
      137.5848   1246.1937    257.8874
     1557.1923   1358.3508   1101.0476
     1224.8053   1277.0864   1168.8407
     1557.4282   2250.3735   1481.0699
     2174.7747    874.0231   1463.5801
      504.5403   1123.5585    613.7336
     1770.6609   1570.7485   1895.9825
     1091.2150   1820.7990    365.5930
     1027.4913    420.4860     79.2491
     1143.8748   1967.1838    777.3154
     1170.9829   1556.0023    310.3394
     1537.8755    674.1447   1865.6130
      910.7615    264.3484   1799.4749
      215.5402   1874.6377   2010.6388
     2021.1124    193.9961   2180.7378
      768.1473   1782.4740    227.2472
     1832.6631   1778.9895     45.1238
     1896.9607   1338.2882     63.1676
     1190.0724   1425.6965    119.1605
      598.0565   1325.3821    540.5637
     1538.3390   2029.0472   1576.8488
     1652.7029   1560.1492    324.5092
     1575.8840    559.5449    239.3594
      220.3733   1508.6422   1900.8662
      431.9460   1431.5387    641.1317
     1918.8806    122.8204    777.8909
     1291.7299   1851.1036    905.1898
     1549.2157   1742.3414    355.9961
     2105.0757   1357.0227   2043.1591
      693.8120   2079.4402    362.3834
     1039.0803    253.1236   1974.7975
     1581.7847    121.7013    287.1427
     1659.6726    338.0308    252.1287
      593.4634   1520.9060    380.3246
     1622.3621    655.6338    591.9706
      540.0511    260.8733   2164.7087
      547.6981   1509.1527    820.9053
     2144.7847     36.4168   1630.1138
      676.7166   1417.2621    979.5132
      118.3468   1685.0626    559.2139
     1343.9357    140.0591    774.9732
     1120.2258   2175.0820   2144.1997
     1339.8083   1974.9821    698.8074
     2117.1746     97.3417    449.3938
      467.2828    426.0624   1054.0079
     1762.2233    561.1450   1144.0428
      459.9260    507.0053   1328.3458
     2060.3899   1123.0481    441.4829
      331.5091    813.0115    642.4775
     1450.4835    198.8382     69.6813
      867.2972    389.3648    519.7122
     1286.8088    637.8116    856.3571
     2015.8114    718.3122   2213.0085
      767.6401   1617.1658   1512.6517
     1718.5977   2158.7717   1144.3950
     1531.5049   1874.6132    706.0430
     1300.9348    717.8087    290.6614
       19.4082   1515.5704    374.0670
     1101.1682   1086.0297    664.1202
     1175.9188   2261.3313   1323.6293
       69.1179   2192.0063   1344.0138
     1362.0747   1404.5889    501.4388
      641.6109    387.3844    920.9295
     2102.0818    187.0885    882.2006
     1922.0201    404.5949   1681.8235
     1670.7163   1959.6949   1759.2180
      898.5446   1376.3643   1447.0634
      131.3977   1871.3624    360.5145
      760.6458   1873.4563    749.6387
     1565.1710   1141.0068   1147.8240
     1993.0657    446.2191    894.5560
      565.8444    991.4058   1037.0778
     2257.6143   2130.4231   1148.2288
      243.7878   1465.3474   1166.2191
     1837.3134   1300.4120    887.5208
     1649.1818   2189.2961    883.6025
      734.0082   2257.6716   1862.4686
      206.3550    286.6975    433.6789
     1804.5774   1644.9414   1489.7517
      886.9504    787.8585    521.6152
      657.2391    282.8438     95.8442
      145.7923   1666.8586   1721.1885
      159.3386   1357.8152   2058.6472
     1188.2620   1237.5149   2229.9929
     1327.0077      6.8907    591.9344
      742.7712    533.4308    622.5254
     2068.8169   2191.5947    679.4818
      273.0956     37.2460   1314.2443
     1313.4248   1470.8370   1268.7489
      782.2857   2041.5908   1907.3245
      108.2547    304.9118   1827.8499
     1160.7349   2241.6230    241.1570
     1455.7793    232.1286    967.5330
      303.8813    836.6024    419.1760
     1406.6089   1001.8804   1518.3751
      366.3647   1027.0740   1194.6415
     1795.1537    361.9182    427.3413
      274.1317   1386.4232   1359.8105
     1095.0386    199.2613     96.1746
      663.2142   1879.6707   1990.3041
      746.4759   2114.5142    745.1843
      419.4914    784.4011   1896.7922
      318.3183   1174.2554   1375.6283
     1931.4143   1453.9221   1066.0171
     2155.3372   1594.1560   1314.8331
      783.3824   1656.7200    417.3221
      109.7331   1227.5441   1298.0704
     1610.7056   1493.1975    521.5443
     1610.4908    369.2605    847.0278
      217.0109    184.9848     90.0996
      342.7596   1935.0253    864.4111
      510.6425   1939.9430    486.3730
      165.5553   1330.4598    722.4929
      579.9869    607.7490    353.2060
     1122.3048    133.0440   2131.3867
     1934.1840   2180.1145   1661.9016
      801.8940    542.3546   1627.6857
      367.2454    476.0304   1612.0217
      297.3239    347.1302    231.7921
      178.8525    548.4105    321.4643
     1863.6960   2075.8665    618.2850
      767.3326   1209.1808    493.4852
     1560.3419   1512.9133    119.9495
     1749.7996    482.8651    104.2538
     2097.3940    491.8715   1566.7296
      429.7614    113.1668   2039.3934
     1320.0083    230.9803   1362.1824
     2083.4548   2087.8020   1756.9812
      677.6702    787.7056   1006.8983
      272.1016   2204.0002    375.5269
     1578.4243   2255.7810    446.2444
     1521.5931   1486.4641   2173.6006
      125.6560   1904.3439    588.8566
     1063.7225   1064.1349    241.4892
     1086.0142    762.8077    868.5056
      742.9883   1422.6923   1634.2263
     2165.8867   1836.1677     14.2374
     1860.5256   1092.1088   1014.8816
      595.9241   1537.4724   1151.9675
     1439.2568    676.6165   1056.8572
     2129.1965   1617.4078   1901.0740
      667.2744   1612.0778     22.4103
     1555.3761   1387.4501   1985.3257
      629.6650    241.0492    310.1497
      877.1600   1686.1763     63.4506
     1773.4509   1413.6506    231.9534
     1514.1621   1575.7859   1146.3768
     2222.5586   1798.4548   1280.6831
     1720.0566    204.2969    638.0941
     1183.0074   2259.5786   1079.7239
      430.5433    388.4087    811.9801
     1852.6331   1508.8207    438.6613
     1478.5946   1719.1621    158.1078
      998.8491   1615.8163    998.1343
     1080.8322    807.1260    519.1030
     1915.1105    703.6106    985.1288
     1287.4153    255.0036    587.0878
     2037.5914   2236.7024    916.4551
     2029.3927   1020.6423     65.1656
      540.2015   2181.1338   2020.5928
        6.0695    166.9642     35.2137
     1824.6921    366.8426   1049.0367
     2044.3892    633.7350    779.6304
      926.9520     16.1925   2175.8198
     1159.5054   1525.0862   1097.7965
     1311.9060   2128.8445   1185.3805
     1267.2933    937.0038   1719.2144
     1351.0372    931.5204    173.7399
     1989.9216    363.1318   2042.5356
     1549.1935   1457.8993   1309.1232
      200.8021   1878.2178    139.2153
     1603.2317   1137.8979    348.9749
      888.5526   1752.6294   1358.4501
     1529.4822    334.8662   1692.8335
     1264.8689   1976.5684    392.7505
       63.0112   1495.7358    934.5966
     2260.0208    509.6703   2053.6555
      536.7729   1897.8136   1317.5356
       53.7805   1141.1826   2188.0410
     1674.0659    273.3165   1861.7358
     1096.9799     71.4152    622.4788
      139.6483   1080.6047     98.4676
       94.0982   2256.6670    998.5165
     1439.3168   2090.3596    517.0808
       47.7726   2000.9501   1459.2598
      542.2021    915.9955    661.3376
     1003.4142    508.2772   1079.2062
     1567.9456   2242.5063   1261.4059
      674.7228   1037.8807   1450.8247
      394.1969    590.5259   2128.6248
      103.9530    815.0345    995.9021
      228.7790   1477.5236    563.5475
      547.5450    329.1289   1376.2483
     1583.5074   1605.5696   1507.2140
     1795.2496    527.7221    925.5333
     2100.8643    153.8149    656.2389
      225.0841    421.0829   2026.7834
      223.4409    660.8880   1569.8284
     1418.1644    816.3104   2023.7079
      875.0447    967.1755    415.0329
      708.8455   1259.8187   1423.8516
     1832.5890    504.7216   2126.6733
       72.0604   2091.4856    449.0095
     2173.7903    365.1509   2160.0327
      385.8091   1994.9175    155.4713
      788.0391   1428.5593     55.2525
     1131.2203    655.3326    676.9099
     1522.5577   2028.3444   2147.3101
     2171.2231   1979.5594    258.0244
     2019.2491   1223.8894   1892.9794
      224.1059    495.5354   1432.0134
      168.8781   1820.9243   1420.2860
     2082.4670   2121.3892    467.8327
     1574.5974     79.1294   1063.3394
     2230.0920    747.0492   2190.6985
     1212.5032   2192.5171    760.5168
     1774.2399   1296.8024   1097.1782
      562.2888    418.5747   1770.2994
     1320.5317   1246.4183    662.5113
       38.8194   1074.7377   1540.0466
     2184.4404   1119.1013   1746.3218
     1676.6168    273.1028     23.7525
      890.8800   2041.8093    855.7481
     1915.2405   1491.9644    836.3008
      781.9312    614.5692    409.5421
     1915.7234    820.0408    131.4076
     2003.4196    316.4889   1200.6591
      521.1047   1166.7565    415.7241
      174.8735    237.2242   1292.0161
     2237.5371   1043.3928   1311.6624
      784.3664    901.6096    663.1444
      427.1946   1518.6915   1042.8741
     2215.9673   1160.3506   1994.4656
     2099.2595   2036.5493    865.6772
       25.4719    747.8726   1567.2910
      366.6971   2024.2400   1914.8740
     1324.7625   2100.0120   1845.9612
     2071.3318   2164.7949    212.5124
     1013.8712    466.8668    682.2983
      550.1379    605.6985   1161.9744
      518.2348     69.4152    367.6399
       38.0180    347.8805   1436.3210
      445.8535    242.2650    122.6271
     1318.7284   1392.9178    835.0623
     1257.4471   1115.5209   1560.6129
     1653.0865    720.9780    379.1910
     2024.2137    198.4998   1724.8329
     2228.2107   1399.4231    189.8199
     1281.2817    268.7504   2201.0205
     2035.1492     28.0493   1454.8859
     1385.8882     35.6069   1357.1443
      365.3333   1803.4423    273.4830
      756.2286     49.0399    378.5121
     1085.9398   1724.1671   1843.5457
     1201.7196    198.3518   1203.7638
     1848.8081   1076.8442    384.7490
     1169.3347    421.6278   1836.8606
      589.5408    736.2075   1327.0204
      330.7357    555.3420    699.6782
      142.8930    847.7891     29.9474
     2031.9546   1890.4171    410.0029
     1453.1306    924.7358    712.3383
     1324.2317   2075.8569    196.6206
      914.6088   1171.9342    316.9222
      155.6820   2101.4812   1940.1370
     1391.9758     30.9778   1862.7612
      523.8468     17.9633   1824.3915
     2073.7759   1383.4116   1382.8342
      145.9588   2008.0554    778.7620
       31.6060    718.8680   1987.4834
     1072.1119   1178.6355   1334.1792
     1108.3605   1684.4653    119.8865
      597.9057    540.3582   2146.6160
     1162.5588   1961.4736   2201.1689
     1209.0842   1641.6176   1334.6561
     1526.2374     85.4292    639.4671
      491.9590   1061.3743   2172.5957
      409.0488    244.0881    987.4266
      544.8972    117.7812    585.3381
      771.2972   1597.5778    909.3541
      578.3773   1675.1090    987.8490
     1767.6871    781.2557   1140.0654
     1606.7399   1278.8267    166.6102
     1100.6689   1013.9799   1460.1821
     1534.8433    899.8446   2245.2373
      280.6361    527.7774   1175.6395
      766.4976   2204.3201   2072.2410
     1002.6780   1899.2379   1468.8491
     1504.5527    584.8914    840.3618
     1910.0055   2054.1531    314.9051
       30.7345    204.7957    754.3226
     1584.0634    675.8410   1216.6448
     2231.7476   1927.7235   1077.0201
       31.2805   1419.4397   1352.7930
      344.3132     78.0509    514.6261
     1655.9503   1176.9817    953.9152
     1346.0516    332.6873   1566.9344
     1377.0380    393.2948   1811.8959
     2011.8368   1271.2756   1599.4912
      638.6776      2.6141   1095.3546
      743.9572   1545.5046   1914.5242
     1030.3192    740.4277   2001.4709
      733.1586    316.9693   1617.0352
     2007.5571   1780.6517   1355.2689
     1380.8123   1125.8519     19.6336
     1113.2147   1829.7462   1300.8643
     2217.2310    551.5552     28.2590
     1481.8059   1019.1152    935.0585
      159.3687     19.0108    194.1597
      102.7160    357.3451   2219.6738
      998.3835    649.6181    153.8145
      876.6425   1038.5863   1768.5684
     2154.1052    569.0766   1183.3805
      798.6453   2237.9961   1501.3608
     1293.0625    834.3948    478.6179
      387.9284   2244.0598    187.7070
      437.7972   1365.3867    377.5935
     1371.9535    399.4388    828.7690
      607.9725   1358.9414   1884.0217
     1486.5796    298.9135    688.2647
     1150.5657   1962.4702   1110.7432
     1298.9379   2027.5277   1661.7618
     2067.1785    841.8941   1238.5000
     2126.6914   2197.8740   1297.7451
     1387.4628     81.2929   1150.2272
     1390.7230   1620.8580    524.9592
      786.2054   1029.7148   1025.4816
      770.3900   2003.9574    167.7240
      636.3185   1664.1163   2059.6228
      879.3273    269.8729    122.6690
     1714.7644    984.9391   1144.8070
     1004.9120    650.5142   1656.6342
        2.8808   1174.3527    732.9917
      762.5282   1671.2114   1148.7766
     1209.4335    455.6902   1175.1874
     2015.7925    835.1398    717.6235
      262.9145   1973.4215   2198.2344
      331.5895    671.5555     52.5844
     1397.4130   2081.0559   1427.3270
       91.8223   1701.3303   1958.2802
     2209.5032   1930.1565    468.2977
     2004.6449    501.6136   2230.2837
     1635.0096    678.2997   1645.1414
      526.1335   1149.3773   1256.8226
      700.0927    213.8031   1261.7089
      655.6179    903.8557   2173.2876
      524.5641   1216.7001    174.6602
      820.8567   1369.1777   1818.0984
      866.0776   1387.9480    307.1684
     1030.6982   2139.2068   1151.8461
     2262.8916   1666.9062   1490.9822
     1576.3977    130.2957   1688.0918
      469.3542   2101.8896    369.8855
     1746.4543    197.8793    923.7614
     1849.3665   1115.3948      0.5159
      988.7000   1488.7977    153.4606
      696.0646    821.3002    351.7455
     2110.2407   1884.2736   1696.6759
      942.2346   1077.5367     74.7465
      136.4074   1565.1605   2152.9714
      222.9665   1617.4631    985.4911
     1007.1985    888.2721    140.0466
      499.9428    785.9639    464.7619
      837.4161   1915.0148    368.6556
     1059.8181    321.2497    277.2651
     2137.8889    580.9272    966.5224
      587.5302   1465.6553   2123.6509
      463.2092   1346.2129   1190.5815
      369.9806    887.6779     47.5514
     1706.0040    798.6865    180.3239
     1032.2797   1610.1271   2173.2183
      380.6411   1577.2167    442.2720
     2068.4968   1868.9414   1916.0243
      617.3476     26.5750   1313.1233
      814.9230    468.7775   1236.2885
      950.1037   2055.3269     33.8299
      813.3460   2228.1558   1232.4943
     1298.8473    369.7335   2014.1198
      116.7876    669.5064   1136.0623
     1971.1292   1079.1370   2045.5531
      943.8284   1884.5231    189.3245
     2017.6525   1988.8065     71.1537
      100.3658    655.0538    113.4368
     1544.7620   1547.9542   1809.2610
     1560.2108    676.8591   1452.3359
      984.5923    104.9762    286.3116
     1749.8912   1019.5510   2089.2678
      493.9521   1976.3506   2083.6892
      160.9311   1288.8492     37.3038
     1599.1877   1093.7130   1856.2811
     2150.5696   1677.2122   1694.7994
      907.3315   2163.7214   1721.0696
     2090.9067   1343.9745    947.6599
     1442.3162   1070.5330   1725.3368
     1626.8549    496.1671   2174.8120
     1725.5033   1480.4189    972.3268
      762.9560   1870.2568     10.7556
      223.3000   2009.3829   1574.1678
      973.3316    470.2874   1910.0179
      516.5814   1569.3243   1540.8187
      885.1580    147.5427   1374.1978
     1096.9717    671.5706    363.0997
     1252.9746    868.2313    918.1606
      926.0985   1699.9534    809.5702
     1895.8221    333.1662     12.2250
      909.4953   1295.6918   1251.3862
     1820.8917    879.5583    814.8415
      958.0771   1670.4298    283.5670
     1183.8330   1102.5063   1068.6261
     1275.9857    161.1870    226.9202
      677.5054    736.8571    567.6575
     1589.6897   1937.7714    469.0847
      942.0979    233.9006   1562.3040
     1356.4066   1882.6874   2068.7341
     1706.3385   1698.1171    181.7699
     1756.1567    128.7356    420.2297
      931.1383    491.6563    301.3021
      616.4117   1876.7764   1073.7985
      410.8000   2196.0911   1125.0585
     2102.0945   1392.9196   1804.6714
     1413.8553    405.2769    495.4313
      810.9064    985.1882    205.4905
     1738.5775    888.6158   2256.5627
     1760.1031    258.9994   1634.5645
     1815.9064    125.2480   2226.6528
     1770.7981    341.4718   1275.7726
       77.0537     91.0995   1189.6993
      686.9157    553.0372   1387.6857
     2084.8259   1444.0533     41.4419
     2219.8821    143.9186   1824.9957
     2057.6895   1025.1908   1111.2544
     2177.7114    338.8042   1699.1211
     1746.9020   2139.9758    450.3612
     1475.1670    599.7370   2089.8779
     1669.8956    929.5653    359.0100
     1078.7874   1037.8418   1660.4242
     1563.2297   1873.9772   1373.0469
     1399.6438    821.9526   1333.8053
     2231.6865   1732.2584    387.1126
     1792.4022      4.2614   1359.3066
      704.2535   1824.7391    534.7742
      476.9968   1588.8419   1945.0160
     1421.4071    777.3060   1567.9529
      793.1811   1815.1512    975.0461
      177.9993    171.0827    631.5480
     1711.1345   2005.8507    788.4540
     1909.1803   2126.9067   1444.4751
     1931.2410   1782.3004    627.7077
     1738.8247   1348.8346   1894.0646
     2086.0464   2238.4971   2256.9905
     2148.8630   1863.3839   1490.1279
     1838.1624    745.7625   2049.4158
       45.8091   1546.6146   1147.5834
     1959.0387    687.6136   1178.3041
     1187.1295   1889.3386    170.4306
     1118.8564    640.2616   1481.3802
     1815.4871    111.9718   1773.6239
     1068.6224   1259.8357   1522.6537
     1310.4753    932.9590   2174.3916
     1046.0188    827.6884   1561.0931
     2067.8906   2082.4724   1076.9320
      994.0607   1276.3564    126.9186
      355.7504   1641.1907    655.0906
      293.1273   1717.1570   1875.7494
     1973.5707    859.6547   1475.1626
      337.4169    694.4240   1045.0559
     1418.6351   1694.3651   2171.5322
      453.3089   1333.2742   2249.3252
      140.7219    921.7589   1665.0618
      660.1412    988.6415    498.6208
     1244.0054   1936.9884   1495.6731
      940.2796    223.5915    703.0627
      492.2884    718.2899    714.6395
     1070.6196    536.7624    880.1461
      385.9888   1620.6875   1719.8031
     1226.2084    887.6354    693.4959
     2127.2231    302.6975    303.1987
      157.4722    511.6566    556.7305
     2073.2607   1053.9884   1557.5441
     2060.1489    595.5246   2036.1479
      145.8256    413.6771   1636.9495
     1826.0475   1873.4148   1952.3268
      237.7054   1014.6452   2185.8762
     1786.0176   1626.6996    597.8132
      834.6299   1514.2285   1301.5623
     1902.3579    589.1171   1502.0375
     1502.6509   1020.1439   2100.0352
      291.2755   1666.0143   1221.4714
     1864.3221    973.0505    607.9257
      883.3762    875.7363    902.2341
     1813.0094    609.7931    283.3815
     2010.8433   1398.8694    232.6196
     1690.8197    406.7355    604.3513
     2076.4226   1131.9226    899.1262
      148.1411   1831.5865    940.4429
     1624.9291    346.1546   1457.1888
     2196.6118   1807.2739   2070.2600
      480.3996    562.7718   1908.6937
      903.4136    651.4302   1842.2201
     2103.8767    244.6164   1502.0167
      597.2134    719.1280   2001.3033
     1915.4779    493.4846    645.0129
        1.2715    403.2361    876.9316
     2064.3865   1794.9830    206.5446
      585.8270   1303.5797    763.1689
     1150.7700   1759.9352   1073.0232
     1164.3396   1443.1967    533.3071
     1987.7482   1246.5948   1121.9387
     2105.6636   1288.5226    581.2067
      739.0081   1549.5455    216.7241
     1708.5597   1134.0188    556.4467
     1721.4164   1919.1929   1219.0217
     1866.0439    515.5278   1895.9449
     2072.4822    517.9904   1818.2065
      947.3358   1373.4788   2019.7416
     1986.1925   1888.2607   1167.0585
     2070.3467    708.9140   1604.9595
     1782.3198   1727.3240    406.9029
     2222.6292    764.6086    609.1450
     1587.9780   1827.0310   2093.0959
     1874.6943   1379.6128   1276.3462
      349.6376   1245.3307    763.3086
     1084.0146    301.5416    536.8577
     2242.1848   2195.1506    315.2204
      942.0952   1805.3435   1136.9991
     1764.7064   2218.0164   2052.7568
      532.2184    727.0240   2260.0957
        5.8053    222.6603    500.9830
     1986.7759     24.2275   1855.7897
     1627.6237   1818.4718   1567.0281
       46.4686   2061.1682    958.1453
      637.5651    146.3286   2014.5771
      284.3167    211.4135   1931.2964
      934.6906    511.7441   2123.2048
      209.9686   1116.6067    654.8026
     1493.7267   1530.3500    919.6169
      401.9402   1944.8759   1479.1749
      165.7904   2070.5051    227.1418
     1294.7863   1741.3303    312.5721
     1298.9550   2210.9971    373.1620
     2000.2076    139.7953    151.8223
     1211.1193   1194.1113    173.1465
     1067.7738    905.9464   1031.6921
      446.4284    135.3840   1431.8528
     1297.3987   1074.0739    830.4989
     1515.4249    882.3980   1111.5767
      136.6097   1602.3840   1337.2321
     1920.4160   2091.2881   2186.1763
     1185.3096    766.8547     92.3678
     1942.3467    179.2315   1029.1904
      636.6273   2199.3767    515.2622
     1720.0730   2258.6184    675.3632
     1368.9485   1835.9320    525.4121
      570.3719   1752.8268   1843.8929
       60.5759   2168.5078   2149.4800
      177.4965   1026.4580   1303.1025
      527.3559    972.4989   1904.3356
     1894.9122   1187.3254    610.5121
      491.1569    939.3104   1325.6779
     1993.2477   2248.8838   2070.2947
      978.6085   1216.1533    912.9019
     1318.2709   1628.3749    123.4363
     1569.3771   1654.7367    765.8239
     1977.7592   1678.9603   2044.6238
      597.4285   1582.1577    589.3489
      636.5370   1711.4430    784.2994
     1427.2618     14.3709    191.9302
     1098.6102   1474.2450    856.8870
      483.5528    961.4353    330.4755
     1284.9135   1778.6565   1703.3818
     1523.3400    860.8359   1745.4989
      860.2580   1227.7657   1647.0963
     1162.2723     22.1973   1954.8806
     1327.3396    589.5373   1940.3870
     1374.5402    713.1611    666.0143
      977.1754   2177.8152   1380.5806
     1433.7284   1916.7679    274.0166
      187.2741   1652.7450    327.7455
      963.8223   1926.1917   1904.3298
      336.1839    850.0825   1463.8821
     1927.9680    173.8046   1342.4135
      149.0360   1088.4617   1964.3308
     1826.8956   1733.9839   1196.4148
      186.1966   1896.8416   1788.7408
      883.1284   1991.6582   1086.2404
      981.0355    338.8216    863.4181
     1929.2379    902.3558   2153.9648
       44.4640    475.9482   1073.8844
      235.8394    230.4213    858.2200
     1677.5997    471.4138   1777.1897
     1997.7339   1556.4902    637.7005
     1414.3749    401.2930   1372.4084
      826.6780     96.3975   1678.2301
     1436.5582   1202.7665   1972.4647
     1666.7881   2069.1860   1384.0553
     1003.6441    440.0862   1696.9349
       84.6047    236.9967    254.7086
      156.3582    918.4172    558.0222
      765.8190    145.2342   2213.7717
      137.5754   1219.2361    475.7001
      994.3707    812.2886   1349.2064
      671.4866   1320.9438    323.4876
      766.0381   2174.3340     33.9788
      949.8446   1895.5984    692.3555
     1327.4191    769.5384   1829.1724
     1740.5326    751.7647   1834.2053
     1504.6644   1015.0358   1335.8253
      976.4682    705.9152   2207.4534
     1025.5723    543.2850   1291.3879
