       79.6326    223.4594   1664.0413
      735.1350   1180.6064    361.9236
      331.2173   1618.8962   1432.8903
     2131.6375    799.1614   1056.5573
     2233.2041     87.5917    196.9701
     1414.4681   1445.0673     63.5227
      725.1777    200.6456    582.9196
     1632.4939   1134.5707   2152.0183
     1793.6014   1254.2919    374.9673
     1565.7241    768.0906   1593.2388
     2170.3171   1837.4404    365.2035
      386.2096   1857.5944    810.0796
     1489.6494   1667.7252   2177.6484
      696.1376    530.8280   1918.7291
     1344.3273   1564.3425   1306.9999
      109.6918   1397.0723   1999.2950
      598.5386    936.2871   1742.7902
     1184.8096    334.8278    681.9048
      565.6517    615.2819    957.3055
     2020.0985   1958.0149    104.5677
     2110.1785   1256.6704   1079.7631
      837.8181   2257.3477   1150.6750
      691.0059    425.2159   2169.2375
      174.0976    818.1471    934.1838
      599.8745   2169.3464   1045.3701
     1028.7677   2163.4233    201.2634
     1601.7664   1873.3610   1754.0068
       16.1859     72.6132   1445.0331
     2048.0891   1323.3817   1463.2538
     1619.9786   2211.3071   1735.1194
      487.2058    361.7699    951.5092
      986.2322   1511.0834   2053.1658
     1033.8889   1528.8707    414.1710
      857.4559   1189.9117   1104.3345
      518.0177    277.5261    133.5645
     1423.4303   1842.7484    114.7473
     1140.7009   1159.6782   1982.1136
     1872.1752   1207.5665   2189.3228
     1621.2834   1825.7080    310.2048
      550.5362   1547.2328    344.8302
      348.1370    447.6192     67.3422
      903.8690     36.3382   1517.2891
     2068.2917    595.3823    338.7187
      696.9186   2181.7615   1636.7015
      169.1495   1755.9573    814.0215
      915.7869   1125.4185    187.1366
     1591.9619   1933.9006   1241.9373
     2231.6743   1307.0205    403.2842
     2156.7727   1143.7441    655.6525
     1547.2227    501.1743   1025.1436
     1033.5134   2256.3801    457.4742
      213.7605    715.5338   1435.5278
        1.1304   1334.2037   1298.1187
     1987.5387    612.1838    914.5462
      906.3763    628.4510     32.9648
     1918.6274   1009.4015    221.4005
     2142.5583   1054.0669    345.7650
     2006.8893    235.7144    287.4047
      118.1985   1027.9059    673.4849
      496.2829   1573.0194   1199.3439
      734.1811   1176.3970   1748.2032
     1999.1010   1631.7832    576.8635
     1805.8225   2142.7693    603.2495
     2124.4636   1095.0270   1361.2253
     1488.0366   1782.3304   1542.5001
     1202.1180   2240.2620   1407.7168
      964.8179   1801.5057   1750.3162
     1852.2903   2120.6616   2254.1331
     2121.4146    851.8006   1304.5554
     1216.8016    200.9210    901.4272
     1302.1478   2184.9084    922.0547
     2030.8723   2252.4355   1419.7004
     1954.0481   1291.4393   1740.1156
      287.8588   1771.9006   1232.6420
     1156.8793    184.1438   1538.8000
      975.3316   1616.5729   1572.0771
      654.5565   1802.8269   2179.3760
     1964.4344   1444.1677    384.6937
      843.6622   2231.5989    655.2519
     1003.5289    818.6583   1184.7760
     1870.7296   1000.3842   1304.9501
     1789.7882    779.3617    165.0221
     2217.2979    272.6999   1313.1650
     1197.2224      2.7085     49.5732
     1749.4122   1269.6967    787.0151
     1026.9468   2045.5530   1320.1957
      451.9771   1840.1742   1670.2039
     1863.2931    237.3811     91.8465
     1686.3187   1375.0575    545.6563
      408.3989    204.8862    718.2357
     2220.0220   2153.0728    973.2072
      789.0552   1427.6996    717.9304
     1967.6316   2159.2209    882.6765
      527.5868    598.5200    273.7527
      415.2397   2107.9426    840.8154
     1911.3497    150.2487   1006.3010
     1386.8104    552.9089   1653.7806
      392.3700   2143.0886    334.4201
      410.8997    136.2659    337.2674
     1660.9489   1645.9103   1771.5399
     1754.2482   1456.1968   1326.3429
     1583.4873    140.6813   1306.4147
      435.5663    718.9473   1519.1235
      221.6977   1930.8406    993.5814
     1251.9528   1316.5209    532.5423
     1492.2750     82.8287    276.8791
     1270.6960   1851.7972   1740.5762
     1050.6503   2056.8972    582.6025
      374.2667   1120.3810    596.7861
     1351.7003   1069.2213    855.9167
      585.7193    885.0840    969.0832
     1301.0671    883.5040    963.1845
      546.2452      8.6490    513.9492
      476.9637   1571.2947   1639.1033
     1083.2203   1811.0044   1226.8745
     2088.4558    906.9967   2084.7393
      617.0404   1077.9478   1151.2329
     1809.6249    743.7888   1394.2460
     2103.8552    361.6835   1546.3250
      536.2677   1331.6991   1210.4733
     1838.2097    318.2008    653.5400
     1409.8918   1273.8538   2167.8630
      666.4559   2033.1804    739.3417
     2069.0361   1688.9052   1110.2620
     1894.2562     78.8218    474.2296
     1732.9767   1588.6842    841.1371
     1084.1194   1775.1066   2233.0723
     1863.6484    620.6725   2113.6719
      158.5706    141.3680   1196.4032
      113.8895    729.0591   2149.6743
     2001.8568   1882.3569    981.7858
      163.0075   1326.2111   1073.0742
      116.3634   1086.1808    961.3380
      585.4051    961.1881   1511.2371
     1738.3185   1348.9841   1042.2516
      632.7190   1868.2975    936.9503
     1463.5327    605.7598     32.6598
      206.2900   1193.8936   1738.5409
      598.7996     23.7392    228.1779
      483.6205   1962.2311    540.6019
       55.2187   1061.5408   1201.5837
     1408.7791    984.0825    282.0321
      651.8127   1952.5347   1528.4719
     1039.6809   1540.0145    719.8090
      206.0901   2168.5320   1428.1718
       26.4423   1911.3530    176.6367
      970.0472   1344.8301   1573.2197
     1758.3038   1756.9703   1401.3278
       48.8680    490.5571   2021.9714
      231.8906    718.4182   1719.6700
     1256.8254    322.8526   1118.3757
     2250.8159    720.0350   1617.9502
     1992.4603    716.9076    610.1053
     1078.9006   1991.6182   2065.3076
      324.0547   1350.0411   1529.6979
      866.4167    539.3467   1422.4252
      208.8541    670.1172    122.2420
     1266.9135    230.9617    427.8386
     1556.1378   1178.6486    409.1723
     1582.6418   1233.3552   1867.6804
      319.6767   2220.2942    110.5767
      265.3004    949.0978   1866.6555
     2209.9785    356.4372    865.3184
     1661.9229   1005.7375   1538.8884
     1886.8922   1580.2208   1522.2421
       55.1494    221.5148    679.7873
     1200.6686   1323.6752   1309.4795
      799.9014    781.3798    518.5877
     1502.4457    453.7494   1463.0447
      379.3539    496.5955   1356.0138
      203.0044   2164.8354   1058.6763
     1411.9912   2093.0981    178.7932
     1327.9050   1928.7878    863.0712
      115.8889    808.2427   1207.9801
     1676.4377     35.4161   1041.7904
     2175.8848    958.6367    851.3832
      854.2051   1871.9908    791.8530
      538.6320    892.0181   2114.4688
     1706.5825    468.2478      9.3598
      236.7069   1225.7356    369.7873
     1440.7822    449.1420   1883.9044
      638.0352    797.6030    737.5967
     1719.4155   1394.1008   1743.0812
     1910.5126   1802.5253   1235.6270
      857.6417   1960.8727   1096.7676
      686.2609   1322.8192    947.8643
      718.6411    444.1757    191.8834
      899.9359   1032.3450    511.8788
      406.6624    496.5289   1795.3895
     1288.6967   1362.9401   1943.1846
      594.4095   1778.7996    676.6995
     1007.3887    269.2897   1048.3921
      418.9030   1985.8226   1080.5450
       51.2211    464.6828   1570.0189
     1191.5699    477.0269   1990.5822
      877.6000   1563.4355   1854.7714
      640.8265   1543.6346     69.7689
      537.4325    514.5284   1151.8420
     2029.8739   1701.1360   1974.2253
      840.2507   1854.4236   1376.4031
      192.1510     30.8986    327.0255
     1836.1813     71.1524   1241.9818
     2168.1047    422.5818    208.7354
       92.6465   1604.0789   1278.0859
     1154.2679    665.6198   1499.7395
      963.7328    225.7599    577.4399
      857.4808   1078.7701   1926.1851
     2073.7566   1139.6898      4.2445
     1100.1256     34.6697   1733.5146
     1307.6243   1666.4840    828.6137
      370.9672   1462.0927   1026.7295
     1170.4501   2260.0286   2046.7081
     1833.5770   1820.7156    790.5836
      234.3589   2014.9880   1620.8563
     1335.2994   1996.6169   1457.9337
     1927.2625   1085.2139   1556.0980
      492.0608   2106.2673   1749.3895
      236.1255     10.6035    809.7221
       68.4209    369.2023   1099.8582
       66.6702   1088.3033   1923.4675
     1307.7732   1629.9569   1598.8064
     1407.0464     47.8249    513.4063
     1722.3904    938.3983    367.5286
      366.8549   1895.2506    322.0323
      826.6287   1436.1783    494.7531
       57.5654   1435.0945   1498.1716
     1747.2507    329.4689   1316.8678
     2054.0798   2170.2734    613.7457
     1241.6310   2102.0774   1852.2208
     1269.3358   1960.1566   1137.1365
     1231.3074    236.7365   2175.1145
     1153.7042    513.6565    990.0243
     1600.1694   1370.0187    251.1099
     1388.0710   1381.6222   1472.9990
     1310.4164   1434.6078   1108.8947
      929.4191    557.0927   1072.5347
     1771.3599     31.4350    248.3737
     1140.0560    440.8908     48.9603
      567.0814     40.4602    769.4167
     1121.8689   1566.9257   1390.2435
     2209.8489   1828.4471   1343.2181
     1205.0256   1386.2020   1691.3478
     1046.5101   1010.4493    951.7292
     1505.1189   1225.5521    653.5517
     1409.0996    679.5953   1398.7076
      894.3951   1932.4026    326.5129
      800.1244   1291.6287   1952.3636
     2246.7214   1557.7905   2165.8032
      820.3447    614.3775    339.3606
     2174.6238    576.2255   1391.4448
       48.3313   2230.3081    641.0051
     1683.6520    754.5300   2193.4563
     1168.0824     50.2520    667.7250
     1327.0156   1050.8119    522.0850
     1624.5983    432.5258    765.3710
      709.6268    757.0233   1484.9711
      958.3561    906.9789     81.5801
     1351.2462   1293.0530    292.1859
      142.5163   2013.3300   2167.6201
     1127.0575    923.8426   1608.4404
      565.2255    569.1881     47.2119
      375.0048    956.5910   1064.5275
     1946.9620    871.1407    859.7200
     1514.1531    752.1899    237.5364
     1889.3490   2192.2305   1974.6146
     1925.7242   1790.9512    372.2051
     1377.7645     25.6988   1737.0979
     1176.8336   1964.2538    364.0967
     2238.4695   1599.2070    825.1063
     2066.0322   1400.8341   1983.4246
      782.1553   1434.3679   1655.4214
     1963.3195    978.0143    611.6667
     1817.3431   1558.8794   2035.0438
      322.9203   1842.1448   2112.8389
      749.7819    128.1796     87.5320
      821.9261    258.5153   1450.5870
     1427.7772   1676.9015   1858.1405
     1971.7527   1479.7137   2216.0969
     2017.7817   1234.1483    263.5836
      934.4104    791.5488   1413.7135
      267.2874    209.8465     94.8266
     1077.8910   1750.5204    474.8918
     1169.6206   1825.2612   1485.2922
     1553.1530   2040.1542    681.9590
     2169.9265   1958.1476    816.2091
       52.1150    937.1176   1442.7557
     1293.6244    950.6814   1869.3929
     2236.9778    663.6804    116.4347
      266.4726    405.4480   2072.5283
      680.9084    695.6298   2114.7034
     1648.0284    533.1589    274.2562
      379.1710    725.7549   1195.6252
     1515.7537   1339.1766    956.8578
      730.7772    654.3823   1216.8329
     1087.1133    556.4576   1278.7346
     2258.2114   1846.2841   1037.5378
     2261.0449   1867.2903   1727.4388
     1021.5705     44.6530    864.7589
     1539.7001   1388.8860   1206.3132
     1528.0269    804.8523    885.8793
      901.2842    658.9542   1645.0459
      461.7661    784.8665   1896.1904
     1978.2788    687.2905    102.4628
     1686.6346     28.8081   2003.2003
      977.7109   1291.9192    656.5029
      615.7192    673.0080   1711.6095
      377.6305   1403.5704    267.8687
     1068.4214    631.8596    252.8371
     1750.3475   1626.9950     64.3188
     1985.9913   1395.6207    900.6385
     1087.0402    736.2642    917.4041
     1899.2737   2063.3018    355.0580
      954.8206    887.8677    308.3059
      156.2035    546.3214   1243.1431
     1886.3634   1034.2126   1965.5624
      456.0520    338.2374    517.5945
     2055.0056   1020.2396   1107.8518
     1137.6389   1388.9397   2184.4663
      631.6090     70.1143   1380.5956
     1650.2708   1781.6875   2035.6249
      228.3178      2.5663   1643.7966
     1733.7703   1278.8588   1544.2777
     2166.2056    290.3663   2045.5391
      433.2881   1714.9945   1009.8329
      829.0323   1580.1041   1367.5333
     2032.2040   1897.5741   1511.1705
     1481.0701   1470.5035    696.6051
     1232.4189   1372.7799    810.8674
     2097.9192    663.8630   2126.9202
      552.5154   1981.1364    120.7362
      946.5165   2168.3718   2187.9194
      806.5075   1025.5057   1310.6804
     2026.1833   2100.3328   1633.3458
      590.8095   2042.1040   1255.2258
      241.5805    668.8588   1948.0714
      484.7448    517.9180   2047.3206
     1292.5682   1575.2493   2063.4126
     1455.1257    746.7007   2072.2600
     1543.7867    298.5349    125.4146
     1588.4196   1067.5532   1052.8721
     1669.5171    187.0912    831.6896
     2122.8972    530.8129   1155.9293
     1339.2465    184.7860   1344.0143
      705.7850    949.9638    262.2116
      115.5832   1787.1820   2242.0654
     1054.0209    298.6107   1279.8196
     1334.7169   1147.0005   1781.8490
     1231.6388   1473.8757    288.1925
     1388.6412    433.0316   2173.5571
      816.2288   2140.5159    870.7623
      228.4525   1937.7693   1846.9666
      467.4501     79.2881   1736.0830
      137.9208   1977.6879   1216.1425
     1060.9952    155.2777    214.1815
     1840.8591    824.7430   1663.4877
      870.4245   1367.6842     25.6485
     2174.5903   1419.2351    644.8337
     1147.2904    597.2725   1750.0630
      661.9771    158.7003   1614.8124
     1612.9353    524.1420   2044.2062
       94.2651    292.1372    266.8029
      960.1433   2075.2695   1826.5819
     1515.6182    973.2816    733.4983
      324.7122    618.1765    489.6795
      394.8488   1605.4648    759.7051
     2238.8945   1315.5839    865.2894
     1148.2325   1789.3783   1957.8854
     1705.2684   1928.2614    515.2040
      187.4332    311.7237   1419.7046
        4.9264   2219.5742   1756.3501
      118.0921    141.1034    959.3610
     1956.8807    341.5183    883.1377
       64.5317   2135.4832    120.9457
      541.6140   1315.0205   1892.0342
      253.3864    309.3527    885.0104
      960.1952    445.7717   2116.3972
     1907.0001   1263.1263   1287.6379
      815.7605   1966.1769    558.9545
      390.0982   1946.2916   1365.8583
        3.5975   1644.4412    181.6730
     2026.4329   1650.3695    855.9452
      824.4438    619.7463    728.0664
      155.3453   1820.5544   1446.6262
      876.5788   1801.5338   2021.5848
     2080.5840    218.1220    621.0854
     2203.0938    684.2332    804.4177
      164.1427   1463.5703   1718.7865
     1814.4049   1276.5367   1968.8969
     1117.8461    584.9659    727.9056
      983.8505    691.6038   2040.5273
     1255.1637   1633.6974     57.1046
     1935.0107    488.5594   1352.9543
     1935.6257    731.8533   1178.5209
      173.6339    920.0244    117.1282
      698.0767    454.0504    474.5514
     1697.7659    301.1115   1055.4556
     2214.6174    592.6425    546.3908
     1599.6155    173.3639   1820.6241
      321.9081    273.6714   1682.3760
     2127.4297    222.7023     33.2195
     1753.8116    338.1034   1882.5930
      829.2570    931.4276   1058.9768
     1852.3870     56.0438   1740.6099
     1595.1704    921.7717     51.1871
      544.8245   2243.2124   1967.4177
     1727.2388   1642.4938    610.1108
     1899.3262   1461.5177    693.2686
      395.3928      5.3060   1218.6915
      736.6831   2122.5906    122.9555
     1190.8300    677.2411   2249.8269
     1709.7316   1061.5720    597.7939
     1612.7202   1508.5365   1526.3503
      552.6352     35.9031   2243.4949
      284.1105   1438.8687   1274.5848
      634.7844    179.1941   1072.5809
      277.5388   1180.5048   1233.1182
     1237.5447   2206.0010    358.3838
      644.8737    254.7038    367.7949
     1687.4794   2011.5253   1980.4836
     2196.7173   1587.5416   1822.2125
     1990.6976   1448.2645   1186.6823
     1714.6029   1838.0923   1021.8965
      260.7510    942.3437   2125.3647
      954.7766   1254.7433   1385.5972
      393.8205   2099.8208   2192.4451
      180.5742   1158.9775   1475.9727
      693.8619   1238.5405   1505.9639
      109.5151    532.6442    314.3145
     1754.7325    560.9741   1555.2460
      921.6625   2005.4868   1586.5079
     1451.9714   1441.0980   1738.8054
      153.6628   1328.7087    613.0120
     1241.6802    794.2524   1204.0778
      743.8186   1851.0878    190.5639
     1002.3995    844.8496   1834.0504
       37.7150    957.9276   1681.0668
      658.0115   2066.9312   2167.4749
     2217.5913   1746.5481    604.2452
     1882.9398    341.0339   1667.3824
     1048.1188    684.8134    484.4185
     1359.7566   1000.3563   1490.3864
     1464.5446   2241.9839   1986.2921
     1293.9863    267.1190    157.1367
     1644.2910    582.8259   1255.2833
      525.1724   1743.9357    145.8549
     2049.2451   1922.3981    562.7958
      217.9265   1692.9294   1673.6954
     1087.2566   1255.6520    969.7275
     1336.4810   1864.3074   2141.5310
     1232.8782    510.1764    500.4006
     1171.0511    851.6515    194.2465
      396.3645   1198.1327   1030.8297
     1489.2806   1805.5919   1037.1937
      708.0813    759.5948     90.6550
     1192.6791   1107.7500      2.8040
      584.8346   1449.3606   1452.9836
     1882.6006    965.4449   2236.9375
      469.4028   1048.1381    283.8664
     2218.7344   1180.1248   1590.4658
      310.7031   1160.1575    141.8605
     1068.5265   1857.3939    970.8638
     1803.2935   2053.5996   1115.2642
      383.1796   1667.1355    514.1110
     1641.7191   1374.6897   2242.2456
     1102.0902    365.9334    328.7304
      796.7281   2117.8406   1369.4703
     1944.7749    195.1017   1917.4436
     1930.8390   1261.5255    575.9477
     1133.6428    886.0002   2119.6873
      363.7279    996.4249   1639.3782
     2106.9905   1480.4232   1606.5946
     1381.9065    535.4858    686.5879
     1592.1774   2150.3423    428.1378
       66.7747    467.2175      7.7800
      347.2667   1459.2076   1913.2308
     1328.0289    666.0938    886.1580
      572.4676    309.3098   1862.1768
     1071.8594    402.1750   1570.6898
     2255.6965   2055.8955   1514.4388
      363.8335    407.7628    311.1915
      251.0183    148.4113    548.3307
     1303.4686   2110.7083    617.4626
      264.3843     40.8816   2115.7014
     1588.6688   1667.6079   1285.7021
      330.3159   1181.4363   1949.3840
     2210.1152   1511.9381   1056.3832
      865.0227   1674.0599    844.9056
      568.5079    872.1295   1258.8750
     2026.0472   2242.9519    152.6112
      591.4602   1075.8942   1946.2765
     2018.5287    607.7034   1574.5216
     1795.8679    573.5561   1800.7919
     1157.3817   1094.6874   1170.6509
      291.8250    510.5634   1588.7301
      557.3159    788.9824    422.0973
     1493.8297   1206.5128   1594.0775
      870.6810    258.0420    344.2736
     1037.9304   1242.3540    408.1660
     2152.4663    886.1608     76.5008
      163.6563   1208.7592   2172.9546
      134.9800    744.8805    659.9368
      628.2271    398.7932    714.0554
     1039.3734   1419.9690   1171.8431
       24.0870    834.5317    336.0233
     1300.1697    832.6469    675.0852
      473.3671   1171.8523   1399.8632
      755.6143    112.6370   2105.5149
      364.4059    691.0286   2165.0850
      986.7517    149.9463   2193.8345
      122.8120    240.3929   2169.8428
     1463.4427    298.8501    615.0623
      154.3112    981.0591    441.0981
      704.1591   1495.3416   2078.6460
     1822.7646   1609.7700   1105.8252
     1876.7987   1825.5994   2167.3518
     1832.0430    326.0354   2116.7974
      384.6688    499.5719    749.8279
     1818.3217   2044.6282   1742.8267
     1150.2301   1125.4825    717.2233
       86.1764    168.6174   1903.1547
     1580.9905   2129.8748   2185.6213
      654.7872   1290.1968   2157.3809
     1145.7803   1984.2897     81.4752
      490.4978   2165.3423   1500.9200
     1911.4565    178.4852   1475.5339
      800.2844   2245.5706    387.0316
      512.3817   1614.3016   2090.7288
     1267.3303    429.3734   1376.4037
     1850.1804   1413.7021    170.7470
     2235.7925     14.3689   2156.6733
      907.7695   1082.1418   1527.2327
     1478.4579   2240.9155   1491.0051
     2006.3053    514.4163   1936.3374
      433.0296   1095.2510   2209.3279
     1498.5546    862.6768    475.8150
     1976.7922    298.7726   1191.9193
     1197.7764    345.5723   1741.5775
      192.4724   1487.4497    789.2820
     1608.6913    895.9310   1319.1333
     1396.2579    270.7151   1625.2303
      828.6348    902.1311   2126.7566
     1424.1421   2024.6725   1674.4426
      811.5413    944.8270    766.2809
     1590.5891    425.3602   1683.7878
      817.9843    707.2382    960.5953
      852.5309   1649.7917   2255.9993
     1689.1746   2066.9517    203.3478
     2153.5696    144.6792   1111.0791
      290.1227   1926.6591    105.8706
     1408.7046   1939.5876    369.4718
     1223.5542     82.4106   1139.5070
      860.0967   1174.2369    856.7634
      968.4838   1169.0822   2168.0024
     1427.9869   1150.8413     88.9571
      853.6594    920.3959   1664.3353
     1434.9314   1470.8420    460.9496
      120.4875    510.3793    775.3005
     1915.9401    407.9607    438.7810
     1137.6846   1533.6097    969.8786
      241.6866   1221.8928    822.3568
      565.2498   1306.8060    412.0923
      592.1786   1072.7262    803.7456
     2136.4014   2145.9451    329.6381
      868.5823   1936.7830   2258.7415
      722.0267   1554.9203   1088.9052
      308.0623    949.6785   1363.6007
     1663.6254    173.6431    529.6959
      399.3678    744.6096    811.4928
      822.7399    274.0877   1967.5814
      510.3826   1967.8971   1974.6516
     2082.5225    469.2767    696.7277
     1251.8734   1709.0361   1067.8046
     1252.3481    717.3160   1948.6935
      961.2860     39.4677   1942.0927
     2198.5229   1339.8154   2177.1787
     1031.0750   1348.8596   1853.2468
     1017.6534     58.1890   1296.8849
      371.1962   1341.0994   2159.2390
     1473.9771    350.9770   1190.7850
     1795.3083    687.6964    411.0664
     1993.6981   2210.3640   1141.7939
      448.4124    829.1434    105.7211
     2084.2036   1586.2858   1353.6782
      176.1991    388.6861    549.7830
      942.9546    493.2317   1845.7281
     2019.5126   1670.3862    167.1576
      519.1887    378.6999   1596.9811
     1349.9297   1053.3833   2097.3835
      646.4184   1551.1384   1828.2509
     2251.3611   1833.1766   2008.0469
     2047.6797   1714.6670   1694.7124
     1582.8658   1788.6466    807.6599
     1500.1458   1009.7752   1759.1871
     1137.8396   1596.9189   1815.8120
     1103.8611    979.8421   1349.6464
     1121.3533   2126.5364   1101.3694
      669.4358   1052.9406     26.6571
     1465.8082    127.4524   1030.1414
     1772.6083   1078.1000   1750.7811
     1582.1071   2228.8516    797.4783
     2218.2322     98.9760    453.1228
      306.5418   2165.2393    577.8629
     1828.9799    562.6737    737.8146
     1724.1860    676.9605    928.3436
     2129.4055   2046.2904   2133.5244
      710.1963   1965.0844   1783.0026
     1122.5055    946.9410    468.6464
     1189.7649   2091.9331   1624.0272
     2030.2572   1977.9387   1912.8375
       49.0577    598.4872    998.2313
     1815.3022   1810.6455   1644.3521
     1187.5422   1178.7990   1553.1405
     1598.5364   1480.3956   2021.4075
      654.4838   1808.4972    413.7766
      259.1707   1569.6305   2139.7183
       34.5544   1000.1511   2159.6309
     1512.0045   2075.6362   1036.7719
     2262.3748   2031.2544    542.1675
      180.6028   1743.7834    301.7633
      349.4671    209.7350   1932.8442
       27.6179   2082.8269   1948.0770
     2047.5781   1039.3861   1773.7002
     2207.2551    882.3439    561.8029
      765.9515    196.0927    851.7314
      307.9419    590.9884   1003.0256
     2086.3875   1792.0861   2187.5129
     1621.8903    976.8002   1954.8098
     1728.8885    859.5052   1097.7402
     1654.6742   1162.9215   1291.8434
     2180.1714   1417.9672    169.6538
     1543.4015    232.7890   2102.5366
     1487.9670    611.9466    462.0959
      828.9207   1680.9412    547.9463
      668.8888   1828.3359   1166.0626
     1646.5647    184.6513   1561.9785
      754.7733    438.5557   1659.6440
     1792.1309   2245.1384   1540.0594
     1679.1982    468.4278    530.8167
       17.9097   1654.8206   1548.1730
      323.0404    991.3990    823.4471
     1637.4996   1917.0015     12.4387
     1510.9034   1556.6588    973.2797
      384.3372   1546.2791     93.5492
      538.1670   1299.2855    104.7477
     1360.4614    879.7885     24.0989
      350.4955    316.4653   1165.7936
     1071.7847   1125.6334   1772.4445
      172.1275   1505.6797    339.6003
      473.9993   1216.3577   1671.2384
      764.3973    784.8007   1900.4675
     2204.8801    583.8970   1813.5939
     1436.0640   1952.8931   1961.0990
      797.4585    342.7539   1201.8370
     1345.2836    791.9760   1699.9714
     1886.9398    455.8467    179.6619
      395.6954   1699.7141   1864.5608
      926.6675   1669.4083   1121.8018
      178.2679   1645.2947   1045.9113
     2030.0613    780.4895   1826.3103
      132.2165   2009.3269    778.5519
     1386.8281    366.5552    894.4880
     2074.5217    138.8778   1640.8444
     2127.6353   2014.5024   1210.9359
      372.6262    166.8933   1401.5865
     1304.4357    519.1419    234.8802
      701.8515   1195.2638    631.7779
      755.8207     63.3233   1847.3358
      147.5437    440.8586   1802.6970
      537.7484    608.6505    611.8958
     2231.3354   1300.7256   1817.3080
      740.0322    418.0307    931.0790
     1352.2593   1817.3458   1301.5052
     1765.9031    778.7258   1968.4095
      286.3759    805.7500    312.6421
      679.4404   1754.6487   1907.7659
     1333.4131   1193.6862   1044.0637
     2173.3684   1565.8640    399.8836
     1388.5870    975.0288   1216.6606
     1492.6499   1602.2257    229.4569
     1742.7231    993.2923    828.3303
     1346.2288    200.6821   1922.7864
     1974.8096   1161.2334    827.6893
     1333.7864    578.6262   1162.5082
      153.1882   1395.6852     62.6310
      782.2241   2084.4617   1974.7679
     1761.2048    807.1657    642.9800
     1728.8090   2064.8445    868.3539
     1182.0939   1080.7802    266.7222
      893.0836   1443.2778    949.5664
      595.3818   1754.9767   1399.7327
     1504.3470    765.7072   1108.9312
        8.4400    821.4091   1893.9519
       56.9033   1150.1361    191.1174
     1831.8882   1121.0818   1053.4119
     1416.6594   1179.8029   1339.0071
     1627.5950   2007.1943   1518.1426
     2034.2515    871.9655   1540.9058
      588.5215    989.5980    537.9204
     1894.1875   1531.3219   1800.8098
     1066.5345   1787.8878    214.1612
      926.1766    330.8889     82.5791
     1082.3348   2059.3169    834.5493
     1037.4385   1539.5695    134.6223
     1556.4281    688.0948   1825.4052
      905.6823    217.4546   1685.6177
      245.9468   2184.6362   1907.6407
     1958.9998     67.3171   2168.7742
      836.2953   1641.7037    279.9451
     1818.3445   1838.0325    166.4508
     1693.3369   1121.6956    179.2364
     1106.9598   1309.8929    165.2531
      368.7669   1380.7446    577.5580
     1859.1230   2015.6779   1375.1237
     1729.4515   1601.5709    349.5165
     1452.0305    343.7519    350.9974
      129.0954   1668.8057   1939.4465
      489.4050   1318.0580    796.3948
     1883.8663     92.3448    751.1924
     1079.2399   1786.8469    698.5124
     1271.2186   1720.5492    324.3661
     2129.7239   1157.5940   2013.9993
      628.4329   2063.4512    374.8405
     1066.1077    249.9134   1945.0166
     1726.2487    291.6270    316.7292
     1675.2966     83.2794      5.8053
      789.2349   1385.6646    264.9361
     1579.6921    670.8154    684.3882
      488.8304    238.5938   2141.8154
      580.4238   1530.1404    579.6377
     2093.0884     14.9396   1945.0807
      620.9573   1566.9219    871.5273
      247.6953   1869.1409    573.1674
     1417.2665    102.9792    758.8748
     1343.4684   2092.0298   2203.0071
     1358.1803   1840.5199    638.4908
     2197.4187    368.2099    447.0960
      575.7201    309.4687   1309.0419
     1860.9608    510.7509   1111.7102
      632.3326    524.9658   1426.1199
     2020.5483    849.5221    371.2937
      376.0097    858.0362    569.7645
     1434.2623     43.8215     24.4709
      951.6024    471.9591    517.6171
      952.7064    434.7662    843.9916
     2033.1102    457.6412   2242.2351
      753.2450   1711.1589   1601.3834
     1657.6924   2172.2002   1322.3672
     1501.0903   1687.6060    496.8062
     1292.0663    755.9833    375.3781
      152.5280   1618.8845    544.6202
     1031.7744    867.7282    681.5620
     1409.9642   2183.3521   1228.1122
        6.8976   2198.1128   1237.7496
     1257.3856   1609.0439    598.9668
      418.6182    101.5057    991.3030
     2167.3457    108.7484    826.8193
     2152.8499    347.7818   1799.6855
     1836.6615   1804.4675   1880.8037
      766.7095   1358.6788   1236.0721
      169.4092   2041.4288    352.0883
