       26.8443    184.0646   1660.8301
      759.6763   1119.6256    378.5573
      216.9063   1596.5549   1418.7900
     2196.8184    778.4892   1067.2849
     2200.1919    169.2648     55.5924
     1471.3055   1420.4633     79.5725
      756.3555    170.5262    614.2850
     1630.9088   1139.7570   2108.7493
     1784.0012   1235.2468    418.5818
     1682.5343    797.0160   1642.2008
     2166.2075   1882.8967    346.4665
      363.3340   1757.7738    721.8193
     1505.6013   1644.1735   2226.2454
      673.4639    458.4930   1886.4854
     1355.4210   1503.1525   1193.5327
      169.7178   1356.9139   2009.2200
      572.5500    881.8286   1818.1913
     1259.3359    390.2241    681.3873
      577.4413    560.9638    845.0646
     2032.3005   1991.2042    107.3439
     2148.5879   1205.2018   1112.5535
      811.4631   2258.3381   1142.4625
      722.7507    454.7163   2236.5466
      158.2422    833.0378    965.6869
      578.5548   2125.1597   1074.2756
      958.1486   2125.3252    172.9940
     1571.7312   1889.4142   1768.5281
       45.4361     75.6659   1425.4979
     2054.7893   1338.1508   1385.6304
     1606.3644   2201.6003   1755.8271
      461.8535    271.4190    909.7327
     1070.3250   1529.6042   2069.1553
     1072.7880   1548.6738    431.6233
      862.8339   1232.2531   1032.1278
      539.4601    299.9058    139.4948
     1397.5056   1875.8114    187.8657
     1139.7566   1246.8092   2077.6753
     1978.7650   1241.1123   2183.7075
     1643.0809   1852.6587    262.9664
      544.7941   1524.5723    280.3076
      348.9395    405.2853      0.2837
      969.2676     25.9164   1528.1370
     2052.6680    554.6387    424.2294
      680.0913   2153.7466   1597.5436
      106.2412   1776.1576    792.0732
      904.8216   1150.6761    183.5442
     1535.1814   1909.9243   1293.3458
     2156.5786   1271.1055    338.2511
     2212.9309   1200.5948    596.4012
     1524.6619    535.2626   1037.0396
      993.2598   2235.8440    444.3889
      188.3484    753.3201   1496.6329
       90.1749   1203.1586   1283.6309
     1974.8922    515.5787    890.8096
      976.1406    585.7924     65.7136
     1911.7430    997.3511    213.0875
     2247.0586   1015.1729    381.5844
     2008.5266    164.9409    277.5985
      100.4305   1035.8413    741.2545
      438.3016   1643.4661   1242.9320
      763.0728   1362.8456   1802.9369
     2007.3304   1679.0549    476.7224
     1768.9688   2136.4937    639.1152
     2106.3616   1083.7296   1333.5852
     1490.4594   1811.9119   1529.6653
     1224.8972   2235.4412   1494.8401
     1022.0809   1878.9229   1769.2688
     1832.9292   2067.6416   2213.9009
     2094.8472    797.0198   1328.0154
     1149.4412    265.0444    901.1599
     1261.7543   2199.6008    928.6857
     2056.8406   2251.9934   1360.9905
     1993.1627   1210.0734   1773.6154
      253.0152   1834.0638   1306.7555
     1141.4940    220.1925   1556.1366
     1011.7715   1647.9347   1613.4590
      702.9448   1819.1855   2189.8816
     1982.7932   1444.2783    414.6667
      862.2023   2202.5315    644.1497
      931.8888    789.0096   1143.1263
     1881.1676    931.6536   1300.6405
     1736.0057    775.2673    224.6141
     2237.5884    285.7889   1221.6514
     1238.5510     48.3522     37.6896
     1768.8594   1321.6436    826.9544
     1070.8822   2076.5498   1330.8445
      484.7402   1885.6764   1746.2452
     1705.6237    299.9930     34.4716
     1728.8003   1430.1609    529.2211
      501.1290    267.0599    666.0004
     2218.2266   2087.1296    982.7993
      726.7111   1494.8151    750.9703
     1956.7482   2079.1936    880.7990
      515.2679    504.1224    339.7058
      415.4698   2045.4911    814.1143
     1854.6172     59.4438    996.7377
     1323.5159    511.1350   1656.0770
      450.1102   2156.0359    302.4173
      377.6063    128.5504    344.3976
     1650.0532   1652.4950   1744.7333
     1838.5532   1480.2256   1380.3170
     1538.8264    148.7694   1316.1401
      472.0052    863.5200   1550.3405
      213.6483   1921.2074    955.3496
     1120.7045   1306.2251    607.8741
     1548.7782     64.9593    258.1973
     1257.2207   1830.4886   1687.2416
     1112.3384   2031.5872    599.1407
      346.6773   1129.4128    659.1416
     1250.2084   1150.1849    857.5936
      582.6024    852.6602   1035.3298
     1241.3312    874.5733    827.2165
      540.4519     61.8243    523.1700
      486.9911   1685.8806   1525.1089
     1056.2864   1711.3314   1229.8875
     2065.6484    949.5993   2168.9907
      612.2218   1085.0114   1098.3083
     1891.0593    721.4618   1490.7651
     2165.9248    285.7633   1480.4312
      515.7888   1295.4110   1215.1160
     1819.6392    318.4326    714.4575
     1409.2795   1259.0295   2149.0864
      627.4622   2073.6260    640.8494
     2065.4258   1626.4740   1063.0530
     1828.2854    161.0186    505.1242
     1784.7118   1624.4752    848.8309
     1087.6460   1783.0143   2207.7825
     1901.8740    697.6627   2120.8884
      195.1392    134.0427   1232.0730
      157.6814    729.3971   2243.6650
     1987.4570   1867.8645   1030.3987
      195.6980   1409.7769   1065.8361
      141.7044   1142.8057    988.5175
      686.2206   1074.8411   1693.8602
     1720.4291   1320.0466   1075.7786
      609.2892   1894.6222    924.8865
     1529.1112    692.9943     66.9428
      209.5238   1246.5856   1729.9180
      579.3970     65.8029    147.9329
      429.9813   1883.2919    538.2640
       60.1274    977.2433   1169.2078
     1379.0897   1038.3701    300.0675
      633.7695   1896.1807   1548.9163
     1006.5984   1485.6846    674.1920
      230.6149   2148.8259   1340.8376
       44.6097   1920.6919    138.3967
      957.4024   1394.3898   1599.5353
     1705.3193   1718.3920   1369.2028
       35.3022    482.5997   2101.4573
      279.1137    716.4856   1724.2245
     1319.3224    395.4220   1143.5198
     2177.4126    787.9556   1621.5774
     1971.3715    780.1174    652.5382
     1126.9113   2026.3276   2119.0056
      371.6302   1479.6290   1647.3770
      867.5270    617.8540   1387.5979
      305.7732    636.0847    207.9229
     1203.6588    218.8379    475.5154
     1531.4531   1183.8746    463.9063
     1557.1749   1249.6658   1897.6309
      273.1730   2096.7266     74.1373
      313.4295    907.2014   1873.1864
     2197.5415    358.8842    949.8505
     1686.7616   1030.7953   1482.2721
     1870.6443   1601.3910   1599.9401
        0.1893    211.4391    752.8353
     1257.4178   1263.3965   1339.9872
      805.6627    897.7080    495.2389
     1530.9320    438.4269   1358.5959
      431.8320    652.9531   1410.1276
      211.6615   2134.9438   1068.4215
     1389.8660   2121.3721    194.3201
     1280.4001   1970.5402    838.4052
       88.9864    723.4675   1253.4493
     1606.9666     61.6699   1082.6039
     2195.1355    972.4789    900.9126
      850.2523   1919.2659    928.7411
      593.0330    848.0130   2082.0703
     1744.7147    573.9457      3.5799
      218.3477   1191.1309    400.2453
     1438.0535    494.3624   1936.6556
      625.5441    783.2888    754.6969
     1750.4635   1352.1807   1715.7220
     1940.0167   1701.0847   1286.3119
      862.6085   1979.8569   1173.5157
      624.9657   1299.3857    917.8525
      769.2456    405.0655    220.0554
      892.8445   1215.9685    530.0229
      388.4594    431.8428   1781.4098
     1316.4565   1409.3596   1982.8846
      637.6359   1782.8348    664.0773
      908.6851    267.9537   1043.0094
      395.3314   1985.7609   1129.9103
       32.5218    562.7421   1553.3684
     1193.8700    448.5366   2048.1833
      925.7493   1583.8916   1819.5881
      652.0734   1564.0356     20.2480
      554.2043    534.8953   1176.4342
     2023.1099   1666.6742   2035.5735
      869.9200   1858.0378   1379.4918
      131.2226     27.8040    214.8947
     1821.4150     94.9984   1259.9666
     2126.4309    421.1487    220.1120
       10.2295   1458.4827   1270.9785
     1132.5713    735.5635   1464.3149
      975.3028    246.5585    680.8846
      858.6318   1098.8651   1878.7494
     2098.3965   1175.5735    116.4836
     1078.2917     38.4592   1751.2634
     1343.8702   1639.2010    805.3770
      459.5404   1493.2498   1036.2749
     1183.9738   2262.0300   2022.9653
     1774.2760   1881.3801    753.9837
      220.5668   2026.4822   1666.1475
     1343.3981   2014.0924   1466.4503
     1874.4006   1208.2800   1532.8970
      482.5026   2147.5530   1743.8195
      323.3317     81.5990    701.8155
      161.5258    301.4717   1058.3639
      135.0153   1077.6727   1928.1427
     1355.9082   1621.4768   1562.5797
     1467.2207    113.5135    471.2338
     1663.4048   1064.3556    279.2076
      318.4915   1899.5616    275.1528
      780.2205   1423.8389    480.5298
       93.0336   1391.9568   1499.0696
     1744.2861    322.1542   1303.1252
     2035.7987   2154.5107    555.1044
     1229.3196   2059.7581   1903.3093
     1252.9464   1928.1366   1153.1996
     1337.8307    241.2243   2163.5137
     1115.8179    503.3188   1026.5995
     1645.6212   1360.5148    244.4756
     1461.9388   1441.3782   1437.5540
     1291.4365   1473.7050    962.9054
      855.0761    494.6739   1145.4135
     1781.3312     33.0214    288.3302
     1211.7025    437.3440     35.4187
      579.0810     24.9628    819.1642
     1158.0721   1538.2261   1428.1121
     2202.7122   1759.6101   1260.3556
     1236.4119   1379.5697   1637.3771
     1074.3007   1005.6700    940.5146
     1555.5846   1236.5681    694.9730
     1516.4277    647.0133   1491.8691
      863.6157   1990.4976    363.9772
      896.0823   1356.6638   2021.0099
     2241.1687   1538.7869   2147.1062
      751.3701    637.3711    283.1721
     2216.5161    517.3661   1314.8375
       57.8286   2259.8516    675.0627
     1662.0795    792.9614   2137.5786
     1147.8960     38.3025    672.9211
     1323.0854   1051.1105    601.0536
     1580.3942    513.4312    784.5410
      707.4739    799.3463   1523.0924
      996.0396    844.1227      9.7004
     1278.5662   1239.7351    435.5001
      138.7382   1991.7214   2136.7815
     1143.0145    934.5853   1650.7949
      537.3822    573.2786    108.6445
      327.7704    961.9346   1112.3927
     1986.9135    823.3813    897.9797
     1456.7162    790.4900    305.0375
     1930.9554   2213.9856   1882.6125
     1903.1862   1850.8035    340.2445
     1317.5476     84.9205   1696.6860
     1161.8289   1994.2092    353.0311
     2216.0557   1619.0568    864.2686
     2069.7385   1381.9302   1993.3859
      726.9239   1527.6754   1572.2812
     2001.1215   1012.3401    729.9127
     1802.4701   1567.4467   2059.2808
      445.4659   1826.0519   2182.2578
      802.8572    129.7143    261.0003
      819.0862    358.8572   1428.5042
     1454.0609   1698.0962   1889.3752
     1989.8130   1527.9487   2250.7241
     1981.7350   1068.9834    463.7561
      933.2324    886.9834   1384.7225
      313.8403    160.4270    103.9010
     1003.9858   1798.2260    467.5991
     1110.5121   1837.2592   1453.1875
     1534.6914   2004.0687    788.8720
     2226.4231   1990.1183    765.7295
       21.2402    944.9026   1434.2786
     1298.5212    922.8502   1854.2004
     2205.6067    656.6993    215.5371
      264.9431    416.2213   2013.0919
      766.8660    603.1539   2047.0934
     1643.8960    547.0439    235.0563
      358.9912    736.6387   1190.8845
     1482.6958   1230.2260    935.4792
      674.5112    745.1473   1235.4637
     1115.4117    596.3356   1251.4001
     2241.0989   1809.7878   1041.1730
     2233.7144   1912.7858   1739.5035
     1007.1664     41.1522    913.4476
     1639.9895   1471.9431   1274.1898
     1505.1460    762.5932    905.9974
      929.3010    689.4513   1630.1875
      438.9096    683.5881   1925.8180
     1975.2650    695.5400    110.1787
     1707.2394    110.2680   2001.4581
     1051.8798   1325.0742    864.9029
      579.4735    638.2955   1674.5994
      397.8288   1309.8713    167.0777
      988.1548    553.7947    281.8707
     1746.5986   1609.3656     74.9459
     1970.1935   1440.6613    918.6605
     1034.3362    748.8124    917.5726
     1924.9983   2100.1030    325.4939
      928.3800    867.5101    244.8723
      304.1250    481.4084   1263.2688
     1851.0461   1055.3848   1955.9622
      359.3041    344.5102    503.2159
     2019.7415    959.9158   1115.6680
     1255.0659   1440.8853   2247.6506
      629.0617     54.3588   1332.1859
     1645.6398   1778.3730   2074.5557
      227.7844     36.1180   1588.1898
     1668.7957   1262.2965   1421.9735
     2122.1992    277.5760   2081.9443
      407.7979   1762.4080   1032.2975
      911.9240   1562.9181   1390.6316
     2044.4048   1814.9202   1493.1627
     1524.5946   1487.3014    718.7219
     1338.0588   1332.7130    726.8110
     2185.5420    725.1854   2151.4868
      535.8842   2020.6545     85.1320
      980.2448   2242.5139   2206.3391
      787.4862   1048.4408   1280.0758
     2059.9255   2062.0144   1657.9327
      570.6088   2030.4797   1337.3220
      169.4908    683.9820   1971.9341
      516.3279    507.1088   2075.6707
     1266.5337   1624.9642   2073.9985
     1443.0538    747.1920   2093.0999
     1493.6533    336.9900    172.3905
     1468.1426    991.1045    995.3250
     1583.2830    224.9094    874.9066
     2115.5317    532.8997   1096.3368
     1279.0656    226.1404   1339.2661
      689.1573    917.6843    231.6678
       80.6896   1752.6355   2125.3855
     1061.8107    339.1188   1244.0554
     1338.2267   1178.0679   1855.9073
     1304.8984   1459.6580    283.5397
     1451.0728    479.0359   2215.7632
      788.0882   2164.1082    900.0387
      291.7640   1869.1318   1934.0287
      475.8073    117.4850   1647.4844
       64.7087   1973.1381   1218.2994
     1107.2505     82.4348    241.3133
     1883.1390    895.8093   1740.1327
      972.5403   1351.3783     17.4004
     2196.4705   1472.9111    644.4043
     1138.9962    622.1634   1744.6549
      719.1223    162.2832   1557.3676
     1661.9236    559.1534   2021.3684
       83.6947    259.8570    221.9720
      950.3835   2119.7019   1935.9724
     1517.3765    965.0103    749.7819
      301.4739    628.5822    494.6665
      445.0957   1565.5475    791.6375
     2167.3682   1203.0902    843.3362
     1194.3112   1812.0559   1954.9684
     1696.6191   1906.2216    522.4316
      160.8600    330.4539   1418.3197
       17.3372   2205.6536   1702.4768
      109.1272     70.0641    944.1060
     2018.1978    245.6171    894.5757
       13.4422   2165.6707     48.0297
      598.3270   1331.9077   1972.0652
      227.3350    303.6252    818.2893
      970.7004    415.2348   2150.5540
     1887.3947   1196.0215   1237.9269
      862.1436   1938.2643    655.7796
      364.5979   1932.1533   1492.1364
       48.1689   1653.7740    146.0959
     2031.2341   1785.2603    808.4367
      828.6846    634.4880    744.2432
       65.2121   1851.6053   1486.4451
      895.6561   1809.9178   1985.7601
     2028.1200    188.1449    618.8939
     2172.2834    675.5209    805.9745
      181.4822   1494.1210   1778.8220
     1798.4944   1297.0029   1968.4948
     1066.0421    561.8133    753.3011
     1042.0730    666.4810   2091.6667
     1254.2793   1679.7104     94.5346
     1954.9038    502.9425   1380.2461
     1918.2777    719.3370   1121.7913
      147.3660    893.9249    182.6352
      767.5464    463.5640    489.2316
     1781.3348    309.6880    962.5178
     2202.2219    604.6588    593.4672
     1538.5898    241.4647   1810.2539
      273.5725    233.7362   1709.9500
     1963.7111    253.3226     41.6444
     1760.0751    332.4939   1886.6356
      787.9847    959.8188    972.7767
     1807.8691    112.1346   1740.6995
     1568.8809    956.5825     55.3909
      589.0732   2260.3948   1972.4227
     1749.0897   1681.4833    597.2878
     1957.4702   1533.6885    694.7977
      424.8976     13.2729   1223.6199
      736.5948   2068.8809    142.6359
     1256.4551    672.2476   2235.4792
     1757.7819   1064.4323    623.2628
     1625.7466   1548.3895   1540.3601
      458.6055     44.7628   2191.9937
      290.8282   1402.5055   1305.9808
      625.3429    116.5594   1035.8727
      350.7642   1144.2743   1273.4818
     1268.2776   2250.3511    389.3951
      586.3014    273.3580    412.5188
     1726.6379   2060.4001   1957.2994
     2211.9604   1571.3612   1870.6039
     2005.4133   1418.5403   1170.7520
     1706.9854   1830.6096   1040.1350
      294.8452    917.7637   2113.1006
      996.1128   1296.7014   1345.5587
      385.5520   2093.8022   2082.6165
      254.5293   1167.5013   1476.2894
      760.9415   1203.3334   1501.9066
      109.1046    502.7096    372.5103
     1736.7266    482.4614   1528.5667
      878.8338   2019.6631   1599.7780
     1458.9663   1477.6577   1756.8029
      136.1997   1381.9584    550.1257
     1196.7699    844.4039   1152.5500
      760.8181   1793.4291    214.9350
     1013.8301    812.0217   1862.9708
      146.7485    986.5298   1688.8221
      684.7115   2232.2395   2207.0327
     2178.0891   1781.1226    596.3813
     1995.1638    325.0194   1658.3534
      941.9277    682.5804    500.4836
     1396.9966    878.5629   1415.6897
     1454.9650   2262.2075   1967.0875
     1313.1326    210.1798    217.6534
     1692.2318    601.2131   1276.0350
      524.8165   1759.9882    179.3270
     1967.7241   1937.3566    589.3493
      254.7450   1746.9374   1608.0134
     1224.0430   1259.7688   1091.6274
     1338.6050   1849.9834   2158.3398
     1222.7778    631.6547    463.2527
     1171.8738    720.0296    216.0748
      359.9991   1223.0115   1035.1884
     1449.7083   1827.5568    987.0630
      743.1572    718.4795     34.6499
     1182.6925   1117.1909     13.9545
      535.5368   1460.5969   1431.8251
     1826.0249    965.0829   2216.1099
      443.7072   1077.6317    365.2081
     2217.9617   1197.0227   1566.3927
      311.9477   1051.2461    115.4897
     1082.0680   1874.8983    983.3450
     1808.1431   1952.6633   1228.0863
      366.9071   1663.5212    394.2935
     1703.8246   1402.6835   2198.8850
     1195.6974    433.2393    312.6936
      778.4083   2128.1892   1381.2833
     1969.6934    209.2133   1882.2883
     1947.1929   1272.5798    647.0345
     1152.8333    944.1871   2085.7327
      394.5938   1065.5912   1649.0204
     2056.7629   1426.2533   1614.1819
     1352.1233    592.0373    740.2227
     1601.4594   2157.8992    455.4416
      119.3492    496.3160    105.8018
      398.8399   1436.4404   1927.4445
     1289.6626    673.8780    995.2545
      609.1541    206.3871   1825.9182
     1033.1414    452.9829   1555.3933
     2233.2688   2063.0681   1486.6287
      293.4918    381.1759    261.5264
      165.8056     80.2163    457.3851
     1381.5659   2139.7891    643.6758
      223.0605      5.8285   2145.8694
     1547.0239   1704.3988   1161.4332
      384.4952   1159.6915   1889.9817
     2218.7214   1422.1021    987.5637
      864.0748   1687.7145    812.1779
      546.0206    938.5831   1303.7073
     2010.0092   2234.4246     71.0224
      655.1199   1075.5352   1980.5148
     2039.7639    557.0634   1598.2909
     1853.7921    553.5510   1745.2794
     1045.6221   1092.1271   1179.9307
      294.9236    489.6115   1552.5508
      581.5001    802.9388    424.5897
     1504.9275   1234.3160   1631.3723
      926.1318    233.6328    430.5970
      984.4672   1348.9808    305.7209
     2149.9832    916.4337    134.8355
      244.1639   1169.6406   2156.8469
      144.9717    776.0253    724.0076
      684.0200    401.0974    724.2659
     1072.3896   1487.0887   1152.0370
       97.6383    749.3931    416.4268
     1394.5778    813.9438    579.6472
      537.3278   1145.4084   1429.2427
      811.9467    198.3228   2260.7935
      361.2270    653.5079   2176.0366
     1087.2421    203.9096   2224.0723
      133.6360    261.0965   2195.8213
     1515.0459    307.5192    660.7691
      178.2734    948.3718    507.4093
      738.8817   1530.3236   2014.5726
     1796.4799   1570.1838   1083.8085
     1870.4474   1867.5070   2106.2410
     1849.6943    412.8120   2080.7766
      334.1369    526.6901    739.2776
     1782.3911   2026.4070   1732.6423
     1046.8923   1057.7863    690.9932
      115.0568    195.6674   1941.0364
     1620.5656   2174.9404   2152.9160
      738.1202   1243.8182   2160.8335
     1197.7264   2031.0171    103.2732
      435.6750   2167.8447   1503.2260
     1891.5486    176.6619   1461.6445
      724.2823   2191.7666    393.8629
      517.5032   1615.7922   2083.0833
     1224.4048    460.5394   1412.6466
     1907.3848   1386.7256    159.1686
     2259.9297     27.2925   2096.7488
     1029.3971   1150.9620   1579.6989
     1497.9960   2233.8562   1499.8167
     2016.7510    520.2856   1934.7181
      489.0906   1140.7048   2146.6587
     1595.0774    893.7060    471.9982
     2003.4475    281.2014   1239.8416
     1143.2560    374.3423   1788.6831
      196.3476   1556.6770    859.2119
     1673.0498    838.5918   1334.9010
     1411.3328    324.5025   1545.0861
      843.0441    888.9726   2021.5706
     1361.9240   2082.0374   1704.5809
      835.3543    898.5645    750.8201
     1549.9427    527.8542   1720.0173
      774.8580    670.8601    999.8933
      869.5836   1632.9465   2227.8506
     1647.8103   2100.2935    177.8853
     2106.2024     92.3845   1092.4392
      245.1864   1795.4159     71.4137
     1402.9188   1999.2887    424.0280
     1108.8167     90.7090   1159.2167
      810.7748   1161.8329    774.1443
      947.9139   1084.9746   2146.6248
     1478.3149   1155.3441     96.4885
      887.9135    936.1030   1645.0718
     1464.1040   1453.0588    472.5060
       91.7702    509.1453    778.4121
     1916.6779    360.3126    443.2171
     1059.2126   1583.7296    891.9851
      154.4927   1320.5952    790.1342
      594.2737   1288.5734    371.5339
      554.4890   1028.0559    820.6071
     2193.1367   2134.9851    263.0656
      915.3938   1956.3052   2252.0417
      673.7037   1520.1421   1187.5647
      271.8374    908.8658   1355.8796
     1637.1121    100.7641    660.2704
      400.8163    759.9401    860.7703
      858.7581    289.9952   1981.1512
      546.7811   1944.9672   1979.4388
     2104.9043    404.5116    680.4879
     1271.1084   1686.7369   1047.4167
     1266.5813    664.9807   1931.2295
      830.1934     63.9630   2012.2715
     2218.4045   1248.0251   2133.3091
     1078.3933   1298.7892   1842.9541
      921.1632    150.2658   1340.8401
      474.1313   1385.2798   2192.5691
     1576.8607    310.2408   1136.6366
     1809.8804    622.9960    410.5725
     1976.6472   2142.8418   1133.9060
      497.8520    833.6620     64.0678
     2108.3545   1578.7847   1444.2103
      124.3870    334.5071    545.1195
      961.1306    515.4224   1912.2849
     2047.5939   1633.8232    204.7652
      557.1895    360.0551   1640.2388
     1428.1648   1018.9086   2114.2017
      599.2339   1564.3480   1755.2584
     2216.5291   1869.1123   1995.1545
     2032.1775   1708.8474   1750.4150
     1556.0687   1768.4611    735.7327
     1476.8420    984.4026   1659.9646
     1200.9835   1581.0533   1818.1223
     1166.2668    967.2550   1342.3521
     1078.6675   2114.6394   1102.2218
      758.5879    992.7783      0.0619
     1368.0488    123.8933   1035.3821
     1723.4484   1094.2919   1756.3848
     1541.1418   2229.2825    860.4504
     2179.6519     42.0761    429.3475
      401.8258   2127.8816    545.0410
     1881.3473    525.9982    659.7485
     1766.2749    640.3888    910.8739
     2129.8989   2076.2585   2118.8411
      731.8804   1988.8328   1812.0992
     1061.3406   1087.9398    436.8384
     1114.5491   2049.4268   1588.3949
     1991.7690   1943.5934   1902.6108
      101.5612    566.4182   1070.4290
     1775.0808   1840.4265   1579.2063
     1282.5232   1128.1426   1614.0377
     1575.3521   1492.1074   1997.2996
      642.7342   1709.5325    420.1809
      275.3602   1603.9822   2092.1562
       56.5081    990.0527   2211.0754
     1482.2164   2093.4907   1078.9738
     2246.7017   2034.8054    529.9452
      121.0655   1748.0566    412.9174
      388.0294    183.1555   1974.1355
       95.0169   2080.0481   1901.7655
     2147.1729   1010.8293   1748.1263
     2190.6721    884.7108    586.3632
      798.6531    168.5624    848.8865
      338.8732    495.4059    967.5861
     2122.3479   1779.3234   2230.6003
     1572.6187    974.9683   1925.5385
     1739.5721    868.7573   1045.3457
     1658.9507   1063.3453   1197.0890
     2187.2915   1419.5291    144.5382
     1570.7996    332.5377   2095.5674
     1499.3344    618.3965    483.2614
      829.8733   1674.8229    562.7014
      625.3759   1828.8385   1197.2280
     1664.0653    236.0663   1565.8590
      814.4990    494.4388   1693.7803
     1757.3552   2247.3008   1533.9484
     1655.9250    429.2273    523.4608
       14.1805   1642.4418   1599.3058
      325.3817   1040.8463    859.9394
     1549.8383   1916.9336      8.3366
     1531.9440   1526.1794    978.2710
      384.7273   1558.3290     97.1507
      595.3126   1147.6691    118.4804
     1336.5959    863.4592     62.6624
      411.2822    264.1795   1133.4950
     1087.3027   1062.5658   1856.4395
      210.7911   1438.8481    276.4744
      564.6156   1316.8119   1652.1244
      759.8080    707.2015   1808.7664
     2212.6516    641.1589   1802.2606
     1449.6854   1978.2328   1967.1735
      713.1254    260.9723   1224.5308
     1333.8738    748.6554   1636.5071
     1862.6423    410.4203    183.6480
      356.8447   1657.7043   1854.7488
      858.6278   1703.5356   1106.1427
      163.6297   1652.0398   1132.5435
     2008.4426    798.6129   1935.4292
      212.0272   2123.0676    789.0082
     1359.6912    367.1799    904.2672
     2044.9233     52.1088   1637.5547
     2090.9143   1959.4969   1262.8281
      374.7778    198.4597   1441.2395
     1375.8090    568.0027    185.0700
      626.8542   1289.8364    641.7934
      809.3094     31.0552   1778.1017
      132.2698    468.3381   1821.3414
      556.8395    618.0452    563.1790
     2222.6235   1312.9755   1815.9200
      669.2733    390.7959    976.7747
     1346.1511   1722.8661   1335.3147
     1733.6559    754.2115   1903.5426
      369.8523    843.0684    327.4683
      663.5607   1752.9633   1912.5504
     1506.6185   1290.0293   1175.0894
     2246.6987   1536.1395    369.1115
     1319.7701   1063.8420   1185.2510
     1510.9968   1644.9283    241.9592
     1777.1189    885.8630    769.6943
     1331.9442    241.4167   1910.2952
     1962.7363   1164.7445    961.5311
     1380.8539    608.5062   1279.8145
      171.9575   1405.9388     26.7510
      752.5140   2012.5165   2072.1252
     1842.7313    881.0736    439.3056
     1750.5328   2072.8608    993.6164
     1124.6819    989.4087    204.2657
      845.6168   1462.8015   1022.0464
      690.7807   1704.8712   1378.9678
     1472.5847    828.9764   1180.1205
       14.5043    859.1108   1917.4379
       85.3462   1196.4888    173.3077
     1713.8632   1101.5891    898.1486
     1467.6604   1104.9678   1412.4325
     1616.3958   2022.8990   1515.9409
     1993.3096    980.7580   1524.3851
      597.2908   1023.5679    569.3428
     1910.3357   1487.1162   1819.7349
     1048.5176   1785.0939    210.1821
     1005.3224    330.8690    151.1106
     1048.1792   2083.3809    836.4607
     1038.8766   1542.3204    170.7024
     1483.8535    719.3408   1812.9325
      931.7371    253.7966   1718.3517
      296.8356   2235.4192   1875.3846
     1954.1619     62.4100   2114.9419
      805.5696   1561.1505    257.4987
     1839.3474   1816.9590    101.4518
     1737.1656   1199.9095     50.8402
     1205.7150   1255.0817    202.6260
      401.5118   1375.0249    544.1808
     1922.0956   2044.1865   1451.9734
     1770.6781   1583.8076    324.0036
     1410.0968    371.5869    431.2607
      118.1451   1723.0026   1860.3022
      387.2915   1309.0753    806.1564
     1866.0020     69.1766    774.8207
     1088.5100   1786.8748    694.8599
     1269.2130   1734.6534    381.6075
     2128.0403   1095.3773   1988.3041
      631.4539   1933.2397    416.1785
     1090.7124    213.7570   1960.8361
     1684.6450    277.2195    324.3986
     1758.2538     61.0044     40.1946
      733.6385   1348.8044    151.6627
     1662.1522    696.7639    631.3739
      613.8505    269.3614   2105.8911
      553.4537   1537.2334    572.5018
     2154.5803     19.9488   1899.4885
      653.1729   1657.2238    951.2828
      189.4044   1939.3448    602.1554
     1352.9769    120.2316    713.5297
     1373.9675   2142.5913   2187.8105
     1331.6820   1834.9742    621.6452
     2166.8735    310.8297    438.6377
      536.3126    376.9214   1400.0842
     1803.7644    477.4189   1110.8566
      673.9355    557.6030   1481.6617
     2079.2065    826.8793    365.8561
      393.4175    872.8325    635.7615
     1503.3376    111.3645     12.7187
     1043.7817    437.6366    511.5538
      894.7266    436.0372    882.5511
     2078.1726    493.5667   2254.9888
      782.4387   1764.2168   1666.9585
     1646.0051   2172.8071   1260.4172
     1508.0675   1679.8733    487.3296
     1216.5065    874.6908    408.8031
      192.8297   1602.4468    610.2465
     1110.2820    814.4095    618.5621
     1320.6843   2195.5251   1247.1509
        4.6888   2230.9883   1216.6351
     1263.2573   1545.2902    619.4791
      366.4869     52.7382    965.0324
     2104.5640     21.6631    843.9947
     2189.8452    360.4740   1831.4893
     1816.4192   1789.1964   1852.3981
      765.3774   1325.1438   1278.8549
      165.9954   2095.1462    365.1320
