       35.7086    696.4726   1919.7783
      102.8246   1863.0376   1517.3783
        7.2932   1356.1248   1854.7190
     1907.4625   1059.3739    844.7895
     1843.4204    364.3299    135.2419
     1419.5275   1274.9196    342.5286
      758.0443    297.8640    501.3430
     1978.9076    583.0875   1939.1328
     2236.7832   1095.9962    306.9649
     1489.0199   1343.1578   1480.3958
     2154.8870   1894.4908   1210.3569
       57.8020   2209.7820   1236.5471
     1514.7675   1704.1254   2213.8027
      134.4581    448.8044   1653.9677
     1261.0438   1636.3926   1376.6199
      302.5405    791.2636   2080.1731
     1240.1858   1448.9403   2106.4429
     2200.0942    440.7748    797.3163
     1779.0243    797.5229   1101.7103
     2052.6577   1475.2866    443.7738
     2159.1807   1373.3494   1353.6262
      626.5979   1991.6777   1103.5563
      707.2242    214.6305   2137.0149
      593.0762    596.7275    655.9113
      452.3359   2037.5398   1456.3287
      728.9326   1709.9775    306.8033
     1589.4763   2161.6318   1067.2650
     1281.2245    483.8779   1442.8289
     2123.1724   2209.6509   1538.5737
     1312.8026   1990.8888   2141.0979
       90.9680    361.6100   1160.4806
      707.5344   1092.3463   1425.3684
     1121.9615   1520.5236    451.2562
      812.9064   2215.3987    123.3688
      416.2845    321.4902    483.8992
      234.4905   1806.8097    443.3542
     1591.3715    565.3532   1771.1526
     1905.1935   1316.4797   2093.5046
     1065.0327   1177.3052    463.3938
     1365.6509    918.9221    728.5731
      151.6372    248.5755    361.6565
     1633.3313    283.7014   1589.3696
     1994.4843    676.3948    150.5167
      981.8747   2123.7800   2037.1250
      369.8667    490.5622    101.2008
     1054.8712    889.7598    421.8116
     1624.9417   1540.9803    740.0131
     2176.4385   1512.5067     22.1728
     1996.0021   1012.7190    481.2617
     1643.0320    995.0649   1466.1854
     1570.9882    997.3023    281.5114
      519.9992    410.0588   1949.1528
      532.1455    948.4201   1012.4102
     2108.5442    524.9230   1124.4690
     1105.7817    943.0889     50.5380
     1983.4180    140.8315    858.6135
      895.8738    536.2195    821.8938
     1810.1614    159.7286    597.4788
        2.3781   1011.3610    719.0244
     1383.2703   1809.0692    275.7920
     1252.8711   1421.1927   1614.2502
     2173.7786   1502.7521    778.8000
     1357.1517   2048.9495    465.1623
     1796.2339    604.8204   2173.7710
     1523.3165    852.5947   2019.4205
     1102.4310   1065.2037   1321.3160
      839.4732   2095.4976   1798.9344
     2177.6816   1865.0027   2115.1704
     2171.3745   1058.0867   1492.4636
     1471.0099    178.8416    796.4550
     1386.1538   1748.3539    951.4540
     1689.4089   1607.2371   1404.9124
     2212.8440    886.2853   2174.0901
      189.5585   1055.3009   1595.5676
      726.9796    131.4159    987.8798
     1575.7499   2004.2200   1481.4164
      332.7490   2046.9210   2132.0168
     1684.9049   1326.3361     12.5171
     1358.1501   2161.9094    829.1026
     1412.9866   1063.3176   1676.0070
     1764.1460   1294.4631   1489.1805
     1084.1335   1383.3937    124.9582
     1930.9957    880.9847   1846.3766
      851.5492    646.5900     47.1950
     1842.7653    545.8907    444.9441
     1081.7008   1662.6027   1747.4019
      644.9100   1463.9115   2135.1565
     2141.8682    405.5332    449.2406
     1862.4147   1761.0590    114.7036
     1182.8364    176.5179    814.6263
     1943.3962   2155.6956   1269.9084
      512.0485   1418.5497    899.7390
     1010.1580   1514.0388    833.4568
      674.4765    359.5168    153.3348
      205.1107   2163.9001    678.7621
     2238.8269     30.6285    910.1307
     1934.3514   1256.3076   1758.9138
      259.2376   1854.1096     85.3313
      261.6377    217.5093    773.3446
     1835.7224   1882.3899   1920.4083
      905.8749   2130.8184   1455.1667
     1814.8324     87.4422   1361.6157
      545.1462   1116.5778   2025.8022
      549.8141   1608.7793   1650.3821
      963.9887   1742.3933   1255.4386
     1733.1719     31.1420    170.1032
      621.6205   1732.5997   1325.7671
      735.7376   1575.0378   1848.4780
      656.7448   1961.9464    492.8497
      729.4192   1187.2555    648.9030
      734.2422    939.0341    287.2044
     1142.3683   1125.4656    963.3165
      529.9099   1172.3771    104.8061
      138.9256   2137.8411   1629.8331
     2000.4600   1734.1813    496.2194
     2149.7827    299.4501   2069.3389
      656.1957     38.9501    670.4921
     1645.0651   1608.6560   1745.4613
     2022.6689    739.0228   1371.8224
      427.8295   1102.5959   1359.3331
     1220.3070    311.3905    470.7295
     1230.7356    633.8928   2181.4456
     1031.1554   1922.2217    451.7679
     1721.0840   1976.3689    614.6436
     1581.2073    733.6432    760.7607
     1622.6710   1550.1578   1118.2649
      843.7742   1234.3375   2147.8149
     1542.8087    260.6685   2042.7225
      844.0235    862.6223    954.9507
      720.0277    448.9517   1527.2709
     1896.3704   2146.4758    483.1295
      826.9546   1777.9669   2146.2649
       38.2135   1346.0553    434.6840
     1123.1531    165.3322   2188.5771
     2236.6116    797.5778    966.4604
     1708.9828   1455.6062    345.5306
     1017.7784    593.4991    544.4171
      488.3984    962.8315   1699.5038
      369.7065    146.1307     59.7088
      239.7560   1564.7366    907.6806
     1841.6548    991.0453   2121.9551
      472.3051    729.8423    365.2570
      695.5688   2217.2788   1993.6133
     1698.4380   1990.4785     19.9316
      458.1933   2214.7000   1827.4102
      167.3882   2111.3296    328.6318
      231.6305    918.3082   1331.2228
     2020.2509   1978.1061    872.5977
       99.3105     56.9738   2213.2476
     1429.0332   1901.7239   1191.6874
     1860.2168    794.3472    664.4594
     1451.5508    753.4177   1470.9541
     1932.5004   1008.0601    150.9511
       69.9556   2185.1252   1918.2192
       53.7161   1025.1162   1943.3214
      710.9979    905.4648   2172.6638
      779.9725   1379.5659    274.7925
     1065.4633    277.9008    192.9890
      783.2864   1267.9630   1123.7050
     1589.3295   1223.5006   1195.0443
      501.3458   2079.6511    225.8653
      454.4699    634.0392   1631.4099
     2251.7603    597.6475   1439.6746
     2017.1819   1626.5593   1237.3389
     1837.9967   1657.5774    772.0930
      549.3365    350.7136    853.8754
      732.1080   1211.5127   1795.4933
      625.6399   1532.2019    576.1957
     2075.5872    275.8646   1706.4657
      509.9224    317.8533   1221.5011
      437.6967   1992.1116    839.2632
     2157.2683   2134.0596    173.8160
     1611.1243   1260.8016    855.8581
      873.4728    457.5857   1839.8706
     1375.3672    590.2282    494.5994
     2098.4077   1603.0579   1568.5385
     1010.5464   2262.0996    531.1000
      116.8378    374.1254   1997.2767
     1943.9399   1249.9961    305.3941
      144.2548    692.3046    711.4020
     1220.5479     15.7508   1728.8271
      583.4041    594.4631   1108.3251
     2053.7676   1916.0841   1746.7236
     1319.3876   1920.9402   1692.3373
      220.2577   1496.9408   1581.1265
      534.2634   1550.7264    219.2265
      210.7581   1465.2426   1260.6215
      218.7388    888.7849    366.7542
      293.1433     76.5993   1325.4138
     1419.5167   1135.3036   2049.8967
      195.0009   1891.9723   1136.8220
       77.1337   1171.2629   1122.8990
     1229.9620   1863.4591    690.6022
      999.4375    916.9161   1558.3754
     1130.6724   1073.9796   1760.2498
     1078.9956   1305.2279   1874.8967
      228.1512   1595.5812    175.2059
      726.8701    824.4390   1587.7819
     1950.7753   2119.7012   2138.7336
      429.5500   2254.4185    971.2233
      134.3445    619.7664    266.4058
     1746.8450    108.7365   2175.9084
     1940.8817    589.3665    908.3578
      371.8128   1639.4878   2109.6562
     1319.5670    453.5713   1033.8260
     1611.8165    441.7968   1079.7488
     1122.1824    309.8903   1760.8024
     2185.0198   1966.6904    549.5384
      968.4308    596.9182   1636.6968
     1147.6576   1922.3555   1034.4471
      401.7530   1129.8353    613.1694
     1494.1705   2132.6096   1916.3092
      986.7807   1956.0254     34.6026
       50.4437   1626.1243   2011.3049
     1111.5028   2061.6526   1280.2509
     1553.0757   1416.9885   2007.8846
      150.1989   1301.0154   2151.1650
      461.3630    262.5409   1730.8419
      621.1630    103.9550   1442.6157
      755.3049    716.0858   1903.7233
     1945.4225   1036.8154   1314.9935
     1006.4869    363.1718   1046.8364
     1568.1473    690.3561     61.1095
      108.6715   1800.0869    764.4190
     1097.4822   1660.0253     78.8138
      737.1139   1825.8556   1641.4430
     1459.5437    154.2691   1147.3809
     2203.4216   1833.4611    187.6446
     1362.7192   1629.6821   1853.5699
     1177.6178   1382.9083   1106.6023
     1345.6812     45.1759   2126.3787
     1407.0634    361.8065    129.7795
     1694.4049   1054.2820    572.5156
     1050.7769   1399.6245   1395.9850
     1691.1670   1819.0603   1008.1776
     1051.4923    182.7301   1422.4911
     1499.4016    115.0193    476.2710
     1155.8772    620.4594    224.9863
      261.7637    664.5624   1173.8468
      567.2645   1844.5231   1898.3660
     1863.0316   2201.5967   1742.1935
     1091.3082    763.1329   1234.0593
     1295.1776    866.5212   1068.8351
     1645.9116   1726.0909    406.3857
     2058.5959    321.9358   1293.2174
      681.2780   1675.0106    960.1414
     1274.7731    700.4510   1770.9415
