      416.9982    413.6026   1280.7971
      143.2159   1594.3126   1391.6160
      255.6544   2053.6118   1846.0497
     1699.7843    734.7228    321.9885
     1588.6351    273.9868    424.4510
     1167.4915    674.0477    698.6241
      846.2878     24.9069    360.4443
     2172.4375    447.4728   1743.5089
     2158.6084   1271.7555     70.0301
     1604.7584   2128.4353   2124.8501
     1565.4883   1289.8905    883.1791
      587.9440   1958.8910   1196.3937
     1616.8792   1454.4869   2039.2997
      367.2497    684.0752    996.8770
     1304.5157   1434.8092   1015.5598
      362.4729   1474.4879   2178.3911
      873.5613    274.6546   2205.8301
     1986.0167     75.8636    386.1332
     1754.0076    769.2101    895.8359
     2001.2722   1634.1238   1160.8313
     1880.2878   1501.8918   1512.8838
      585.8026   1803.7450    810.0287
     1059.0088     41.6039   1661.3458
      861.5065    762.0919    479.0168
      729.7436    917.3673   1226.3717
      239.2507   2078.1790   1001.0451
     1928.3208   2222.7019   1878.3444
      926.9019    118.0988    709.5503
     1824.3572   1193.3318   1657.1913
      666.6024   1730.5642   2177.3052
      432.7748      7.4942   1852.0112
     1336.0811   1327.1410   1389.7745
      163.3490   1639.1489    143.1971
      654.4946   1980.3900    520.3391
      353.6303   1086.4193    394.7041
      778.0071   1548.4424   1010.9383
     1964.0413   1375.7356    876.5283
     2180.0659   1928.5366   2012.8826
     1323.5305   1168.9276    441.0290
      887.9099    937.7222     85.3633
      252.2536    133.2534    587.5468
     1821.2552    405.5962   1453.9786
     2250.8904    240.0920    288.1789
      626.7997   1971.4529   2139.7327
      764.3494    894.1000    893.3316
       64.4856   1232.8961    276.5733
      831.7074   1793.5293    588.2356
     2205.4360   1272.3243    559.1274
     1355.4790    790.8130    514.0116
      933.7883   1652.8975   2012.1770
      989.6291   1237.7148    289.7191
       95.7273    346.7560   2223.2834
      362.6644   1240.0442    700.7162
     1620.2626   1641.6095   1276.5181
      264.7359     77.4401    180.3793
     1491.4763    242.9877   1572.1476
     1627.6072    556.3575    597.0980
     2203.9556    773.0103    893.6575
      112.0371   1272.9302   1287.1425
     1357.9941   1968.5662     21.4153
     2153.1750   1416.8584   1729.1532
     1966.9681   2020.6136    731.3410
     1594.2089   1552.2350    966.7721
     2173.4150    908.4688   1498.2432
     1894.1370   1351.8112   1929.6941
     1254.4222    541.1323   1153.7134
     1410.9873   1834.9508   1500.5940
     2133.8979   2136.4717   1251.7990
     1403.9825    990.2354    992.5429
     1580.6390     44.2352    998.3485
      983.5749   1450.0416    686.0531
     1636.6089   2201.5452   1667.3027
     2002.2667    660.3994   1928.4644
      129.7591   1754.0488   1683.2115
     1199.5281    348.6821    459.7733
     1640.4857   1517.2255   1733.8451
      291.8307   1040.9250   1495.4324
     1314.7712   1449.1206    224.6279
     1491.7678   1510.7949    553.1530
      439.2148   1808.0356   1972.4454
     1892.5890    778.8515   2250.8042
     2069.8191   1635.1621    657.2590
     1616.9926    342.6132   2211.8281
        0.2078    602.1157    527.1583
     2187.3840    605.4880    160.5825
     1223.1708   1528.3372   1860.3931
      360.0915   1300.4031   1721.8483
     1624.8215    325.6044    938.6586
     1690.7874   1262.3810    371.4933
      910.7350    454.9247    564.9603
     1425.2300   1806.9117   1821.7653
      221.4881   1604.2563    875.0529
     1297.9998   1084.9172    139.4010
      284.6603    730.2404    622.8584
      352.4980   1781.8025   1132.6794
     1476.1641    562.9585    885.0378
     2076.9434    967.6482   1751.6772
      191.0602   1224.8766    971.2625
      765.2728     13.7074   1081.7742
     1704.7611   1763.2323   2005.7343
     1075.0520   2040.9049   1848.8608
      795.3358    265.5993   1716.4489
       15.2925   1633.1899   2028.4038
      742.3527   2261.9138   1444.5216
      831.4636    711.6333   1326.4802
     1820.8610    431.8629    270.3327
      678.4526    382.4726   1377.7544
      563.9820   1473.6859    859.8031
      993.4578   1264.0614      8.4236
      753.4678   1148.9763    427.6751
      949.1945    326.9796    261.9779
     1496.8384   2233.7815    646.6710
      116.5862    852.9739    354.1859
      186.8536   2004.9576   2250.6738
     1679.5016   2227.3018    355.1828
     1900.0035    338.3863   1982.1528
      635.2847     20.2366    732.6548
     1981.4708   1575.9515   2078.6599
     1139.4755    321.8117   1519.1949
     1165.5525   1302.8755   1765.9706
     1262.2411    245.3718    101.8431
     1806.0681    723.3295   1244.6342
     1082.9127   1800.0416    101.7727
     2063.1387   2044.2433    223.0471
     1932.6161    617.6364    777.5820
     1757.7736   1814.6428    997.6047
     1363.4707    872.4497   2143.8857
     2041.0763    501.1682   2214.5276
      449.7042   1369.6796   1213.9581
      602.5056   1411.7776    577.6807
     1835.6044   1900.1473    468.8583
      974.1727   2004.0914   2141.9050
      432.1067   2009.7845    184.5261
      955.5164     66.0787   2046.5398
     1919.2653   1912.2561   1331.8938
     1907.4226   1124.2839    262.1299
     1516.6680     79.6171     61.4495
      839.0620    440.3167   1927.8331
       52.7064     68.6586    838.2141
      825.7047   1485.1246    267.7170
     1898.4144   1076.4047   2151.9658
      326.0525    157.2513    981.3380
      679.7805   1402.9598   2028.1002
     2024.6627   2262.3357     36.6547
      402.0980   2047.3049   1544.9497
      183.4032   2025.7760    383.7080
      599.5378   1043.7655   2008.4163
     2124.5989   1756.9685    932.1335
      189.8694    117.1084   1549.5033
      949.3472   2136.2388   1347.9609
     1833.4266     92.7820    704.0261
     1636.5992    919.0997   1551.7681
     2100.2498    966.9567     86.1967
      958.8554   1640.7136   1420.5815
      556.2856    885.1748   1719.7651
      881.9171   1166.0287   1987.7242
      487.8470   1192.8423     50.2161
      573.2653    557.2888    269.1763
      542.5184    700.0869   1288.2422
     1643.2660    986.1939   1090.4187
     1038.7770   2216.1631    186.6550
     1133.6359    739.9493   1601.3079
     1906.3845     40.7900   1023.9425
     1664.8252   1143.5056   1895.7747
     1624.5199   2162.6379   1340.5488
      492.4901    507.7036    715.2612
      470.5445     53.7808   2235.2090
      247.1273    901.4810     11.2317
     2234.3799     43.5881   2067.0432
      646.7152    271.9066   1066.7566
     1092.2609   1915.2288    491.2131
     2191.7778   1763.1071    364.9221
     2107.5715   1155.1366    972.1162
     1603.0627    976.2882   2225.0098
     1829.7047   1622.9524    348.0576
     1820.4944   1483.3788    634.3561
     1211.3982   2054.2500    756.4795
      625.5287    845.5451   2189.1746
     1976.9011   1835.4379     27.0704
       60.8463    550.5131   1096.8188
     1228.8990    416.9696   2115.6323
     2029.3585    345.0632    673.1030
     2253.2185   1090.7653   2053.2581
     1310.5791   1523.1067   2126.0344
      243.0367    620.0403   2135.4580
      337.1614   1688.8182    571.4189
     1836.4615   1906.5284   1758.6305
      558.8720    327.6239    512.9440
      378.3661    494.4157   1743.5060
      982.5042    799.2379   2025.2944
      403.8703   1750.1708   1528.9946
      126.2595   1053.3141   1736.0037
      788.3849   1192.3983   1040.7605
      181.9888    395.2103    721.7880
     1160.5769   1204.6263   1224.4972
     1253.6903    937.8810   1760.2767
      531.6034   1776.7146    311.2716
      776.2809    706.7034   1681.4780
     2138.8384   1915.3809   1556.8438
      395.9084   2261.2957   1230.0835
      211.4731    456.6606    303.9002
     1524.2856    693.0126   2002.9100
     2023.1067    357.3233   1010.0984
      690.6174   1437.4154   1431.2659
     1065.6038    838.8130    962.6022
     1259.6604     80.0564   1107.5237
      681.2583    164.0365   1974.3986
     1457.3429   1924.5654    507.5267
      448.9359    261.3318   1533.1825
       46.3539   1810.1681   1232.5333
     1130.1248   1037.2570    781.4358
     1143.8069   1631.8784   1159.9132
     1289.8027   2236.6943    353.0441
      254.6688    756.8371   1438.0197
     1381.1354   2047.9630   1136.2759
     1472.3351    593.5557   1410.5771
      269.5525    779.4417   1855.8721
      290.1249    202.7358   1982.6023
     1031.5269    204.0950   1279.3547
      551.4570    410.2412   2192.3672
     2099.9626    910.3821   1219.3019
     1168.0414    320.6057    940.4640
     2256.0720    513.3917   1405.9783
      410.9161    947.1298   1266.4968
     1582.4728   1687.5977     62.1839
      894.1754   1878.8844    865.5067
     1660.9271   1094.7864    643.7253
     1994.7950   1397.9039    351.2888
     1150.0414   1791.9769   1702.5602
     1235.7990   1704.5433    774.6513
     1394.5088     63.8573   1925.3398
      841.0716    638.9592     38.5545
     1272.0741   1299.9275    760.6000
     1566.2594   1211.2231   1451.7046
      726.5297   1870.9545   1615.3351
      919.1848    511.8454   1031.4169
      457.7769   1012.5230    879.3482
     1171.6279    702.5549    242.4789
      799.9528   1200.2544   1523.0742
      636.0898   1643.0157   1832.4403
     1283.6079   1201.5247   2112.1748
     1599.2101    544.5075   1671.3402
     1398.6010    678.5324     93.9186
     2119.2351    994.2820    588.4102
     2256.2612    215.3106   1244.0983
      824.1631   1807.4335    316.1837
     1978.8070    108.0864   1605.3932
