      283.4575     23.2891   1469.2720
       92.4042   1276.2085   1243.0237
       81.1323   2127.9370   1992.7213
     2203.1216    784.8503    566.6656
     1213.6899    175.9199    163.2119
     1327.5863   1154.2473    233.9870
      731.0823    709.8145    383.9650
     2124.2515    299.7686   1567.0236
     2138.3511    998.4062     41.5720
     1737.7296   1512.2399   1782.9590
     1619.1805   1463.5371    785.9127
      568.0450   2203.6621   1284.8582
     1443.6180   1608.3719   2031.9199
       84.7029    726.3359   1479.4633
     1271.8116   1483.9564    987.3352
      656.9827    964.0235   2071.1877
     1157.3308    584.8572   1941.0001
     2253.0742     22.6385    433.3847
     2021.3545   1091.6039   1465.1310
     1993.9604   1649.1658   1006.1830
     1902.0284   1241.1738   1218.8679
      900.2982   1477.6609    986.3687
      919.1447     86.0226   1739.2468
      871.0690    880.4049     32.7493
      984.1768   1214.1801   1139.1909
      592.1774   1941.4080   1081.0468
     1883.5621   2224.2432   1758.4762
     1540.5244    311.4913    985.2213
     1949.2191   1719.0419   1573.4028
     1062.4021   1753.8553   2144.3865
      473.0949    387.8571   1186.7969
     1205.8997   1784.7080   1703.9075
       44.0232   1606.1365     24.2559
      528.9984   2255.6995    637.5511
      458.2863    944.0630    461.6969
      667.6987   1991.7113    590.2878
     1768.4232   1136.3661    941.0078
     2233.6877   1894.6473   2176.6895
      674.5636   1090.5614    958.6553
     1375.2555   1437.3475     32.6938
      131.1739     69.4681     25.2273
     1246.3228    214.2935   1802.0792
     2105.6543    669.9532     88.7539
      570.8460   1834.4459   1942.4568
       46.0335   1266.9281    769.8763
      693.5084   1506.2023    305.4456
     1330.7119   1372.0071    584.7168
     1892.3732   1554.7195    360.2917
     1651.6819    961.8688    724.2953
      863.7781   1206.0773   1771.8878
     1032.2582    916.6808    338.9590
      501.6326    371.4353   2093.2424
      351.6246   1605.3262    650.8187
     1296.6676   1290.0647   1224.8776
      668.4337    261.6804    217.5799
     1942.9966    485.4330   1307.8171
     1889.1089    353.6884    144.0044
     1868.5439    165.5964    503.8074
      395.6739    985.4525    835.7135
     1712.2615   2180.4517      2.2452
     1326.4929   1205.2195   1484.1309
     2192.1514   1940.8037    863.1756
     1142.9460   2027.6605    894.7383
     2251.8223   1068.5048   1743.0753
     1809.7999   1279.1891   2041.1598
     1334.2346    576.4647   1229.9279
     1394.8108   1917.0861   2097.5742
     2220.4250   2181.2871   1404.8729
     2019.9390    755.4966   1042.9308
     1382.4601      0.0334    775.7506
      942.3110   1372.5115    538.0143
     1820.2648   1977.8068   1351.3871
     1809.9274    491.9184   1708.7925
       50.2393   1697.9371   1502.1826
     1093.9062    186.6677    550.0594
     1759.6454   2219.8601   1510.8910
      161.9577   1632.5347   2027.9012
     1550.5039   1687.3678    120.7875
     1729.7321   1700.5652    984.2588
      472.1276   1445.0211   1984.2805
     1809.8829   1098.8195   1784.3433
     1583.8512   1398.5306    440.6700
     2074.0222    726.2011   1492.2468
      174.5756    445.5467     16.5968
     1495.8773    447.1580    262.7075
     1011.8938   1466.2861   2206.1436
      836.2509   1882.3807   1827.0447
     2054.1807    544.6387    504.5829
     1865.4487    992.1029    358.0251
     1018.6058    706.7457    514.6808
     1551.3265   1876.8287   1536.5859
      402.1798   1408.7253   1004.2170
     1408.3475   1701.5297    788.5198
      150.6772    590.4822    492.6979
      244.8550   1989.7770   1068.5813
     2066.2197     80.5153    721.1894
     2082.6985    418.5504   2096.1648
      101.3372   1671.1448    862.0524
      177.4539    288.8640   1000.7567
     1886.9852   1935.4528   2216.6055
      697.8250   2023.1375   1538.9302
     1152.9236    139.8843   1536.0071
      155.0361   1367.0789   2141.1406
      728.7559   1602.9994   1250.4125
     1086.9929    749.1835   1569.4001
     2111.2070    119.3628     91.1715
      751.5560   1348.1277   1379.6733
      552.7382   1619.7384    953.8585
      291.7377   1930.1057    762.2136
     1080.3320   1434.1790    237.8738
     1097.1912    481.7224    207.7620
     1481.5481   1701.7665    402.4250
       39.6557    961.1208    289.8900
      265.0400   1936.1472   2231.0188
     1922.3110   2131.5625    178.0383
     2178.6011    147.9413   1928.2024
      191.8269    168.0179    678.2365
     2172.5977   1315.4518   1918.6096
     1725.8564    556.2591   1168.0027
      543.3727   1063.2560   1606.6407
     1542.1847    135.2173    197.1346
     2133.0906    757.5693   1838.6119
     1126.3658   1905.6597    481.2095
     1463.7423   1973.7651    698.4428
     1787.6740    216.7535    848.8798
     1620.3813   1356.2933   1453.0674
     1424.3457    934.2250   2003.0599
     1537.6816    472.7150   1888.9501
      786.2421    910.6574    602.6396
      750.0277    596.1260    803.4119
     1942.6140   2061.1860    500.3911
     1310.2161   2212.4155   2081.7678
      473.6318   1923.4349    388.9782
      887.7856    104.7620   2237.3083
     2095.9375   1962.7356   1242.5199
     1475.4435   1965.9745    308.1813
     1553.9979    145.3347    491.1844
      705.9784    677.0012   1549.8737
      368.7297    118.2112    408.2509
      661.0979   1377.1377    747.6230
     1951.7629    992.8351   1994.1069
      742.9926   1062.8469    322.1130
      703.9145   2040.7839   2143.3811
     2130.3687   1971.2108    191.5946
      412.2464   1845.1503   1683.6584
      223.3668   1996.8624    262.9558
      796.3661   1542.7083   1922.5852
     2177.4536   2196.8416   1016.6544
      212.1872    148.4558   1884.2229
     1512.5444   1946.6882   1115.3998
     1922.8640    544.5125    808.5197
     1744.2152    784.1984   1541.7539
     1813.7639    879.3471      3.6082
      381.8860   2144.6960   1809.1332
      412.7702   1165.6364   1968.0402
     1028.5830   1002.4701   2046.1221
      255.8135   1365.9557    332.1959
      686.1119    559.5073    111.3279
     1146.5223    887.0757   1138.4677
     1567.2028    999.1282   1379.2040
      413.4546   2181.1943    107.7778
     1353.0295    529.4957   1674.0836
     1981.2748    150.9106   1152.6482
     2028.5314   1370.8856   1614.8905
     1666.3099   2237.6643   1161.5082
      851.2265     65.7401    732.7565
      363.9324    483.7045   1725.0299
      540.6391   1057.6951    143.8869
     1576.6897    136.2579   1860.9163
      403.6711    814.3711   1140.9255
     1065.6829   1601.7582    740.1868
     2250.2131   1854.5082    466.8745
     2018.5721   1246.9089    583.3215
     1611.1925    631.3005   2245.1216
     1954.7864   1289.1521    159.5513
     1798.3524   1664.7126   1301.3531
     1187.0640   2190.1946    370.8654
      527.6585    720.5175   2212.0481
     1870.5956   1799.4808    539.7268
      486.0717    686.6863    679.8408
     1114.1615    114.2019   2086.5073
     1407.6337    386.1884    636.4196
     2196.8318   1708.9850   1828.1924
     1953.6852   2235.4194   2039.4948
      292.2131    811.2427   1791.7319
      848.5157   1774.7247    398.7897
     1205.9244   1764.9557   1410.2611
      337.9946    518.7235    260.8322
      526.2353    213.6830   1521.7128
      803.9122    700.0161   1963.5476
      154.3340   1973.5790   1514.5463
      152.8745   1055.4967   1381.2904
     1031.7734   1177.4646    742.8764
      757.3553    351.6590    611.4135
      964.9083   1445.9337   1529.6146
      804.2807    435.7122   1820.8243
      241.5349   1705.9897    355.5103
      487.1943    580.2985   1355.8319
     2142.3555   2084.1301   1687.0840
      435.8681   2223.4099    978.1356
       72.6910    327.5611    284.4495
     1678.1105    821.8718   1920.2880
     1952.4813    892.7371    723.1396
      662.4752   1597.4938   1597.2345
      962.7579    618.4832    982.4143
     1546.7877    317.7675   1350.1635
      733.3271     93.8731   1916.9540
     1819.5040   2168.8374    932.5599
      959.2960    459.4719   1381.8912
      476.6866   1826.7903   1354.2046
      780.2198    826.9883   1116.7183
     1440.4806   2195.2185   1394.5657
      795.8870   2114.6768    282.2472
      262.8512   1303.0487   1714.5719
     1071.3265   2230.1453   1106.4117
     1179.6759   1173.0527   1873.0203
      111.0202    850.0101   2114.0693
      122.8145    511.6654   1946.0691
      713.3666    312.1429    986.5261
      807.1503    379.5482   2072.5325
     2075.8381   1110.9417   1014.8692
     1108.4596    329.6064    869.8295
     1804.5430    693.7359    289.5740
       75.3343    799.2302    829.2746
     1260.1738   1782.6334    109.5644
     1000.7213   1858.5800   1162.5295
     1370.8149   1026.6443   1107.0389
     1898.2485   1626.2240     61.2654
     1358.9103   1996.3534   1737.7528
     1130.8453   1469.5858   1325.0100
     1319.1702    391.1449   2226.5881
     1335.8477    708.0971     73.6181
     1248.6146    845.9541    689.1357
     1476.0754   1614.3702   1152.2401
     1161.2075   2107.4712   1390.4658
     1225.0031    320.3829   1303.5573
      388.7085    445.6337    806.8992
     1597.7080   1062.7573     38.2745
      768.2855    960.8571   1376.3451
      460.8547   1380.7030   1491.6852
     1396.2687   1436.2653   1788.8933
     1441.6790    711.0679   1415.1953
     1586.5906    724.6102    975.7609
     2188.0220   1393.7133    333.6164
     2242.2231    542.9421   1157.2114
      577.0462   1670.0820     66.8654
     1580.8175    320.5863   1624.8588
