       99.2855    165.5263   1406.1117
      235.8172   1316.0571   1231.1047
      375.7794   2009.2012   1890.0714
     1951.5492    645.6754    398.8139
     1369.9524    138.8435     81.4887
     1175.1383    856.0368    633.3254
      820.3262    475.4727    368.2361
     2059.3040    221.4593   1456.1842
     2169.7939   1032.7762    130.1369
     1802.5634   1789.8713   2042.4753
     1942.4060   1632.2528    572.9706
      833.1086   2225.2949    870.5781
     1631.1766   1281.1204   2143.2200
      166.9126    856.8856   1506.3208
     1231.4884   1262.8685    991.4210
      465.6146   1092.6567   1845.4116
      789.6813    452.4386   1898.9938
     2195.2434    205.3562    406.7734
     1713.5350    441.2916   1180.4636
     2118.1575   1643.7701    814.1985
     1687.0800   1174.6071   1577.1072
      575.7788   1620.6500    676.7337
     1079.4998    115.4152   1889.4138
      658.9688    872.2245    200.6283
      569.5188   1149.1838    998.2107
      514.1399   1924.8044    715.0610
     2022.1752   2137.2778   1592.6127
     1170.8372     65.0603    720.9388
     2143.2312   1213.7021   1612.1599
     1132.2156   1711.5994   2091.7957
      339.9001    107.5983   1698.8413
     1268.2056   1429.0884   1550.6122
       60.1096   1659.5439     86.0593
      797.3683   1941.8523    522.7924
      573.7158    919.5122    584.2036
      481.8215   1783.5168   1026.7988
     1839.7269   1221.7847    885.3737
     2243.1912   2256.3291   2053.9448
     1037.8306   1016.7618    825.2753
     1454.3342   1123.2765    334.6549
      303.3208     22.4091    237.5454
     1776.3127     74.7722   1556.0062
     2252.7515    456.0326    237.4731
      818.3301   1995.2723   1924.0281
      339.6958   1140.8263    664.2435
      160.2874   1175.2881    344.5081
      844.1511   1442.4451    473.6823
     2052.2190   1233.8845    661.9939
     1407.2401   1308.6970    550.1484
     1214.9221   1449.2068   1945.8655
      843.3230    986.8536    463.6303
      482.7340     88.4482   2150.6409
      194.1332   1739.4703    654.9637
     1426.7134   1552.1107   1255.3883
      585.3323    163.8992    155.5181
     1468.1809    259.2952   1598.8732
     1905.7712    291.1285    443.3559
     2054.7502    538.4077    667.3914
      258.7661   1055.6271   1183.8745
     1640.6471   2177.7913    186.8988
     1563.6681   1477.5533   1679.6272
     1867.2285   1970.7401    941.1886
     1430.6176   1804.5449    757.0161
     2162.4431    785.5991   1610.3899
     1869.3966   1402.5076   1871.1063
     1432.8127    910.8052   1202.2877
     1714.8386   1902.4994   1795.5522
     2234.2427   2120.7988   1172.1229
     1462.6393    658.5598    877.7468
     1423.0310    310.7878    720.1555
      657.5342   1497.2274    210.3958
     1456.9736   2023.4581   1615.6475
     1989.1361    420.7210   1833.8844
        8.9905   1646.9377   1768.5134
     1357.5997    392.8617    397.8391
     1971.6281   1721.1261   1649.3463
      351.3109   1640.1484   1700.4224
     1225.2653   1688.7937    158.4837
     1542.7944   1510.6475    779.9308
      509.2992   1388.8729   2167.1062
     1880.0428    679.3025   2162.4551
     1700.8682   1805.2014    517.4493
     1686.2404    486.1853   2117.4158
      374.7665    527.1178    145.6597
     1882.7673   1000.8527    379.1572
     1263.3093   1228.3712   2172.6177
      986.8386   1482.1835   1695.6534
     1995.8639    694.2639    926.3076
     1789.0562   1232.8678    469.3935
      829.0709    717.5687    506.1388
     1378.2640   1961.2603   1982.5555
      249.8754   1439.4143    841.6589
     1193.9253   1470.9530    404.0098
      199.7713    877.3632    561.5900
      127.1428   1784.9951   1084.3806
     1564.8193    229.6200    932.1788
     2227.0042    700.5782   1900.2473
       20.9992   1563.1902   1172.6116
      509.8398      0.3942   1039.4839
     2172.9609   1782.3070   2123.9368
     1046.3502   2069.1787   1709.4011
      928.3225    135.7344   1581.6053
      241.5175   1272.4962   2129.2214
      706.0237   2040.7787   1076.2926
      857.4181    918.8229   1325.9307
     1801.5718    324.5919    162.3204
      462.0675    791.6346   1366.8085
      510.8928   1461.1298   1189.7646
      570.0370   1815.1663    264.4603
     1065.2577    899.8456    275.2038
     1022.2977    230.5359    129.4260
     1641.8579   2217.4553    731.6252
      198.4272    506.3308    482.6781
      266.5920   2113.8960   2233.4514
     1981.3145   2228.0266     19.4907
     1874.0886    268.5713   2160.9971
      554.3347     13.1572    495.7900
     1923.6412   1194.9230   2087.7507
     1440.6061    622.1955   1443.8854
      980.7918   1406.6161   1384.6948
     1477.2911    565.9810     83.7193
     1939.6598    528.4957   1552.8838
     1449.6349   1974.0334      0.8661
     1941.4612   2211.3704    750.9246
     1704.8330    387.8874    621.7811
     1956.7803   1551.6412   1257.3413
     1126.9937    632.2809   2177.5740
     1685.5066     22.1297   2218.1387
      764.3716   1419.8608    802.5961
      762.3777    906.6573   1060.2554
     2145.1694   1901.0608    488.5588
     1228.4659   2123.0242   2190.6052
      430.6817   1854.7118     32.4635
      795.5375     80.9356   2229.8137
     2112.7734   1758.6738   1303.0167
     2066.3875   1598.6394    262.0096
     1122.0757    206.1675    480.2782
      936.0805    741.7172   1806.4454
      343.3144    176.6218    609.7103
      364.4987   1421.0017    515.8053
     1809.8887    983.6174   2251.2422
      249.8159    312.3854    857.5550
      633.4903   1802.6296   2014.1593
     2243.1233   2204.8938    258.1242
      127.9707   1954.1079   1564.7723
       97.2448   2237.2292    713.2316
      946.2295   1257.8313   2187.2844
     2167.2983   1898.2401    888.4039
       34.9793    137.6416   1708.5179
     1044.2528   1770.8232   1267.7305
     2135.7927    228.4177    911.4687
     1802.7253    827.2329   1571.1396
     2148.4917    667.4503     41.9640
      595.8105   1859.0254   1369.3680
      765.4177   1268.8336   1935.5903
      904.5668   1062.3945   1948.8380
      698.4177   1207.5856    329.9758
      719.5363    470.8156     84.1805
      946.8164    553.1055   1278.0208
     1711.2745    782.8643   1146.5736
      970.7374   2150.2244    180.4435
     1160.2670    337.1029   1598.0884
     2006.7434     36.7351   1051.5428
     1851.2574    917.9086   1876.0513
     1841.9138   2068.4956   1355.3920
      822.8387    280.7383    807.3809
       49.5434    327.2099   2215.4971
      175.3324    767.9847    219.6904
     1920.5077      4.5042   1907.3300
      376.8360    273.4449   1181.5995
     1126.0984   1695.6243    614.3281
     2248.3274   1472.7551    537.3231
     2229.5664   1235.7307   1002.5828
     1445.6917    945.1750   2208.3015
     1837.1477   1634.3713    130.1549
     1793.8145   1574.4725    888.7501
     1251.4047   1998.6824    572.2974
      345.2661    901.0983   2249.1902
     1981.5979   1911.0496    140.5232
      390.2724    627.0048   1124.8746
     1437.3861    196.2598   1926.8748
     1624.0562    119.3175    454.2916
     2233.0964   1414.7416   2042.7573
     1518.1698   1559.7335   1997.3875
      347.6517    758.8903   1962.0490
      686.8814   2118.1714    243.4641
     1561.7396   1837.1237   1361.9744
      454.7316    617.8991    459.3320
      587.7988    396.6237   1565.3385
      672.3671   1027.6495   2142.4053
      270.9691   2049.5066   1116.3055
      318.2714   1257.0286   1610.7015
     1047.0977   1349.7427    738.4547
       81.3314    598.8394    720.1967
     1011.9674   1130.4937   1581.4395
      869.6306    665.1899   1539.6957
      262.6984   1713.8910    294.0415
      637.5887    817.7852   1716.3109
     2252.9570   1929.4017   1875.9519
      177.7920   2251.7451    975.5692
      344.8588    313.3534    300.1710
     1449.3416    828.4127   1934.1550
     2080.3999   1002.3774    892.4923
      699.6834   1506.9293   1544.7208
     1121.9763    793.8687   1150.7600
     1447.8765    268.9096   1235.4351
      690.1727     61.8806   1875.8358
     1888.2173   2131.9551    454.0811
      607.3810     16.6869   1295.6885
      180.1388   1586.5165   1435.5365
     1003.6945    659.7452    828.6872
     1293.0164   1781.7931   1030.9178
     1261.9998   2158.0938    308.5481
       97.5852    990.5250   1765.1208
     1502.8250   2116.2002   1123.0907
     1450.6938    986.9321   1453.1632
       20.9285    973.7652   2054.9260
       42.3251    509.5545   1598.9128
      993.4839    195.2498   1290.8535
      678.9263    699.5637   2087.1055
     2027.9854   1191.8832   1263.6237
     1250.2090    512.0439    647.4269
     2169.1414    639.6323   1301.0969
      125.8957    857.3642   1059.7102
     1593.1127   1769.2010    208.0738
      980.7747   2037.3258   1016.9087
     1775.7635    884.8951    718.6921
     2222.8113   1316.4065    127.8777
     1172.3569   1768.5496   1709.7623
     1077.8469   1501.7921   1016.2114
     1156.5354    323.1001   2151.4812
     1057.0564    601.0905    210.5856
     1414.6975   1049.1963    851.9397
     1513.8518   1225.9314   1234.8826
      945.0463   2082.0598   1330.9644
     1276.1011    563.8212   1138.1216
      658.9089    727.6534    792.8622
     1588.5161    818.3291    255.6499
      833.2250   1413.5203   1136.8606
      463.3346   1528.3503   1948.6110
     1361.3826   1113.1427   1817.2874
     1372.7670    557.7027   1781.0300
     1572.4904    798.6735    563.6310
     2203.2539    953.7103    442.2385
     2146.3728    360.0242   1167.9851
      923.2084   1703.3842    201.1504
     1856.2632    115.8616   1248.7982
