       24.6740    197.7350   1649.9801
      974.4553   1291.9009    499.4260
      211.8062   1627.4130   1543.2532
     2177.4634    813.7538   1086.1625
     2244.2607     48.5400    279.5155
     1422.2957   1327.8088    102.2662
      948.9964     10.1553    733.5588
     1674.0709   1235.2606   2089.7634
     1847.7162   1198.7455    329.1815
     1620.1440    886.1304   1503.5410
     2155.4512   1751.3523    592.1597
      267.1807   1795.7469    688.5157
     1572.6360   1644.3862   2219.3926
      719.1647    531.7892   1984.9867
     1421.8730   1627.6698   1295.5184
        4.3515   1476.4646   1923.2839
      543.8343    789.2409   1721.6963
     1163.1843    432.0217    660.7233
      715.5818    552.4692   1032.9635
     1858.6226   1873.8052    127.1109
     2097.7859   1239.9331   1259.6349
      885.3004   2184.5334    986.0497
      774.1589    424.2530   2177.3477
       15.9209    975.0780    946.5316
      604.8536   2074.9836   1172.2657
     1003.2340   2259.3604     92.5839
     1614.2257   1758.3567   1879.4745
       44.3330    140.6294   1423.8882
     2106.6619   1452.0828   1570.9828
     1533.9061   2199.8833   2021.7040
      535.6634    633.0735    908.5213
     1144.9518   1508.6572   1980.5377
      944.8438   1755.3336    488.9827
      886.8864   1190.6176   1070.9863
      512.8260    423.3422    286.0109
     1383.8754   1855.0145     12.3768
     1053.6602   1163.6165   2068.4321
     1910.2076   1320.0499   2062.7385
     1692.2955   1948.1294    259.9445
      415.4835   1566.8613    271.2220
      222.2423    510.6975    108.5038
     1052.2424     44.1626   1574.2955
     2085.4749    763.1321    392.6456
      857.3409   2061.6489   1502.7745
      151.4593   1624.6235    749.5228
      672.9848   1109.8914    316.6761
     1529.6699   2005.7332   1223.6091
     2207.7615   1285.5054    358.5254
     2257.7378   1128.5496    514.4694
     1414.9531    492.9607   1014.7258
     1068.9980   2206.7234    444.1384
      194.9405    680.0745   1380.0532
      179.3651   1258.1144   1517.7493
     2040.5114    466.1281   1115.8857
      831.6837    590.9432     78.3056
     2047.4926    936.9180    239.2910
     2235.3845   1107.8971    243.2943
     1974.0746    238.4742    398.9511
      175.8348    860.9681    799.7729
      362.0123   1839.4944   1042.7238
      706.9232   1153.8040   1817.5865
     2107.5051   1480.9229    419.8050
     1621.3517   2104.5181    613.2966
     2018.1865   1029.0935   1425.3322
     1436.7783   1842.4272   1535.8962
     1129.0195   2023.2683   1310.0266
     1075.3311   1904.8137   1685.1738
     1663.2415   2138.5706   2187.7747
     1861.0408    885.2972   1421.6034
     1122.5098    250.3455    791.1384
     1280.9686   2062.9136    931.4570
     1810.2482   1994.4038   1581.1691
     1896.1700   1386.7220   1805.2540
       90.3049   1977.6954   1264.0803
     1093.4985    205.4843   1681.1061
     1112.4976   1577.8311   1637.5032
      486.1926   1826.0479   1954.6870
     1955.1602   1343.3940    430.9965
     1010.7532   2082.8364    642.6971
     1063.3412    686.0696   1145.4078
     1869.5154    882.3269   1185.8459
     1897.4291    781.9750    329.6355
     2262.2559    291.7687   1232.7189
     1219.7664      2.6889     12.0335
     1826.4767   1653.5911    819.3962
      942.3643   1728.8582   1616.5309
      539.4989   1795.2345   1564.8563
     1810.0496    169.3680    188.3833
     1733.7478   1318.8158    474.0557
      594.8722    225.1049    814.6311
     2185.8169   2235.1047    833.0541
      727.1252   1463.0490    740.5049
     1807.9329   2079.6235   1018.4378
      563.3811    576.7375    100.6482
      550.0191   2251.9197    777.9941
     1917.1622    294.6718    801.4147
     1384.3029    595.2609   1723.0619
      434.9263   2144.4370    550.0353
      464.3814    266.7891    417.3383
     1506.5955   1709.3193   1683.6301
     1783.7616   1471.9387   1392.6350
     1497.1725    142.6877   1523.2159
      431.7548    656.4638   1535.7068
      188.6743   1953.5575   1058.4153
     1125.1376   1332.5696    704.3031
     1460.6947    336.0782    249.8882
     1232.8132   1898.2816   1856.9703
     1091.4331   1648.0195    609.0421
      345.5670   1299.3020    548.0378
     1399.2317   1165.7861    941.2053
      465.9539    865.5011    913.2050
     1074.8015   1009.3092    839.5940
      748.8561     86.4008    663.8768
      493.4977   1385.9518   1621.4958
     1098.0795   1707.2277   1473.5928
     2114.0254    914.0286   2147.4231
      637.6048   1194.1888   1056.0179
     1670.6863    836.2772   1280.6991
     2078.3279    343.3620   1346.1143
      429.4019   1307.5359   1418.7482
     1901.7166    259.2152    597.9769
     1464.5425   1249.4506   2162.0354
      551.7429   2029.8656    707.1876
     1934.4761   1663.4904   1023.8354
     1877.6385     46.3522    553.1637
     1710.6227   1683.1785   1011.8963
     1210.5131   1741.2278   2211.2734
     1672.1787    576.4588   1976.3101
      254.8750    101.1652   1075.2231
      157.5883    630.8593   2196.1606
     1834.8665   1864.6938   1019.1045
       81.5361   1342.3704   1121.0726
       22.8328   1249.2141    933.1276
      570.8096    861.4981   1502.2227
     1728.3212   1503.0551   1142.5217
      491.9055   1870.5197    842.8920
     1630.4000    651.6249     49.5908
      149.3099   1161.2067   1720.0336
      620.8585    119.0207    125.4470
      344.8940   1984.0614    635.3074
      171.7341   1124.8130   1109.0461
     1306.3401   1044.0894    329.1129
      624.0484   1977.5283   1569.2748
     1252.4221   1505.4672    670.5891
      211.7035   2140.3420   1186.3273
       20.1673   2032.3568     58.9903
      873.5609   1156.4388   1400.7053
     1654.9230   1632.3165   1296.0042
       80.4367    263.3729   2033.8297
      155.3489    827.0922   1510.9469
     1365.7935    328.0246   1162.5011
     2241.4900    628.8071   1819.7299
     2064.4580    668.1115    604.1237
     1002.1616   1815.5216   2052.0938
      307.5443   1453.6561   1515.6902
      866.7576    635.2343   1412.3643
      254.7434    762.8152    228.7319
     1187.5122    139.8955    430.3084
     1498.6807    915.9922    356.2766
     1592.4121    918.9903   1916.1251
      230.3233   2137.4270     59.9609
      337.8492    995.2728   1782.2455
     2132.3215    286.2036   1076.0796
     1631.9526   1096.6200   1564.9006
     1716.2728   1519.4464   1733.0116
       67.5663    354.6275    631.0223
     1270.4802   1272.8186   1374.2662
      976.2592    614.2460    516.3666
     1531.9224    529.3648   1555.9297
      348.7219    295.6123   1446.1250
      285.1832   2158.3792    979.0355
     1537.7433   2100.6104     80.7947
     1400.1018   1889.0364   1079.8665
       12.7334    814.3452   1311.8347
     1764.1226     16.4099    978.5218
     2259.7808    977.7836    726.6588
      850.6122   1641.4772    658.0991
      491.6565    906.6518   2067.6809
     1955.0677    635.1889    167.8271
      265.0558   1386.2826    374.5612
     1265.6661    191.7570   1850.5382
      661.0435    878.7330    879.6157
     1567.4449   1317.9041   1749.9690
     1788.5089   1807.0793   1403.6741
      896.4634   1998.5425   1298.1560
      764.0161   1280.6869    910.5038
      741.5092    475.7397    270.6499
      876.1345   1071.8077    553.9967
      330.3482    420.1866   1817.2991
     1345.2515   1501.9122   2012.3916
      491.2334   1784.4315    644.1664
      985.0720    265.7882   1124.4712
      408.6783   2024.4364   1145.5909
       46.4255    515.6614   1601.1627
     1167.6655    548.4886   2035.7659
      523.7347   1692.0885   2112.8767
      566.2367   1426.8995    118.5105
      810.3142    661.4294   1198.6854
     1981.2935   1739.2452   1824.9662
      758.8055   1862.4985   1460.6982
      137.1661     47.7900    441.6171
     1731.6611    178.1379   1129.6860
     2117.8210    377.5753    498.2746
       75.7995   1428.0551   1542.4221
     1194.1136    511.9590   1589.9623
      926.8505    136.5719    500.3527
      879.4322   1145.5234   1968.7260
     2212.6692   1135.2068     14.2228
     1054.8876     38.7681   1819.6720
     1354.1981   1708.9932    702.1827
      436.2065   1349.1699   1010.2207
      979.3335   2176.8835   1964.4272
     1893.8303   1909.0492    808.9539
      305.7710   2200.0522   1559.3821
     1246.5792   2178.2656   1463.2006
     1761.0103   1054.6466   1385.2507
      481.9151   2103.9626   1716.1757
      212.4918     56.8644    845.5263
      177.2481    304.0543   1082.3839
       33.1469   1263.3782   1883.0315
     1359.6053   1543.2766   1635.0713
     1408.5099    159.1827    407.2025
     1635.3217    951.6495    192.7450
      344.4631   1976.1083    424.4479
      795.2324   1411.2770    508.3350
        6.2555   1534.0883   1710.7753
     1721.4830    169.3623   1512.7301
     1857.0920   2127.1284    803.9128
     1144.9550   2008.3474   2037.1823
     1350.9127   1842.6218   1290.7855
     1174.3669    371.5549   2151.9629
     1202.3317    403.1709    946.2380
     1553.9982   1355.0187    318.4675
     1385.5979   1318.1802   1614.8215
     1103.9274   1413.0287   1276.9451
      786.7632    346.0177   1051.9636
     1645.3073     44.7828     64.1448
     1179.0707    589.6703      3.6161
      729.1508     32.9073    881.8038
     1216.9268   1477.7772   1461.6967
     2106.9724   1696.3452   1161.3209
     1153.2577   1336.4973   1640.3224
      913.6881    837.2469   1111.7397
     1546.0458   1309.8282    579.5112
     1330.2172    641.1325   1458.4910
      972.2764   1985.4766    445.5547
     1051.9353   1457.0020   1793.0312
     2129.0178   1532.4885   2092.1216
     1146.8450    490.0667    209.1734
     2250.4673    642.1727   1434.6702
        2.4570   2262.8518    638.1913
     1812.0316    695.0266   2234.0686
     1160.7318     39.5155    869.2247
     1449.2715   1060.8375    544.7245
     1529.1976    177.8706    841.7658
      648.9585    655.4609   1502.9928
      853.7902    788.9080      2.2180
     1399.1985   1223.7058    412.8776
      315.4200   2180.3115   2101.8850
     1109.1637    883.8080   1784.4771
      413.9133    409.6111     72.2722
      282.9797    944.0643   1006.9015
     2052.4717    888.8425    918.0483
     1542.7766    736.5081    219.3518
     1924.3309   2048.9116   1991.3264
     2025.3575   1693.4452    430.9200
     1236.4003     14.2523   1705.9509
     1153.2787   1844.6385    555.2433
     2110.6711   1561.0785    957.5961
     1990.6420   1513.9139   1950.4509
      941.1639   1409.8850   1624.0210
     2013.8071    948.2227    522.2380
     1735.7726   1712.2396   2110.9441
      310.4335   1650.9199   2055.8469
      844.0678    164.2970    101.8655
      691.2349    178.1540   1468.7762
     1393.6985   1754.9761   1892.6323
     1878.3855   1523.7805   2136.5571
     2022.6285   1171.0116    180.5426
      882.1755    986.5167   1563.8484
      318.6547    133.8601    318.4452
     1275.5887   1645.6722    487.8542
     1086.2943   2081.7275   1561.8430
     1480.2787   1955.6995    873.1398
     2047.6046   1865.3689    973.3618
       72.2975    949.6607   1162.5325
     1142.4460   1074.7910   1873.5093
     2231.2986    612.7889    375.2486
      281.8294    291.9588   2170.5071
      708.9014    633.8164   2168.5791
     1925.8887    400.4166    248.4282
      484.3499    829.9852   1160.4316
     1214.0424   1335.4607    889.7656
      806.0693    864.3256   1381.4850
     1008.4886    323.0381   1327.0636
     2235.2991   1728.8352    986.0491
     1887.1910   1958.2378   1800.1466
      970.5731    120.1732    910.6821
     1413.3582   1437.6564   1430.4220
     1561.7910    800.9148    789.1612
      814.4210    780.0340   1583.5779
      387.1716    635.1459   1755.7345
     2134.2424    709.6983    144.9817
     1432.6155      2.5775   2230.3726
      857.0919   1278.6110    684.6954
      750.8942    658.8663   1787.6654
      313.2415   1378.0203    174.7547
     1142.0078    891.8811    292.1140
     1738.6041   1526.4315     64.5711
     2048.5300   1285.2899    740.2422
      906.0360    646.8781    967.5023
     1826.3851   1950.3353    437.7369
      954.5111    772.9901    342.8943
      113.8582    461.0740   1260.6869
     2053.0718    956.1277   1930.1951
      514.8773    314.4412    634.2001
     2208.9124   1171.3390   1117.5492
     1059.7299   1370.6693   2179.6804
      814.8504    127.9639   1081.5016
     1185.2372   1717.4364   2000.4932
      221.1491    152.9796   1538.8082
     1900.0580   1238.6841   1431.5856
     2087.5718    176.7264   2010.3318
      494.3133   2088.3245    958.3329
      635.5660   1682.7025   1392.1915
     1909.8882   1793.5297   1592.1193
     1684.6167   1451.1720    728.7607
     1314.2521   1575.2119    889.4751
     2109.6765    755.3897   1978.1339
      596.4344   2138.4124    180.2386
      889.4774   1991.3165   2071.4568
      730.9844   1108.2108   1247.7605
     1772.1595   2128.3308   1818.5245
      440.9222   2149.8188   1342.4755
      318.8581    630.2111   1975.1151
      396.6233    367.6364   2014.3438
     1271.7751   1316.0111   2121.5432
     1683.0776    784.1800   2079.4897
     1511.9390    431.0558     59.4570
     1598.6661   1307.8992    881.0427
     1367.6576     31.0674    926.8870
     2047.2034    711.5147   1404.9664
     1276.8164    131.9204   1532.6052
      561.0575   1008.4008    148.8071
       99.5146   1917.6954   2144.6946
     1113.6318    132.1065   1396.4800
     1169.0435   1306.3529   1910.1218
      985.2403   1525.9615    464.0498
     1359.8217    475.6987   2161.4368
      684.5956   2078.9966    911.4327
      262.5334   2116.1958   1742.0684
      430.7657     65.4421   1662.8632
      210.3064   2092.3840   1395.3167
     1235.6987    309.0139    318.3126
     1851.3149   1075.0189   1572.4766
     1073.7896   1364.2866    290.6204
     2254.1223   1536.2900    574.3870
      895.8366    805.8189   1812.2828
      538.3876    246.9501   1590.4644
     1539.0269    421.4461   1985.1102
       70.6247    413.0077    425.4181
      852.9633   1915.6257   1677.2213
     1484.5493   1169.1370    735.4522
      356.0395    662.8559    425.3901
      344.6904   1690.6930    873.3788
     2221.4180   1411.9135    744.9845
      947.0430   1590.7076   1960.1543
     1717.0848   1911.7747    637.9734
      334.7656    381.6632   1227.1487
       69.4378   2226.0515   1560.4999
       18.9523    168.6433    997.8668
     1617.6151    516.9302   1019.2825
       26.0211   2262.7361     77.6269
      477.9695   1187.0913   1821.3136
      284.5636    344.2947    673.9719
      831.4686    349.1544   1999.9365
     1675.9457   1223.6180   1286.5381
      773.8922   1985.4899    561.5632
      308.4212   1892.9728   1274.4023
       54.9642   1689.2985    184.8312
     2020.8254   1724.6959    771.4285
      832.9356    475.3031    854.2482
       13.7136   2026.4640   1695.8577
      849.9922   1797.4430   1871.4973
     2116.2080    351.4638    710.0474
     2212.7722    775.3225    813.9274
      186.1007   1373.6841   1716.6926
     1832.6741   1161.7755   1902.2687
     1363.7423    751.3700    890.4460
      853.7277    749.2390   2045.6154
     1421.7788   1587.6882    306.6458
     1703.5067    533.3172   1394.5808
     1843.9540    700.9623   1312.8450
      327.1841    976.8965    172.2312
      636.6804    403.4389    463.7727
     1556.5355    320.4871   1020.1359
     2223.5540    543.4469    582.2678
     1504.1060    234.7170   1915.5090
      352.0196    243.0301   1716.0393
     2094.2908    332.6144    104.6869
     1944.9703    331.5118   1908.9236
      720.2541    903.1740   1192.4973
     1623.1588    107.1145   2114.9097
     1826.2849   1015.1891    171.0144
      351.1355   2253.6799   1873.2513
     1705.4536   1755.1926    476.6529
     1878.4020   1399.4419    627.3229
      454.5247     62.9075    960.8499
      923.3449   2109.5881    253.6653
     1209.5392    900.2755   2011.7219
     1745.8284   1250.1040    696.6585
     1602.1429   1459.0645   1571.5999
      387.8945     61.4251   2260.6279
      404.5958   1525.2148   1319.2954
      599.7678    214.3504   1035.7677
      338.0563   1241.7004   1185.2610
     1149.9932   2029.2822    319.3336
      698.4634    187.5149    476.6900
     1672.5487   2011.4473   1978.1829
     2212.6389   1831.9447   1784.5513
     1930.2850   1102.3729   1217.5502
     1570.4142   1768.1005   1159.2933
      383.8965   1063.1173   1999.2313
      908.8472   1016.4365   1236.0510
      478.9995   2122.0110   2248.1711
      263.9331   1042.9369   1560.4105
      499.5986   1013.7480   1634.9678
      125.9692    753.7939    468.7993
     1762.8571    713.0917   1519.7920
      639.7831   1915.9081   1773.6855
     1336.0073   1394.2308   1795.8092
      100.3441   1308.0026    531.0294
     1156.1619    950.3080   1209.4352
      586.6292   1889.9308    286.5280
      977.9821    923.3473   1967.9457
       20.9801    888.0046   1926.0155
      672.8828   2048.2424   2187.5769
     2225.0950   1635.8557    776.1116
     1892.4355    325.8640   1480.2249
     1256.3738    643.4719    498.1512
     1259.9038   1174.9543   1734.6290
     1330.3004   2138.8542   2034.2970
     1287.5011    369.2100     88.1810
     1349.3845    570.4030   1200.0878
      532.3483   1713.9901    149.2550
     2018.6383   1947.7277    629.9008
      332.7357   1788.1781   1606.7135
     1069.9724   1345.5671   1067.0254
     1170.6852   1533.6699   2180.8340
     1342.1903    536.3806    308.8339
     1418.4745    735.2112     18.0177
      224.7920   1310.1245    970.3821
     1507.1097   1736.3889    904.6888
      761.4066    714.8363    205.7375
     1478.9636   1144.6770    219.7203
      616.3527   1448.6541   1391.5479
     2031.9969   1256.8831   2229.7590
      136.9630    998.9886    292.2526
     2161.9827   1231.8153   1459.4054
      330.0695   1169.0668    104.6801
     1016.7521   1885.9410    956.7006
     1903.4360   2262.2195   1164.7448
      334.7720   1747.1321    480.6681
     1681.6492   1474.5994   2120.3315
     1143.0032    487.4700    442.6288
      675.1235   2070.8606   1363.7412
     1869.4175    137.5265   1999.3408
     2096.4858   1097.0542    646.9621
     1078.3503    969.9147   2172.7771
      343.4857    832.3236   1625.3190
     1879.2809   1391.3634   1584.6050
     1475.6455    668.0948    464.5458
     1695.1469   2214.8713    232.2838
       38.8448    424.5556    189.4694
      404.3912   1380.7407   1822.2029
     1214.1960    620.0790   1025.6085
      712.1435    202.7886   1817.2333
      992.9797    478.5887   1504.4790
     1940.3523   1971.5179   1438.0044
      394.0565    569.3140    210.9180
      390.4962    160.9236    760.2766
     1217.1523   2046.0051    528.0247
      158.4380     46.1684   1992.1892
     1850.0620   2065.6816   1255.9703
      261.7386   1236.3666   1915.6097
     2121.0181   1439.8799   1151.9385
     1159.2349   1751.6689    774.8253
      388.5171   1133.3140    987.8555
     1910.9578   2239.8481    105.2078
      642.7738   1118.4731   2032.2572
     1843.5986    638.1391   1685.8263
     1800.8187    870.6092   1657.7516
      990.8892   1020.2175   1030.0012
      188.3005    749.1439   1777.0637
      578.2236    586.1530    547.0230
     1683.4235   1298.7595   1489.6532
      830.2247    261.6342    320.4301
     1167.6002   1213.4839    431.3647
     2230.6396    909.7671     98.8945
      291.5247   1219.2701   2147.1770
       96.0722    688.5212    680.1081
      743.8853    340.3631    648.0964
     1003.1807   1518.3495   1435.0969
       28.8053    796.9871    283.1680
     1241.4528   1044.9275    578.9950
      482.0374   1113.2484   1468.1415
      614.4073     28.3787   2200.0408
      288.9316    795.4759   2110.6670
      983.5852    277.1348   2148.3887
      187.5428    112.0076   2196.5671
     1577.4446    479.4137    457.9009
      368.7523   1030.8795    564.3109
      734.1784   1314.9515   2003.2568
     1956.2441   1550.3131   1257.3534
     1757.6487   1936.4939   2166.4956
     1741.4647    278.9523   2115.2939
      590.4626    506.4091    732.8945
     1571.3420   2151.1914   1796.9402
      926.4794   1438.2471    881.5642
      179.3133     72.1054   1743.6621
     1272.4141   2050.3953   2235.4741
      655.2986   1276.3315   2225.0239
     1081.3848   2062.4822    124.1423
      561.4543   2193.9280   1493.0529
     2113.3335    133.4363   1243.7650
      865.3857   2187.6763    509.0988
      370.0271   1435.4073   2052.6819
     1157.0919    312.9643   1505.5922
     1913.1086   1575.7478    183.2710
     2238.3811    123.7229   2152.9695
      637.1726   1189.6558   1628.0217
     1407.2035   2202.4465   1615.3792
     2175.0588    369.8969   1930.7328
      489.7721   1268.7084   2024.2858
     1711.7256    788.6767    615.9359
     1934.8412    509.9289   1319.5305
     1170.7987    566.2823   1796.1207
      294.1288   1478.5385    882.2691
     1286.5083   1044.4178   1306.1775
     1408.5018    194.9769   1692.6488
      853.9640    999.7705   2136.8735
     1450.2111   1906.5448   1750.9717
      988.1847    893.4620    685.3781
     1731.4707    446.1520   1588.1184
      914.2963    685.1427    732.6754
      849.7234   1473.4729   2142.7429
     1757.6949   2062.3020    106.3367
     2122.2273     31.8009   1067.3879
      365.2139   1779.3107      0.5076
     1539.5430   2099.6912    327.8059
     1164.4208    177.0532   1030.9938
      866.9970   1101.6953    826.2352
      874.8508   1240.7964   2178.2424
     1599.5333   1340.1438     23.0782
      710.2791    961.4401   1693.0823
     1459.4463   1532.2266    678.7649
      164.4004    482.0850    776.1874
     2007.3495    533.2677    447.6016
      983.9645   1577.2301   1214.1068
      167.7216   1087.9674    869.4521
      347.3130   1163.9971    314.0524
      589.6974   1093.1851    874.7479
     2208.1328   2057.0232    684.3484
      875.7942   1831.4408   2252.3662
      712.1826   1333.8662   1220.6318
      237.3641    816.8099   1200.8860
     1584.8052    271.8565    431.9514
      298.0446    684.4494    838.2515
      616.4104    337.2522   2020.0690
      603.5739   2030.7748   1919.6373
     2175.1274    545.3894    773.1630
     1341.7273   1680.5635   1109.6217
     1273.8970    702.1448   2098.7798
      879.2161     99.8153   1995.2581
     2232.0950   1350.5234   2188.6660
      872.2962   1578.9932   1759.8896
     1009.5372     45.9373   1139.9286
      224.0584   1493.6414   2241.0500
     1579.7617    396.2717   1212.9036
     1895.8063    761.8949    519.2369
     2112.9138   2125.9822   1516.0238
      623.9001    785.4945     62.5634
     1964.9858   1604.6566   1492.2925
      399.4932    458.3088    467.8708
      793.4279    430.0819   1802.3038
     2068.1047   1682.0337      6.0358
      600.3772    577.5490   1704.0431
     1275.3121   1112.1697   2084.2073
      649.5959   1545.1310   1733.8821
     2254.5181   1967.0028   1945.7963
     1935.2119   1552.8766   1707.9304
     1694.3441   1832.5634    866.0926
     1360.0762    999.1700   1896.1907
     1275.3407   1600.0970   1819.3284
     1214.2169    729.9733   1281.0601
     1072.3984   2110.6458    909.1263
      693.0541   1051.7350      4.4821
     1541.1687    180.4051   1283.0240
     1779.0587   1231.9541   1710.4619
     1433.4951   2151.6917    767.1110
     1898.2703      5.2729    304.8418
      230.1717   2181.0774    634.3605
     1789.8197    484.6686    818.3773
     1722.4467    679.8849    908.6394
     2151.1829   2000.6011   2139.7874
      721.7039   1738.6783   1659.5493
     1063.2230   1032.4431    456.3758
     1142.7893   2105.1516   1813.8153
     2203.9871   2198.2314   2008.0150
       64.8225    620.7538    908.0347
     1784.1893   1743.8334   1759.0538
     1226.7932    877.9546   1467.3916
     1527.5099   1596.5792   1991.5103
      552.2717   1713.5706    396.8922
      169.0752   1727.6169   2227.0913
       78.3156    944.8864   2128.6377
     1432.6167   2105.4565   1051.0243
     2201.5647   1861.7552    790.1993
      488.0868   1942.0815    103.9217
      491.8455    201.2286   1888.5342
       49.7214   2181.8096   1808.9407
     1953.3538   1011.6312   1756.4670
     2216.9531    951.1450    398.3264
      800.1600    232.5303    856.0074
      232.0202    520.4894    992.8309
     1968.4283   1883.2599   2194.7148
     1806.8657    935.0551   1919.5490
     1693.3588    883.9169    998.1282
     1484.2681   1223.3257   1460.6176
     2248.1157   1569.2460      4.2363
     1490.2527    301.6274   2126.6807
     1535.7740    862.1858    560.2379
      965.2964   1475.7646    664.3082
      499.1374   1761.2690   1201.9205
     1658.9928     94.4493   1901.5692
      613.4149    447.6295   1531.4817
     1743.2111   2206.2004   1563.4375
     1801.2434    572.5796    522.6486
       81.0953   1788.4762   1598.2073
      349.0416    989.6747    786.5526
     1615.8026   1861.5747     45.2310
     1398.3784   1391.7175   1007.1630
      436.1131   1559.3730      5.9271
      763.7351   1200.6443    142.6541
     1601.0366   1111.1902     20.5015
      401.7758    713.1204   1325.1138
     1006.4415   1226.9893   1768.9562
      269.1562   1640.2950    146.3809
      351.9670   1237.2200   1645.6056
      741.9521    922.2572   1933.6229
     1973.0740    772.7938   1804.6035
     1480.5479   1978.9485   1952.8878
      806.3456    398.0432   1415.5870
     1212.5405    737.8385   1657.7261
     2118.9231    508.3352    263.4391
      395.7275   1919.5286   1752.2391
      721.8824   1851.4127   1227.3883
      115.1718   1781.0554   1180.4498
     2161.5049    840.1149   1744.9426
      365.7360   2176.2480    785.1176
     1401.5566    530.6084    633.9828
     1932.1958     98.9304   1573.7003
     2126.2124   1961.2184   1319.1941
      446.8779    192.0655   1183.0298
     1361.1776    565.9520    122.0293
      701.7252   1124.7576    687.5449
      658.0273     74.1644   1649.4490
      156.2756    517.3823   1800.8494
      722.1207    683.9370    823.2239
     2233.6931   1295.4779   1669.3910
      589.9752    393.6303   1167.2734
     1307.4001   1685.7659   1463.0657
     1695.4318   1018.5828   1762.7434
      462.2923    781.5496    219.6995
      780.4711   1690.5856   2098.4185
     1448.1697   1232.1453   1229.3223
     2142.8076   1564.4014    215.7577
     1358.6982   1042.4453   1117.5513
     1307.8517   1394.7347    304.4960
     1641.1792   1009.0084    762.3764
     1380.2832    119.8954   2062.9844
     1918.9725   1086.0177    784.9690
     1249.8896    458.5103   1360.1772
      120.6659   1465.3087    168.7303
      712.0994   2148.0176   1666.0747
     1827.8240    657.5918    722.9836
     1609.8109   1963.6334   1033.1792
     1206.5443   1011.4032    122.2477
      853.3997   1462.1595   1076.8687
      409.7059   1702.2671   1399.5901
     1345.4178    798.2800   1131.1339
      244.2808    882.3304   1934.8602
      125.0828   1249.1478    248.4500
     1595.7747   1352.5157   1104.3345
     1264.5430   1275.6376   1132.7137
     1563.9390   2219.5271   1456.7534
     2185.7454    875.3664   1494.2825
      491.5947   1168.4073    672.5783
     1763.3569   1588.4219   1919.5947
     1109.0543   1793.2686    359.2576
     1021.8058    438.5755     52.9879
     1132.2734   1943.2982    795.7222
     1159.8318   1582.3302    290.0432
     1514.8767    705.9209   1881.8929
      937.5059    238.1672   1810.7417
      269.8223   1866.3781   2047.7385
     2049.8948    123.9238   2256.0779
      752.3617   1782.7463    204.0021
     1868.0533   1694.3553     25.1049
     1841.6777   1347.3811     30.9287
     1214.2810   1377.7799     83.2130
      591.0873   1347.8531    569.7394
     1572.5005   2057.9600   1617.0270
     1641.2035   1577.3716    322.5077
     1559.5826    536.3460    238.9641
      235.4604   1511.0723   1885.9990
      420.3195   1407.9000    696.0629
     1895.9927     78.7047    769.0859
     1299.5377   1813.5422    920.0278
     1543.4291   1780.3306    316.3045
     2116.2468   1304.4570   2010.0266
      744.0422   2087.4702    352.2422
     1109.4895    186.5480   1982.7566
     1591.8640    150.8058    240.4443
     1702.3378    348.6526    272.8095
      601.2974   1495.9065    410.7903
     1612.2137    609.6799    653.4094
      519.3042    252.0063   2197.9404
      525.4033   1543.1753    829.3770
     2143.8057     16.0882   1697.5388
      639.5618   1438.6917   1021.5031
      109.9825   1726.6464    561.4870
     1325.3097    155.8653    770.9692
     1059.4283   2131.6064   2168.1018
     1311.7583   1934.1215    706.0540
     2091.6951     64.3209    441.7582
      429.1613    453.6483   1053.7338
     1774.3096    494.8347   1185.2394
      439.4637    493.8163   1357.6252
     2059.3547   1134.3925    393.6456
      289.3170    781.4449    627.5155
     1441.8138    205.6090     54.9428
      885.0038    407.8830    483.3816
     1268.0533    573.6006    810.6461
     2026.4624    694.0436   2178.3628
      800.5454   1600.4836   1523.4194
     1668.5341   2180.9404   1168.9117
     1526.2347   1854.8401    675.2124
     1350.4720    773.0782    291.6239
       57.3404   1476.5514    358.1725
     1048.2695   1134.4377    668.8660
     1171.0759   2220.5642   1257.8948
       18.3423   2169.0291   1343.7855
     1409.5001   1453.0121    498.7411
      608.2335    401.4500    924.2102
     2090.6589    191.8692    882.0355
     1965.0978    429.6685   1679.6304
     1658.1150   1933.5883   1781.4044
      852.4771   1373.8352   1443.4919
      134.9359   1873.9769    355.3494
      719.8754   1903.9351    750.9680
     1565.0377   1143.2313   1049.5262
     2024.4620    440.3898    896.1514
      542.2545   1015.8184   1073.8059
     2220.9963   2114.6433   1139.4137
      258.5658   1481.1086   1143.2043
     1887.9878   1273.1841    878.8287
     1569.3864   2195.1487    918.7786
      791.8764   2254.5088   1844.1310
      247.5506    268.0188    464.0285
     1747.9023   1621.6300   1540.2960
      854.1201    848.0328    523.3711
      644.2916    361.1236     85.8056
      160.8103   1678.1962   1746.9896
      150.7518   1373.7777   2061.2649
     1147.3717   1167.3264   2256.9048
     1316.1954     32.0985    578.6851
      774.0427    560.3193    638.1011
     2016.8729   2174.0996    663.1523
      254.1036     35.1935   1329.9757
     1346.8969   1433.8715   1233.5752
      802.0017   2022.8455   1857.2474
      103.7764    322.0854   1822.2810
     1144.2574   2245.6770    252.2423
     1366.3489    256.2482    966.9833
      290.2154    901.8601    402.9265
     1427.2200   1002.9819   1497.2201
      341.6932   1004.1570   1204.4756
     1831.6550    378.8893    448.8314
      230.4850   1372.1328   1330.7115
     1077.0005    225.9440     79.7800
      707.5869   1888.1022   2035.9506
      758.7421   2134.4067    711.3905
      427.5697    795.9926   1891.5292
      292.9774   1158.4929   1372.1740
     1933.1677   1451.1630   1057.1714
     2159.6309   1577.0579   1338.5425
      765.0356   1642.2325    418.4918
      108.5009   1192.3650   1305.3733
     1625.6921   1495.1420    500.6100
     1611.3529    371.9637    816.6589
      214.4181    270.0736    109.2356
      283.2045   1969.0487    845.4327
      566.8878   1923.9308    505.1809
      173.3139   1366.9105    721.6730
      587.9776    639.3234    342.2265
     1056.7166     70.4871   2145.7290
     1950.8134   2147.6499   1669.7654
      819.3254    524.8654   1611.8098
      405.0869    464.9145   1600.3923
      298.1012    372.8695    295.6215
      176.3424    568.0871    329.4440
     1837.4556   2094.1045    588.8948
      730.0175   1214.0940    484.1120
     1539.5253   1498.6895    151.8970
     1764.6353    495.7202     94.5537
     2100.2146    482.6391   1498.2583
      393.1275    121.4512   2057.2324
     1351.7561    276.2612   1375.1301
     2103.1890   2088.0872   1848.1992
      665.6395    765.6317   1064.8140
      296.5982   2173.7065    369.2275
     1568.3964   2257.1880    449.2065
     1426.7706   1481.9729   2204.3042
      102.0195   1918.5854    672.4784
     1053.4326   1097.9268    241.8024
     1111.8380    760.6425    834.8269
      703.9658   1378.4338   1601.8660
     2225.9902   1834.1517     47.4068
     1883.7639   1016.3168   1001.5163
      597.3321   1583.5638   1175.2164
     1524.9008    710.8784   1007.0667
     2170.7192   1650.0951   1889.0787
      680.1833   1627.9104      0.3589
     1528.8538   1378.1329   1982.0272
      627.6847    246.7600    263.2328
      861.3860   1621.1718     83.4020
     1760.5715   1404.5920    252.3960
     1509.2802   1561.7598   1107.7971
     2229.7300   1769.0349   1332.0433
     1700.7024    170.8768    645.4651
     1216.4312   2194.2017   1060.6101
      408.7478    441.6577    837.5779
     1872.5560   1538.8345    405.7367
     1472.5973   1709.7069    120.0308
      982.8315   1628.5792   1012.2202
     1084.2765    809.6522    520.2215
     1887.7609    777.7651    987.6417
     1271.9690    250.9212    596.5366
     1983.9275   2245.0874    932.9927
     2026.2577   1031.6465     23.2144
      529.9497   2203.6790   2033.3850
        5.4660    224.2255    116.7060
     1779.8665    363.1837    996.5117
     2002.8695    673.2207    825.9359
      847.5012      1.5814   2191.8433
     1210.1801   1525.0477   1076.5791
     1340.3672   2102.8440   1245.1112
     1278.7828    959.4805   1685.7374
     1412.1017    924.1962    136.2629
     1968.5603    301.5688   2140.0413
     1575.5088   1422.6016   1323.0664
      182.8695   1875.0182    131.7372
     1642.6251   1132.7576    357.9308
      886.6706   1725.0789   1348.3159
     1593.4498    311.7359   1681.0709
     1353.2606   1988.6754    372.7116
       55.2535   1481.8424    933.4526
     2258.0396    539.8004   2045.3560
      529.2033   1913.4547   1349.6506
       91.2875   1168.2277   2105.1641
     1703.6760    311.5426   1883.1566
     1116.8561     75.9545    640.0681
      135.5164   1068.6366     90.7153
       75.5758   2229.7805    981.7607
     1421.0409   2087.0273    550.4241
       26.6318   1996.5328   1480.5378
      531.8690    931.7747    676.8979
      979.9302    495.3615   1080.6294
     1492.9742   2242.6138   1237.7802
      703.4919   1039.3785   1461.0929
      327.5784    520.2958   2163.2266
      136.4281    775.2203   1001.6857
      211.8531   1511.6526    560.6042
      544.1093    306.2564   1361.2581
     1537.8625   1643.9003   1473.4359
     1881.6775    555.9405   1019.2026
     2088.8901    132.2947    645.7624
      177.8455    454.3460   2007.8145
      232.5776    615.5181   1597.2281
     1426.4648    829.0895   2058.9695
      870.8131    983.6603    347.1581
      658.4478   1250.3514   1420.7456
     1856.2670    474.1336   2081.8677
      160.0626   2033.7080    486.8893
     2161.1707    342.0674   2157.0459
      305.7943   2004.7212    204.3522
      794.6245   1405.9886     78.0988
     1143.2467    637.5903    668.8582
     1465.2286   2014.1957   2168.6899
     2212.8630   1942.9890    254.6571
     2047.4137   1182.3505   1851.0199
      232.1943    478.3058   1439.5962
      184.0595   1821.3422   1413.1536
     2009.7961   2126.1301    444.4568
     1534.5693    107.0151   1059.8738
     2241.3931    737.0217   2202.1189
     1225.6825   2151.9487    723.9902
     1775.7599   1244.8707   1065.6716
      562.9545    379.3705   1771.7736
     1298.2177   1269.7417    600.4336
       35.6879   1064.8866   1513.3181
     2210.5693   1071.2258   1798.1997
     1657.7728    278.1697     48.4385
      898.7338   2008.4751    833.6785
     1954.6013   1483.5873    828.5389
      781.2041    628.5132    431.4181
     1965.5599    849.2867     75.1548
     1922.3741    309.9939   1203.2845
      512.4036   1168.0033    464.4934
      204.6789    230.4076   1287.5199
     2200.0417   1030.4436   1317.0801
      782.9822    933.9882    715.2959
      418.5691   1592.7684   1046.1938
     2161.1213   1102.5222   2035.9374
     2067.9409   2046.9125    860.5678
       23.7884    724.8610   1643.5449
      378.7861   2032.5007   1946.1820
     1360.5597   2095.0251   1830.0297
     2110.8367   2157.3992    248.7053
      956.7585    433.4048    692.2341
      542.8656    607.1356   1156.6803
      533.2554     50.5940    362.5957
       16.7665    361.1003   1451.5696
      430.3490    216.6727    146.0564
     1410.4996   1370.9437    784.6533
     1251.2983   1118.6580   1518.5435
     1667.0562    710.4746    413.3535
     2060.0552    234.9325   1760.3018
     2185.7839   1348.5979    147.1890
     1257.7623    193.6975   2204.9553
     2123.8062     64.1796   1456.5931
     1367.0813     45.1800   1370.8668
      346.3448   1799.9583    284.2470
      740.3087     48.6907    316.0493
     1073.4318   1725.3722   1817.3877
     1196.4869    214.1373   1242.8315
     1871.4247   1016.4036    376.0267
     1222.8365    367.4698   1742.5817
      628.2747    750.9905   1327.9581
      379.6806    560.5217    648.0227
      172.8196    847.1497     51.5317
     2025.6239   1898.7347    401.6476
     1406.3770    965.3472    731.6231
     1321.8641   2095.8284    171.6311
      888.4684   1213.7874    326.2324
      178.2356   2060.1980   1974.3099
     1416.6573     31.6939   1858.7263
      574.7703      6.8316   1831.1582
     2030.0708   1389.3622   1389.9175
      117.1240   2104.2183    794.5742
      109.2587    709.0799   1979.9506
     1103.1750   1174.6851   1231.0001
     1073.5403   1716.1379    123.8325
      553.3181    488.8961   2163.8853
     1092.2891   1917.8627   2238.4294
     1188.9956   1610.4974   1286.3699
     1509.8535     69.3235    658.0220
      498.2834   1110.8121   2208.8777
      369.8996    266.9835    973.1386
      536.7136     89.3005    585.1589
      763.3614   1589.3663    918.2890
      578.7570   1707.1338    973.6576
     1733.9307    690.0667   1114.6968
     1712.2410   1218.4095    178.7290
     1068.8457   1042.2085   1403.1329
     1558.2787    882.9542   2227.3433
      297.5983    591.7732   1173.5314
      746.2439   2174.9172   2032.8346
     1004.9754   1891.4437   1460.7280
     1493.6403    569.8644    818.0952
     1910.1609   2038.1918    270.2198
       12.0204    155.6155    779.5367
     1551.6587    641.5622   1209.3711
     2207.7087   1890.2601   1121.3066
        9.5340   1383.5642   1339.0980
      344.7427     77.0160    537.0856
     1730.7389   1129.5215    888.7801
     1374.4562    369.9919   1553.2128
     1417.5232    393.3690   1779.0746
     1997.9685   1234.9246   1629.7502
      623.5201     12.0919   1085.3418
      747.0189   1529.4751   1956.6957
     1078.5898    725.6663   1925.6193
      758.6115    308.3612   1630.7091
     1999.0593   1753.7377   1353.2448
     1379.9646   1120.1691     18.2300
     1115.5402   1817.9320   1258.0287
     2198.1926    533.0294      6.6265
     1505.0900    955.8845    941.2114
      200.7293     56.4568    164.6898
       88.3684    405.9137   2201.1526
     1020.3629    661.1462    146.0000
      907.6821   1024.6558   1780.5111
     2155.9392    549.6644   1275.9066
      791.3149   2262.6145   1478.9402
     1294.3577    862.0808    488.4319
      408.2131   2215.6548    196.7418
      479.3432   1354.8700    312.6545
     1378.3749    381.4756    786.1754
      607.5052   1378.8351   1854.2722
     1500.6907    287.8925    627.7928
     1180.6149   1960.4006   1095.9116
     1297.1471   2020.1316   1622.9211
     2049.8201    876.9930   1268.7307
     2072.6025   2183.2598   1280.2051
     1343.9802     96.7252   1136.9086
     1501.7173   1676.5043    493.1032
      777.8630   1005.8661   1012.0194
      741.4645   1980.1222    138.4982
      666.8242   1696.0809   1891.7830
      848.6036    365.9272    133.9527
     1720.9177   1049.0371   1150.7296
     1008.1098    654.1566   1662.9379
       15.9933   1219.9395    726.6656
      785.2981   1680.1263   1126.8350
     1165.4006    407.2073   1148.0122
     2029.8750    873.8967    705.8915
      317.9496   1987.9795   2231.1304
      360.7501    696.4220     21.8255
     1443.1591   2040.4412   1435.0555
       96.0030   1768.2723   1934.6077
     2210.4839   1936.7441    478.0689
     1983.7777    507.5197   2260.8250
     1616.0599    713.5718   1673.2543
      512.9386   1172.2095   1242.8771
      721.9357    249.7455   1241.8346
      672.4067    861.5457   2129.1060
      542.8082   1221.7034    151.3487
      809.9116   1356.0548   1789.5142
      866.6674   1458.3380    288.0650
     1009.1057   2065.7788   1135.8436
     2239.5830   1635.4927   1503.9501
     1620.4066     76.1094   1696.1730
      510.0775   2091.7539    354.0702
     1723.5334    182.5126    882.1788
     1833.2375   1134.8612      5.6586
     1043.0808   1498.7306     98.2613
      673.4343    842.6382    351.4644
     2064.7178   1968.9786   1670.5725
      924.1536   1069.5658     79.5605
       95.6353   1596.4225   2065.8228
      172.8095   1647.0280   1008.8464
     1017.2703    883.2489    110.3615
      504.5036    806.1675    490.8796
      804.2091   1875.3667    372.8803
     1030.2542    315.4459    286.7372
     2134.7249    624.7731    999.0023
      595.8954   1489.5953   2106.0171
      501.0848   1394.7775   1197.7356
      452.4662    891.6927      7.5282
     1758.8262    779.7426    181.6122
     1001.2883   1644.3898   2186.2512
      417.4458   1531.3770    492.7948
     2059.1526   1895.7854   1970.1031
      634.3492     44.2424   1298.5317
      854.3642    444.1591   1234.4531
      877.9353   2042.7224      1.6672
      816.0027   2189.3577   1213.3467
     1297.2870    359.0564   1974.8889
       83.8586    652.5404   1168.1879
     1948.6345   1100.9115   2077.3804
      962.7089   1892.2661    213.0690
     2059.9312   1985.1144    118.6861
       71.3572    643.6018    139.5735
     1511.6671   1529.5084   1779.8778
     1568.7175    703.8927   1413.2493
      977.4468     97.2931    295.2217
     1732.6372   1030.1675   2076.3542
      490.2957   1937.9371   2130.5876
      161.3545   1280.2373     43.9168
     1614.4590   1164.5540   1897.3898
     2106.5740   1667.8204   1664.7858
      946.9165   2125.6843   1695.5555
     2114.6687   1350.0355    958.8583
     1473.5149   1121.8499   1713.7310
     1665.9628    490.9428   2166.9473
     1752.6959   1462.6594    931.5755
      644.2119   1822.7622      1.2219
      215.4201   1976.8229   1582.4214
     1067.4221    388.8683   1924.5021
      513.5286   1587.0284   1536.1331
      871.9244    127.3854   1318.3719
     1144.2854    680.2852    330.6748
     1299.9399    970.0669    914.7446
      922.7955   1711.9559    832.4719
     1871.9377    307.3939     53.3087
      926.6422   1307.1007   1250.8870
     1803.6740    881.5386    810.3132
      938.8926   1665.3800    286.0270
     1171.4196   1136.3748   1011.9164
     1257.7552    167.8622    191.5592
      683.8137    763.4977    613.8793
     1583.5675   1951.2469    450.9407
      942.9861    238.3141   1534.5865
     1322.5560   1872.5092   2060.1675
     1694.2197   1711.6761    172.3770
     1754.9227    151.9195    404.3456
      953.5768    532.0024    304.1667
      586.2208   1903.1071   1052.4276
      418.1704   2241.2878   1167.5050
     2105.8210   1407.0770   1793.5206
     1373.4957    401.1329    466.6734
      778.7367    923.7580    160.8363
     1783.1570    910.2828   2240.3137
     1804.0740    265.0288   1708.4316
     1841.3940     96.2529   2213.9497
     1754.9047    309.5966   1318.5697
       47.1167     59.4205   1200.2635
      656.3518    526.7833   1315.3088
     2033.2640   1452.3955      3.1894
     2236.4277    136.1727   1879.7845
     2081.0117   1005.3246   1101.1611
     2185.2400    429.1447   1725.0703
     1750.5939   2159.8362    418.1729
     1510.5692    627.2148   2108.5159
     1697.9781    926.1124    402.7175
     1079.4025   1080.8439   1634.0778
     1574.3008   1830.2001   1350.5850
     1415.0614    832.6798   1346.2372
     2249.2935   1726.6449    381.1601
     1728.4083     48.7522   1341.6401
      713.6818   1795.1588    551.9621
      481.3440   1576.3888   1900.6689
     1414.6077    776.0092   1582.8180
      782.9560   1840.7267    960.9945
      174.8345    151.0079    635.0555
     1669.2427   2045.5656    821.0723
     1909.6343   2204.8586   1431.4528
     1892.7170   1775.4564    602.1882
     1722.6677   1360.7186   1920.6361
     2127.2126   2172.8533   2240.9561
     2140.2195   1834.4180   1522.1295
     1888.1184    678.0096   1987.8683
       43.7001   1550.2396   1155.8970
     1994.3846    695.4523   1163.2278
     1224.2031   1863.3518    155.8750
     1095.3340    687.9102   1459.9806
     1857.1825     83.6491   1775.6917
     1068.8320   1254.7061   1463.8583
     1289.0664    922.4555   2208.3489
     1023.7289    858.0240   1570.6396
     2012.8055   2054.6128   1060.3018
      971.7223   1286.1534    112.2657
      367.8148   1598.9587    672.7100
      303.7595   1753.6245   1874.8525
     2002.1313    827.6187   1590.5593
      350.0741    721.5956   1025.4958
     1387.2593   1679.3418   2114.8621
      437.8359   1347.2196   2225.9131
      116.1282    948.3506   1702.1608
      658.9124    975.4864    512.7352
     1225.0712   1907.3496   1459.8262
      928.5245    227.9503    692.7460
      487.0154    727.7080    715.3562
     1065.5594    558.7952    876.7928
      357.5772   1560.4695   1698.0592
     1208.3114    889.3547    709.4621
     2160.1252    303.6490    315.4010
      205.0050    543.1653    540.2604
     2105.5625   1037.5405   1618.0604
     2051.3818    514.8621   2032.8737
      200.9550    359.8389   1608.3975
     1821.4894   1835.0967   1965.2897
      281.9088   1016.2067   2198.9441
     1810.1572   1595.9900    611.0818
      798.8599   1523.0286   1303.6655
     1901.7668    565.7961   1509.9724
     1489.1592   1037.1554   2097.9180
      283.3718   1687.5619   1212.5720
     1822.7130    964.9813    618.4454
      901.7470    849.5981    899.3278
     1789.1808    574.5759    306.5330
     1967.1381   1373.2411    227.2537
     1706.2209    406.1141    616.9939
     2116.9727   1105.0566    875.5345
      152.8407   1823.8168    886.8689
     1574.9734    327.0381   1466.0793
     2181.7153   1771.2515   2082.0938
      521.4617    542.4841   1916.6371
      930.8389    563.9673   1918.5383
     2095.5977    266.0235   1560.7891
      638.4615    734.6334   1937.4274
     1954.2523    480.4083    659.2679
        7.0594    353.6526    870.2396
     2072.6284   1773.9417    202.6965
      557.4972   1322.4982    830.8024
     1144.7385   1733.4725   1045.9846
     1177.0520   1419.4969    494.3093
     1990.9270   1213.4882   1050.6243
     2122.0554   1314.3666    563.5579
      675.2635   1559.8025    224.6600
     1676.7047   1099.2545    564.6625
     1731.6649   1903.2505   1202.8456
     1826.7681    492.2207   1858.2158
     2039.1382    572.9056   1831.8112
      959.5385   1357.9854   1978.4940
     1981.9446   1893.3746   1181.3148
     2081.3877    655.5516   1616.7493
     1843.9015   1760.1060    316.2269
     2199.9099    820.9835    564.9787
     1550.6807   1815.5332   2087.1333
     1873.3779   1331.0594   1227.8818
      350.4862   1234.0646    804.3358
     1068.5754    294.0447    509.9217
     2228.8645   2151.2361    453.2084
      936.4833   1837.5543   1145.3217
     1773.6222   2209.4382   2021.4004
      498.0699    680.1494   2107.5605
        1.0160    203.8958    503.9176
     2015.8458      0.2676   1861.7299
     1663.1309   1840.2585   1592.7100
        5.9908   2024.3940    953.3611
      652.7048    127.2293   1993.7162
      266.5523    216.0427   1906.9718
      964.6429    561.5440   2135.9277
      200.4330   1123.4740    662.6603
     1553.2574   1528.4147    876.2789
      403.2722   2016.3616   1503.0791
       99.6759   2101.3628    270.3336
     1313.5597   1767.4983    305.1344
     1318.5577   2200.9448    382.6771
     2048.8013    141.7118    211.8070
     1235.3865   1203.6475    200.9098
     1165.7676    858.2101   1014.0771
      439.3277    107.4237   1420.0016
     1242.3116   1135.0569    790.9122
     1542.2861    888.0892   1146.5403
      132.5925   1575.2258   1350.5641
     1907.3412   2090.6909   2217.0474
     1209.0145    776.0084    104.0205
     1924.9464    178.9026   1014.9457
      642.9533   2177.9629    530.2334
     1690.8352   2244.2444    740.6001
     1370.7036   1849.5743    523.0383
      510.4855   1739.5089   1747.4233
       91.9348   2151.1152   2147.6877
      179.0355    984.4054   1351.8496
      551.8221    977.5610   1844.6858
     1901.5442   1172.1465    553.8659
      552.8427    963.7947   1312.6166
     2006.1104   2239.8335   2075.2307
     1010.6323   1243.1119    880.1390
     1303.3225   1577.2847     85.1417
     1633.2539   1677.5304    689.3655
     1963.7269   1698.8662   2055.0044
      610.6152   1587.5133    600.4183
      652.5536   1723.7627    761.2264
     1421.4498     36.7338    209.7134
     1109.7097   1536.4728    850.1126
      495.7538    979.6277    342.7858
     1254.2357   1774.7029   1663.9821
     1512.0735    892.0544   1731.7858
      846.2058   1199.7850   1613.3351
     1207.6211      2.9487   1970.3296
     1365.3149    568.2368   1940.5811
     1360.4235    745.6146    664.3972
      985.0366   2196.2859   1366.6564
     1468.3514   1932.7455    193.3660
      196.4180   1631.7917    374.3171
     1005.1010   1946.8979   1881.5941
      372.5515    900.3556   1418.6249
     1913.5596    140.6259   1329.6794
      154.0649   1059.9769   1917.0790
     1844.6312   1717.5870   1203.7560
      162.4409   1913.2344   1801.3408
      799.7632   2010.1937   1103.8531
      979.5377    338.8435    926.1627
     1927.2262    857.7478   2084.2537
       11.2704    471.1820   1064.7593
      206.7308    288.3798    863.9269
     1621.5905    502.1344   1773.6384
     2048.0017   1544.9233    634.5898
     1473.1987    504.2619   1346.9633
      872.4445     82.4944   1667.1959
     1395.9158   1205.7667   1918.7823
     1691.3209   2042.0945   1407.6906
      999.4247    438.3107   1714.1133
      104.6335    211.2154    301.5939
      143.3824    943.4688    566.2813
      744.7156    220.0577   2175.3496
      194.8582   1148.2828    449.1577
     1003.5776    821.5764   1326.9188
      698.5712   1330.9170    302.4379
      791.9643   2216.5237    114.2479
      951.8787   1871.4772    679.6996
     1314.0453    780.9402   1836.3068
     1745.5203    748.1712   1844.9738
     1539.4525   1042.2494   1301.9420
     1060.0352    764.4434   2158.2432
     1058.9244    540.9146   1300.7078
