       25.2172    225.7141   1594.7783
      841.0919   1218.8251    404.7094
      302.4227   1670.6727   1331.3280
     2158.5564    776.5629   1184.1985
     2259.7473    105.4297    195.5074
     1407.0632   1419.7892     91.0495
      783.7691     74.9954    656.2829
     1707.5254   1027.7195   2147.1650
     1782.4128   1260.7681    382.5768
     1611.3484    759.3918   1595.3762
     2151.1858   1828.7472    403.0651
      190.4519   1787.5045    731.5970
     1518.2131   1574.0651   2180.8528
      591.4198    645.0961   1965.9702
     1500.8380   1614.4902   1213.7343
       39.0728   1360.0447   1937.0841
      592.8660    981.7501   1853.0334
     1210.8021    392.8174    559.8725
      779.0747    698.5424    946.8918
     2052.1943   1931.2849    170.3691
     2163.7339   1212.0316   1206.7578
      816.2811   2241.1541   1127.5668
      696.3401    425.8903   2170.0640
       63.5122    888.6464    971.2194
      580.6602   2099.3679   1043.1831
      949.5977   2195.3987     49.8931
     1636.5654   1873.9515   1917.1366
       88.3365    111.5435   1402.8000
     2141.3401   1394.2875   1396.6477
     1480.3604   2258.3247   1775.7351
      514.8828    629.1711    986.4229
     1066.0148   1510.2240   2006.9685
      894.3867   1686.2090    357.2026
      802.7295   1222.8230   1060.1810
      528.2179    307.0248    229.7725
     1346.5846   1907.3712    138.6455
     1122.0853   1115.4641   2011.9944
     1985.1080   1340.9177   2037.9091
     1617.9089   1863.3489    285.0071
      494.2545   1533.3784    275.9669
      290.4574    423.4012      7.4841
     1158.9419     29.0719   1383.9564
     2059.4290    769.9788    293.2419
      850.3804   2185.8757   1594.1731
      231.4874   1548.5991    695.0209
      830.1462   1070.3350    133.8797
     1489.6940   1963.2638   1199.6815
     2251.6772   1289.9374    373.2680
     2189.2961   1124.9879    578.0338
     1541.4515    504.8263   1051.1511
     1111.3477   2221.3416    365.4163
      222.8936    576.9452   1406.4545
       60.2283   1212.3391   1415.0424
     2009.8677    609.0833    930.9244
      912.9017    598.5875     34.0795
     2038.4642    972.6553    135.4016
     2181.9927   1039.8699    326.6274
     1939.6735    268.2012    373.6263
      251.2829    912.2060    805.6990
      403.4872   1760.2480   1076.8032
      813.4993   1290.2153   1795.4254
     2011.4933   1640.8109    509.6372
     1723.5521   2160.2400    681.8880
     2038.6025   1045.8463   1335.9512
     1507.5447   1805.3892   1380.7882
     1009.8616   2108.2222   1336.6591
      987.0901   1780.4495   1751.4885
     1653.7268   2130.8020   2215.7927
     1973.5391    778.0687   1376.5610
     1079.1077    235.5768    746.9853
     1152.3352   2204.4163    843.3945
     1970.3997   2090.5269   1527.7299
     1921.2535   1356.2439   1763.9170
      148.4496   1843.3915   1187.2981
     1174.4161    266.2271   1600.3553
      994.4182   1639.7305   1532.4457
      393.3174   1811.0220   2113.8237
     2020.2919   1371.7023    371.1133
      903.7482   2075.2947    632.5580
      974.6696    781.7953   1158.5813
     1891.0034    926.2244   1089.7513
     1818.8536    670.4402    256.9563
     2232.2332    252.1410   1192.3279
     1197.4639     13.5024     20.3737
     1818.6946   1451.4479    853.6473
      875.6224   1945.2435   1545.0747
      483.4733   1764.1997   1596.3236
     1864.8153    289.9956    111.9266
     1732.9299   1421.5448    549.3991
      498.9124    193.4526    785.9420
     2229.6189   2237.2002    938.0270
      811.0897   1502.7440    749.3808
     1965.6676   2235.4480    841.0634
      473.2947    553.3066    297.3035
      426.5853   2169.3621    798.0900
     1976.7755    325.2018    881.6256
     1431.8044    545.7905   1708.6349
      420.0288   2164.9177    460.5466
      391.4563    142.9465    326.6256
     1547.5609   1759.4769   1665.8359
     1758.1057   1498.3198   1323.4081
     1584.7528     74.6232   1463.9907
      442.7722    668.9751   1533.5449
      186.6757   1934.4209    918.9305
     1218.7755   1365.8964    551.0451
     1424.9939    353.1508    230.7064
     1235.0779   1883.4220   1773.1495
     1053.9176   1884.4077    576.4907
      392.3135   1173.7336    546.7535
     1287.7490   1212.0393    907.0471
      524.2086    859.9495    889.4963
     1261.8259    906.3086    886.6082
      557.0300     16.5794    620.7881
      413.9137   1527.1561   1567.9673
      970.6118   1775.2007   1302.3350
     2146.1372    931.5749   2097.6746
      561.2800   1253.2974   1153.6912
     1640.4717    808.9888   1372.2518
     2073.9121    357.2359   1421.2828
      497.1401   1355.9618   1366.3262
     1711.9275    345.4680    555.6953
     1489.8833   1205.9003   2123.4644
      633.2081   2051.8979    730.2268
     1898.3035   1724.7363    959.8464
     1856.7146     26.4827    479.3196
     1657.1895   1661.8732    993.0797
     1069.5071   1794.0002   2256.4551
     1794.4595    518.5317   1957.5444
      177.5513    148.0485   1115.8545
      160.7428    615.4072   2174.4705
     2000.1011   1927.9578   1117.8623
      134.2838   1344.5294   1149.9724
       32.4223   1181.9785    966.9559
      589.5780    861.4064   1434.3931
     1676.3483   1410.2368   1088.4110
      691.8900   1889.4753    996.3904
     1654.9498    703.9467      0.9363
      119.1950   1204.7262   1774.2418
      628.4911      8.8624    204.3880
      374.8043   1964.5505    634.7007
      130.7805   1045.6455   1161.7781
     1284.8063   1027.6294    236.0222
      618.6984   1977.8336   1506.6820
     1107.6017   1520.0276    708.0389
      310.3191   2233.9717   1315.4559
       10.2597   2056.3110    150.2718
     1015.8957   1245.9391   1376.8322
     1734.3331   1684.5278   1494.1753
        1.7014    442.8946   2011.6968
      123.5655    794.1027   1507.5173
     1255.5428    268.3134   1157.4368
     2241.0764    679.7083   1696.3026
     2009.7042    716.7275    605.0750
     1095.4219   1870.1809   1988.4489
      239.0482   1444.9420   1396.6128
      935.4810    580.7236   1327.0327
      266.9469    666.5715    115.7105
     1234.3345    186.0121    385.6526
     1533.8484   1093.3167    316.5148
     1547.6592   1000.2576   1981.8407
      273.1678   2191.9260    219.4455
      350.1602   1088.2521   1797.7819
     2183.0903    404.5403    998.5217
     1609.1846   1060.8481   1551.5112
     1706.7092   1517.7200   1701.2596
       43.2557    288.7964    641.5544
     1262.3953   1259.7413   1339.8462
      826.5381    690.4756    519.1096
     1603.6189    306.0527   1490.5018
      352.5500    417.0382   1525.2087
      161.4201   2140.1069   1062.5802
     1529.4250   2079.5234    191.5078
     1288.3529   1961.6836    938.6131
      134.0224    759.5323   1238.2750
     1646.7386      9.6999    915.5880
     2238.8440    977.5856    761.5488
      847.2148   1815.2365    813.4106
      592.6331    887.0776   2112.7534
     1842.9272    529.1038      4.3800
      257.1512   1293.0535    326.5087
     1356.4395    372.2041   1928.7140
      746.7155    865.9409    720.8194
     1586.5045   1233.8667   1753.1736
     1947.5739   1867.8204   1413.8085
      825.4625   1991.5280   1223.3086
      651.4916   1361.8718    866.8651
      727.6995    489.3730    185.2419
      917.0621   1035.2845    552.9379
      428.2768    442.4632   1778.9076
     1351.4838   1478.4426   2019.0366
      589.0562   1716.4845    695.6134
     1026.6967    249.3072   1009.9968
      370.2318   1993.5411   1146.9467
       31.5655    455.5609   1514.7072
     1088.5479    509.6429   1987.1375
      574.6598   1486.9222   2008.2305
      634.0535   1494.2151      3.1216
      695.0972    584.7048   1167.8848
     1957.9343   1763.3389   1987.8026
      748.6230   1799.9897   1394.6699
      106.0370     50.5405    393.1439
     1833.9082    151.9374   1046.1055
     2204.3230    341.5708    382.8786
       45.3692   1570.8348   1295.2961
     1182.5742    599.1178   1450.2086
      967.8849    193.5898    470.8336
      921.5426   1076.3618   1837.1115
     2244.9556   1044.0532     64.8439
     1033.4830     31.9367   1723.1350
     1365.7867   1659.6415    810.3143
      431.1486   1412.8806    954.0052
     1090.7715   2235.3567   2023.2861
     1877.4280   1979.7263    829.7719
      307.4458   2109.8994   1534.1815
     1373.0913   1973.7644   1489.1476
     1810.6022    981.2894   1343.7804
      499.0679   2035.0585   1686.5338
      240.1248     39.0498    849.1281
      199.4987    373.8951   1035.2286
       82.1778   1094.5675   1982.6920
     1292.3630   1707.3885   1629.3855
     1429.6823     26.0969    369.2589
     1787.9543    995.6663    226.0199
      495.4266   1932.5721    366.7049
      756.2678   1467.7809    501.3599
        2.4489   1579.4274   1570.1791
     1778.9397    227.0813   1304.2899
     2018.8575   2166.7791    607.5898
     1250.7343   2111.8020   1866.1543
     1213.5707   1914.7933   1211.4792
     1060.5673    374.1414   2226.1904
     1235.5706    362.1734    939.1492
     1572.6520   1400.7651    369.8452
     1359.6301   1213.8413   1604.6132
     1309.6158   1465.1512   1193.2950
      922.3305    489.9618   1091.6941
     1746.5125     49.2536    121.3893
     1162.8792    538.3199    116.3138
      640.7070      9.4304    922.5726
     1279.7472   1464.9905   1487.5786
     2163.5081   1736.9543   1167.7440
     1165.5306   1474.6342   1699.3092
      931.6380    878.4196    933.0384
     1540.6311   1243.8325    566.6885
     1438.3824    619.3541   1431.4492
      973.9690   1974.6683    374.5221
     1087.0476   1309.2460   1852.0087
     2254.9534   1656.5212   2050.5801
      960.2152    600.7759    282.1415
     2179.5679    645.8306   1415.8075
       33.6842   2256.7661    691.5394
     1993.4332    699.1464   2047.5292
     1045.7609     13.6334    606.5141
     1341.7965   1106.0649    609.3173
     1548.0803    220.3277    718.2510
      720.1161    611.6542   1468.7562
      966.6614    847.7260     58.7960
     1377.6948   1270.3253    366.3720
       19.5957   2217.4448   2061.3367
     1029.2126    900.6386   1673.6051
      502.3421    569.2967      6.2131
      318.4084    860.5039   1077.4823
     1989.2008    850.5778    864.4854
     1602.8655    821.4189    252.5902
     1885.7458   2175.2373   2042.0890
     1844.0129   1793.7361    375.7835
     1289.2467    124.0130   1837.6602
     1248.6052   2007.1311    353.1901
     2172.5918   1555.3931    882.1980
     2108.0613   1537.3677   1944.4305
      980.0253   1371.6971   1564.1964
     1969.1663   1019.9135    649.5706
     1707.0864   1716.7942   2110.4084
      210.1064   1820.9327   1952.6965
      714.7905    219.1591     79.8884
      941.4578    133.1888   1502.1396
     1488.2816   1691.7833   1938.7515
     1934.2166   1591.8635   2185.2153
     2075.9614   1224.7429    144.8393
      884.9061    985.2695   1472.0981
      288.9934    174.4998    103.1280
     1160.4353   1632.1570    521.8051
     1133.3615   1836.2136   1477.3467
     1508.0437   2035.5519    769.1793
     2144.4619   2010.3813    878.6146
       23.2179    950.8675   1352.6237
     1260.0634   1019.5286   1761.5800
     2248.9075    550.1940    205.1407
      241.6951    338.1447   1998.6958
      694.9659    687.4765   2207.8901
     1712.7839    425.9091    302.5792
      563.4151    798.4409   1139.6027
     1383.5369   1361.3500    741.7183
      784.9034    803.2250   1298.7034
     1141.0105    505.5437   1155.7090
     2175.1719   1787.3643    908.7383
     2047.7345   1938.4226   1759.0861
      934.5369     26.4080    870.6004
     1461.7725   1343.5476   1383.5243
     1493.8739    789.9063    867.6555
      868.9008    697.6486   1582.0753
      438.2049    762.8457   1826.3705
     2021.4861    708.1006     19.0594
     1595.8599     65.4799   2106.6238
      920.9085   1298.0353    640.9802
      640.5185    767.8276   1674.0321
      368.3215   1365.4310     79.6649
     1117.1615    806.0855    255.3988
     1656.1084   1506.1591    137.7867
     2046.8983   1287.6228   1010.5108
     1095.0017    682.5315    911.5521
     1929.1400   2035.2545    375.2057
      873.8734    895.2570    365.5589
        6.0644    511.9166   1216.2557
     1904.3817    961.4581   1951.5433
      431.1310    293.8977    546.9825
     2107.0503   1017.2903   1080.8082
     1036.0020   1292.7416   2255.8389
      696.5669    200.4811   1399.9446
     1296.4187   1778.4714   2109.4446
      286.2923    100.7054   1543.9041
     1876.5934   1179.2977   1520.7572
     2247.4351    197.2861   1882.1401
      468.2428   1961.9231    903.5392
      831.6202   1535.0950   1375.6072
     2074.7737   1771.9688   1578.4717
     1566.3619   1482.7104    747.1595
     1213.3411   1479.1353    940.5368
     2259.3308    718.3387   1962.4773
      499.5087   2074.1494    174.3385
      857.1255   2101.0776   2082.6475
      632.2013   1077.9995   1369.7667
     1922.8251   2213.3252   1734.5118
      538.3777   2112.3044   1341.0723
      229.3361    589.1819   1919.7241
      438.4813    453.2665   2049.7981
     1266.8485   1299.9031   2122.7605
     1452.5706    740.9720   2100.3857
     1592.0084    490.1725     64.7357
     1589.2584   1254.5227    860.8580
     1381.5002    140.4466    950.1118
     2008.6567    559.1510   1171.8218
     1345.9725    145.9942   1408.4709
      660.2382    993.7634    268.7428
       93.6708   1966.0186   2137.2659
     1092.6146    325.1906   1371.9789
     1338.8652   1239.4460   1875.8033
     1005.2736   1441.5413    406.8117
     1305.2581    481.7674   2150.1711
      844.8325   2075.3235    929.3845
      279.1190   1930.4883   1692.9122
      397.6001     10.5368   1769.8185
      141.9705   2063.9661   1364.6552
     1073.7025    135.9933    205.7763
     1861.3113    890.5282   1589.2322
      912.1215   1318.0327    189.9763
     2230.4270   1469.9484    588.0484
     1072.8052    673.4238   1779.5004
      501.6157    233.0927   1601.7346
     1573.2390    495.3636   2042.0482
      191.2447    237.1917    435.4287
     1005.2647   2051.2625   1851.1134
     1514.9832   1041.5697    764.1502
      417.8433    604.2611    559.1449
      361.8156   1638.5441    894.4268
     2164.8816   1301.0931    780.3632
      925.5436   1694.6707   2042.5541
     1724.3816   1923.5234    534.0791
      221.9576    280.0452   1368.8215
        5.7324   2202.9116   1536.3097
       69.1290    215.1353    893.8911
     1721.5703    403.3732    831.5887
      170.8431   2251.0703      1.3875
      541.4289   1214.8633   1928.8844
      256.6920    299.9074    784.4402
      869.9933    376.4290   2031.2847
     1690.0795   1210.8081   1317.4678
      734.1771   1899.3260    546.1563
      372.9921   1885.6954   1408.9073
       62.5336   1778.4993    243.3817
     2026.3849   1723.6307    759.9034
      700.5100    476.1137    882.9515
       38.2910   1920.8615   1602.7061
      790.3219   1897.7692   1949.4572
     1970.1881    310.8728    611.1276
     2225.0786    735.3322    741.5231
      192.6144   1469.3589   1693.7170
     1769.9075   1244.0811   1995.8854
     1185.9718    572.4526    717.7292
      869.1055    621.8693   2058.0557
     1435.7599   1689.2584    116.3528
     1857.4631    507.0122   1397.2747
     1772.4493    737.2059   1181.8324
      252.4494    924.4145     70.8702
      641.2864    502.6877    493.4236
     1601.5083    236.3274   1005.7518
     2243.3162    610.9186    447.9474
     1576.5248    226.7253   1879.9788
      264.5687    228.6525   1744.3905
     2100.0913    270.9112     13.3549
     1883.1318    304.6330   1840.6826
      728.0646    977.5400   1069.3282
     1758.2828     90.1673   1919.6189
     1831.8188    877.4313      3.8680
      540.5564   2187.2219   1987.2307
     1764.2747   1655.2290    630.4919
     1980.1047   1466.8778    694.7274
      394.3914     38.1222   1060.3794
      769.7251   2064.7402    134.5519
     1132.1680    728.4557   2161.7861
     1779.9818   1228.0704    702.3414
     1525.4489   1552.7671   1504.6385
      471.3278     20.1750   2241.4700
      371.2087   1503.4296   1162.2013
      617.5914    137.2138   1156.2373
      323.7402   1206.4924   1256.3684
     1282.5286   2187.7900    199.5358
      671.6091    177.9908    418.2972
     1622.4840   2112.2383   1968.2699
     2248.1250   1708.6017   1766.5837
     1937.2123   1255.1168   1296.2501
     1818.8995   1749.3962   1243.5858
      388.0840   1015.5179   2069.2708
      928.2469   1061.7931   1219.4099
      351.5382   2082.5593   2183.2649
      160.8804   1058.2279   1559.5490
      563.9409   1175.4087   1624.2535
      229.3375    650.4973    368.6431
     1696.9561    536.0840   1574.6652
      743.1144   1871.3662   1729.2751
     1439.6703   1501.3550   1739.6655
      157.1612   1329.2870    584.4805
     1236.2172    799.1749   1120.3105
      720.2965   1896.0847    284.5419
     1086.7085    873.5875   1946.6619
       21.6682    964.2064   1745.3020
      573.8695   1997.0149   2168.2036
     2246.7021   1683.5369    651.1891
     1876.4944    374.9077   1623.0444
     1117.4116    686.2495    493.9277
     1389.3848    927.3126   1555.6930
     1375.0386   2239.5625   2054.2517
     1270.7279    265.2748     77.6634
     1637.3613    539.9842   1319.2517
      562.7228   1834.6013    112.3703
     1982.8322   1928.7278    597.9977
      226.2057   1711.6954   1604.3029
     1116.2296   1303.2109   1095.8982
     1223.1361   1552.4510   2222.5154
     1276.1885    577.1838    323.1669
     1273.3850    854.5763     83.3590
      302.3676   1132.6771    967.0521
     1525.7345   1857.7560    982.6321
      745.6916    753.7617    207.6180
     1363.0742   1167.6106     61.1168
      690.5287   1388.3556   1539.6595
     1966.9512   1102.2469   2167.7446
      447.2699   1039.1777    372.0650
     2132.8359   1156.4363   1536.3596
      382.4936   1129.1849    124.0340
      987.4418   1840.8535   1041.1458
     1926.4326   2177.8293   1066.6880
      406.9773   1737.3607    531.1930
     1703.5645   1373.3367   2191.2456
     1059.0787    385.9052    310.1322
      786.9612   2196.5586   1358.9113
     2001.1638    126.4097   1972.0629
     2025.2677   1274.1625    573.1490
     1141.2891   1042.8115   2242.0942
      384.2514    901.1866   1633.1433
     1916.2024   1439.7477   1517.3879
     1421.8474    592.2555    565.4523
     1702.5641   2157.0942    365.9887
       81.6403    329.1908    100.6322
      371.0804   1374.3484   1836.0624
     1339.4429    625.2571    913.7830
      677.2537    353.6625   1876.3815
     1007.9376    480.7014   1563.6144
     2165.2104   1949.5890   1401.4061
      242.2074    442.6261    249.3324
      286.5207     56.8966    627.7014
     1271.9476   2162.7690    579.3790
      254.7762     75.2822   2064.3723
     1747.5422   1994.3428   1285.5475
      300.1721   1251.9921   2021.9578
     2190.4766   1441.1996   1134.1812
      956.5506   1610.6671    920.1672
      491.6452   1032.0933   1144.7383
     1954.9064   2142.2393     43.3059
      733.4956   1115.5760   2017.3461
     2010.1569    570.6785   1596.7808
     1845.1133    677.7209   1742.1154
     1096.4100   1050.1473    977.2534
      243.7790    646.1535   1680.4044
      591.7863    740.6505    444.8623
     1671.8357   1333.7644   1521.8746
      809.3216    341.3623    376.3868
     1117.6531   1208.6321    414.6845
     2259.0981    776.7542     26.1792
      192.7466   1206.5015   2235.9949
      168.3180    775.8599    591.9719
      769.2830    326.8307    656.7215
     1078.0079   1496.3099   1312.5292
       64.2115    811.2806    256.1351
     1346.1300    857.1963    637.2507
      388.6935   1075.0382   1428.9130
      701.1038      4.8616   2211.0623
      401.2754    760.8928   2093.6667
      930.2876    151.0618   2169.3079
       35.4902    222.4228   2141.9551
     1449.0322    300.8324    445.7029
      185.7540   1007.8076    495.8126
      842.0922   1439.3663   1985.7288
     1942.2662   1553.8427   1112.1412
     1818.2714   1931.3384   2147.1396
     1801.5818    326.6234   2111.2729
      494.7223    439.5248    726.9756
     1693.4109   2138.7515   1688.6692
      986.4286   1323.6155    883.7712
      134.1031     29.8629   1825.4749
     1411.3491   2060.0759   2227.8083
      788.1503   1295.6991   2180.9617
     1045.3051   2008.4729    150.8310
      611.9189   2256.4954   1566.8118
     2079.1667    116.7982   1360.8074
      862.8983   2227.6365    328.0790
      360.3717   1498.6636   2122.9971
     1356.8795    426.8212   1459.1102
     1908.3469   1454.0988    142.6510
     2131.7041     16.6997   2227.4778
      823.5295   1189.4034   1557.7458
     1296.8575   2230.5713   1617.8879
     2039.5161    362.4716   2037.8721
      500.5765   1285.7368   2148.6587
     1686.4829   1039.1577    520.8027
     1992.0201    328.2356   1183.7358
     1199.6145    452.1216   1755.2035
      130.3924   1390.1047    864.4629
     1328.7593    848.8019   1329.5967
     1436.6818    233.3518   1656.4661
      856.4833    877.3998   2092.9121
     1479.8689   1999.9781   1704.6100
     1053.6744    838.4280    699.1475
     1647.5452    416.0015   1774.7172
      876.3925    623.6463    755.2079
      901.6348   1517.9692   2224.0789
     1797.7960   1997.2499    143.3944
     2080.1860    140.3889   1047.4733
      282.0609   1935.7604     85.7815
     1506.9060   2028.6909    484.6429
     1155.2659     29.7884   1077.1570
      813.4200   1110.5070    818.9919
      922.0388   1098.5118   2154.6467
     1601.4763   1237.6442    138.4346
      727.6466    976.1668   1650.3116
     1615.1716   1636.3182    428.0327
      113.3372    508.0766    806.7490
     1985.1659    561.9164    405.2685
     1097.4994   1630.3770   1108.7308
      164.2179   1121.0486    719.4781
      530.0800   1282.4478    386.6451
      576.7682   1155.6431    924.5715
     2184.1953   2073.4395    413.2169
      792.9606   1919.3828   2216.6216
      635.9036   1506.6875   1162.3560
      355.4436    843.6860   1330.5248
     1589.5626     58.2472    537.6473
      327.3931    658.8598    806.5349
      626.2853    160.9741   2054.1677
      544.3054   1901.7667   1906.0813
     2164.5288    485.4158    683.8037
     1315.9071   1748.6049   1050.4960
     1261.6708    706.7668   1953.3936
      812.8486    104.9425   1933.0192
     2189.2227   1260.2632   2145.0386
      907.6079   1533.6500   1748.0011
      942.6477    143.0815   1235.8090
      119.6429   1458.1644   2166.4475
     1494.6151    347.1238   1227.5111
     1860.7343    857.6515    443.6895
     2031.3781   2152.8330   1280.8866
      523.1262    817.7679     91.1237
     2042.6874   1620.1171   1389.7587
      215.2558    458.3824    558.5536
      863.9417    532.8582   1830.0747
     2024.9086   1663.5806    228.7297
      623.2194    534.3821   1703.4093
     1328.1571    966.4057   2077.8032
      627.6304   1444.2366   1760.9496
     2204.8196   1889.1677   1939.4386
     2025.4712   1561.9159   1701.1428
     1682.0359   1814.6385    782.5222
     1425.6165    871.6096   1814.1353
     1202.3353   1656.2542   1884.2751
     1077.7900    816.1162   1366.6984
     1048.5984   2080.3855   1101.6145
      611.9841   1072.1686     20.5945
     1514.7694    114.2635   1215.0082
     1816.4174   1117.3666   1755.2919
     1419.2238   2230.9448    773.1861
     2000.4546     45.2378    257.0099
      154.2548   2111.6670    520.8190
     1895.4722    519.9211    710.5215
     1768.9093    672.2689    956.9156
     2104.1177   2011.9604   2158.4851
      738.7450   1670.5089   1846.3356
     1143.4880    957.7825    491.0309
     1128.0341   2055.8394   1589.4590
     2112.3530   2118.0149   1926.4974
       15.2832    653.9922    952.2051
     1819.2968   1750.1797   1721.7229
     1174.5714   1032.7791   1421.2859
     1581.6359   1399.2260   1964.1093
      632.2053   1669.9633    428.9951
       94.0293   1744.3337   2261.9395
      135.9765    895.1781   2102.7798
     1412.5544   2153.1829   1054.9065
     2223.3337   1984.6731    639.6827
      371.1764   1717.9861    282.4690
      448.8116    200.7658   1917.0527
       57.8927   2074.3967   1797.9528
     2010.6664   1009.9648   1749.2510
     2203.1602    872.7025    525.5208
      794.3858    222.7160    895.6469
      292.6288    577.4540   1065.7247
     2132.0127   1760.1547   2251.5588
     1769.8838    768.9992   2059.6460
     1654.4874   1004.5298   1163.0421
     1463.0835   1062.4686   1354.9236
     2170.2576   1505.4657     48.7804
     1473.5599    275.1866   2173.6353
     1577.7668    862.0532    586.3873
      913.7615   1690.3350    603.8768
      592.7272   1841.4895   1240.1208
     1721.4493    154.1733   1670.4475
      774.5245    361.5100   1584.6759
     1808.8972   2257.7656   1359.8488
     1717.1337    602.9930    485.3261
       64.8758   1766.2898   1416.8623
      484.7793   1054.1559    736.0541
     1592.3553   1875.1805     11.6612
     1454.8833   1493.4399    968.2825
      416.2648   1611.9486     59.8916
      616.9971   1303.4037    151.5864
     1519.2302    938.4388     33.4433
      435.4406    632.0509   1262.7841
     1080.2202   1180.3696   1640.6481
      182.1933   1550.2720    187.6013
      323.9431   1249.6573   1599.5944
      809.8240    816.5068   1861.7468
     2077.4521    544.5394   1847.0626
     1402.8513   1957.5471   1992.7551
      842.5694    363.0812   1334.7170
     1241.3917    742.4446   1602.4922
     1998.3132    481.9880    207.5375
      455.5004   1667.2515   1831.2538
      799.1722   1685.2839   1147.2688
      127.7315   1558.8824   1027.0123
     2069.6240    798.9429   1844.6038
      161.8880   2074.2639    762.5064
     1426.7264    419.6329    812.5256
     1940.1418    138.3913   1555.4902
     2218.1794   2020.5781   1143.0399
      453.2083    147.9706   1362.7761
     1422.2399    658.9741     83.7623
      628.4534   1247.2273    637.2407
      715.9880    113.7911   1702.8638
       66.7517    415.9760   1749.1898
      608.4490    678.2249    724.5551
     2168.7324   1349.0101   1731.3916
      660.1744    358.0955   1095.1967
     1274.5455   1678.1246   1360.6006
     1710.3333    878.3670   1800.5361
      387.8034    828.0139    273.4995
      660.5876   1703.4733   2148.7693
     1389.0211   1242.7646   1112.7705
     2240.4270   1540.9156    319.4680
     1445.8411   1020.3319   1021.4508
     1334.9814   1563.9604    292.8286
     1733.6530    954.4855    864.7326
     1203.7057    209.1380   2129.7419
     1976.9314   1137.3290    858.8977
     1369.1808    575.4211   1203.9138
       64.7508   1315.8079    142.2254
      706.5698   2150.1431   1837.1844
     1800.6686    781.9625    704.2758
     1726.0656   1961.4576   1038.9620
     1053.2773   1074.8687    232.0439
      907.7054   1462.2980   1098.6179
      568.9295   1599.9877   1390.0096
     1494.5229    790.9249   1118.6517
      234.2359    861.2542   1858.0475
      161.5423   1089.9745    263.7353
     1790.0653   1191.5962   1043.1895
     1238.5684   1060.4448   1168.2399
     1562.0946   2140.0662   1408.6168
     2133.0767    895.6813   1555.1090
      651.4722   1000.2806    523.0558
     1804.0245   1546.3513   1922.9518
     1131.4429   1745.6382    282.6539
      916.2725    299.7166    127.0354
     1060.8685   2003.7689    808.6622
     1088.7600   1554.1041    157.3431
     1551.4620    690.6715   1871.1018
      954.7036    281.1302   1751.4159
      311.0750   2059.2031   1920.8351
     1871.2102    111.1106   2162.5000
      852.6888   1734.2659    117.2217
     1799.6986   1742.8383    104.8378
     1825.3601   1182.4664     69.8897
     1188.2300   1323.9103    191.2488
      399.2267   1478.3174    513.5953
     1716.4285   1935.8073   1555.1906
     1817.4083   1546.3105    335.2991
     1515.1179    605.0471    332.8640
      205.8495   1553.3484   1914.3801
      327.0168   1313.9453    777.7987
     1803.5229    133.1167    714.6227
     1137.2102   1760.2180    841.5790
     1377.0436   1811.8612    386.6023
     2098.7849   1170.1426   1916.1302
      680.9552   2137.8489    460.2523
     1065.8381    252.7786   1937.0370
     1613.9247    170.7115    308.1578
     1639.3483    268.5212     38.2751
      754.2670   1507.6400    245.8989
     1617.5603    618.4637    728.0340
      458.8428    274.1184   2234.6948
      543.0490   1485.3020    667.3029
     2156.7678     23.8403   1716.4686
      656.2057   1641.9625    921.9714
      137.1926   1843.3285    484.7659
     1320.3413    167.9848    683.6310
     1140.8015   2032.9327   2173.5139
     1278.6594   1892.8280    641.7261
     2132.7534    111.5713    479.7983
      379.1797    391.3155   1210.0375
     1787.1165    429.2933   1048.9376
      571.8358    435.8337   1408.8875
     1963.2499   1075.1232    406.2163
      446.1893    860.9796    569.5700
     1485.4180     73.5925    110.7574
      960.7449    475.2352    537.4995
     1000.1974    441.3163    860.0419
     2154.8889    528.2551   2212.4487
      724.4786   1634.2759   1610.9647
     1667.1188   2205.3784   1164.1300
     1508.4478   1770.4469    619.3232
     1370.2673    802.9860    389.1513
      180.2929   1581.4427    438.7604
     1136.1349   1135.5721    735.5930
     1317.2053   2152.1167   1300.8540
       37.4729   2231.9985   1240.4427
     1408.9109   1544.6116    554.0116
      447.1625    399.5767    947.3078
     2104.9172    166.4107    756.7237
     2084.7480    275.9910   1701.4420
     1836.5692   1967.0676   1814.6931
      788.0015   1276.1970   1329.8081
      232.2367   1985.2153    328.1439
