       82.5177    437.2965   1551.3163
      211.9440   1677.5111    285.1521
      339.0222   1767.6268   1039.0713
     2261.1914    912.2321    873.5983
     2043.2203    539.3336    372.3666
     1149.5798   1397.1042    375.3504
     1186.6522    117.6978    655.5772
     1855.5574    770.0170   2073.9124
     2184.0212   1244.1034    115.6194
     1760.9066    904.2588   1759.9338
     1990.7927   1857.6316    769.8995
      528.0778   2098.5332   1136.0907
     1565.8282   1852.5463   2065.2031
      831.5411    184.9573   1946.3430
     1329.8943   1235.4553   1220.1470
      391.2612   1215.3729   2150.0549
     1012.2302   1111.5890   2195.8105
     1651.9368    390.9140    882.4135
      996.7128    839.5158    910.4969
     2108.4985   1996.2526    229.0480
     2236.8093   1162.4904   1205.4921
      858.0317   2038.8866    992.5720
      544.2102    143.5858   1888.2225
      145.7106    622.6455    999.8723
      759.3646   2257.1106   1136.4729
      611.2985   2178.0933    152.8411
     1710.4337   1996.1926   1707.7845
      439.1914    131.8362   1583.4546
     2173.7593   1710.5010   1321.2466
     1936.2755   2105.6743   1961.5187
      142.4727    241.0901    725.0641
     1116.1431   1438.0924   2124.7249
      982.0678   1351.6731    146.8995
      787.1943   1501.9042    275.7036
      861.9091    193.3995    502.6461
      879.9290   1765.6526    300.0261
     1234.9789    555.6986   2048.0144
     2052.8225    884.7813   1821.6688
     1567.8622   1631.4873    315.0530
      601.6234   1611.2710    582.8179
      925.5428    626.2771    126.2832
     1217.9412     82.1714   1702.3362
     2203.0010    588.2253    141.4653
      785.8618   2119.4978   1781.9161
       19.2940    982.6558    588.4609
      745.7814   1212.2479    107.8610
     1584.8934   2169.2009   1155.7938
     1990.5359   1471.9011    204.4169
     2179.6450    709.9953    641.7023
     1355.7559    562.1455   1223.6128
     1223.0092   2022.9574    195.4392
      149.9271    855.7811   1452.8080
      359.0272   1159.1575   1236.7725
     2110.5303    649.5867   1083.9899
     1163.7908    450.1455    329.4765
     1970.5931    835.5299    400.5852
     1836.1238   1102.0880    500.9360
     2252.3655    429.3035    580.3756
      226.3585    680.6878    727.5652
      568.3449   1735.4712    844.3520
     1060.1558   1151.0212   1521.6267
     2080.0032   1734.5590    522.2916
     1916.4091   2172.0623    334.2579
     2262.5791    757.7518   1650.2719
     1348.8866   1303.2368   1909.6932
     1336.5537   1921.3097   1230.7465
     1030.8285   2252.1689   1543.1682
     1915.8594   2244.3760   2257.9619
     2186.1860   1064.4454   1493.9590
     1252.3069    446.4350    942.3641
     1161.7050   1932.7849    993.8595
     1743.7135   2204.3557   1477.4766
     2255.4497   1013.4203   2164.1384
       88.4477   1450.9805   1292.4868
     1402.3940    298.6828   1666.3796
     1118.1016   1478.1276   1626.3243
      605.2384   1857.6088   2235.5879
     1631.6324   1447.2224     68.5234
     1040.2938   2221.2722    314.5348
     1152.9556    592.3695   1451.5657
     1648.4453   1069.3007   1341.2673
     1304.8324    915.2723    173.8488
     1875.9276    451.1088   1671.3107
     1061.7853     51.1710     57.5774
     1737.8794   1460.0750    656.6960
      890.5459   1644.2574   1712.3016
      484.9248   1579.2604   2031.2924
     2214.8240     76.8112    161.3483
     1703.9038   1762.3226    838.2960
      944.8112    488.8576    856.6133
     1852.1058   2089.0562   1201.1943
      608.4677   1480.4618   1067.6671
     1521.7717   2220.2854    622.1041
        0.3177    317.3166    272.5913
      331.9746   2254.0977    952.1151
     2158.0044    149.0067   1040.6200
     1923.9559    459.4455   1274.5562
      493.2356   1942.9343    294.4573
      153.0908    203.7642    464.4702
     2091.2563   1671.4244   1583.2815
     1459.1722   1524.5061   1671.1301
     1637.0460    361.5880   1184.0087
      465.5930    962.7225   1426.2839
      375.7290   1990.9137    652.7325
      764.2007   1420.2312    746.3541
     1992.5309    262.8446    232.5140
     1501.1410   1830.4912   1745.2981
     1283.5258   2227.8198    825.5815
      601.3695   1334.8672    476.3021
     1135.5439    687.4960    758.2882
      554.4828   1076.2562    702.4296
     1182.8711   1068.1414    963.2909
      604.1635    474.9619    107.8756
      395.5908   1747.0140   1756.2450
     1603.6770   1440.6534    973.0765
     2132.6238    761.2118   2091.1401
      477.2958    190.1735   1215.8865
     1982.8744   1136.7206   1720.2095
     1806.8904    648.2176   1486.7866
      561.1409   1244.8173   1573.0415
     1725.1873    541.7742    436.9311
     1555.3953   1022.3085   1950.2086
      731.7703   2155.7556    428.9515
     1649.9056   1611.0320   1210.9672
     2100.1094    159.8480    763.3119
     1688.5431   2040.3318    946.0448
      760.0928   1485.1711   2228.2668
     1725.9189    517.8128   2193.6299
      326.2622    486.6549   1136.3459
       61.6444    843.4510   1906.2560
     1980.9926   2166.0662    937.5920
      328.2982   1415.8010   1072.8682
      273.4843   1159.9468    722.0331
      821.4660    994.5494   2009.6318
     1949.7065   1157.6958   1330.4342
      907.4726   1990.6035    102.4411
     1422.4805    524.5628    417.8098
      343.3900   1371.4276   1713.7520
      611.7383    154.3781    377.5767
       82.8046   1926.1987    676.2177
      621.5684    843.2385   1590.5736
     1316.1593   1322.7150    110.9845
      645.1307   1860.5404   1694.4724
     1263.2740   2110.5403    488.6790
      237.0834   2103.2739   1487.5050
      731.6365   2150.1970    762.0651
      772.9033   1004.4432   1368.1473
     1389.8480   2232.3821   1355.5244
      147.7789    478.5782   1921.5851
      840.3190   1052.3477   1657.7213
     1546.7568    728.6333   1029.9900
     1810.0743    468.8653   1943.6350
     1949.3633    717.7161     96.5520
      812.2795   2174.9509   2105.0137
      221.9324   1135.2673   1548.6383
      757.0060    668.0156   1694.0391
      306.4924   1030.3817    464.4453
     1187.6946    440.9238    661.4668
      943.0198   1313.4091    499.8560
     1295.6017    853.1072   1531.3413
       76.3727   2161.0410    443.0551
      564.0423   1016.2490   1765.5394
     2163.7683    496.2812    858.1337
     1617.2155   1404.5957   1424.9174
     2252.7656   2046.4872   1004.2043
      266.3424    481.6880    518.8543
      832.0150   1288.3528   1531.7327
      881.2402   1078.9543    417.8249
     1584.6379    196.3899   1435.5371
      499.2602    442.5831   1573.1364
      137.4162   2238.4954    787.0104
     1562.6296   2014.2040    391.7456
     1219.3186   1840.6130    688.1309
       48.3050    896.4319   1154.0728
     1905.6024    511.3851    749.6596
     2106.5527   1388.8641   1166.4102
      630.0515   1819.0438   1084.5336
      947.4678    476.7611   2025.3550
     1722.9232    937.8841     18.1423
      514.7753    755.6318    610.9580
     1487.8375    388.2789   1904.4937
      386.5882    396.0761    808.0048
     1898.5338   1425.0303   1925.8416
     1365.6985   1992.3170   1518.4758
      457.7119   1808.0895   1424.4166
      375.2402   1412.0005    805.3528
      703.5625    702.0717    328.3541
      271.1247   1037.3229    161.6974
      322.7813    313.4537   2142.0935
     1582.4960   1363.3496   1851.4174
      292.5136   1669.8622    763.5880
      992.3152    185.3195    881.2878
     1001.2964   2205.8826    739.9370
      341.2675    770.8459   1782.1998
     1105.9288    363.0385   1627.0251
     1228.9918   1704.2488   1913.1608
      431.4106   1640.9951     62.7093
      778.0099    722.1150   1050.2465
     2081.2437   2002.2759   2183.9326
      732.6711   1935.5638   1331.8857
      113.5914    363.6051     20.3267
     2190.8521    443.8359   1193.8245
     1981.0458   1003.2379     61.4519
       69.2271   1473.3838   1575.4479
     1410.0309    192.6032   1112.4824
     1827.2190    185.9481    703.0472
     1301.9838   1087.4081   2198.6196
     2182.8987   1647.8971     33.5802
      718.9177     65.4123   1685.0391
     1078.4589   1619.0264    910.0840
      391.7003    922.8539    933.8478
     1296.7209   2019.9904   1868.5944
     1846.5515   2118.8240    638.7701
      362.0988   2110.6826   2241.9805
     1497.5217   2199.8857   1660.1934
     2178.8347   1468.8853   1801.4584
      233.0017   2076.4116   1777.6558
      160.5744    294.6016   1038.4552
      379.7394    647.5049   1450.6725
      776.0111   1271.2947   2114.8987
     1663.7068   1626.3329   1950.0090
     1642.7479    129.2931    984.2402
     1700.3118    586.6775    172.4547
      337.7929   1467.0724    479.2372
      971.3847   1601.7717    547.2484
       12.7830   1166.2367   1739.1996
     1875.3584    126.8749   1256.5803
     1943.9359   1796.9572    187.7482
     1035.4113   1993.1606   1709.7689
     1177.9630   1682.0723   1187.6328
     1361.0328    195.5297   2035.7087
     1501.5582    550.9875    701.9442
     1480.1990   1094.3184    258.0757
     1118.6921   1388.2996   1358.5527
     1324.9929   1580.6342   1392.7476
     1289.9869    214.4816   1443.1171
     2084.6055     85.4448    463.6407
     1332.4137    300.2434    174.4973
      458.3007     15.0289    628.1114
      887.4598   1596.3943   1457.1771
     1888.9207   1923.2877   1465.1915
     1322.9093   1242.8127   1541.8181
     1422.2211    931.0223    808.4092
     1425.0482   1294.1287    785.2477
     1895.9452    898.1510   1481.9534
      674.8087   1910.5850    542.6085
     1131.6788   1078.1412   1881.5155
     2227.8003   1443.5542   2145.5657
      874.0333    839.3788    612.2568
     2100.9368    541.7528   1873.4757
       99.7499   2115.0996    111.7980
     1436.3809    788.1074   2245.0178
     1718.0016     92.1033    457.5754
     1268.3542    893.9174    473.1557
     1436.5476    188.9680    841.7484
      560.8200   1277.5082   1914.3551
      899.3746    892.2985    191.7550
     1235.8467   1812.5122    355.3817
      383.4669   1838.2656   2071.5171
     1564.2454    852.3948   1472.0250
      484.4965    868.6458     95.1683
       46.7561   1267.8376    897.0515
     1778.7006    990.3846   1059.8370
     1060.8082    711.7721    404.1375
     2250.6550   2113.5110   1931.6163
     1839.5139   1600.2153    388.5805
     1114.3949    251.7904   1920.8542
      979.7690   1988.8796    569.9195
     2150.2063   1782.5170    967.6864
     2103.3291   1194.9691   1965.6274
      980.3807   1295.4969   1864.1166
     1740.7668   1040.3341    773.8026
     2070.4412   1743.2273   1977.4089
      208.9101   1490.8246   2166.8647
      802.4691    183.3624    133.9320
     1034.1545    627.7318   1724.8665
     1836.5131   1672.4739   1714.8031
     1889.6134   1582.5308   2181.3325
     2081.8379   1443.3451    484.8689
     1079.7980   1073.0813   1216.6257
      358.4045    350.8249    192.9621
     1179.1088   1566.9563    176.4604
      996.7479   1841.0292   1410.0281
     1416.2947   1995.5187    873.1363
     2119.2715   2106.3704    641.8579
      294.6222   1054.0027   1799.9453
     1340.8362    579.0362   1730.6243
     2256.6897    946.6689    148.8413
       94.0746     81.6011   2141.0737
      137.1759    751.4645   2212.6833
     1616.0012    860.9088    276.3278
      436.9962    654.5099    954.4542
     1532.8168   1156.4604    971.8701
      564.8438    273.2388    620.6713
      954.4451    434.6133   1127.0669
     1934.8875   1778.2725   1166.9156
     2233.5552   1958.5586   1602.0690
      555.7081    121.0773    881.6744
     1388.7587   1683.8066    902.8722
     1473.7463    763.9619    587.1442
     1061.5099    873.7498   1708.0621
      437.3235    929.6936   2054.2463
     1875.4612   1206.5863    205.6851
     1562.7285    558.7698   1381.4205
      646.1117   1581.8988   1329.9955
      325.9147    329.3763   1750.2290
      236.1947   1448.1154    168.2999
      978.3726    496.1889    538.3241
     1544.9672   1382.7871    363.7606
     1938.4926   1566.8782   1366.6617
      853.1353   1187.1445    870.3967
     1681.4519   1814.0189    108.0768
     1124.9008   1021.6213    680.8937
       84.0733    609.5100   1287.6664
     1409.0452    398.0841   2222.4363
      508.2383    485.4657    402.1295
     1804.8636   1290.7433    942.8408
     1386.6832   1539.7017   2063.2744
      772.0127    375.8107   1679.6149
     1866.8917   1839.1311   2153.3826
      706.6074    104.6269   1387.3558
     1763.5183   1318.0436   1188.6772
     2100.0542    440.9222   2164.4172
       79.2495   1587.0273   1014.2198
      324.5411   1439.0558   1372.2844
     2105.6431   1969.3451   1285.1986
     1531.3660   1895.0787    631.8996
      845.7673   1032.6094   1111.2321
     1930.8488   1310.5309   2212.2788
      139.9894   1843.2123     33.6605
     1083.7642   2235.5852   2021.9795
      576.6136   1191.0466    943.5125
     2169.5610   2215.4514   1582.8408
      172.9144   2202.6887   1172.9044
      378.0211    566.9777   2158.9324
      532.4456    531.3006   1866.6552
     1498.8114   1272.9075   2156.9109
     1402.8003    998.7073   1719.3566
     1442.0785    292.6902    577.2158
     1443.0599    951.7728   1178.4351
     1097.6147    102.7449   1121.6014
     2074.6702    549.5862   1543.9497
     1776.3677    193.6040   1683.5038
       84.1916   1243.0276    316.8546
      104.9658   1893.3793   2033.8342
      944.2264    272.8339   1419.9082
     1325.8181    822.5822   1907.2959
     1278.0765   1201.8837    550.5729
     1574.7992     26.2596   1928.5270
      878.3248   1635.6791   1104.4519
      439.6114   2027.1686   1679.7694
      328.0941     64.5718   1969.6704
      330.6068   1999.6642    949.4791
     1293.7692    155.1754    397.7291
     1815.1031    191.2675   1998.2083
       12.8753   1303.6108    626.2809
     2020.8206   1316.1836    786.9828
      642.1036    772.8821   1960.5897
      844.7920    527.3027   1369.0649
     1551.7961    698.4702   2036.2466
      321.9355     47.6733    178.5108
     1086.0591   2112.3591   1252.6436
     1225.1227   1457.2284    748.7188
       89.3591    737.1808    408.0088
      849.7119   1344.2460   1157.4028
     2007.5245    965.6356    700.6252
     1199.4885   1995.4847   2158.8020
     1711.9598   2127.5823    146.4158
      298.9516    305.4608   1402.0410
       65.3678   1739.3275   1755.4430
      133.1457    112.4828   1458.1646
     1916.3663    308.4820    990.4493
       22.2208   1607.6123    687.4686
      831.5604   1562.1284   2009.9875
      724.3867    573.0208    618.3324
      710.8378    467.6776   2158.9153
     2139.6389   1332.2572   1501.0612
      879.9562   1776.6414    798.0643
      138.0329   1897.6450   1259.3773
       28.0575   1858.9210    424.8044
     1893.0006   1576.3594    925.4152
      840.2220    393.3494    332.8050
      189.6357   1776.8815   1499.4187
     1031.0212   1696.2728   2207.1270
     1611.0237    311.9030    260.2228
     1769.3193    768.1900    592.9536
      201.7437   1589.8290   1946.6464
     1835.5939   1111.7532   2019.7214
     1339.6272   1458.6510   1054.4369
      887.6680    758.7950   2112.8381
     1386.2168   1788.5457     82.7275
     1997.8546    835.5419   1241.7566
     1838.1837    742.0475    904.9764
       57.1733   1501.6405    435.5226
      358.2585    790.9860    338.1566
     2089.0525    277.8322   1428.3993
     1911.3414    343.3728    511.1053
     1579.1127    145.5900   2231.3691
       70.5329    104.6707   1759.7146
     1905.6221    300.6954     10.6953
     2129.0598    134.8108   1989.0778
      648.8448    859.8654    887.5272
     2132.7903     36.3567   1280.7997
     1118.6681   1144.5630    262.2694
      612.5061   1489.4923   1727.6923
     1564.4617   1810.8464   1083.2555
     1441.1968   1536.1941    580.1567
      711.0740    346.1009   1167.2891
      333.8543   2154.0615    412.7855
      997.9873    347.9828   2261.5728
     1568.7930   1073.8914    533.8204
     1692.8141   1695.5200   1475.8928
      592.2032    130.3410   2251.0803
      598.5726   1270.6274   1249.9052
      639.7770    500.0491    895.4408
      608.4703    667.3755   1331.2094
     1442.2520   2245.2183    250.8546
      795.9850    298.4919    745.0110
     1888.3870   2236.6003   1717.8955
     2029.5806   1961.9230   1777.8977
     1826.6735   1346.6743   1597.4005
     1639.1302   1917.5603   1350.0470
      726.5541    979.8756   2211.8987
     1025.0790    762.6017   1193.4542
      647.6459   1764.3849   1994.6360
      559.6762    916.0158   1171.4965
     1169.4060   1741.1073   1603.9641
      227.4803    576.4414    196.8306
     1735.8719    714.3275   1217.6379
      940.9163   1878.2325   2004.5463
     1575.1364   1176.3883   1651.3516
      640.5197   1055.5455    380.0038
      975.9695    854.0438   1448.4292
      550.1298   1640.2832    301.3324
     1157.8862    852.8880   2135.9185
      144.3064   1172.8844   2062.7878
      537.6998   2066.9182   2021.1056
     2082.3198   1056.2623    411.3914
     2074.1533    215.0261   1730.2686
     1260.3309    749.4711   1043.6844
     1635.1729    607.1844   1757.9729
     1584.6493   2092.8787   2132.0466
     1266.2673    611.8168    149.8890
     2028.4100   1069.1115   1009.5715
      507.1067   1359.8922    183.6040
     1829.5459   1893.0046    435.7274
      524.0957   2092.3345   1449.6719
     1059.1501   1338.7716    981.0301
     1314.6486   2228.8347   2255.0205
