        4.2267    229.2531   1611.3898
      870.1967   1212.8518    380.9787
      256.3912   1599.7549   1544.7235
     2175.2410    757.6396   1059.6118
     2138.8044    162.6197    256.5009
     1352.5928   1378.5076     63.6356
      761.8913     42.8827    623.9629
     1722.0736   1128.4012   2118.6006
     1817.2134   1187.4827    372.6552
     1609.4679    832.4932   1586.0872
     2108.2163   1825.6782    368.9904
      241.7926   1842.6278    717.9727
     1474.2521   1549.1437   2111.9668
      692.1985    603.0139   1897.6324
     1563.8782   1592.1340   1241.4280
       68.6109   1330.4141   1889.5867
      602.7318    997.0737   1774.7136
     1160.5375    393.8855    591.7837
      581.4199    667.9700    944.3099
     2003.2548   1916.9371    123.5765
     2145.0759   1227.7468   1117.6017
      722.8808   2238.7410   1141.5386
      688.1216    397.8278   2220.5903
      206.7793    872.1223    948.3504
      555.1109   2063.3340   1023.5121
     1045.0417   2170.6106    180.2074
     1577.2349   1813.3158   1800.6614
        6.7708     24.7155   1417.9313
     2093.8459   1361.8359   1440.8383
     1496.9341   2182.8015   1783.4218
      423.9240    433.4604    937.5884
     1009.7390   1541.5905   2055.5549
      972.0520   1573.7565    302.1879
      881.3597   1196.5461   1083.6874
      489.2975    301.3224    173.8280
     1393.1913   1907.6165    124.0720
     1235.0758   1159.4136   2011.3655
     1943.3160   1285.5426   2158.0750
     1582.5573   1756.7380    258.1497
      467.9124   1604.4163    342.8519
      265.0086    428.5881     13.0370
      889.5237     81.2808   1551.0336
     2070.1792    761.3387    329.9396
      672.1007   2208.5884   1613.4983
      144.8884   1632.8757    720.7532
      897.3709   1091.4338    141.3105
     1489.8051   1921.1670   1250.8057
     2223.3813   1277.0337    354.7049
     2223.6389   1191.9285    606.2613
     1519.3687    463.6715    991.4593
     1084.5117   2244.4734    481.7516
      191.6280    618.8571   1404.4843
       48.9812   1230.4619   1326.6097
     1979.0833    479.1953    940.8840
      834.5364    602.9373     61.5436
     1982.4985    948.9707    168.9102
     2134.3391   1048.7103    353.4827
     1949.9225    278.7701    350.7413
      180.7936    937.8156    695.7546
      376.9839   1667.0762   1128.1625
      836.8513   1192.6647   1805.3472
     1976.5122   1601.4551    513.4944
     1755.7515   2174.8657    592.6500
     2058.3857   1115.8035   1317.9219
     1534.9926   1838.0948   1490.2014
     1115.1272   2252.5391   1429.5125
      922.0435   1819.9626   1725.9655
     1819.4747   2098.3340   2241.3501
     2059.8555    776.4568   1342.1807
     1133.4521    222.6251    920.3383
     1273.3992   2245.5706    931.4885
     2073.6575   2175.1206   1497.9196
     1920.3070   1319.1415   1771.7865
      229.4438   1747.1909   1309.1868
     1124.5991    196.8548   1582.6415
      976.1199   1608.0197   1549.8009
      510.2408   1840.0851   2176.7141
     1993.8394   1387.1578    368.0983
      913.0656   2130.3870    688.6345
      984.2067    813.0267   1232.0725
     1976.0896    939.4531   1183.1813
     1843.3257    688.9003    231.7477
     2240.5059    200.4139   1216.7184
     1159.1438     75.7164      4.9434
     1739.7893   1353.3147    820.7589
     1044.8063   2009.4928   1389.7065
      409.4642   1787.6520   1654.6499
     1886.3207    295.0895    111.0577
     1768.3674   1405.7137    526.5119
      562.4161    224.4395    796.2845
     2189.7908   2096.9568    935.2846
      812.6204   1386.3136    772.5762
     1923.1373   2193.3269    950.9366
      548.7235    618.9235    289.6588
      358.8699   2030.2782    802.3523
     1900.9946    240.9861    970.2251
     1308.2662    466.8013   1634.7233
      381.3007   2122.0759    356.0025
      351.0055    110.6735    313.2102
     1624.8102   1651.4117   1658.1426
     1712.8138   1422.7888   1317.4769
     1546.2721     60.8244   1433.0103
      459.6986    779.9322   1576.1644
      178.4427   1855.2446   1010.3127
     1269.8381   1341.9369    602.6475
     1471.9410    152.1946    248.3444
     1162.5531   1811.2424   1806.6368
     1120.3958   2027.6783    625.1835
      397.4486   1152.7791    611.4183
     1296.1730   1143.6770    823.2524
      442.0746    856.4711   1034.0985
     1254.7759    893.9747    848.3521
      465.9969     25.9339    650.0753
      471.9042   1528.4761   1649.4196
     1006.6259   1835.0790   1240.7875
     2102.0205    968.2993   1970.4746
      571.3914   1174.2219   1186.4130
     1759.7271    777.5365   1353.3292
     2095.3284    399.0354   1404.4645
      455.2077   1353.1705   1296.5414
     1786.2611    327.3514    599.0839
     1471.8768   1288.0365   2051.6804
      644.7213   2059.4556    728.8797
     2033.6531   1655.8584   1074.0431
     1891.5076    111.8022    535.4578
     1758.1281   1604.7303    887.4964
     1089.9323   1739.1345   2234.5505
     1903.9760    540.5834   2054.8167
      224.3354    206.6893   1210.2542
       90.2612    636.8005   2201.2292
     1971.3772   1911.0179   1006.6539
      127.4809   1312.7814   1085.9155
      152.3528   1094.5208   1001.1061
      608.3181    968.8787   1489.2939
     1659.6482   1345.5570   1077.5721
      672.7167   1867.2988    950.7490
     1616.3002    600.3807     56.8381
      152.5530   1168.0828   1731.6519
      568.1832     23.7570    239.5415
      456.9580   1960.6503    558.9744
       11.3841    977.8552   1202.5403
     1369.0795   1052.3206    179.7401
      644.0786   1896.0902   1511.9608
     1077.8523   1555.0643    705.7838
      274.7903   2169.6719   1300.4380
        6.7992   2010.9911     73.9296
      984.1080   1373.2468   1308.3182
     1790.9451   1665.6858   1431.4758
       28.9227    395.1580   2086.4851
      212.5743    848.9628   1686.1874
     1280.7767    314.1969   1117.6620
     2254.4495    668.2750   1697.1058
     2005.1385    732.0774    591.6296
     1112.8268   1969.0750   2074.4495
      278.2468   1358.5736   1495.8672
      896.3189    590.8232   1371.1570
      273.9379    640.4869    122.9861
     1231.4642    216.6591    405.0787
     1567.5509   1176.0616    377.5734
     1564.6622   1091.4741   1959.6198
      260.6714   2164.1733     81.0623
      256.4250    945.7319   1937.6736
     2198.8184    309.9341    993.4451
     1696.3313   1028.1738   1421.1664
     1738.2505   1431.9631   1638.0084
       19.0029    292.0513    765.0754
     1255.7393   1241.7760   1306.5720
      825.8407    761.4667    540.1682
     1573.1732    396.7414   1485.0537
      407.2289    553.4824   1502.3812
      183.7514   2154.2461   1007.9408
     1456.7391   2143.7810    202.1788
     1350.7408   1981.1671    876.1744
       76.9048    708.9370   1208.3091
     1656.2745      1.2930    981.4486
     2205.0266   1047.6633    767.2101
      870.8779   1933.9984    770.6426
      556.1663    887.9103   2041.8263
     1823.8651    514.0330     17.8563
      219.1343   1309.0939    367.8869
     1441.7893    448.4642   1963.4084
      734.7867    877.1791    788.2672
     1621.9009   1299.5363   1811.0579
     1947.9280   1826.1111   1219.7446
      807.0654   1972.8802   1124.6476
      662.3038   1306.1593    996.9756
      701.2011    421.2605    227.1529
      891.9515   1073.1881    600.2757
      425.1517    415.6487   1798.1042
     1220.7894   1396.2684   1883.6493
      630.7374   1781.1003    706.5453
     1017.7578    291.9311   1111.6652
      367.0149   1972.0847   1107.3289
       98.9252    479.7871   1589.8619
     1166.3160    469.3355   1975.5120
      796.4803   1648.1455   1894.4088
      577.1646   1469.8972     10.1789
      611.7945    528.4386   1143.6917
     2009.4489   1741.7280   2006.4087
      857.3585   1834.2744   1420.4113
      108.0775      0.1442    345.2253
     1835.9253     19.7322   1167.3206
     2210.8972    411.8896    350.5946
       13.5984   1461.8488   1312.8741
     1105.4502    631.1527   1481.0917
      982.1377    229.8289    593.3649
     1030.7072   1019.3246   1875.4829
     2203.4629   1156.9651     10.8769
      999.9850     26.4357   1747.4829
     1375.4413   1710.1158    839.0715
      393.2388   1392.9801   1052.8829
     1137.9025   2259.1523   2034.0525
     1841.2134   1971.0801    752.1024
      246.6595   2111.0061   1613.1188
     1295.1162   1961.3087   1437.5858
     1937.3239    966.8787   1450.1447
      504.4015   2063.3518   1698.0422
      247.5310      5.5923    776.7256
      206.8887    363.1200   1002.7068
       49.4393   1085.2550   2001.3356
     1345.4680   1665.7452   1617.5737
     1392.8577     11.2725    456.0393
     1692.3356    970.7859    256.2892
      487.4140   1879.2388    323.7290
      666.3787   1439.5437    447.2974
       47.6575   1411.3406   1558.7714
     1750.0175    223.9996   1362.1484
     2024.7594   2124.5979    673.5861
     1241.4965   2093.9587   1869.4535
     1237.1816   1978.9744   1152.5396
     1156.3121    396.5202   2224.7759
     1142.2809    505.1180   1028.1792
     1657.5535   1375.6925    243.7066
     1314.9121   1276.4225   1527.3859
     1294.0216   1482.2889   1143.0194
      884.7696    539.8595   1103.8081
     1855.1758     47.6243    238.7789
     1100.0624    562.8820    114.8166
      580.7208      5.0024    876.2294
     1232.1714   1536.7574   1403.5077
     2257.7678   1683.9635   1230.6044
     1090.9662   1375.6147   1566.2448
      908.0969    916.3035    990.2955
     1535.3268   1290.6090    586.4598
     1406.4448    647.7820   1464.1908
     1003.8625   1970.1025    404.2908
      940.0260   1268.2373   2014.3944
     2224.9414   1558.9672   2061.3767
      801.1829    626.5344    312.2292
     2198.7249    599.0109   1418.2374
       24.0769   2224.0896    717.9630
     1866.1938    805.9879   2066.0044
     1083.7556     56.0146    730.5704
     1331.7727   1060.4360    449.6864
     1572.1135    242.0496    801.8194
      631.6506    714.0875   1373.6742
     1029.0129    853.0271    105.9878
     1364.1256   1275.4131    325.0866
       99.2065   2147.8867   2112.4270
     1132.9236    897.2343   1637.1317
      483.1516    533.4135     59.9603
      238.5175    890.7589   1191.9412
     1995.4730    797.0157    862.1592
     1537.7113    771.8327    230.0402
     1909.6846   2143.7415   1945.9971
     1846.2821   1830.5935    314.4724
     1251.1910     51.0785   1821.7843
     1260.2028   2013.4211    392.4220
     2159.3679   1521.9921    815.1496
     2009.6134   1496.9825   1917.7673
      852.5146   1390.1953   1561.8463
     2024.2511    975.5005    621.9901
     1734.5293   1608.6006   2092.4656
      282.2804   1781.8372   2069.0908
      732.7870    181.3445    133.8580
      777.2194    279.4219   1487.2927
     1325.4327   1665.6448   1887.6073
     1963.2268   1538.8185   2163.5977
     1966.8851   1223.4126    155.8962
      850.4714    854.5100   1422.2649
      299.5593    166.5631     61.2572
     1075.8330   1757.0079    485.9633
     1128.5056   1785.7137   1516.3236
     1505.6134   2066.7659    582.5452
     2122.9724   1930.4274    777.0676
       22.7234    870.8078   1419.1437
     1264.6260    912.8811   1857.3934
     2204.8621    688.1166    150.5920
      265.3450    333.4650   1993.0227
      646.0131    650.7001   2153.6179
     1730.3588    465.9354    295.8174
      399.5514    706.3682   1278.0541
     1500.5177   1323.5193    811.0026
      747.4043    758.5244   1164.2671
     1140.4913    599.3457   1249.3943
     2229.9795   1746.9440    913.1897
     2238.9856   1888.7455   1667.5275
      978.4096     39.7013   1024.1193
     1463.9778   1356.3137   1283.8594
     1542.8579    867.7131    826.5150
      932.8156    694.1607   1657.6858
      427.7277    759.7928   1847.3241
     1990.1283    728.3203      6.2400
     1681.1497     22.3680   1964.9565
      946.3323   1390.6166    539.5217
      678.3004    771.0197   1656.6199
      396.8322   1390.6293    179.5912
     1042.6831    708.7618    321.4576
     1576.3782   1586.2009     82.2678
     1949.8148   1410.7249    978.2480
     1094.0280    765.8524   1021.3245
     1930.4385   2100.9888    409.6512
      855.3304    950.4311    355.3471
       93.9011    457.5160   1214.3040
     1831.0198   1012.6286   1921.9739
      397.3893    298.1115    467.1927
     2110.8926   1002.1447    983.3190
     1061.4485   1317.9697   2205.8857
      649.0514    111.1440   1372.0312
     1552.9537   1793.3237   2075.0896
      235.0423     66.1287   1512.8346
     1885.4713   1265.1246   1532.7756
     2209.6812    169.5978   1948.0974
      422.5671   1791.7365    922.1368
      830.6034   1573.5750   1341.5201
     2027.5684   1783.2050   1487.5922
     1579.0450   1563.8975    695.2419
     1286.0244   1431.5948    900.4934
     2160.4478    694.9507   2089.3271
      519.1545   2025.0153    110.5472
      970.4547   2140.7500   2191.2886
      752.5674   1008.9460   1271.6750
     1966.6166   2020.8369   1675.7246
      628.3015   1990.4100   1278.3992
      205.3260    604.0733   1965.1984
      458.0343    516.3469   2055.9407
     1249.0364   1502.6141   2119.8652
     1439.1885    680.5283   2173.2886
     1644.5355    334.3486     61.6441
     1625.3981   1110.9312    927.2532
     1424.2921    193.3119    962.7301
     2092.5693    519.4082   1183.7991
     1300.9110    185.1353   1361.9344
      658.3817   1112.8567    288.7354
       15.4909   1918.1547   2117.1560
     1044.7155    373.4214   1371.1826
     1361.7203   1164.6870   1787.1477
     1181.9572   1472.2882    387.7241
     1412.9489    400.5706   2250.8784
      806.6291   2154.7371    916.1358
      192.7602   1950.6426   1843.4790
      433.7578     53.4418   1645.0221
      144.3313   1969.2212   1260.9304
     1018.0399    158.4612    253.3988
     1851.2189    775.0930   1598.2219
      896.6408   1375.3497    174.7383
     2224.5742   1457.5276    557.2496
     1188.8964    660.3319   1758.6462
      529.3128    266.4343   1583.0210
     1658.1560    552.3482   2041.1327
      153.6756    245.6726    304.6598
      980.7316   2060.3560   1879.8621
     1513.2612   1065.6542    695.4219
      371.5945    561.5743    512.7850
      398.0746   1578.6346    792.4454
     2185.8062   1313.6720    869.8348
     1011.3953   1773.5005   1983.1621
     1726.1547   1956.4598    486.0143
       80.0010    317.8656   1397.1606
       13.9836   2148.5449   1630.6821
       82.3545    100.3908    972.3036
     1768.9573    394.7646    848.2312
       26.2838   2255.3586    107.1212
      578.6032   1220.7072   1871.2428
      304.3127    262.1784    757.3395
      914.9496    400.3617   2127.5750
     1795.4624   1191.9281   1276.4490
      778.3643   1952.5908    482.9314
      417.0648   1896.1730   1371.9946
       26.6884   1761.6312    187.3984
     1959.4030   1722.6141    821.9760
      770.5947    585.6128    692.1509
      189.9194   1900.7466   1524.2410
      795.5972   1950.0154   2018.4636
     2028.2035    315.1600    702.5182
     2261.1228    784.7726    765.9323
      259.4222   1464.4813   1750.7576
     1788.9049   1353.0421   1969.7499
     1133.1599    569.2480    778.9606
      872.4730    629.3827   2058.2510
     1327.4802   1673.0941     44.3902
     1859.5342    556.4951   1402.1956
     1920.9945    694.1368   1118.6770
      239.0407    914.8761    110.4392
      611.3906    441.9063    457.4818
     1665.3516    269.3301   1043.4928
     2222.3347    586.8826    512.5361
     1487.7759    196.9362   1845.7281
      275.9449    326.8865   1603.8557
     2108.2556    199.0896     11.0492
     1769.1456    229.8175   1863.2505
      667.5412    969.3240   1019.4149
     1845.5028     17.2034   1700.0743
     1776.7507    858.1857     19.9851
      572.6478   2244.8086   1982.2368
     1791.2207   1713.1792    593.2865
     1924.8293   1469.5913    709.3315
      496.5087     19.8228   1194.1908
      768.1503   2195.9119    100.2192
     1152.5232    636.4775   2138.5586
     1739.0212   1150.3434    657.6254
     1512.7529   1526.5634   1479.1318
      486.9980     26.8133   2230.2969
      253.4440   1509.3748   1240.7643
      741.0287    220.5651   1043.8693
      284.9445   1158.3457   1240.9952
     1237.5664   2249.2605    255.8830
      612.7444    180.8421    489.0370
     1641.8392   2045.2031   2003.2300
     2214.2585   1547.7096   1771.3621
     1952.0629   1379.6865   1228.8607
     1728.3098   1819.9274   1000.3098
      391.5655   1010.0989   2152.2649
     1032.4921   1096.4351   1235.7747
      359.2381   2046.0906   2097.2617
      204.5274   1093.6396   1498.1023
      641.4441   1208.0649   1622.0586
      129.1926    598.5410    325.5320
     1701.7272    581.8965   1600.9761
      850.3025   2027.1255   1636.1608
     1399.4683   1413.1567   1713.2216
      161.1423   1376.6680    612.1150
     1317.7303    751.7147   1154.6593
      770.4224   1999.8011    253.6264
      985.0298    733.6182   1899.5536
        7.4342    984.3407   1773.2760
      635.6688   2074.1218   2137.5068
     2209.1489   1733.5066    637.5106
     1816.6541    355.8253   1598.0729
     1118.4200    687.5116    548.5881
     1426.5248   1056.4417   1517.1559
     1411.6774   2237.9041   2006.3323
     1211.9069    331.7621    187.0329
     1584.3076    576.6524   1310.4431
      646.9388   1810.2134    144.1519
     1998.8601   1847.0784    587.5058
      158.5639   1713.9436   1748.6459
     1129.1515   1303.3263   1044.4161
     1298.1851   1778.6404   2093.7844
     1320.2134    575.2941    387.5342
     1287.3488    865.7028     34.4172
      382.2282   1160.3965    940.7369
     1472.0376   1800.5331   1044.0151
      743.7653    837.9626    130.3795
     1223.4280   1117.5348      1.4335
      617.8496   1431.3199   1468.5869
     1978.1625   1032.7100   2170.0828
      384.1927    983.3287    365.2792
     2199.6255   1077.4857   1523.0437
      427.5992   1138.0645    123.5465
      976.2521   1835.4713    984.3174
     1763.4952   2037.0814   1102.5271
      388.7237   1711.5675    573.2393
     1693.0907   1389.0222   2223.1106
     1063.7369    436.5518    369.5344
      832.6653   2154.2046   1395.1117
     1947.1138    103.0524   1962.7463
     1971.6331   1229.9852    559.6819
     1142.4722    851.3920   2089.8093
      391.6620   1009.1323   1658.6460
     1999.7050   1537.2214   1619.4290
     1370.7545    585.9109    642.9731
     1649.3939   2236.4036    341.6235
       49.3304    440.7795    122.1398
      432.1656   1432.5056   1950.5463
     1345.0297    662.3456    900.2780
      694.3910    359.7718   1741.8698
     1019.9648    428.8162   1615.4302
     2212.0217   1964.6343   1429.4370
      308.0824    445.1742    298.1096
      199.6914    118.9003    576.0876
     1293.6172   2189.3018    702.6351
      278.7186     46.0852   2093.5532
     1709.0564   1875.1019   1318.7622
      305.2935   1193.9009   2000.8052
     2208.6724   1495.4838   1051.0127
      833.6255   1656.5583    812.4554
      486.1186    948.5187   1258.7661
     2030.5319   2192.3928    107.9987
      728.1354   1114.9381   2034.7670
     2020.3484    550.9341   1625.5358
     1852.9399    547.7570   1812.0139
     1138.2108   1029.5281   1012.4774
      250.8283    601.7404   1725.6650
      624.2686    853.8179    350.8258
     1560.3237   1275.5487   1537.9705
      843.4113    288.1160    410.9484
     1115.9607   1205.0913    441.0375
     2180.4360    934.0308     42.4214
      208.7327   1159.5630   2242.3787
      182.2889    711.8698    549.6515
      749.0281    340.5583    678.6263
     1064.2202   1579.8823   1203.3533
       77.4507    865.8444    303.6738
     1333.7220    835.5838    608.8209
      462.0673   1157.7056   1438.2999
      706.8950    109.9133   2144.5020
      349.2181    731.4032   2110.5874
      938.3434    178.1130   2242.3591
      103.1596    214.6057   2200.4365
     1452.0500    340.9439    513.5700
      155.0878   1072.0222    471.9245
      721.6498   1450.9346   2023.5909
     1797.6188   1587.5461   1156.8947
     1832.0707   1868.1296   2132.6924
     1771.8571    323.1513   2071.3611
      490.8148    448.6749    710.3657
     1727.5583   2077.7493   1750.1436
     1057.0702   1286.0439    777.7000
      157.7084    113.7288   1824.5479
     1526.5245   2135.8850   2232.6743
      794.1669   1281.1045   2231.3948
     1125.9635   1976.5802     76.5933
      488.4778   2132.8408   1448.0172
     1999.8418    148.4836   1306.7776
      826.6338   2242.8193    343.6844
      452.3875   1623.7771   2115.9570
     1282.2238    426.4974   1407.7922
     1869.6086   1453.5393    157.2299
     2146.2529      4.0246   2135.7021
      887.0865   1155.3622   1471.2483
     1313.2864   2188.0186   1580.3239
     2021.4929    317.2706   2058.5513
      513.7216   1233.0056   2180.9404
     1581.2114    930.7057    481.0932
     1915.2528    337.7698   1197.4493
     1222.0326    309.0709   1799.2581
      178.3878   1380.9746    868.0201
     1478.3094    871.6685   1328.2783
     1382.5292    208.7783   1606.9362
      862.3234    870.2061   2154.7219
     1363.9319   1936.3356   1723.1628
     1000.5586    843.7820    733.0710
     1619.5364    392.1700   1751.7646
      903.5780    669.1979    887.4573
      832.4832   1547.6179   2261.8818
     1719.3530   2048.5010    202.3441
     2086.8376     82.7875   1072.8876
      236.5004   1893.2288     32.1868
     1500.5627   1963.4886    349.8152
     1180.1143     61.2192   1142.9448
      909.0366   1114.8207    859.1417
      980.0473   1076.6812   2158.4009
     1536.5164   1219.0662     42.1167
      900.4240    987.2314   1655.3605
     1519.9417   1485.6265    425.9058
      173.7087    531.6642    728.8486
     1980.5367    476.5876    500.0111
     1043.0991   1551.6565    951.7640
      200.5998   1186.4717    738.8304
      463.9026   1233.1180    379.6295
      627.2271   1138.0532    823.0804
     2175.8728   2080.9224    299.9816
      814.2869   1909.5122   2248.1897
      612.3184   1551.4208   1216.6920
      273.8108    858.9435   1457.5320
     1614.7233    142.2864    573.0656
      328.2309    695.3812    781.6274
      696.3935    278.9976   1987.3040
      460.0883   1900.0543   1900.7841
     2144.9839    548.0225    743.8799
     1206.7793   1753.6239   1044.9934
     1337.7705    676.5491   1962.9995
      832.5938      1.7604   1971.6536
     2206.4924   1331.9287   2129.6904
      930.8640   1433.2961   1792.8132
      968.6503    134.0382   1281.2933
      271.4255   1443.5485   2177.7463
     1527.2769    317.1120   1230.8014
     1769.3715    751.2541    432.8023
     2010.2968   2128.7417   1230.3905
      496.8257    805.0270     54.7654
     2011.5839   1607.3112   1339.8876
      133.9201    388.5168    552.6264
      932.5272    460.6365   1863.7482
     2029.7391   1665.9323    217.3160
      566.0970    564.0916   1680.5049
     1356.9744    982.7726   2094.0193
      650.7626   1437.0276   1763.8573
     2239.5334   1766.1193   1923.5983
     2049.6675   1769.6392   1764.7654
     1626.7867   1836.7316    742.4500
     1499.2412    901.2399   1815.7145
     1134.1310   1595.2333   1762.9934
     1157.9714    878.4086   1404.3823
     1033.6407   2094.9636   1142.8308
      648.9503   1022.6326     23.8811
     1475.9517     87.8241   1161.7294
     1693.8342   1070.9760   1703.9344
     1514.7878   2246.6299    744.2794
     2131.1667     25.1446    471.9478
      239.7228   2074.4534    551.7840
     1853.7491    560.4847    677.0825
     1777.6650    651.0899    883.3829
     2060.8918   2002.9841   2136.5127
      693.7778   1840.4286   1790.1029
     1073.9869    911.8905    499.8939
     1124.6613   2053.4685   1636.3707
     2132.2227   2040.4780   1882.8798
        3.7228    545.1238    951.5380
     1796.7280   1830.6049   1637.5842
     1130.6904   1108.5111   1487.1573
     1583.4058   1543.2794   1898.3303
      656.9021   1754.5980    461.2674
      147.6254   1658.4208   2252.4009
      133.0446    878.6487   2150.9456
     1445.9104   2119.2168   1075.0868
     2238.8591   2025.4467    533.7435
      268.2489   1797.5868    253.3607
      420.6173    169.0590   1852.5657
       77.3356   2164.8899   1866.1964
     1993.4877   1046.0723   1717.6359
     2254.6648    865.2971    524.3429
      855.9600    155.4225    833.4467
      272.6928    621.0704   1039.5872
     2120.5330   1750.0377   2222.5176
     1600.7482    858.7817   2065.4873
     1734.3776    935.9266   1135.2308
     1560.8105   1093.0663   1214.5712
     2134.8354   1471.3778     82.8350
     1561.0342    209.7757   2101.6479
     1512.8866    695.3429    463.7440
      877.3455   1656.9304    530.8369
      584.3985   1770.6178   1173.9888
     1648.2175    105.6509   1665.7230
      753.3242    523.9670   1555.6056
     1808.3367   2247.4226   1441.4620
     1664.5857    521.0208    505.4200
       14.1240   1692.6799   1498.4563
      443.7941    972.4589    772.7310
     1641.3690   1881.1984     28.0156
     1517.3655   1533.1964    988.6552
      398.7505   1649.3224     86.8201
      655.2723   1366.7239    226.4952
     1521.9307    951.2793     10.1026
      333.3665    447.5572   1266.1682
     1132.6652   1219.8574   1750.8373
      204.2974   1524.9480    191.8008
      421.7556   1269.7649   1703.7295
      783.7385    862.8662   1900.1310
     2155.3875    531.9163   1888.5779
     1385.2484   1961.7490   2007.3661
      787.9548    357.6230   1275.5476
     1349.5695    817.8298   1604.7942
     2027.2291    488.6568    226.2402
      483.8842   1661.9296   1863.9777
      817.8250   1671.2075   1090.1376
      163.2796   1608.8545    983.2603
     1997.6653    756.5851   1844.8679
       89.4539   1999.4124    790.7747
     1357.7875    366.5884    777.8761
     2014.5520    181.9394   1573.1444
     2169.5078   1940.1079   1157.8691
      383.3770    206.4854   1380.3500
     1327.9386    642.0994    141.3250
      652.9515   1240.6460    602.8018
      668.5807    104.3225   1775.9523
       40.3518    348.0786   1823.1232
      569.3786    703.0668    656.1351
     2168.9094   1259.8429   1702.5026
      691.1412    444.3173    925.4901
     1339.1298   1717.6969   1281.4199
     1711.2109    785.4391   1840.8088
      346.4653    752.8434    313.0647
      714.0341   1730.1864   2138.0615
     1372.8051   1201.7823   1064.2694
     2236.9949   1559.7057    312.2234
     1436.9821    928.8369   1021.1237
     1392.8540   1556.8770    236.3802
     1817.9601    973.3005    809.4191
     1294.4686    211.5245   2079.2000
     1967.8982   1204.2766    802.6035
     1386.2177    529.8811   1181.2458
       77.5547   1354.6530     87.5433
      690.2107   2087.0654   1847.4127
     1696.1118    787.8575    653.9422
     1614.0226   2049.9436    864.6808
     1110.5679   1036.5389    251.2725
      886.3085   1425.7397   1070.1714
      472.2127   1618.2378   1400.6971
     1571.1968    739.6589   1070.8374
       55.8680    788.9335   1911.1825
      110.2326   1117.8254    242.8175
     1844.8954   1159.8472   1043.1948
     1302.0211   1004.6725   1239.8864
     1596.7773   2062.1396   1531.1115
     2123.4758    836.8862   1604.9935
      624.1019    978.7191    559.1153
     1817.3036   1635.2706   1875.8444
     1162.5989   1815.1976    240.9704
      922.9800    405.5755    153.2607
     1111.5219   2056.1848    906.4318
     1126.0027   1515.4904     94.1329
     1508.1285    613.1391   1764.7697
      900.3795    229.8308   1757.8647
      341.9327   2161.0078   1866.2007
     1845.8716     68.5994   2194.9150
      903.9354   1767.1271    161.9758
     1814.3361   1724.1129     82.6142
     1765.9188   1129.5784     99.3475
     1102.9750   1263.3694    207.2807
      402.0155   1429.5287    565.9465
     1904.9844   2019.7678   1424.6123
     1746.4082   1596.7441    357.1895
     1460.2067    372.6559    276.5347
      188.7041   1590.3475   1967.5376
      479.6299   1327.4031    776.6167
     1812.2705     69.6312    773.4246
     1106.9379   1781.1776    768.4314
     1297.8057   1727.9969    419.4387
     2073.2056   1205.7207   1961.4004
      607.4054   2158.6123    446.6749
     1042.1801    203.8457   1985.8749
     1682.1736    215.0623    367.8365
     1636.8325     75.3468     75.0897
      731.0603   1610.4709    267.3418
     1591.2714    516.7314    736.7794
      457.4555    265.7745   2133.4817
      636.3967   1560.1227    678.4431
     2120.9375     20.5271   1752.6252
      594.5479   1583.2410    942.5002
      125.6255   1786.0144    470.5056
     1308.5443    153.9864    658.5912
     1299.6584   2093.2683   2227.0203
     1319.0500   1847.2207    618.2844
     2216.0803    225.6765    539.9871
      512.3705    265.6753   1169.9568
     1730.6621    525.0093   1104.2144
      568.6764    419.0923   1384.6282
     1911.4258    969.2435    435.5550
      401.5825    816.9070    551.7487
     1408.8684    100.6147     19.4511
      936.2739    534.1250    550.0899
      962.3988    402.4910    836.0313
     2074.0610    470.4258   2229.3708
      709.2108   1652.8359   1597.5021
     1624.0491   2157.3889   1268.0621
     1553.7750   1734.7456    520.0423
     1278.6703    844.0007    325.9949
      230.6229   1561.4285    437.6650
     1167.5988   1047.4142    644.3395
     1360.6913   2181.4712   1311.1453
       37.1677   2200.0420   1194.5035
     1332.5587   1569.3646    596.6747
      346.7647    133.2904    969.5970
     2092.7280     84.9062    792.2789
     2038.8103    313.2692   1762.4406
     1868.2202   1897.5911   1895.0175
      733.8319   1305.2708   1299.9807
      162.5942   2010.3195    298.9416
