      423.4737    425.1299   1534.6307
      270.4318   1599.3473   1112.0322
      204.1783   1903.1868   1910.3981
     1951.6904    886.5450    739.6547
     1434.3230    305.3648     31.1587
     1147.7021   1354.4275    134.8401
      529.0840    284.7169    317.4308
     2255.0459    246.3861   1840.1674
     2242.4492    866.7779     73.3693
     1692.4489   1370.7451   1925.1360
     1668.9645   1777.3007    984.8820
      404.4605   2209.6948    946.7505
     1742.6132   1545.9995   2130.7168
       73.4050    538.4645   1516.3694
     1149.9614   1502.8761   1355.0431
      679.8655    742.6171   2177.8350
      939.7103   1134.4301   1951.2449
     2241.4773    254.5721    301.2803
     1681.1809   1030.1743   1483.7820
     1846.0001   1797.7239    683.6505
     1856.1107   1315.5081   1079.7217
     1088.9535   1851.4578    992.4473
      687.9554     88.7832   1644.6647
      868.2562    988.4519    503.3567
      748.2070   1657.5060   1134.3431
      857.5533   2134.8762    690.2404
     1939.7552   2111.5190   1487.0242
     1670.9702    495.8564   1097.9546
     2177.4773   2252.3430   1650.2521
     1168.8461   1928.6344   2123.5920
      281.6971    550.4742   1328.7267
     1137.4658   1678.9437   1627.0653
      225.7626   1699.6737     35.3961
      539.9418   2189.6440    407.0609
      442.6468    821.3250    591.1434
      368.0872   1873.2228    862.4636
     1666.0193    980.0927   1105.3915
     1927.3361   1626.1375   1910.4777
      842.1290   1438.5006    874.7939
     1439.1262   1505.8280     22.6250
      328.8676    243.2747     19.2466
     1566.3267     79.2006   1724.4772
     2167.9546    377.8352     37.2160
      862.5085   1844.2803   2080.9387
      222.1412    874.7964    891.1263
      513.1165   1289.1635    303.1603
     1681.9241   1437.3448    771.3505
     1730.3098   1316.3544    248.1830
     1841.4120    961.1791    419.5788
     1305.1985    962.0956   1568.6244
     1193.6501   1025.4635    337.9519
      753.2153    164.9320   2251.1743
      219.9306   1039.3789    606.1660
     1469.6707   1206.0681   1152.1846
     1099.1627     52.0506    170.2224
     1814.8625    470.6453   1338.1080
     1484.7263    286.0458    320.8784
     1738.4050    215.2975   1011.5109
      289.4256   1194.7596   1124.2500
     1227.4492   1874.6202    168.7557
     1489.0613   1430.9448   1546.1882
     2201.3904   1694.5482    855.3207
     1253.9296   2084.9663    648.0786
     2069.3694    892.6050   1472.2090
     1821.7692   1201.5406   2241.2561
     1149.5469    692.7454   1251.9828
     1359.8152   1876.0861   1860.6538
     2197.4548   1959.2209   1522.5226
     2098.8347    905.9994    992.4825
     1196.7031    131.4851   1203.6105
     1301.9769   1417.7925    504.4014
     1896.9200   1656.6332   1160.8527
     2208.0598    718.0018   2035.4816
      135.6409   1458.4745   1335.2828
     1048.6780     50.7443    777.9725
     2061.5120   1890.3295   1246.0742
      589.9118   1636.2935   2045.1293
     1350.8982   1636.6949    274.1719
     1561.2679   2153.3232    756.5390
      848.6216   1419.6592   2245.3145
     1941.3794   1203.0447   1663.5779
     1455.7981   1176.4844    216.4636
     1916.8197    484.0648   1633.4814
      634.6519    491.5840    126.3611
     1771.2627    588.8778    410.8160
     1108.5934   1471.7762   2096.3938
      947.0883   1630.3157   1851.0195
     1946.4569    324.0717    260.9546
     2098.7939   1120.3357    395.2727
      838.1038    568.1749    603.1885
     1620.7048   1674.8348   1586.2594
      517.1449   1368.1183   1228.2769
     1389.5873   1721.2462    786.6070
       23.1453    731.7145    574.6134
      112.3568   2234.8662    868.0022
     2048.2451    562.4266    739.7878
     1853.7172    979.8279   1872.7546
      157.1515   1758.2366    645.8315
       96.2360    261.0556   1030.1052
     1791.8368   1843.7385   2093.1680
      898.7547   2076.2761   1464.4362
     1207.5928     41.6706   1611.5361
        8.0213   1589.1088   2053.3555
      536.1758   1610.1149   1553.4810
     1004.2148   1275.4713   1188.1338
     1718.8008     70.5113    119.7357
      528.9453   1128.1045   1445.7844
      699.0743   2046.5952   1125.3993
      206.8958   2073.0557    533.9335
      712.8651   1504.0549    481.4489
      858.7036    786.8832    123.4745
     1106.8763   1556.8960    820.7739
       75.6438   1231.4530    310.0164
      388.4558   1714.7710   1849.3643
     1971.7356   2035.4216    110.5964
     2113.0322     75.4909   2234.1477
      277.9167    243.2462    737.7092
     2105.8174   1499.2202   1746.3920
     1965.9789    726.8227   1219.1479
      304.6464   1379.5231   1594.6312
     1504.7810     46.1233    575.6738
     1552.2953    778.7735   1946.1969
     1035.9698   1666.4055    407.8739
     1488.5035   1860.4688    475.8032
     1696.0472    343.4688    709.9917
     1513.8947   1601.6085   1216.1582
     1156.3346    742.7507   1884.7906
     1731.8691    311.0898   2121.8606
     1195.6730   1115.8411    616.6543
      591.8733    544.2338   1162.1646
     1734.4507   2078.5254    443.9669
     1481.3481   1829.5778   2206.1453
      357.6559   1745.4456    345.3628
     1031.3483     37.5735   2111.1902
     2170.3579   1631.6467   1312.0336
     1451.7551   2200.9846    252.3053
     1105.4659    634.0925    346.9597
      435.8595    659.4664   1828.9301
      222.9530     37.7572    222.5493
      324.7766   1544.7628    847.9916
     2261.8545   1113.7859   1872.8824
      571.7451   1052.0081    894.9114
      771.4442   2123.6580   1894.0966
     1891.0408   1732.0830    107.1038
      312.9486   2133.6702   1632.5361
      121.4675   2013.4603     54.7341
      674.5179    971.1446   1717.0049
     2164.5989   2052.2600    923.0820
      240.2109    144.8139   1804.6117
     1389.4423   2126.2341   1015.6541
     2235.5288    595.7876    978.2291
     1537.8347    668.9897   1422.3960
     1598.6318    932.9752    138.7879
      461.4761   2119.4324   1925.6198
      490.0082   1214.3069   1970.5138
      873.8670    876.6359   1985.2070
      322.4737   1406.5894      0.0627
      791.3441    301.7649    288.1272
     1169.0236   1024.7891    893.2294
     1817.7468   1434.5452   1447.2521
      635.7782   2109.6196    139.1454
     1113.7294    288.0698   1525.1317
     1978.9910    349.2703   1096.4138
     2107.2964   1195.2639   1326.7135
     1813.8553   2185.5051    998.8069
      692.0818     64.8638    997.9141
      667.3414    620.6302   1650.5242
      751.9645   1183.7612    185.1227
     1921.3879    197.4737   1596.4620
      346.8686    562.7186    954.8564
      743.5111   1765.6066    746.6418
     2194.2991   2152.0430    425.0262
     1956.7458   1291.8085    751.8448
     1348.9592    925.6497   2153.5308
     2183.3623   1140.0791     76.9549
     1947.0767   1721.2914   1499.6326
     1010.7972   2098.4592    415.7429
      163.4503    507.3380   1800.9156
     1642.6899   1620.5137    336.7882
      630.0107    788.1309    838.5356
     1375.1050     70.7323   2085.8940
     1242.5533    298.4890    817.4955
     2208.7764   1797.7318   1869.6974
     1710.2502   2140.0410   1988.3889
      134.1647    860.5550   1196.3784
      622.5662   1814.7750    476.1586
      733.6591   1405.7112   1485.2108
      229.5886    824.5888    323.7305
      137.8208    141.3177   1356.2996
     1056.6752    659.6476   1593.6399
      154.9673   1790.8796   1446.0269
       81.2753   1118.2979   1425.6011
      909.6591   1315.1017    524.9213
      755.6711    314.2863    985.7219
      979.5300   1296.1764   1593.2494
      803.0594    335.1685   1892.2513
       12.7135   1516.3334    200.7830
      615.0948    961.7939   1206.2678
     2196.9839   2146.4192   1913.2942
      272.6706   2190.3677   1316.1742
      167.3012    486.9777    465.1856
     1400.3464    686.8219   1712.6382
     1630.5049    665.4033    840.8763
      418.2824   1919.3162   2259.4023
      901.8416    676.5106    979.1947
     1630.2861     74.8543   1347.2438
     1096.1433    109.7662   1836.7031
     1981.1093   2187.6772    681.5570
      831.6884    449.5274   1320.0674
      487.1287   1826.6328   1220.0112
      851.2091   1150.4811    940.1785
     1342.6282   2125.1650   1356.0450
      935.3727   1947.1243    184.6579
      103.9109   1649.3838   1694.7397
     1151.8627   1849.5454   1339.7495
     1303.9567   1271.2562   1811.8865
      289.2599    859.6837   2119.6030
      389.3610    518.2916   2061.8599
      528.5288    100.4057   1373.4703
     1066.8130    366.9634   2109.6260
     2162.7000   1447.1827   1052.8560
     1036.0388    411.5851   1026.4899
     1826.3307    686.6228     33.0591
       74.5732   1352.0139    828.0476
     1003.3751   1627.1561    121.6750
      873.4088   1713.5853   1401.4673
     1389.0210    893.6946   1134.7800
     2003.7911   1446.3162    415.7474
     1113.2660   2075.1853   1759.9999
     1309.1686   1485.0643   1019.7162
     1408.0969    470.1910   2017.0458
     1238.8943    683.7651     85.3444
     1668.0563   1052.4849    682.3730
     1381.7217   1818.0874   1499.8878
     1575.2909   1915.3081   1270.2593
      896.8454     60.9013   1223.2212
      610.7525    273.2370    652.4432
     1546.8267    861.3035    461.8788
       46.5557    818.3594   1582.6053
       78.9966   1387.8972   1881.4426
     1730.7057   1931.1187   1720.8069
      889.8242    892.7900   1178.6870
     1313.9186    670.2238    754.7452
     2155.5676   1782.8190    454.0428
     2101.8074     54.1896   1290.2014
      739.1790   1726.5437    186.6024
     1356.4905    418.6699   1384.2188
