      343.4311    366.3723   1492.1915
        5.7717   1493.9382   1350.4537
      278.0269   2109.8269   1742.7014
     1770.6591    622.1531    397.1764
     1634.7755     27.2543    327.9673
     1264.8396    716.7806    630.9285
      779.0587    310.3834    369.6025
     2183.7998    398.1575   1405.8927
     2135.1504   1134.7124    147.7440
     1574.2839   1892.8158   2113.3638
     1703.2452   1580.4847    717.8248
      890.4171   2139.8242    849.9355
     1662.9330   1450.5824   2174.8926
      420.5432    706.0881   1314.7906
      937.0425   1264.1207   1106.5887
      387.4062   1147.1888   1920.7716
      737.6226    432.6998   1925.3291
     2091.3889    188.6333    435.7117
     1815.0890    521.8960   1184.4047
     2071.9270   1599.7000    901.0754
     1763.1530   1342.9454   1486.4381
      405.0976   1819.0984    605.2736
     1150.2336     27.5921   1667.5979
      640.6395    788.1172    333.7354
      351.0430   1091.9470   1000.7355
      129.5989   2033.5822    714.2952
     1916.9688   2084.9890   1619.3927
      931.2702     76.3478    589.2302
     1775.8397   1041.9613   1462.5840
     1001.8567   1860.9799   2236.4912
      323.8014    184.1191   1772.8961
     1384.3955   1296.4365   1564.4954
       17.0707   1871.9297    277.3591
      755.1744   1940.0602    622.3658
      548.6807   1136.1434    497.9521
      663.7551   1723.7189   1079.8053
     1820.6213   1138.3047    883.3264
     2206.9417   2111.8962   1995.2992
     1131.4418   1222.7213    596.1924
     1183.7507   1009.7678      2.3143
      262.4005     56.7200    244.0823
     1818.7385    180.7636   1608.6813
     2181.1147    384.9839    259.6675
      627.3271   1927.9626   1853.1768
      527.7581    905.8055    769.2244
      179.0371   1252.7832    373.6730
     1000.0184   1633.9191    714.6172
     2164.5339   1262.8214    473.5912
     1408.5553   1013.0831    540.9506
     1060.2990   1732.4105   1976.8553
      900.8576   1266.6407    326.1493
      432.4137    288.9994   2036.1350
      121.3493   1606.4166    873.5022
     1499.5740   1537.4128   1274.2231
      616.5765    255.6889     69.2617
     1393.5867    175.7322   1468.3229
     1873.3640    373.6945    581.2044
     2204.3291    613.9804    651.3765
      318.7578   1287.5372   1414.6616
     1435.2417   2038.8247    112.5414
     2026.5112   1440.7162   1555.2721
     1838.0078   2216.7334   1149.3582
     1448.8738   1798.5165    914.7366
     2116.1992    853.1133   1479.0566
     1842.2562   1500.6399   1951.5991
     1493.6967    658.6110   1229.6843
     1543.0681   1584.7244   1558.6055
     2154.2424   2019.4242   1283.5166
     1593.8871    698.2244    895.9388
     1369.0076    176.6007    863.7761
      830.5148   1558.0800    471.9310
     1594.0236   2125.1106   1784.9133
     1942.9193    564.3340   1749.8656
       24.5803   1501.3191   1698.9843
     1644.0325    411.6812    320.8698
     1777.0601   1827.4088   1890.5961
      332.8025   1565.1396   1768.6354
     1356.0604   1480.5013    139.3660
     1424.1053   1359.6002    434.4513
      518.6506   1525.8605   2210.4961
     1905.9313    793.6195   1996.1755
     1660.3826   1464.0332    388.8185
     1468.7218    275.2330   2208.2751
      264.9641    577.9390    225.3960
     1880.1267    900.1376    264.8159
     1287.5411   1314.2833   1926.5127
      843.7910   1377.9408   1755.2034
     2015.9259    215.3656   1121.6521
     1743.9143   1209.0461    241.1837
      891.7879    913.7518    524.6537
     1255.2783   2023.0726   1997.8481
      294.2566   1294.4309    847.5296
     1416.5323   1144.3608    245.3256
      100.5694   1091.4767    713.3738
      420.3876   1955.2445    933.6154
     1658.3978    388.0201    835.9378
     2258.6521    693.5679   1872.0081
       77.6722   1268.3318   1075.1598
      631.3136     18.6122    936.3548
     2110.9060   1844.4744   2117.8577
     1096.2418   1960.2819   1677.0646
      873.2454     77.4588   1688.4534
      238.7766   1297.0775   2120.9766
      717.8812   2050.0515   1137.3667
      790.0580    880.4088   1186.9703
     1817.4668    621.0565     28.0220
      687.8467    692.2663   1491.0342
      293.2984   1450.5645   1161.1682
      662.1537   1799.9507    250.0800
      930.5228    936.7404    233.0522
      990.9102    234.2183     65.8890
     1611.6807   2150.5808    672.1660
      383.2890    853.7891    508.4610
      212.3590   2019.6915   2189.6082
     1810.3922   2164.1694     70.5655
     2107.5012    489.9852   2043.9030
      601.2096     11.3822    460.1348
     1916.7036   1286.7463   2213.4658
     1155.9578    550.6442   1203.4978
      956.3870   1477.7927   1405.2543
     1155.3599    594.3488     67.6991
     1687.0388    571.5867   1547.0117
     1272.4170   1824.8839     92.4638
     1910.2141   2121.7046    610.6171
     1879.5812    643.6342    705.8846
     1836.2144   1482.7170   1218.1116
     1193.6373    745.6317   2065.9460
     1866.2634    242.5838   2171.3264
      604.5051   1423.5580    900.4815
      800.0671   1023.2751    826.5144
     1959.9507   1841.6521    605.4358
     1249.9451   2248.2681   2157.0811
      521.5764   2048.0229    100.7087
      807.0125     56.1293   2112.8340
     1813.3573   1660.1460   1581.0072
     2012.8414   1494.2506    345.6980
     1217.1771    304.0329    319.9376
     1029.5145    582.8334   1841.2385
      332.5327    132.6183    743.0515
      420.2264   1532.4872    509.2505
     1752.1149   1049.8588   2167.9597
      441.5352    406.6951    942.7617
      842.8385   1592.9873   2242.1670
     2016.4094   2208.2495    293.1268
       73.1463   1781.9534   1515.9869
       80.2396   2241.8638    447.4616
      921.4254   1276.1249   2078.2820
     2193.7378   1902.1202    946.3061
       16.0381     55.5188   1630.6643
     1056.9556   1831.7939   1380.1683
     2166.2412     86.0868    832.1330
     1328.2986    887.1654   1620.2876
     2191.4622    742.9370     67.3803
      759.7512   1685.7310   1359.5413
      734.7161   1052.8940   1671.5845
     1099.3383   1017.7325   1808.8143
      593.4615   1370.6718    246.5988
      614.2505    618.6733     82.4036
      852.5936    624.3403   1126.5341
     1804.1449    771.9474   1217.3048
     1012.9804   2251.4907    334.6674
     1188.7953    429.3400   1500.0834
     1858.3378    116.3508    805.8494
     1881.4569   1201.9519   1885.5806
     1640.2205   2151.7268   1367.1116
      883.5917    375.6618    792.5761
      217.2148     64.2253   2055.0725
      206.5491    953.6075    304.2623
     2185.5798    163.4187   1884.4703
      635.3544    287.4466   1245.4271
     1357.1420   1732.4297    508.3434
     2244.7925   1675.4689    542.9952
     2171.0266   1333.1698    823.8309
     1471.8927    918.9266   1976.5326
     1862.3712   1659.4657     91.8528
     1813.1741   1827.6562    984.8989
     1149.1766   1994.8615    717.0776
      507.9356    947.7607   2192.9158
     2022.9659   1888.0343    109.3722
      232.0637    432.9558   1102.0142
     1449.9312    249.8688   1828.9165
     1889.0151    340.3993    255.3375
     2218.7556   1226.4568   1930.4086
     1384.8374   1591.3359   2093.6140
      222.7128    607.5158   2099.9580
      767.9471   2128.4275    280.0580
     1626.8093   1937.0536   1523.5310
      636.9074    436.3106    601.8218
      535.4933    234.5811   1625.9504
      881.2115    825.1912   2122.1147
      320.8391   2183.7305   1389.0909
      147.4939   1218.0204   1658.9034
      855.7324   1300.7628    763.8696
      110.5746    295.6436    721.5494
     1069.9980   1038.0409   1411.2961
      929.1557    888.9094   1607.8241
      298.6783   1681.0557     59.1912
      519.8156    876.8695   1672.8529
     2228.9316   1845.5038   1823.4977
      235.9421   2180.2292   1071.0815
      271.2171    338.8329    435.7696
     1593.3135    634.0486   2052.0769
     2165.1531    947.9306    985.1702
      444.1603   1669.5944   1441.0090
     1214.5490    966.3599   1105.9818
     1505.0342    350.1175   1207.1487
      542.2217      8.9582   1887.7645
     1585.0494   1844.1860    439.8023
      638.3304     35.5009   1418.7235
      162.0118   1807.2324   1227.2360
     1025.9515    714.4419    748.5543
     1458.6733   1878.2362   1224.6361
     1370.6506   2187.6418    485.6490
      177.7924    890.1259   1447.6266
     1477.4349   2249.3506   1165.8135
     1454.7876   1075.5790   1407.9097
      181.0310    972.7427   1927.1162
       60.5307    491.7817   1657.5547
     1079.9810    120.9156   1318.6230
      469.9400    664.6332   1963.8485
     1996.0564   1140.8206   1312.0837
     1192.8046    403.5307    604.3178
     2139.0881    594.9388   1161.9886
      131.4867    805.1221   1163.6028
     1582.3190   1762.0833    162.9540
     1142.6172   2027.5763   1056.1870
     1856.0830    999.7532    620.2558
     2252.7656   1526.4757     61.0430
     1363.1012   1632.8049   1742.6139
     1173.7209   1649.3220    996.6843
     1138.2010    234.9220   2045.4014
     1021.9808    580.8436    365.0846
     1354.8007   1132.2162    793.5178
     1568.5963   1224.0833   1145.5339
      830.9382   2041.6021   1488.3325
     1133.1542    326.6737    982.8397
      541.5706    756.3285   1050.1161
     1396.7742    839.4329    197.9599
      665.5237   1322.3704   1286.3488
      680.3104   1641.0874   1842.7041
     1501.3639   1140.2936   1772.4950
     1406.7853    580.3085   1751.2390
     1608.8384    747.2125    573.9162
     2114.9009    881.8198    511.7423
     2203.5493     96.0118   1321.1740
      988.2768   1915.0887    315.4253
     1940.0380     33.9579   1395.7765
