       10.3455    178.8927   1642.7151
      829.7004   1157.8722    488.1800
      276.6711   1614.7537   1467.8949
     2153.3879    852.1091   1003.2754
     2177.6138    136.6971    247.9787
     1279.7579   1422.5260     25.1670
      703.9865    101.0529    623.0084
     1629.1963   1105.2402   2131.9492
     1886.8719   1188.0808    408.2562
     1590.7878    739.3058   1559.8376
     2152.9883   1863.6573    300.6718
      321.3205   1824.6481    749.1791
     1491.0950   1615.0237   2179.7625
      752.1664    559.8225   1961.6370
     1457.1985   1595.2419   1339.8330
      100.5312   1368.6688   2009.3040
      543.1307    998.6151   1832.0441
     1154.3269    366.0255    672.8796
      549.5782    659.9058    857.1432
     1972.5753   1950.6587    141.7281
     2134.2432   1166.7644   1042.4229
      742.9504   2251.3142   1113.5759
      722.8878    367.0639   2182.7432
      173.5172    778.1288    952.7646
      533.9020   2131.4438   1007.1287
      970.8734   2205.9600    231.7264
     1524.8770   1843.4089   1743.9805
       11.2404     57.2094   1426.6298
     2004.6016   1323.1244   1537.8867
     1561.2550   2161.4263   1798.6807
      470.9304    374.8277    987.7878
      891.4383   1584.7307   2069.7231
      970.8681   1505.9407    364.2054
      878.7726   1216.1205   1101.3542
      524.9637    257.1897    101.7741
     1350.0798   1958.0496    127.3326
     1166.9414   1149.1575   2025.3629
     1924.6603   1276.1218   2217.5376
     1504.8146   1725.2781    198.4159
      460.9808   1568.3318    320.7784
      343.2824    442.8407     16.7502
      954.3197     34.6658   1523.1444
     2059.7227    653.5349    271.8338
      706.5065   2248.8872   1566.3148
      121.8220   1687.6917    768.4676
      860.8873   1262.0374    251.4758
     1502.5491   1947.9174   1288.7915
     2231.2175   1370.2307    365.6439
     2248.3398   1121.7109    605.9360
     1565.0443    484.3642    996.7103
     1058.8118   2231.6338    469.5352
      182.3044    689.7646   1459.1476
       34.7298   1276.0862   1266.4243
     2026.7994    521.8484    975.4256
      879.6711    628.3189     56.1064
     1907.6517   1051.6084    160.0745
     2145.5552   1069.6429    402.8333
     1967.2853    245.1361    375.4291
      128.9568    920.6544    719.5748
      397.0766   1641.8896   1096.7698
      721.7750   1240.5393   1814.1592
     1972.0883   1710.1937    571.6345
     1727.9200   2193.4453    687.5736
     2139.8325   1119.2250   1351.4232
     1564.8047   1811.0802   1506.5300
     1222.5404   2227.6118   1387.4504
      910.8126   1844.2074   1701.2588
     1795.8328   2049.8396   2246.4124
     2140.8506    782.1860   1272.1846
     1138.2219    194.2526    926.4399
     1278.0100   2223.0327    952.0067
     2053.1013   2132.1436   1397.9987
     1918.6211   1281.4358   1808.2068
      230.0830   1739.3024   1238.4064
     1115.8427    211.9496   1516.4424
      968.5200   1620.2178   1553.6558
      527.4362   1835.0269   2201.0625
     1975.3373   1491.5116    423.7904
      906.5865   2194.3245    660.9954
      956.1490    874.0021   1176.6930
     1962.8121    957.0708   1235.1801
     1837.1498    709.0390    203.3429
     2232.8669    312.1063   1287.5367
     1180.9645     23.5521     75.4536
     1740.4592   1307.5035    769.6157
     1069.6653   2014.8107   1360.0942
      461.9851   1825.0425   1570.9160
     1920.9875    196.0709    128.1804
     1760.7153   1400.3823    552.1817
      482.7527    228.1940    774.5543
     2212.2939   2099.5576    957.9747
      809.6702   1383.6051    760.7677
     1917.7841   2169.5991    909.1089
      484.5475    607.9163    321.7909
      382.4319   2059.6509    841.8977
     1919.0284    209.7515   1037.6367
     1344.2240    478.6532   1668.0503
      342.4245   2140.0159    412.1869
      336.3666    110.7755    326.7295
     1609.2521   1590.3617   1779.8069
     1748.1857   1453.4723   1351.5857
     1569.3582    137.4939   1320.4534
      465.5822    788.8584   1645.8810
      122.1219   1899.8473   1018.4319
     1270.6034   1334.0525    560.6163
     1473.6146    125.7816    307.8204
     1277.5251   1827.3975   1822.5656
     1062.2300   2012.6569    611.6044
      380.4123   1106.2729    636.8616
     1270.9202   1177.8944    879.7050
      498.8491    808.0961   1039.8925
     1222.3551    881.4291    922.1115
      474.2607     15.0073    583.0156
      431.3937   1586.2833   1656.7169
     1034.9724   1796.8512   1286.3613
     2124.6296    889.7780   2056.0183
      563.0938   1137.6072   1162.0391
     1806.0392    786.1703   1323.9371
     2081.3896    367.5879   1486.6681
      523.0779   1379.7963   1294.3531
     1868.0555    356.0668    632.6858
     1347.8774   1289.6423   2103.6501
      680.8361   2086.0066    723.3247
     2075.3250   1666.3555   1089.2979
     1842.3928     72.8995    493.5364
     1724.4658   1532.7324    857.7656
     1090.8411   1741.3156   2225.9902
     1874.7668    617.6420   2079.3679
      225.5194    107.3806   1200.1631
      146.2419    693.1484   2156.9285
     1973.4210   1916.7175    955.9609
      162.0919   1313.4285   1041.7021
      128.8653   1054.0892    988.4429
      575.1448    979.8395   1517.8964
     1694.9547   1343.4352   1091.2413
      683.8394   1897.6154    968.9001
     1570.5409    630.2291     27.0712
      156.6361   1173.7919   1681.4875
      534.3781     22.3799    223.0553
      474.1197   2006.2112    613.6267
       40.3412    998.5012   1225.8242
     1365.7280   1057.7623    262.7501
      642.3542   1956.7045   1500.4219
     1025.5831   1511.4990    728.0809
      255.9568   2177.4524   1375.7517
        1.0577   1962.9666    110.1830
      996.8087   1319.9011   1410.5312
     1784.6434   1679.2051   1473.0481
       47.1754    480.2188   2053.3337
      206.9050    783.9785   1693.3258
     1278.6954    336.8694   1136.1383
     2244.2964    695.4871   1642.7870
     1988.3075    728.6721    536.2306
     1074.1190   2002.0902   2080.7856
      241.0057   1347.7310   1488.6121
      884.7734    536.3074   1396.8218
      299.1094    689.2445    105.4009
     1169.6139    215.8361    426.1635
     1553.8147   1085.4386    423.9341
     1512.3119   1145.6792   1942.4302
      321.1217   2178.0981    130.0491
      297.9320    920.5334   1906.4537
     2120.1768    309.5612    883.6718
     1669.3474   1002.6713   1450.2358
     1821.7603   1483.3776   1596.2773
       20.5895    238.2688    732.5092
     1200.9463   1303.7399   1228.1514
      824.8106    758.2432    526.3846
     1526.6339    469.6104   1504.5851
      342.4437    457.5651   1468.8389
      220.2106   2151.5457   1045.7419
     1522.8053   2174.3909    166.6080
     1317.5758   1947.9404    906.1252
      125.2399    772.7339   1186.6749
     1711.7148     27.6705   1001.3805
     2149.4429    997.3317    799.0122
      884.2427   1916.0907    766.6928
      533.0888    882.7084   2072.8555
     1774.6624    479.6530      8.5660
      283.1017   1238.9651    374.5707
     1405.0703    486.6877   1938.6233
      698.3054    872.9478    768.1464
     1666.3660   1303.1512   1736.9795
     1953.0149   1825.5148   1212.5975
      842.9954   1967.4930   1177.0148
      629.9550   1332.7804    992.4807
      675.4224    439.6481    249.7354
      915.9622   1013.7756    608.5388
      423.7770    404.3680   1859.8906
     1129.9744   1350.3873   1900.1134
      633.1234   1743.2273    694.4180
      906.1716    255.7643   1046.9006
      356.4970   1887.0961   1066.6287
       76.5051    405.2954   1546.9543
     1157.8479    443.1259   1928.3962
      813.3404   1670.1083   1810.3821
      597.1755   1523.3073      1.4164
      577.3835    560.4662   1115.8142
     2002.2582   1702.6875   1988.0087
      849.9222   1847.0742   1411.9893
       98.3309     43.9779    401.6990
     1803.7045     83.0383   1233.7634
     2121.3362    420.3609    241.6634
       20.3322   1531.5583   1318.3876
     1102.0684    687.0683   1445.2800
      974.4227    183.1424    560.1614
      931.1575   1037.6605   1914.0144
     2138.6145   1076.5920     40.9321
     1047.0557     81.3247   1786.1453
     1314.4987   1715.5864    884.1620
      382.1405   1412.4944   1000.9800
     1163.9788   2257.4355   2043.5076
     1840.1083   1919.7758    744.5069
      322.0583   2042.0652   1593.9183
     1314.8206   2037.0902   1430.2723
     1901.1068   1060.3958   1469.7460
      555.7457   2109.5627   1719.6593
      295.2363     18.8592    828.1763
       56.9922    335.4873   1024.4135
       78.3256   1051.5869   1963.1786
     1377.2218   1684.8108   1600.8983
     1346.6309      4.7342    531.8539
     1733.3479    940.8927    346.5951
      432.9412   1880.7042    328.0390
      754.1517   1376.5183    499.9323
       32.4987   1398.8014   1552.2449
     1757.1960    343.2117   1380.3750
     1968.6395   2177.9277    666.2239
     1213.3667   2118.0969   1865.0551
     1283.2141   1974.3530   1165.9142
     1181.0680    311.8172   2224.9441
     1116.8533    488.8119   1003.3093
     1678.9954   1292.9551    330.6856
     1294.4009   1366.0734   1463.2971
     1294.4868   1498.2330   1123.6730
      903.9821    570.2573   1091.6842
     1775.1278      2.2979    210.0695
     1110.4717    550.1642     37.8477
      617.6155     45.2587    841.3936
     1176.9052   1562.0781   1388.2305
     2246.9812   1773.4424   1216.1466
     1140.8900   1443.1100   1625.6420
     1055.4185   1058.4104    963.6924
     1491.3914   1263.5789    625.6797
     1370.6388    670.9621   1443.8612
      971.2289   2000.0637    387.2099
      869.8995   1301.5326   2060.4536
     2207.0215   1550.1200   2092.9026
      856.6303    609.4739    311.1479
     2192.9272    604.3972   1407.5533
        4.3816   2230.6541    693.3065
     1753.9407    826.0990   2095.4316
     1165.3110     76.1639    690.2166
     1335.5256   1048.0774    546.2474
     1617.0494    395.7953    703.4570
      663.5441    753.9270   1478.5204
     1011.4255    854.0609     66.0178
     1372.6959   1265.4845    322.8380
       98.3737   2067.8203   2148.7686
     1020.7092    905.9829   1691.9656
      582.0085    569.0638     70.6321
      327.8540    946.9215   1178.7863
     2006.9800    755.8776    807.3877
     1508.0007    761.5120    229.7658
     1907.7407   2130.9346   1984.9591
     1827.7201   1792.9489    344.8243
     1305.6781     32.9563   1726.7524
     1222.5175   1987.8326    380.1037
     2164.2334   1544.4628    865.6674
     2013.0635   1406.9153   2021.2489
      829.2667   1399.2075   1582.0044
     1993.9373    986.1797    601.3892
     1750.1954   1597.8339   2090.8872
      258.2914   1878.4059   2017.4573
      761.0112    170.1559    126.8482
      847.9501    250.1576   1437.6595
     1367.1035   1632.6403   1955.9563
     1976.6163   1526.3650   2228.3938
     2062.3286   1220.4951    226.3584
      877.2859    852.0415   1426.3373
      274.0246    178.3239     48.3759
     1067.2406   1706.3112    495.3084
     1147.6108   1825.5419   1588.3839
     1539.6735   2004.5001    665.1037
     2120.3877   2017.5566    721.7744
       17.4286    865.0931   1464.3799
     1256.8044    980.3788   1826.6857
     2242.8496    712.5449     94.5924
      261.5063    359.9313   2019.3164
      694.5389    689.4204   2161.4624
     1619.7025    524.2438    230.7708
      387.3477    642.9277   1268.1725
     1509.7286   1373.9426    879.2189
      778.9594    731.5409   1240.9330
     1152.5248    617.4932   1210.3884
     2203.2290   1802.6270    885.4587
     2252.4573   1875.7418   1681.2469
      946.1268     10.0412    948.1900
     1494.8403   1372.3386   1301.5780
     1466.0787    786.0129    829.8976
      894.5309    688.3578   1649.9822
      513.3243    711.3188   1876.2306
     2016.6152    775.2044     22.2535
     1697.5781     70.9426   2014.7740
     1017.3655   1335.8024    535.9421
      684.4093    619.5842   1722.3981
      361.1969   1402.1890     85.8804
     1072.7870    710.8002    259.1034
     1714.7527   1567.0873    103.1069
     1937.9470   1388.4639    961.9673
     1025.4985    751.4729    979.5530
     1893.5864   2131.3386    370.7330
      873.1013    958.4521    303.8787
      130.9503    511.1859   1259.5125
     1815.4222   1033.4691   1930.6466
      459.9616    314.2891    526.7927
     1921.6005    927.3378    940.8022
     1064.7552   1342.8530   2197.2603
      667.2213    100.7891   1311.7181
     1607.6453   1749.3135   1968.3604
      225.8776     32.9690   1623.0056
     1743.8682   1255.6710   1530.6161
     2205.5549    226.2458   1998.4904
      492.2387   1773.5900    910.0629
      829.5573   1590.3096   1358.9734
     2036.0337   1857.2183   1476.1481
     1505.3937   1538.0587    681.7599
     1262.3999   1440.9313    844.3903
     2122.2351    643.6932   2083.2627
      509.4680   2012.2897    137.9127
      982.9761   2172.3452   2251.7527
      749.6671   1061.5494   1307.3667
     2029.1910   2104.1536   1663.2839
      570.6409   2057.1169   1248.1610
      294.8442    645.2543   1949.4592
      527.9058    459.7485   2092.8774
     1173.3964   1555.9381   2031.5701
     1450.9867    751.2025   2130.8049
     1581.2574    320.4646     41.2656
     1651.2457   1146.3383    927.5719
     1597.1588    185.0101    850.8572
     2166.4263    532.8557   1168.5903
     1341.9393    171.2977   1316.9727
      664.7767   1114.0851    265.0066
       99.2376   1811.9244   2197.9387
     1043.2469    350.2824   1268.1813
     1365.0684   1224.3096   1770.3334
     1233.6100   1499.8363    323.4345
     1387.6704    429.2257   2207.2446
      819.3767   2080.6704    967.3022
      198.9737   1939.6914   1785.8042
      457.9547     50.1353   1691.1648
      117.5300   2002.2737   1239.4415
     1038.1298    185.0459    198.1806
     1832.9602    815.6073   1574.1909
      821.5150   1412.6487     33.2247
     2166.5237   1461.0143    603.4799
     1132.5404    599.5508   1717.0781
      568.4734    275.8042   1539.4319
     1603.6985    582.2026   2018.7299
      143.3099    261.5385    230.7259
      985.6357   2093.0547   1843.0922
     1471.6470   1041.5673    757.1616
      305.5256    515.3508    504.9720
      343.0831   1560.3019    773.6492
     2187.5007   1270.9938    835.9531
     1011.6946   1788.7115   1978.7743
     1742.9521   1959.4860    500.3004
      191.2240    225.3480   1436.5817
       33.8212   2135.2112   1601.7909
      107.4207    100.3809    918.2867
     1840.2286    384.5090    871.9833
       72.0087   2254.2551    107.1050
      495.2231   1240.3916   1874.5171
      254.3646    343.5126    843.3984
      971.9610    418.7968   2078.0000
     1880.0317   1237.9482   1289.1394
      787.5063   1922.1193    524.1263
      405.5646   1919.2968   1348.6036
        6.6818   1643.7811    126.4958
     1960.3353   1667.5956    833.2218
      788.0154    620.5576    737.2131
      205.3404   1853.6580   1453.6133
      783.8051   1877.7921   2029.1975
     2057.1113    195.0068    668.3187
     2242.9512    730.2381    756.4204
      169.8015   1414.7892   1763.0718
     1756.4993   1328.7416   2010.2565
     1109.6277    605.0093    747.1016
      955.4651    674.5923   2088.2473
     1310.0319   1652.5785     91.3016
     1919.6035    599.1762   1388.7646
     1935.9590    730.9647   1102.2797
      208.3232    915.6733    167.0568
      700.6271    494.9826    485.5477
     1674.4232    301.3257   1087.5934
     2236.9766    558.5031    492.4315
     1498.7821    142.2931   1800.1791
      325.8620    276.7291   1656.6909
     2105.7656    221.5703      2.2120
     1781.6981    305.1425   1910.5424
      724.0101    955.6708   1035.7172
     1822.8656     42.8103   1764.4426
     1724.5886    876.7062     80.6924
      565.7428   2232.4160   1995.9602
     1737.3727   1669.7124    647.1197
     1932.9459   1452.4161    700.6224
      472.6335     24.4080   1199.8107
      760.3620   2178.7512    127.7477
     1234.4644    649.5222   2112.1013
     1737.7795   1097.7533    611.2007
     1528.8279   1456.1318   1541.2970
      484.7379      3.2559   2240.6055
      242.2496   1466.8922   1259.2507
      659.2150    194.6179   1012.7917
      296.4853   1197.0348   1249.5013
     1259.1259   2216.2751    279.3260
      608.7230    205.5944    382.8226
     1660.7485   2024.0115   2004.7406
     2166.7400   1557.4304   1842.8851
     2058.0291   1387.0250   1233.0352
     1759.0071   1769.1206    995.4865
      266.4353    932.7335   2170.2764
     1043.2109   1126.5327   1260.7567
      377.8561   2065.8457   2150.2136
      139.0096   1093.3824   1422.9950
      653.3841   1230.6979   1559.3257
      131.6182    517.1790    293.6385
     1740.6666    553.4827   1625.2305
      844.3238   2063.3928   1626.6821
     1369.7787   1457.0897   1740.1929
      174.1066   1292.5470    572.9416
     1261.9745    845.2396   1196.5673
      776.5435   1964.8977    227.1865
     1023.4841    745.2938   1882.6625
       16.4708    962.2279   1749.5928
      665.2800   2067.7837   2174.4922
     2190.5928   1774.0359    619.5943
     1866.4276    309.5715   1631.0396
     1067.0690    679.3867    497.1432
     1423.3301    947.8160   1457.1631
     1438.2231   2256.0803   2011.6766
     1292.1941    258.0607    204.2043
     1647.0198    586.2236   1351.9646
      620.7285   1748.6843    160.1986
     1999.2544   1962.8124    492.7691
      147.6987   1677.3799   1700.8937
     1068.8458   1328.5997   1008.1047
     1320.5356   1795.4236   2117.1763
     1218.2900    495.7353    433.0782
     1299.0555    798.3805     65.3759
      362.3098   1169.6008    991.8403
     1522.2488   1840.5387   1055.2432
      746.1550    771.1609    175.0763
     1143.6434   1105.1169     25.8819
      567.1920   1441.7261   1530.8965
     1905.1849    995.2903   2164.5095
      447.1095   1038.0078    331.1445
     2200.7971   1153.3331   1591.9515
      388.3463   1154.9219    120.2265
     1033.5079   1893.7539    983.9797
     1795.7550   2054.9622   1153.8627
      389.2961   1715.4670    552.3712
     1625.9617   1378.2606   2209.7747
     1053.2415    433.7989    279.5399
      794.4619   2127.3987   1383.6276
     1968.8503    126.0522   1919.1088
     2018.8501   1232.7404    592.3586
     1113.1484    908.9761   2099.1860
      363.0323   1025.3169   1678.2284
     2117.3057   1537.7546   1604.5103
     1352.1138    539.2356    665.1750
     1594.9972   2198.2336    425.8248
       67.0871    465.1551     78.8844
      379.1050   1476.4363   1894.9320
     1331.0251    654.8722    969.8691
      633.1354    258.7262   1767.8961
     1039.9597    434.0433   1581.7916
     2243.3040   1964.7283   1439.1215
      410.4410    373.7624    293.8228
      222.2871    138.3715    614.5682
     1301.9666   2093.8201    708.7723
      215.2242     42.6087   2097.4211
     1709.7389   1747.4773   1252.4342
      242.4791   1208.3203   1920.4946
     2224.1995   1421.2841   1039.9340
      810.2283   1670.9647    854.2739
      577.0919    876.2860   1271.4163
     2004.8528   2214.5515    100.2177
      680.3355   1113.0538   2025.8256
     1997.9600    590.0881   1621.7745
     1836.3827    533.8007   1842.6047
     1228.8759   1076.8984   1130.2158
      256.9546    549.5376   1730.6289
      629.1738    850.6865    368.7606
     1510.8972   1194.5055   1522.2812
      855.2288    260.9557    357.6712
     1124.3225   1155.7955    427.4147
     2168.5991    914.8647    185.9711
      178.7920   1189.8223   2207.8501
      181.2918    716.0987    546.5778
      718.1470    337.7898    679.7373
     1021.6875   1532.0309   1207.9524
       73.1147    775.2759    324.1052
     1268.0000    775.3511    655.3651
      447.7870   1136.7662   1421.0212
      720.7007     69.4138   2160.2017
      418.2382    686.3330   2148.3699
      954.0889    154.4077   2193.6052
       80.8900    276.2204   2189.1833
     1391.3430    285.8951    534.9636
      188.5718   1012.1659    456.8257
      643.6757   1406.1567   2032.5375
     1819.4436   1575.0330   1127.9061
     1822.3931   1862.5938   2119.8000
     1869.9065    266.6918   2146.0181
      483.3047    452.1405    748.1051
     1806.7380   2068.9326   1739.7198
     1049.9642   1251.5183    750.6370
      123.9268    112.3760   1860.5740
     1547.2976   2103.6624   2204.5344
      620.4802   1251.8218   2260.7854
     1114.1799   1979.4498    145.2822
      522.8715   2163.7351   1454.5896
     2045.5052    128.9922   1349.1384
      775.0397   2228.9075    438.2203
      411.4572   1672.8801   2080.4922
     1253.4459    442.5685   1421.1372
     1883.7727   1391.8097    178.8524
     2186.1655      0.5454   2124.0547
      929.2853   1112.4399   1530.9138
     1486.1216   2251.4678   1521.6180
     2026.3225    397.6942   2002.8350
      440.1637   1108.6487   2149.9946
     1492.8973    852.9733    571.7794
     1983.6622    376.1380   1237.5269
     1201.6378    293.1521   1752.6915
      114.8469   1438.3485    797.2639
     1517.7380    848.7643   1272.2565
     1409.0201    211.2007   1566.6431
      847.2672    909.0730   2144.6689
     1377.7922   2012.8530   1644.4689
      944.9746    857.2252    795.7568
     1606.0884    390.0631   1757.1205
      741.1829    746.9941    989.2569
      825.0693   1742.1572   2260.2617
     1681.8297   1981.0775    214.3163
     2153.9719    162.6386   1120.0106
      297.2887   1929.6820     37.4313
     1464.0476   1971.9724    368.3459
     1167.4868     87.8460   1149.5483
      851.1569   1116.4768    817.0974
      875.7128   1131.6974   2260.5010
     1415.7473   1205.5361     56.6559
      765.2806    989.7915   1668.1790
     1468.1608   1472.9508    434.2508
       66.2426    465.0208    696.2872
     1984.1930    489.8095    445.8977
     1087.2616   1616.4856    949.7792
      171.1475   1210.0277    788.2217
      504.0580   1244.5454    455.6477
      562.4204   1095.1560    848.8519
     2151.1958   2133.3533    280.2841
      874.5640   1952.5950   2258.0691
      649.1614   1562.8044   1115.4242
      315.3705    909.7445   1446.8204
     1602.7139    153.5124    594.1580
      304.4140    647.8923    781.6351
      768.1494    238.0849   1976.6493
      511.4083   1960.8063   1938.1998
     2066.8291    518.0820    708.9543
     1241.7429   1738.3733   1145.4318
     1272.9855    750.6346   1897.4038
      909.7715     25.9530   1993.1996
     2204.8582   1299.6997   2176.6296
      922.9962   1465.8300   1828.0704
      946.4852     36.6783   1278.0758
      371.8300   1342.1222   2140.1863
     1493.1091    360.8112   1291.4403
     1698.4210    677.3047    415.5035
     1996.8846   2224.2458   1134.5981
      460.3667    876.6078    152.6942
     2016.1309   1629.3754   1351.4580
      166.4022    333.4647    517.0000
      906.5305    466.7208   1844.9774
     2011.8276   1651.7880    193.1383
      515.4537    501.0042   1628.7135
     1367.8632    992.8686   2104.1577
      624.8616   1438.3610   1781.3998
     2261.3728   1812.3802   1922.2218
     2017.1033   1734.7251   1707.2610
     1540.4431   1801.8002    793.4180
     1476.7284    969.5156   1707.0254
     1129.8798   1634.0518   1771.4542
     1120.4708    935.4125   1423.2350
     1083.3994   2123.6357   1133.9149
      632.6678    974.6296     25.5196
     1455.9548    119.2548   1087.5127
     1768.9515   1036.8574   1695.8871
     1507.1779   2207.6721    822.3676
     2107.7549     26.5520    474.5646
      223.8806   2116.9617    641.7479
     1832.4502    616.6912    677.1989
     1768.0479    660.5214    897.1437
     2085.8555   2033.9277   2147.0469
      652.9108   1867.3650   1737.4807
     1102.5328    932.7910    478.0662
     1099.5250   2076.5718   1601.5781
     2100.5564   1979.9071   1890.9594
       32.5267    580.2499    948.0077
     1772.3394   1809.1016   1651.4484
     1214.8632   1120.4994   1555.4260
     1490.0815   1422.8651   1975.8168
      637.2382   1771.6869    409.3411
      175.8097   1562.1526   2219.1252
       55.6523    965.7627   2189.4736
     1519.1851   2067.8281   1042.0946
     2261.4775   2048.2756    483.7184
      167.3100   1771.8096    251.0504
      377.9259    136.7673   1904.2543
       69.5544   2133.6746   1890.7449
     2013.0920   1043.2213   1779.8865
     2205.1130    859.0635    548.5739
      890.8007    202.2901    802.1826
      280.5828    596.4323   1024.3696
     2088.1704   1801.1721   2201.1875
     1548.9935    887.7999   1945.9115
     1732.8086    908.5341   1091.0709
     1645.7109   1142.9081   1216.8495
     2157.8391   1425.1937    132.7665
     1583.5184    281.0837   2073.2092
     1452.9099    623.9257    461.8098
      840.0176   1604.3365    562.8999
      596.7722   1816.0575   1200.3165
     1654.1837    173.2164   1584.7899
      781.6917    436.6703   1606.0288
     1830.3748   2250.4321   1475.3385
     1671.3693    417.4016    466.1016
        8.9216   1684.2251   1495.1494
      347.1836    928.3765    830.8268
     1576.5604   1874.1167     17.4494
     1525.3440   1589.1001   1041.4958
      383.6341   1643.2994     76.1822
      606.6005   1358.4729    259.7077
     1536.5067    980.8427    102.4590
      287.9486    368.3943   1178.2601
     1016.0517   1206.9609   1750.7900
      228.5118   1525.5320    278.6608
      420.0683   1275.4033   1644.6494
      729.3530    843.1889   1885.2025
     2141.1882    566.7957   1841.8262
     1442.7162   1951.2026   2006.5791
      779.5414    338.5875   1219.5242
     1277.9602    823.9032   1637.1790
     1849.6906    466.2356    263.2936
      394.5510   1754.2970   1826.5199
      857.4673   1726.4348   1101.3739
      126.7811   1597.3414   1017.2499
     2005.1743    781.5257   1863.9025
      108.9904   1967.9302    782.1290
     1343.4138    383.6345    886.4000
     2031.4557     96.0199   1592.8685
     2111.7173   1991.5938   1166.4475
      417.9031    106.6207   1433.4771
     1327.2841    553.4657    161.9298
      609.1308   1243.0696    671.9302
      731.1854     27.4220   1788.7628
       71.1034    367.0746   1794.1104
      524.4183    688.6716    578.8776
     2182.4409   1264.7913   1783.4542
      723.8354    459.4381    943.1170
     1290.0873   1795.3397   1382.7445
     1746.2346    781.4380   1853.0294
      328.4402    803.4620    378.7491
      629.8782   1624.3107   1948.4772
     1401.9514   1252.9939   1070.8555
     2190.4460   1625.9084    377.6324
     1485.9399    984.8840   1028.8839
     1507.3468   1397.5302    164.9023
     1714.3428    926.2958    838.2877
     1324.3938    243.4833   1988.2158
     1954.9504   1141.9348    824.3866
     1412.8395    576.5843   1200.7115
      125.2812   1338.5438    156.4114
      746.8951   2073.4197   1888.7887
     1750.0071    845.6202    595.0263
     1704.9386   2028.6687    906.2534
     1124.0654    987.4386    233.4984
      855.6498   1453.0339   1010.9959
      509.2714   1636.5613   1359.0825
     1569.8796    727.1476   1048.2236
       40.7831    761.0114   1924.8088
       60.9163   1112.1694    213.1569
     1902.8027   1143.1847   1070.1483
     1395.6086   1145.8258   1293.5823
     1671.5587   2060.5869   1551.8447
     2071.6316    896.1562   1560.7025
      615.9564   1000.4803    577.8552
     1862.0242   1537.6652   1842.1399
     1132.8926   1747.9094    225.1955
      943.9976    371.1981     65.7114
     1078.1919   2081.3147    855.9902
     1050.6414   1517.1393    113.8078
     1497.4618    687.4775   1781.3105
      882.2535    228.2522   1684.6156
      306.9528   2130.9958   1914.5154
     1869.6042     26.8036   2183.1333
      871.8566   1748.4426    247.4521
     1835.9857   1741.3401     81.9306
     1666.3979   1203.1368    117.1849
     1103.4917   1295.8646    231.9637
      355.1515   1453.8540    496.5532
     1816.8818   1944.7559   1393.1119
     1733.1237   1543.3242    351.3107
     1445.8767    397.0246    319.8294
      160.6900   1605.5889   1962.3232
      368.7043   1339.9961    765.9052
     1856.5317    129.1489    793.3940
     1108.3936   1787.9307    730.6273
     1335.1338   1738.3448    392.0107
     2062.4758   1139.3353   1985.9164
      591.0092   2080.5874    386.2155
     1071.4069    231.7824   1991.1326
     1684.7258    256.1644    260.3641
     1657.2266     65.2589      9.2787
      728.6107   1550.9337    266.3823
     1569.8805    607.0031    709.4661
      491.1018    219.7665   2095.8621
      577.7063   1512.5228    612.4324
     2139.0315      6.7103   1797.2147
      580.4970   1537.8308    857.1851
      146.5864   1838.4863    541.7237
     1355.9606    175.2714    787.8771
     1295.2728   2075.9604   2169.8250
     1317.6378   1853.7305    589.3763
     2211.9507    264.8936    460.7211
      502.4873    286.8990   1246.6990
     1785.1011    559.4321   1144.4213
      591.0320    494.9756   1371.1558
     1978.0541    874.0790    347.4567
      382.9702    860.7770    609.3871
     1411.0527    128.3575      1.5019
      944.7533    462.4676    522.3645
      938.3898    454.4248    832.4705
     2045.7140    485.7186   2258.3030
      681.0806   1663.3927   1594.0519
     1648.7371   2170.5444   1326.1948
     1561.9203   1736.6219    485.4520
     1292.5114    797.4836    364.2482
      117.7963   1561.2905    527.5751
     1171.1603   1012.1997    735.2095
     1396.3324   2198.7571   1207.1805
       40.0123   2210.5166   1198.6942
     1297.6953   1610.6407    621.0730
      377.7851    146.2045   1012.0289
     2120.5142     54.0944    889.7609
     2059.2493    322.8991   1787.8363
     1871.5059   1881.8112   1888.3499
      776.6730   1334.6848   1283.7009
      173.3067   2001.7078    337.5175
