       22.2003    209.4722   1632.4202
      735.1443   1127.4371    346.5300
      350.3633   1537.5868   1452.9452
     2238.3779    849.2646   1071.3352
     2183.9856    199.9064    189.7622
     1508.0022   1482.8887     48.4354
      749.7478    148.4537    622.6525
     1712.0598   1114.2648   2140.8135
     1835.4659   1232.2722    335.7179
     1738.6868    817.7966   1655.9509
     2124.6729   1874.7019    321.0002
      377.7260   1901.2166    817.7603
     1535.2365   1724.7202   2221.5120
      624.6535    444.3168   1899.2961
     1305.7119   1398.5085   1290.6171
       63.5818   1360.4788   2031.3925
      613.0624   1017.4434   1983.4586
     1285.9243    524.3474    734.1309
      723.9742    646.3213    912.0627
     1994.1903   1952.1267    125.4733
     2186.1765   1109.5762   1118.2749
      909.2883   2245.9277   1066.8777
      790.0513    400.4550   2262.6099
      225.3954    702.4942   1004.9234
      643.3713   2100.2087   1110.8578
      881.9871   2111.3132    158.5924
     1648.4160   1975.2793   1755.5576
        3.7225    135.9991   1333.4178
     2198.4700   1306.2590   1373.1824
     1632.2084   2183.1418   1861.1859
      394.1294    301.6115   1031.9808
     1068.7223   1563.3636   2063.2815
     1070.3280   1482.5555    357.4015
      829.8941   1084.2264   1162.0922
      591.6756    282.8249    146.9414
     1361.0834   1909.5032    146.5561
     1281.5698   1164.2667   2013.0364
     1931.8036   1226.2706   2141.9258
     1585.3567   1985.3433    270.3056
      449.7030   1435.5406    250.4643
      408.8447    354.6735      0.7860
      971.1035     26.6431   1557.8447
     2246.5784    589.7418    409.5967
      564.7302   2255.5281   1560.8145
      170.3891   1922.3507    592.0484
      941.2347   1081.6248    117.4318
     1542.9202   2119.7410   1241.8785
     2253.2437   1328.4458    374.2115
     2262.5078   1221.1771    597.5250
     1590.0796    622.7902   1077.0265
     1055.7152   2247.2837    339.2905
      219.5485    606.9366   1507.7427
      154.4726   1182.1218   1284.5698
     2071.8528    550.7996    816.6971
      960.5946    603.1006    120.4972
     1941.5770   1030.6901    228.6760
     2158.5828   1078.2272    342.1893
     2017.6180     93.2144    373.8936
      145.1733   1074.2151    766.8262
      421.1599   1597.4899   1213.7324
      855.5032   1284.3677   1850.1136
     1969.1215   1730.2451    475.2109
     1732.9604   2097.7349    696.4435
     2057.5269   1049.3702   1350.4231
     1505.9823   1782.8192   1634.3182
     1220.9177   2207.5645   1552.6106
      933.4468   1825.9249   1794.9911
     1861.5472   2099.5933   2191.3203
     2125.2253    787.9747   1324.6644
     1204.2097    190.9272    970.9713
     1256.7029   2226.3469    930.5518
     2024.3834   2244.1809   1191.7981
     1981.0319   1230.6780   1781.2372
      213.5703   1689.6188   1208.4987
     1136.4935    194.3575   1655.8997
      978.9879   1700.7419   1579.8536
      642.7812   1794.4777   2235.1150
     1991.6497   1485.5421    403.2139
      879.3220   2175.3362    595.6716
      939.9477    857.5753   1150.2653
     1858.3912    870.4646   1333.0242
     1799.9473    772.2415    153.7489
     2245.7688    376.8801   1244.4838
     1181.2229     66.8358     80.9927
     1784.3077   1429.0300    780.8227
     1051.4237   2132.6013   1364.1675
      498.3862   1802.9430   1742.2925
     1674.6207    306.0222     15.3857
     1758.7224   1433.4979    517.2936
      552.0992    250.0647    850.6951
     2260.7461   2133.0627   1099.4637
      796.5055   1372.6815    713.3099
     1922.8129   2018.7122    830.8770
      434.3586    410.0858    419.0775
      506.7050   2097.9580    904.5610
     1878.6093     21.4081    842.0317
     1405.0015    514.5982   1611.1862
      411.9254   2174.9995    209.2516
      399.2614    172.3241    322.3282
     1698.5269   1678.8328   1799.3408
     1783.0861   1498.7072   1330.5969
     1630.8771    198.2173   1229.2714
      390.1131    836.1693   1559.5995
      125.0493   1895.9550   1043.3043
     1092.0422   1336.5697    572.4227
     1539.8281     63.5928    280.1515
     1278.7552   1828.9365   1713.8008
     1092.1613   2004.5938    578.4612
      360.7357   1189.7561    624.4536
     1254.9773   1078.6224    770.3564
      472.1754    819.5353   1012.6223
     1310.4630    939.3804    961.1516
      555.5302     10.6245    474.4357
      513.5861   1606.4055   1627.1533
     1000.9226   1694.2804   1278.3499
     2163.9558    930.1271   2136.7048
      610.4507    985.5140   1250.7788
     1935.1121    721.0200   1502.7141
     2097.7034    320.1371   1494.1942
      633.2056   1228.1324   1210.0950
     1820.9135    433.8326    694.7052
     1451.4926   1272.4979   2164.9287
      659.4451   2101.3679    621.7231
     2058.5872   1708.0922   1093.2341
     1827.6825     36.8393    562.8201
     1892.5422   1599.2780    929.9069
     1068.2037   1781.3196   2250.9126
     1795.7299    584.4731   2217.9968
      253.7782    246.7168   1269.5792
      141.6050    805.7762   2190.3159
     1867.2439   1844.7491   1006.4281
      229.7364   1448.0031   1104.2484
      171.4118   1158.7772   1032.2192
      650.0500   1119.2197   1749.1688
     1801.9395   1424.8687   1050.4539
      712.7582   1907.6871    938.6010
     1565.4696    746.7801    140.9210
      207.8750   1310.3306   1833.1436
      647.9429     49.2296    146.3485
      394.3878   2041.2694    627.2084
       57.5655    953.0214   1291.9979
     1440.8644   1028.4045    325.6796
      609.4920   1976.7432   1516.5470
      937.9172   1556.6893    580.9607
      247.5678   1944.6935   1314.1395
       61.9543   1959.2751     79.1541
      980.2109   1384.7654   1595.3518
     1642.0852   1750.2303   1381.1056
       50.3649    516.5928   1988.1946
      119.9931    664.2072   1759.1294
     1278.3318    291.5316   1225.6063
     2166.1648    791.7733   1586.2479
     1957.0083    780.7465    631.8030
     1018.5897   1990.5830   2049.8076
      352.6294   1283.7164   1553.9358
      821.8031    620.9528   1421.6138
      209.1770    721.5382    144.2477
     1184.9750    382.2264    532.6589
     1591.2852   1242.3740    402.6820
     1501.1783   1189.7355   1940.6801
      227.2925   2127.3938     61.9909
      288.1959    865.0756   1792.2054
     2197.9807    348.0257    956.9962
     1765.6893   1103.7042   1418.2527
     1868.3772   1571.3086   1569.4220
       51.8491    150.3536    659.1791
     1327.6808   1215.2311   1420.9526
     1023.4417   1032.1820    422.3432
     1568.9299    352.9089   1421.4476
      430.5330    492.1233   1512.7318
      251.4826   2147.1624   1077.2698
     1422.0521   2150.5061    189.7861
     1229.2704   1924.5459    895.0279
      139.9938    725.2888   1268.9691
     1649.8903     34.4519   1049.4001
     2198.3943   1047.5623    870.9448
      931.6887   1867.8101    981.0355
      654.8039    843.3219   2163.8950
     1573.2777    509.5013     57.9650
      217.5995   1229.9287    424.3681
     1443.8849    498.6336   1866.5947
      623.1445    832.2025    729.2184
     1770.0984   1319.2263   1547.7488
     1924.6658   1775.4758   1391.3887
      890.7823   1988.5325   1201.0712
      672.2530   1278.5272    964.9058
      680.6142    483.7867    279.6320
      892.5162   1205.8434    535.6885
      400.8570    450.3396   1993.3955
     1332.8499   1418.4697   1936.0938
      604.6026   1846.1146    714.6475
      967.7701    264.4187   1030.1060
      392.0069   1913.1997   1086.8711
        3.0884    477.2777   1652.6108
     1218.3079    495.5317   1978.9861
      918.8261   1571.2800   1835.0895
      666.2446   1555.5479    130.6286
      602.6185    533.7184   1226.6973
     1988.4608   1643.2461   1969.6115
      782.7738   1811.7067   1417.2250
      161.9300     69.4735    257.1207
     1860.3481    160.0436   1064.2830
     2035.0543    522.8386    307.6061
      125.1528   1475.5292   1355.0394
     1244.9655    707.0668   1441.2976
     1120.6974    351.3269    785.7233
     1065.4852   1136.0247   1790.7382
     2046.4395   1225.9546    171.7478
     1075.8018     18.2826   1809.2046
     1286.7991   1636.3468    780.0654
      461.5527   1382.4691   1002.7205
     1159.5806   2257.5051   2062.9631
     1758.8073   1845.2230    809.5374
      110.3286   1983.8801   1581.3744
     1359.5657   1974.4556   1501.9291
     2029.6194   1216.6248   1509.4927
      416.4458   2046.3916   1848.3199
      328.9227     43.0000    746.7145
      139.4073    113.7626   1085.2386
      174.8164   1073.3795   1982.9532
     1430.9954   1572.5417   1717.0657
     1395.3466    190.4305    431.5904
     1701.8387    973.5679    297.4413
      376.8412   1967.0037    369.0800
      712.8666   1402.9196    417.9727
      126.8596   1322.5842   1569.3059
     1736.4333    430.9048   1253.5476
     2036.6445   2184.2681    652.4783
     1225.3062   2062.9688   1918.7048
     1144.9376   1855.2632   1189.6243
     1294.0784    222.7179   2101.7546
     1107.7700    472.2512   1021.2498
     1664.6360   1437.0736    226.2987
     1460.3892   1567.5553   1424.5392
     1356.5620   1490.1552    991.7767
      763.8265    276.4048   1225.4630
     1780.6914     76.0061    259.1648
     1146.9158    376.1857     41.6989
      573.0211     24.5673    766.6131
     1124.7366   1525.0004   1451.2052
     2226.3489   1630.7933   1262.8058
     1276.7251   1402.6036   1637.3038
     1052.6906    982.0344    959.0840
     1590.0547   1295.9985    690.3561
     1698.0444    634.0450   1494.4397
      856.2311   1994.4537    419.8167
     1041.1831   1304.6472   2066.3369
     2253.0977   1569.5880   2169.0701
      666.8716    680.9044    476.8076
     2262.5703    549.3132   1402.7920
       83.5795   2183.9961    632.4881
     1679.7362    885.3643   2214.3035
     1150.7747    108.5597    528.0080
     1489.1469   1113.7428    582.9115
     1605.4215    522.2822    834.8182
      547.0947    809.2781   1802.0841
     1003.4678    841.2676     37.7195
     1341.7706   1361.0934    479.1596
       79.8506   2016.8340   2102.4607
     1048.7883    831.7491   1516.8851
      443.2636    530.7153    196.2307
      233.5901    949.2194   1107.1072
     1991.8550    922.4424    993.9933
     1369.2570    737.5264    322.5001
     1940.7659   2229.8748   1936.2678
     1815.5726   1860.9913    322.5294
     1368.9384     22.4254   1731.6434
     1175.5972   1993.9918    350.7421
     2256.0674   1746.4159    816.2061
     2061.3354   1373.2520   2007.7579
      756.9249   1595.6821   1626.5629
     1997.4900   1071.4653    752.2273
     1767.2867   1475.5593   2036.4481
      384.6844   1837.3927   2158.8494
      922.1483    113.2903    123.0276
      933.0151    312.0111   1488.7052
     1460.9570   1788.3483   1895.5536
     1979.7797   1531.5554   2200.5818
     2030.2312   1206.3618    514.3969
      802.0781    899.0868   1343.6620
      272.4063    139.8010     44.2253
     1090.9016   1742.7811    460.6074
     1073.0461   1896.0325   1434.0638
     1473.8156   2043.6295    698.4578
     2205.7966   2012.6350    764.6538
      136.2227    829.4985   1523.2109
     1475.1144    955.8649   1820.0404
     2219.6523    670.5269    147.7639
      221.0598    327.6149   2066.1992
      800.3843    633.3678   2100.2356
     1585.9833    612.9243    340.6155
      389.2809    776.5194   1277.4639
     1581.6847   1336.3726    924.6099
      693.9993    735.3560   1163.0112
     1074.9965    630.6017   1264.2128
     2112.9927   1916.4037    990.3585
     2234.1936   1862.6053   1764.5221
      996.1327     93.9358    760.7199
     1606.7782   1545.3170   1132.9778
     1572.5195    824.7827    883.5325
      827.3940    741.2805   1641.3398
      521.0176    668.9385   2000.9749
     2007.8340    775.3978     35.7857
     1689.1763    111.6639   2000.8739
      984.3552   1231.8940    850.9218
      598.4241    608.2557   1644.3114
      341.4104   1254.5723    110.7078
      905.0842    601.7407    362.9465
     1756.8732   1602.7745     23.3473
     2121.2676   1510.6075    877.4468
     1123.7781    756.6135   1009.3618
     1946.9127   2112.6255    348.7539
      851.7020    856.7136    319.4289
      286.0424    525.5023   1279.8575
     1923.7750    991.1030   1947.3032
      380.3962    268.5945    613.1849
     1891.4762   1064.1068   1157.5952
     1245.6145   1417.9117   2232.1011
      668.8203    116.0506   1380.4861
     1709.9103   1760.4337   2027.0170
      299.6299     41.0712   1465.3677
     1591.0183   1361.2446   1330.4001
     2176.6440    295.8395   2020.0680
      317.3447   1674.8405    977.6087
      847.6172   1484.4421   1338.0223
     2153.8293   1875.7987   1494.5795
     1505.6274   1570.9893    652.9452
     1331.1238   1368.7837    739.1763
     2207.9495    668.3647   2144.3787
      489.3626   2010.0333     33.3093
      962.5366   2211.3379   2208.1235
      856.1738   1164.9175   1395.8771
     2129.5010   2068.0674   1699.1006
      459.4588   2106.5361   1337.8801
      268.1437    682.1744   1957.3240
      580.5674    567.6443   2231.5251
     1329.8079   1678.5073   2075.8008
     1525.1650    673.2206   2120.3411
     1638.0636    373.2088    255.9901
     1551.0312   1029.7938   1043.3231
     1478.2217    212.4655    934.8001
     2244.8452    598.6305   1115.9038
     1444.3750     32.7473   1402.3357
      585.5822    905.0360    405.6364
      152.8947   1759.3702   2117.1663
     1033.1643    359.8186   1265.6178
     1370.2661   1175.6539   1742.0143
     1292.3291   1485.4852    252.0872
     1359.7174    457.5381   2180.6157
      788.8927   2154.9377    881.6065
      228.3010   1897.4336   1864.3588
      515.2721     61.5231   1769.8002
       20.0370   1913.7797   1259.0322
     1149.8801    246.0657    300.7434
     1931.7172    784.9996   1785.2649
      964.8098   1339.1788     62.5051
     2194.2292   1491.2898    626.6368
     1221.1508    700.7390   1725.3760
      709.6522    226.3931   1611.4218
     1672.8434    500.2734   2046.2633
       19.2743    428.6401    195.7923
      916.7449   2095.0232   1813.3964
     1509.7410   1101.2659    821.8508
      161.4758    716.9503    570.2095
      702.3851   1533.4462    893.2596
     2214.5698   1269.4250    873.9392
     1135.7472   1809.6914   1918.3252
     1682.2717   1920.8137    525.4673
      212.3486    339.0634   1518.1664
       68.0951   2213.1226   1540.8503
       88.9772     24.1719    871.5369
     1935.6910    283.6611    850.3055
       44.7263   2262.3423     39.7010
      601.7659   1268.4561   1977.7286
      194.9611    260.8480    853.7110
     1017.6119    535.1830   2149.8169
     1922.8596   1274.4348   1285.4701
      862.5981   1949.4766    724.8658
      405.2583   1797.2521   1393.6971
      109.8952   1673.1996    104.7012
     2006.7307   1801.6689    747.6473
      837.9077    666.7020    654.3339
       92.0777   1760.8490   1436.0133
      899.4734   1780.8630   2052.6868
     2036.2576    227.0079    597.2570
     2134.6650    792.0729    850.5121
      266.6917   1489.9769   1689.8082
     1777.0454   1266.3859   1921.5120
      978.7509    592.0721    851.4462
     1041.4526    791.9214   2045.0894
     1270.8884   1685.8278     52.0122
     2007.9866    583.2246   1307.0052
     2015.0068    700.6178   1072.0780
      180.4197    993.7194    206.6258
      691.9613    396.9352    563.5559
     1696.0316    346.0816    953.4980
     2196.7317    673.3964    671.5886
     1627.4800    134.0513   1716.5616
      290.8013    172.3925   1701.1626
     1916.2439    262.3589    148.8460
     1742.1389    323.6718   1910.7083
      692.5290    944.2343    970.1377
     1840.5726     18.0887   1724.9144
     1467.3240   1052.2545     29.7680
      546.7609   2222.2983   2000.5704
     1724.2238   1695.8118    649.0688
     1927.4066   1603.7694    677.4305
      415.2427     63.2798   1212.3167
      618.2869   2043.8929    254.6228
     1226.4464    687.2023   2233.6506
     1769.1362   1170.5820    594.1782
     1622.4938   1546.6942   1588.6838
      470.9803     27.3349   2216.2681
      375.1551   1311.3148   1304.8578
      642.5128    100.4632   1105.1785
      418.4574   1109.3914   1098.0076
     1312.5970   2234.2742    372.0361
      669.8699    234.8095    368.1678
     1755.1484   2035.5538   1982.9312
     2185.9363   1535.3468   1871.6993
     2012.3275   1493.4521   1213.0005
     1618.0615   1839.5378   1079.8491
      409.9425    892.0494   2039.0929
     1045.7157   1311.1248   1316.7140
      323.9163   2061.1389   2078.1633
      207.1528   1072.9458   1468.9200
      776.3600   1328.8611   1595.0437
      209.1086    547.6935    363.2768
     1839.8997    418.0390   1472.0071
      889.4293   2029.6909   1559.4385
     1589.1077   1406.6169   1805.9850
      199.2834   1384.0823    617.8945
     1200.7748    877.7438   1216.7554
      802.6229   1842.3654    211.0500
     1012.1601    849.1257   1785.5128
      107.3201   1085.1725   1737.7246
      683.5052   2124.7410   2241.5881
     2185.8386   1753.1674    569.3213
     1865.2822    305.0728   1697.0542
      994.7299    785.0615    529.2991
     1380.0175    910.7845   1409.2654
     1383.9214   2252.8987   1964.3250
     1361.4766    289.8690    158.1875
     1766.5072    665.0442   1210.4559
      545.6601   1808.7485    205.9323
     1943.4164   1989.6875    559.6777
      258.5269   1755.0884   1638.6766
     1262.1305   1283.1200    937.0137
     1267.0896   1900.1882   2125.5183
     1204.8663    627.2752    512.4813
     1113.8929    748.3593    286.5941
      327.3049   1264.2012    846.0342
     1395.2223   1723.3239   1035.1086
      707.0032    708.5892    149.1133
     1208.1991   1194.2660     41.1521
      575.8431   1429.9548   1434.0027
     1915.5784    980.2037   2222.2434
      401.1003   1035.6450    327.9567
     2224.1890   1061.3367   1556.1689
      334.2840    935.1021     15.7219
     1156.7695   1679.2869    993.5543
     1758.7211   1966.1802   1289.7682
      407.8738   1761.1628    581.9264
     1743.2026   1350.2770   2261.7732
     1147.7279    481.7750    275.1678
      752.7610   2153.4578   1377.6858
     1951.4440    198.7899   1951.9434
     2019.4299   1324.0737    729.9793
     1236.6964    970.8574   2165.5449
      392.7971   1073.3201   1633.5970
     2069.1980   1412.9470   1624.4413
     1343.2478    669.4922    921.7225
     1667.7837   2158.1646    425.8114
      131.8341    484.6542      9.4990
      392.0592   1497.2727   1914.5145
     1292.6234    588.9098   1192.9696
      703.1035    199.2854   1890.4847
     1029.5469    540.3768   1576.6248
     2154.4407   2132.1038   1387.7136
      254.3434    344.0223    191.2268
      146.0001    267.5644    421.0382
     1297.8816   2197.1516    646.0069
      233.8915      5.0929   2006.6313
     1440.0066   1850.8413   1288.7340
      414.6188   1125.1239   1895.3878
     2233.4604   1376.6852   1148.6226
      827.1042   1684.7596    767.2893
      645.5546    938.5742   1573.6503
     1993.6664   2222.9563     95.0422
      853.0800   1046.7609   1902.9568
     2039.7936    548.6707   1605.5391
     1857.0425    553.1618   1780.7528
     1109.0239   1176.3658   1109.7706
      373.1251    608.4562   1760.1764
      804.7424    961.3551    575.7840
     1492.8876   1326.0735   1582.5895
      937.7728    213.1197    457.0143
      921.5247   1300.0684    296.4275
     2192.7771    940.0527    113.9303
      337.3681   1277.6705   2133.9456
      143.1487    823.1993    795.2087
      611.5491    493.3742    766.2409
     1089.1553   1486.9498   1142.2552
       48.8965    825.7898    359.2817
     1429.6000    846.2117    718.6129
      596.3712   1169.5940   1485.7284
      756.5195    118.2155   2195.0732
      331.9308    606.3041   2201.2053
     1031.1085    206.7646   2140.3386
       37.5312    232.9352   2215.7866
     1489.0093    369.7024    659.7983
      161.2885   1014.3779    517.7365
      810.3279   1427.1748   2074.9609
     1820.4807   1667.3694   1185.2737
     1908.9788   1832.4607   2137.3157
     1881.8116    339.5359   2157.6665
      360.4910    441.0630    781.3422
     1880.6592   2043.6882   1702.0775
     1038.6711   1003.2429    674.0395
      106.9371    199.5118   1871.3733
     1605.0896   2216.2815   2171.4785
      801.2674   1199.5334   2168.9229
     1136.0842   2024.9564     91.0951
      362.3588   1986.8285   1575.8610
     1931.8245    231.5029   1299.7186
      789.1180   2260.3181    347.5859
      599.0701   1591.3380   2094.5920
     1215.0525    458.1425   1415.6287
     1916.2679   1431.0447    171.3642
     2204.0869     37.3270   1993.2085
     1105.4304   1190.3506   1537.0645
     1594.6201   2204.7012   1562.0297
     2046.2059    488.2496   1988.7114
      510.8018   1118.9187   2213.5911
     1586.2562    870.8262    489.7955
     2002.7109    413.5373   1110.6097
     1191.1377    452.8233   1760.6559
      204.1813   1683.3068    744.2418
     1625.3602    883.4432   1428.4670
     1386.3718    256.1710   1545.0831
      856.6904    950.8007   2133.9548
     1412.9933   2017.5001   1760.6553
      883.2510    840.6366    834.6276
     1612.8384    412.3173   1675.4753
      883.6154    548.2605   1134.0652
      860.6685   1647.0146   2251.8481
     1777.5808   2075.8562    152.4176
     2151.5845    158.8851   1113.3494
      285.1147   1862.8011    163.5837
     1425.1431   2009.4017    457.6808
     1107.5654     80.9590   1169.2683
      816.6075   1119.6462    772.5717
     1038.5972   1082.4915   2132.1033
     1436.1781   1275.8583    178.1952
      888.6311   1021.9378   1622.1329
     1522.9430   1516.0330    399.9522
       98.1106    551.8932    823.4200
     1881.0570    297.5932    432.2153
     1097.5275   1485.4376    817.2359
      136.5619   1458.7721    869.9268
      510.3383   1253.1477    404.9846
      541.7496   1072.3107    816.1067
     2154.7644   2131.5083    249.9007
      853.6755   1951.8180   2231.3779
      642.7610   1476.3309   1169.1195
      406.6701   1009.8435   1341.3309
     1565.0725     39.4619    605.4028
      414.2235    709.1859    796.6536
      913.4141    359.5767   1961.2202
      576.9706   1948.5631   2028.8701
     2210.8125    374.3995    693.2774
     1278.5095   1644.5475   1241.5637
     1310.6046    725.7712   2026.4020
      891.2808     43.5366   1979.4878
     2171.3320   1230.8824   2223.5151
     1094.1816   1389.6564   1844.5778
     1176.7012    144.7619   1434.8317
      583.3809   1380.0985   2208.1094
     1486.1439    418.4716   1180.8931
     1827.0631    698.4687    414.3047
     2109.1338   2207.9121    937.2296
      471.7708    804.0415    133.0411
     2113.5044   1569.6075   1448.9819
      181.3140    445.7503    590.4803
      985.5617    597.9891   1833.7083
     2007.7803   1670.3585    226.2844
      445.9318    346.1876   1729.3503
     1461.2889    921.4130   2066.5569
      671.6959   1497.1976   1846.5745
     2191.3052   1798.5010   2009.4789
     2066.4246   1698.3103   1671.0923
     1504.7416   1801.0864    746.7859
     1528.6781   1047.2550   1582.1503
     1167.5038   1588.3458   1767.0209
     1099.7145   1039.9135   1368.4858
     1114.9657   2069.3704   1074.3397
      701.8007    951.2796    148.0286
     1381.6022     46.4042   1134.8674
     1745.1783   1122.3906   1705.3912
     1493.3953   2248.0315    839.0288
     2248.8496     34.0164    430.6201
      318.3441   2243.2607    509.0435
     1992.4448    524.7830    555.4882
     1847.1547    711.4236    868.3233
     2118.1143   2100.6318   2197.7922
      625.9932   2033.6027   1764.7675
     1251.3894   1148.4761    495.4627
     1105.7971   2006.8784   1691.4471
     2105.0500   2035.9353   1944.0474
      181.1108    420.4564   1039.2203
     1826.4518   1817.7035   1611.9722
     1242.8912    980.6710   1621.3157
     1506.0656   1519.0912   2059.3738
      580.4767   1639.9019    374.1987
      252.5000   1528.8143   2100.3154
      109.9059   1080.2816   2209.0063
     1411.7361   2030.6313   1007.7138
     2207.6045   1995.5577    510.8289
      342.5832   1684.7595    336.4824
      386.8410    199.4093   1984.4027
       78.7722   2140.9880   1852.9724
     2149.7944    953.9380   1802.8564
     2176.0081    955.2878    613.3284
      785.2134    146.8668    884.4600
      419.3144    567.9780   1037.6367
     2152.5007   1784.6592   2246.2415
     1685.2610    965.2365   1928.1837
     1759.9413    855.6547   1078.4376
     1707.3762   1231.4670   1163.9373
     2180.6274   1472.5934    151.3634
     1516.7278    272.9675   2033.8776
     1493.2009    637.2248    594.1136
      860.1783   1772.3162    490.4503
      615.5424   1896.9939   1245.2902
     1743.6449    146.5815   1467.6237
      792.9364    479.2674   1694.1293
     1784.6691   2241.5442   1301.0442
     1713.6359    476.2701    489.0994
       48.1458   1575.0715   1594.9863
      324.0371    983.7262    875.0756
     1547.9514   1978.5985     10.2911
     1622.9425   1614.2043    892.8602
      408.6516   1627.5712     55.8093
      550.3068   1099.4894    161.0899
     1356.1631    868.8585    106.7659
      497.1020    338.9622   1272.7651
     1211.5597    937.7955   1860.8058
      205.6591   1482.7576    248.4236
      511.7209   1359.7629   1731.9041
      765.7149    786.3000   1887.7771
     2122.0068    676.6904   1838.5690
     1453.3108   2008.5406   2017.5925
      905.2662    117.2413   1332.2455
     1448.1914    784.3858   1637.7017
     1834.2283    511.5975    201.7724
      399.9752   1722.7629   1950.4233
      774.4214   1723.9230   1130.7675
       35.9840   1609.8020   1023.2768
     1979.5308    739.7339   2061.9146
      180.6235   2059.2507    835.9138
     1368.6768    420.3008    961.8668
     2087.8291     69.7243   1512.1595
     1994.1935   1940.8480   1218.7078
      463.9243    227.4180   1506.7771
     1313.4506    568.2828    154.7359
      557.4542   1334.3571    736.0764
      762.9346      8.7734   1686.6875
      214.9436    432.1009   1802.5374
      438.8294    586.0408    583.7970
     2218.8071   1297.7924   1778.2598
      670.3230    384.5685   1028.6538
     1258.6962   1741.1055   1483.2384
     1769.9325    719.9683   1960.4296
      337.8343    768.2399    371.5674
      668.0673   1754.5685   1929.5144
     1464.4513   1283.5023   1112.6831
     2225.8296   1589.2216    336.7471
     1305.1503   1099.8029   1187.4850
     1552.3932   1693.2251    204.7348
     1750.9219    945.0296    694.2997
     1398.7617    277.9716   1794.3356
     1983.1405   1253.9668    978.7243
     1478.2306    622.3538   1378.7325
      134.1625   1378.1420     10.0920
      766.5738   2033.5670   2004.8547
     1905.4767    975.4416    498.8241
     1664.1975   2074.2419    956.6608
     1212.1263    984.8568    231.9228
      923.3239   1536.1471    951.2635
      615.1775   1658.1205   1361.0251
     1443.2697    814.6407   1192.1903
       39.1742    850.6047   1931.0243
       58.9744   1198.1005    172.6705
     1786.9330   1132.6641    905.8503
     1539.4424   1088.4640   1297.8059
     1623.8368   1989.2773   1487.1992
     1936.8962    985.8297   1617.2927
      635.0348   1139.6217    581.4765
     1884.7998   1491.2008   1800.4258
     1037.5568   1819.6627    233.2893
      917.7833    348.8309    226.5829
     1046.0988   2112.3574    801.9131
     1046.8325   1561.3171    128.3146
     1623.6603    653.7957   1791.4670
      901.4316    254.2961   1748.9645
      278.6022   2173.9551   1710.1582
     2046.7826    114.9124   2181.8291
      854.6455   1570.3334    308.3908
     1735.5480   1831.8606     54.0196
     1696.8370   1127.8438    124.4446
     1178.5720   1270.4850    288.8258
      389.0444   1484.4545    514.8796
     1926.3771   2089.6047   1480.4788
     1771.7028   1616.4532    360.1505
     1410.6299    458.3855    433.4436
      176.9166   1635.6472   1875.4642
      436.2448   1573.0839    786.4314
     1687.0662    184.8398    780.2269
     1045.0760   1789.0059    735.3737
     1283.0251   1740.4633    314.3841
     2161.3474   1112.5404   1966.2795
      613.7405   1881.6548    476.0993
     1132.1383    237.5502   1887.0087
     1646.2202    208.6128    452.2047
     1781.1602     71.5431      2.6928
      694.1152   1307.5225    159.6704
     1732.8036    679.8210    633.5617
      579.8108    287.2648   2097.2639
      651.1011   1576.3933    626.6776
     2146.3677     56.7939   1746.4512
      547.1163   1701.1470   1034.5109
      104.1406   1817.9585    362.7964
     1350.9978    173.8996    720.2422
     1347.3091   2147.5413   2193.1858
     1279.9634   1886.9181    642.2213
     2174.4443    338.6736    433.1697
      698.4995    409.9171   1436.4520
     1813.0641    532.6937   1001.8465
      591.1804    736.6051   1436.2911
     2038.5665    848.9161    353.4104
      396.8206    916.0355    618.2534
     1483.2249    126.5377     62.0872
      971.8541    479.8095    585.1041
      810.1390    357.4517    752.6202
     2068.1406    456.2278   2262.3428
      743.2693   1833.0980   1666.7170
     1867.6122   2101.4404   1069.7463
     1503.8494   1765.6327    472.3654
     1282.6310    887.5484    524.3034
      146.1645   1596.5259    499.9044
     1159.4104    765.1299    730.6415
     1304.5265   2052.0598   1276.3616
      147.6860   2188.8264   1271.4030
     1240.4552   1564.1528    555.2880
      427.9741     64.3064    976.1255
     2101.5251    142.6055    804.8017
     2088.2590    318.3181   1767.8234
     1924.3134   1867.7708   1867.7186
      880.6422   1333.2517   1096.2643
      143.5144   2057.7087    354.9151
