       20.3692    186.1340   1635.4408
      994.5340   1319.3743    521.5593
      265.9252   1596.0823   1493.4386
     2142.5583    781.9778   1082.8807
     2212.2661     93.2214    266.0616
     1406.9132   1344.2329    106.4005
      937.3518      2.4724    783.1005
     1694.5538   1240.5853   2087.1367
     1807.7611   1213.3083    219.9289
     1626.2609    897.5747   1550.8849
     2125.5281   1785.1394    596.2997
      240.8396   1774.6992    729.5130
     1609.2578   1662.5958   2233.9871
      778.7519    557.7725   2011.1158
     1445.3909   1654.0546   1327.1786
       43.9368   1516.8229   1930.4695
      637.1694    816.4166   1741.4298
     1237.0471    477.5776    665.5336
      711.6501    563.4598   1044.3845
     1845.8521   1853.7417    242.2469
     2139.2681   1246.4829   1249.1807
      846.0549   2201.0564   1009.9896
      763.6694    395.6981   2160.0740
        2.3033    978.1093    958.9839
      636.8483   2079.5916   1161.9019
      998.5101   2256.4036     78.8859
     1596.1343   1780.9496   1887.5513
       46.2448    125.4727   1423.9426
     2118.9482   1453.4286   1552.2653
     1531.6755   2174.0771   2019.8895
      488.7343    600.6237    892.9973
     1175.6947   1459.4781   2028.0828
      923.5687   1761.0587    485.7824
      811.0289   1242.6801   1040.5304
      525.1807    402.6896    275.0477
     1353.7428   1888.7179     30.9630
     1035.1870   1161.9500   2078.3552
     1905.4067   1297.3534   2067.9893
     1662.1793   1936.8878    261.4330
      372.4818   1556.5687    246.3850
      251.8214    452.9456     60.2706
     1057.1958     73.1331   1568.9752
     2086.4934    712.0309    361.5022
      843.1456   2079.2468   1517.2721
      163.1281   1591.0723    782.0239
      703.8063   1112.9375    326.1472
     1521.4940   2004.9989   1236.4581
     2212.5125   1276.8937    383.3264
     2250.6772   1094.0951    494.9118
     1395.1805    479.3736   1013.3203
     1044.2286   2213.6462    455.0457
      177.5024    675.1281   1322.2275
      159.0488   1244.6033   1506.3844
     1980.9611    485.4008   1089.6813
      839.0637    497.5481     87.5716
     2068.2473    918.3076    253.0938
     2217.4758   1065.7826    262.9967
     1987.6838    198.6502    397.4105
      174.7426    885.5701    785.3007
      368.7649   1809.7300   1039.5575
      757.6644   1181.3468   1809.2742
     2087.0671   1444.9342    406.4040
     1593.5781   2088.0999    638.5032
     2044.2837   1060.4296   1356.6027
     1404.6904   1817.2975   1511.2603
     1156.0997   2021.6187   1305.0505
     1087.6223   1897.6516   1678.8499
     1682.4869   2134.6677   2211.5535
     1865.6089    904.4679   1335.7302
     1157.0590    281.2360    756.0622
     1238.5082   2062.5078    961.7454
     1825.5427   1989.8273   1555.2814
     1871.1823   1347.3678   1755.8130
      115.5009   1961.7504   1257.2745
     1140.4952    250.3175   1730.0452
     1129.8695   1586.1307   1650.0779
      490.8550   1841.4281   1968.0065
     1928.9720   1273.6508    399.4106
     1005.1677   2101.9072    661.0403
     1036.4314    744.1822   1160.5226
     1889.9410    901.4329   1108.0292
     1899.9598    795.6517    296.0305
     2260.2881    258.5022   1233.0634
     1222.4156     31.8431     23.3981
     1779.1302   1700.6412    795.6425
      957.0801   1734.8479   1598.8401
      551.5287   1780.7316   1561.1815
     1815.5884    170.4392    204.4478
     1730.6998   1305.2863    455.2576
      553.7021    200.2597    814.3911
     2207.6733   2232.9846    805.8635
      737.4859   1426.9659    732.0546
     1863.0399   2053.5662    999.0273
      591.9686    592.8602    114.8336
      546.9534   2247.1987    751.2310
     1841.8405    344.5562    813.5621
     1388.7439    602.5247   1716.5579
      422.3303   2151.2703    573.5458
      498.0375    258.8446    432.1964
     1505.1776   1701.6707   1690.0879
     1767.9430   1434.4078   1369.4248
     1505.6920    179.5860   1532.4645
      428.7064    713.2399   1548.4526
      196.1764   1946.5104   1060.6724
     1121.8348   1340.3168    730.7527
     1466.6254    323.8074    292.6329
     1225.5493   1899.9086   1864.7053
     1061.7620   1663.6724    619.3358
      329.3850   1267.4478    543.4374
     1400.1487   1209.3887    980.9527
      500.9150    839.1721    904.0522
     1075.5856   1001.3098    837.9517
      748.5339     83.8658    654.4479
      544.1626   1363.7983   1610.8550
     1153.1792   1746.6072   1502.2942
     2134.4275    988.5147   2122.0435
      585.2872   1211.1426   1068.5565
     1657.7069    824.5027   1321.1549
     2123.6201    402.3076   1321.9905
      465.9083   1326.8265   1395.0093
     1919.3490    245.5062    614.6418
     1495.9653   1261.1034   2156.8049
      554.3820   2017.9185    711.2817
     1906.5952   1677.6818    973.2140
     1869.1157     36.1283    565.6047
     1661.3267   1663.6033   1011.2618
     1188.4214   1735.4923   2197.5010
     1661.0104    586.2817   1987.4779
      241.6543     81.8542   1047.6619
      145.9043    580.0204   2149.4009
     1781.4097   1851.8455    996.6305
       61.7106   1364.8978   1127.0861
       45.8864   1273.5804    872.7485
      607.4178    842.8085   1512.2720
     1725.3228   1490.0748   1157.4667
      550.3416   1882.1669    898.9256
     1600.2700    646.2419     54.6408
      144.5585   1173.5900   1741.0701
      564.7300     40.1380    125.4426
      314.5100   1965.8383    608.6555
      177.0844   1094.3167   1112.3309
     1288.7146   1047.2178    354.4656
      598.6328   1987.9031   1541.6025
     1236.7722   1553.5914    689.3194
      218.7574   2130.7634   1180.2737
        9.1178   2006.4954     27.5623
      913.1558   1130.3242   1417.6766
     1681.8007   1631.2993   1308.6237
       57.0852    248.6224   2036.5153
      133.7151    846.0747   1481.6444
     1376.0540    360.4808   1193.5044
     2198.5581    669.1289   1824.1840
     2029.2073    678.7967    588.2771
     1023.6918   1798.0222   2046.7272
      322.7634   1379.0140   1545.3834
      871.5129    626.2821   1429.1479
      237.9178    742.3121    247.0712
     1175.8057    133.1615    391.0600
     1484.3107    957.7772    355.6819
     1627.0616    904.5629   1941.0975
      213.2763   2208.0771     54.1269
      323.4245   1040.3153   1801.0732
     2140.5398    340.3630   1077.8909
     1602.1548   1148.6299   1584.7921
     1697.8444   1501.8425   1682.2062
       23.8363    360.6354    627.0229
     1230.7960   1263.1040   1371.5903
      956.1173    619.7325    512.3475
     1520.2429    512.3671   1583.1554
      337.3928    291.1299   1489.1591
      247.7825   2119.2866    951.0836
     1509.8555   2105.3306    121.2734
     1371.6315   1924.9945   1084.5140
        2.2301    787.4916   1312.3322
     1807.6962      9.5826    991.2490
     2233.1565    971.5208    777.9748
      816.1389   1624.9154    639.4728
      445.9649    891.3543   2039.3685
     1957.3394    641.3408    165.6275
      222.0488   1390.6604    363.1977
     1252.3596    187.5718   1907.1698
      673.8699    933.0728    866.8719
     1559.3716   1308.7694   1758.4521
     1798.2983   1833.1243   1392.0029
      927.7869   2008.7664   1296.5021
      738.4888   1233.0355    862.7910
      727.2848    465.2377    265.5941
      890.7437   1053.1704    598.9537
      322.9057    435.8452   1822.2454
     1371.9249   1543.9441   1999.0696
      463.0313   1816.7188    682.0519
      998.4774    292.6836   1119.2603
      410.3733   1988.2197   1129.6323
       26.9281    562.1425   1643.3309
     1194.0471    532.0626   2072.5625
      510.5622   1767.4694   2190.4602
      565.7631   1439.4156    138.1008
      809.5544    677.4333   1188.2034
     1974.6921   1734.8416   1816.2771
      758.2158   1863.8274   1491.5911
      138.5609     69.7356    432.2669
     1763.5969    164.7543   1152.5312
     2092.7319    380.3226    493.3360
       95.9608   1462.8087   1539.6405
     1188.7516    512.5273   1655.6550
      952.9810    148.5088    513.4952
      874.1581   1133.7526   1952.2887
     2202.3232   1182.6631     91.8373
     1028.2323     44.4072   1797.2009
     1320.5327   1758.9089    701.7559
      428.4855   1332.3717    982.1012
      968.3336   2147.3203   1972.5175
     1894.8521   1903.4177    801.1409
      313.4612   2185.5710   1549.1044
     1234.1361   2180.2488   1496.7772
     1657.4962   1054.0818   1390.7805
      455.6280   2117.5381   1699.4822
      181.4729     38.4680    831.6334
      234.5461    295.2457   1086.5857
       27.4109   1314.0502   1855.2606
     1442.5183   1495.3188   1677.6931
     1398.2117    114.5778    382.9936
     1640.1127    990.4360    184.9048
      342.1216   1949.5453    388.7063
      786.9282   1423.7300    505.4444
       19.0790   1511.3700   1731.2122
     1726.4680    144.1610   1478.2163
     1870.7784   2178.5002    797.7302
     1133.9471   1992.0431   2019.9662
     1338.5739   1871.9473   1298.7659
     1140.5880    343.4661   2116.4753
     1174.6892    435.9868    944.3232
     1542.1052   1363.6572    349.5350
     1344.8547   1314.7931   1608.5363
     1075.7784   1404.7505   1278.9238
      801.7230    371.2900   1027.4619
     1630.2085     37.0224     69.2420
     1178.8251    586.5804     19.0115
      682.9838     36.8563    900.9352
     1193.5507   1435.9325   1471.2852
     2074.6624   1706.6628   1143.5688
     1159.6327   1357.6718   1698.5537
      860.3771    881.7551   1094.8074
     1543.3375   1308.2074    593.9263
     1333.4152    625.0944   1476.0021
      938.0602   1985.5081    465.3982
     1067.3879   1489.3723   1837.5563
     2180.8826   1570.3003   2109.1606
     1170.6096    491.9834    213.1167
     2259.0881    588.9623   1420.3290
       13.4663   2241.4788    595.9114
     1828.7139    696.9871   2229.2668
     1118.4705     59.4678    882.7160
     1529.5784   1076.8706    555.7280
     1531.4099    154.2530    851.8951
      629.2067    624.3439   1525.9020
      840.6682    818.0533     26.3599
     1414.2528   1213.8597    436.7888
      292.7278   2223.8943   2101.3469
     1083.8890    863.8749   1776.7275
      459.3867    457.5380     34.9304
      289.2160    907.5469   1002.3397
     2051.1199    929.8057    932.1647
     1531.1116    778.7397    225.1397
     1919.9091   2057.9844   1960.6456
     2016.1523   1658.9541    410.3341
     1213.1564     24.4679   1725.4517
     1146.4001   1870.9158    566.2803
     2121.3967   1553.7985    925.7411
     1961.9690   1464.6736   1908.9175
      968.9079   1444.4445   1613.4570
     2046.9192    896.0274    503.8857
     1776.4480   1677.9554   2110.7700
      361.7693   1652.2052   2091.5747
      823.4766     89.9403    167.1445
      685.6210    172.6248   1470.4224
     1383.8895   1762.1079   1903.4957
     1941.8892   1496.9323   2117.7122
     2032.6788   1183.3599    229.2069
      862.9982    973.2274   1560.2782
      346.2892    137.8196    289.0869
     1250.0994   1673.4663    496.5287
     1049.5814   2116.4487   1576.5978
     1458.5338   2019.1954    864.3518
     2024.1884   1858.6428    970.1621
       65.5308    909.6287   1144.0300
     1144.5850   1042.9781   1893.4780
     2262.8196    641.6122    288.9187
      320.7413    296.6667   2172.8691
      728.8539    653.7535   2217.0259
     1924.1449    371.5700    240.9536
      450.8698    827.8163   1124.0944
     1183.6211   1339.6100    941.4531
      808.8281    824.6581   1386.6003
     1026.2495    327.6454   1322.1099
     2216.5586   1724.2803    957.7930
     1861.0258   1941.4991   1763.9275
      957.4159    141.8482    974.2709
     1409.7101   1426.3373   1439.3256
     1576.5486    822.8500    800.5755
      799.7379    754.8857   1596.6769
      326.5540    628.5172   1744.8601
     2173.3752    743.6812    132.7534
     1452.8052      0.3852   2230.9021
      881.6485   1249.7588    692.6818
      729.9558    635.8071   1811.6376
      333.7994   1353.9858    184.6722
     1133.3833    889.3529    297.4466
     1822.8923   1543.3033     32.4899
     2038.5602   1316.1654    776.7102
      885.8276    666.5908    960.1557
     1817.0067   1943.0482    459.7780
      927.2189    780.3362    307.4142
       93.0459    449.7387   1278.4410
     2060.5354    982.6446   1908.5397
      545.5657    346.1920    641.6440
     2251.1489   1165.4348   1068.3082
     1018.4083   1357.8030   2199.9460
      796.5514    142.6519   1101.6089
     1206.1050   1693.9579   1994.0098
      221.2020    122.2387   1538.7334
     1947.6653   1235.7394   1433.4814
     2052.7126    171.4061   1998.5903
      478.7029   2089.7441    936.7842
      668.8155   1692.9791   1368.1091
     1934.2252   1794.2246   1584.2653
     1684.0387   1479.0088    730.2214
     1306.7198   1616.9176    908.4446
     2141.6819    786.3452   1997.4761
      607.5589   2109.9387    184.5573
      884.4868   1959.2451   2078.9517
      756.0915   1122.2981   1225.6427
     1802.2256   2160.2461   1823.7124
      445.5872   2109.8318   1338.1257
      280.9635    628.1006   1958.7015
      410.9083    371.0445   1997.4553
     1301.0609   1317.2288   2141.7114
     1628.3761    787.2650   2125.2683
     1528.6063    418.2807    127.8146
     1553.9753   1326.8524    844.1400
     1351.2269      9.5766    927.9119
     2061.9268    678.2944   1366.1471
     1280.0358    126.7252   1557.3761
      525.5583   1053.4697    175.6115
       64.1083   1933.7401   2074.5786
     1120.2996    160.8497   1385.7753
     1193.4937   1273.8074   1943.4071
      985.7804   1537.7316    450.4488
     1370.9861    442.4026   2185.8303
      682.1423   2059.1448    942.8557
      219.1004   2101.1458   1747.3424
      405.1435     75.5448   1689.1763
      223.2610   2105.8447   1399.0192
     1262.0033    311.9692    349.5297
     1820.9269   1028.3486   1523.4506
     1098.0781   1375.4417    302.5623
     2218.3066   1586.7993    548.5120
      861.4954    815.5925   1805.8488
      515.0742    233.0059   1600.5034
     1505.6536    437.4548   1960.4515
       26.9280    429.4213    383.8416
      868.6395   1899.1433   1673.1967
     1468.6429   1155.8563    753.4212
      355.9116    634.4413    436.3133
      408.5814   1695.6761    874.0927
     2211.5076   1452.2207    740.0897
      970.5978   1599.7456   1967.8770
     1746.2645   1888.7773    673.5287
      375.5258    349.8087   1264.7131
       70.4936   2206.4050   1569.6625
       43.5101    190.1620   1019.8687
     1615.6602    527.3182   1028.9197
       16.2948   2205.2539    118.2223
      521.2306   1161.9017   1849.9421
      326.8506    306.2017    634.2630
      813.9026    293.8648   1991.4912
     1649.0917   1229.1018   1261.2679
      738.2504   1986.0276    572.9359
      322.6538   1892.5573   1288.0730
       28.4068   1750.7385    193.5959
     2024.9829   1711.6560    774.8708
      817.1661    484.7088    830.2820
        7.8099   2007.2145   1676.1207
      812.0430   1773.1251   1890.3031
     2102.6626    364.3297    718.7944
     2178.7708    738.1431    844.1334
      204.7854   1387.2903   1729.0924
     1803.7533   1164.6157   1900.3671
     1358.9944    782.8926    905.8232
      845.3217    760.5466   2046.8082
     1440.9786   1589.2938    323.3611
     1730.7727    524.6876   1390.2954
     1836.1871    701.3442   1313.2635
      309.6021    949.2501    190.7693
      659.4251    408.9502    457.4553
     1573.1558    258.4991   1093.7018
     2217.4094    586.2394    499.9796
     1516.6375    238.0510   1913.0076
      307.9980    261.4574   1703.9301
     2142.1904    324.1929     84.5625
     1965.4965    327.4634   1871.8739
      696.6238    923.1298   1201.2556
     1614.4421     88.7950   2131.3992
     1850.7708    994.1403    167.9251
      344.3070   2245.2363   1866.2847
     1647.9164   1730.7787    557.5239
     1847.0646   1383.0045    635.9246
      409.3850     46.0915    940.8328
      905.8976   2115.2417    267.4619
     1192.6980    843.4515   1975.5536
     1715.3475   1232.1195    703.3647
     1608.2522   1363.4628   1558.2996
      422.3066     92.3415   2243.1963
      425.3902   1528.5994   1327.1450
      597.6769    230.0780   1070.4147
      326.2570   1251.1941   1208.9963
     1105.1486   2020.4542    325.2943
      735.8513    183.2785    482.0268
     1684.2217   2014.8140   1958.7438
     2230.0728   1806.4354   1809.5914
     1869.5558   1121.6749   1255.5833
     1550.2212   1791.3894   1172.4827
      374.7415   1067.9132   2001.2306
      935.5262    975.8268   1276.5756
      449.2447   2114.9836   2262.2761
      267.5687   1031.9084   1571.5490
      478.5894    956.2022   1650.9104
      146.7341    717.0703    453.4664
     1776.8746    745.5995   1545.2168
      641.6824   1913.2041   1758.3691
     1350.4650   1386.4727   1831.3248
       47.8009   1385.9584    542.5511
     1179.7045    913.8478   1253.7196
      571.7156   1900.5110    294.2868
      985.6545    904.7864   1969.4259
        4.9647    941.4446   1895.7787
      654.4171   2038.1324   2213.5112
     2255.0813   1681.8687    742.5361
     1909.6832    338.2994   1464.1086
     1266.2296    626.1628    490.4159
     1252.4954   1168.7755   1757.6960
     1304.2964   2127.7693   2058.9299
     1283.8387    361.9818    114.2014
     1372.5446    576.7960   1239.5502
      546.1475   1701.8512    181.8952
     2038.2295   1979.2429    628.6133
      342.0381   1749.3541   1622.9178
     1022.5302   1352.8435   1078.7574
     1237.4318   1535.1460   2214.1204
     1360.9846    518.5805    298.8671
     1423.2212    771.7526      7.4397
      229.1182   1268.8257   1002.6989
     1464.5109   1732.2308    962.5806
      769.8420    684.4362    181.8960
     1447.5391   1136.0405    210.6646
      631.2638   1457.0253   1383.2688
     2069.9407   1240.4045   2193.2769
      158.5071   1027.9260    342.5093
     2179.4521   1246.4031   1446.9670
      327.4262   1148.4373     84.9193
     1007.1396   1866.9397    931.1050
     1946.6980   2257.2122   1147.2102
      323.7422   1760.3490    501.4287
     1716.6633   1475.6724   2074.4521
     1103.4614    479.5735    451.7151
      686.6670   2067.4558   1368.8770
     1838.9193    146.3372   1971.8492
     2109.7520   1050.0299    635.7975
     1069.0365    949.8705   2178.8054
      295.7722    844.4315   1669.8832
     1859.2576   1402.8091   1558.3396
     1464.9442    668.6786    429.4302
     1718.2164   2182.7156    239.5091
       57.0511    416.1700    158.2126
      417.9165   1353.1697   1815.4575
     1205.4814    617.4081   1059.0453
      684.1559    215.3029   1803.4243
      984.3478    449.3478   1498.0364
     1965.6940   1983.1298   1386.4258
      400.6543    562.1776    228.5648
      358.1869    116.3265    742.3330
     1178.4813   2090.6167    563.8317
      128.7932     40.8243   1968.8657
     1874.5187   2094.1936   1229.4695
      271.0599   1257.6608   1924.6794
     2106.0254   1446.5065   1141.8595
     1142.8873   1746.0955    804.2050
      370.0141   1106.5623    983.5073
     1897.8315   2226.6165     95.5785
      664.4086   1104.4066   2044.9458
     1870.0919    603.7484   1740.7211
     1905.8951    841.9076   1699.8616
      954.9040   1102.2278   1078.8693
      142.7507    726.3426   1798.0588
      533.7059    548.8187    524.4358
     1734.6384   1237.2169   1449.1106
      839.7526    265.6992    322.1733
     1172.8101   1216.7980    445.2245
     2219.2751    942.5836     68.7338
      272.5826   1211.5233   2147.7017
      120.9531    679.0965    680.1556
      756.2935    317.2313    674.7375
     1009.8213   1551.1631   1429.6237
       51.9138    870.1718    242.7338
     1294.6189   1056.9077    590.0773
      495.4804   1090.1141   1487.6406
      625.9529      1.4267   2194.0059
      291.2503    761.1996   2108.0229
      942.7215    259.7804   2160.9468
      181.6183    128.4049   2173.6553
     1592.8147    473.4300    450.5533
      377.3289   1010.0773    531.1794
      729.0077   1328.3783   2027.6793
     1915.7405   1565.0953   1274.9462
     1767.0491   1900.3420   2133.7378
     1692.4364    303.2882   2063.2974
      601.4036    523.2161    740.9862
     1570.1569   2141.4614   1776.3988
      890.6136   1398.7271    888.3824
      184.5865     70.2069   1759.1222
     1283.9637   2090.8691   2262.7791
      631.0879   1275.6836   2237.8845
     1072.1699   2060.0217    117.6519
      541.0901   2214.1008   1516.7561
     2115.2712    130.8995   1301.8218
      857.8297   2199.6160    528.3016
      339.4622   1418.1273   2071.9509
     1140.3694    306.9187   1522.1575
     1895.6342   1625.4420    213.4630
     2216.5728     96.7061   2124.8906
      610.0070   1180.2728   1641.2330
     1414.3502   2202.1343   1623.1251
     2168.9978    381.4277   1907.0923
      487.3010   1270.5171   2042.1334
     1713.7625    862.3868    625.2175
     1959.9604    503.5173   1301.0787
     1161.2959    639.9518   1830.9976
      331.1815   1464.0746    862.5277
     1304.4100   1062.0289   1334.0054
     1384.5485    208.8572   1745.4757
      846.3985    984.5763   2153.6218
     1429.4441   1910.6423   1715.7181
      998.2910    889.6826    681.6250
     1739.9349    514.8892   1611.5327
      886.8784    675.6656    728.9586
      810.0233   1487.0775   2137.4685
     1804.0537   2022.1707     95.5436
     2136.5237     79.4397   1101.5634
      347.6324   1822.9900     29.9111
     1515.1174   2098.6943    331.8612
     1197.4800    225.1729    971.1255
      876.4368   1049.6323    835.7070
      840.5222   1212.0754   2180.4978
     1677.7458   1395.4352      5.5322
      706.3126   1006.8981   1670.8680
     1460.6627   1498.3545    700.3102
      186.7068    459.5292    755.4232
     1983.7214    533.4193    399.1345
     1022.6701   1613.9095   1220.6992
      160.2287   1094.9421    868.1133
      352.7709   1130.1554    304.9465
      561.7002   1104.3308    876.8300
     2231.6086   2049.7583    678.2146
      954.5622   1823.3898   2261.6553
      693.4218   1334.9932   1224.8472
      245.3733    833.0466   1222.0110
     1556.2048    258.7029    473.4116
      312.6461    701.4086    843.3724
      615.6580    382.2178   1964.4448
      587.1406   2039.0770   1932.1669
     2215.7319    565.9722    711.9384
     1332.4723   1694.7368   1140.4689
     1234.7305    733.5799   2137.3762
      917.1756     96.6646   1983.7583
     2243.4844   1396.2500   2241.9766
      885.6796   1590.0839   1746.1505
      999.3502     60.2265   1180.1127
      233.9430   1474.6337   2234.8831
     1596.6085    417.6460   1229.1814
     1845.3032    770.0880    494.9399
     2111.1333   2072.5068   1534.0168
      614.4099    845.8566    121.5639
     2023.5068   1619.6694   1479.0498
      374.1099    405.4561    455.3568
      778.2459    421.9589   1820.6064
     2029.5724   1678.9187      4.0654
      535.1577    620.9665   1726.7229
     1255.5154   1099.3352   2083.4990
      631.6111   1539.3491   1701.3849
     2248.9583   2005.1284   1893.3015
     1929.8098   1555.5482   1704.8918
     1621.7603   1857.7605    868.1864
     1370.5031   1005.4290   1888.9418
     1283.2476   1580.2985   1789.5129
     1217.9736    692.9750   1274.7943
     1036.2913   2115.1797    929.8351
      686.0038   1061.7903     23.4809
     1556.3060    179.4808   1317.2032
     1773.0220   1190.9745   1685.2325
     1449.2823   2191.7070    750.7686
     1907.1195     18.3845    343.5092
      219.5151   2196.0027    624.2924
     1699.7915    515.5308    761.3109
     1701.6556    702.9736    903.2250
     2131.9749   2035.1774   2098.7522
      754.0582   1731.2539   1679.0615
     1088.0175   1017.1251    487.8152
     1121.1326   2096.0354   1786.1953
     2158.8276   2227.7864   1976.9143
       94.5349    605.7676    897.8855
     1745.9971   1723.7041   1708.4575
     1258.2329    858.7982   1452.6835
     1571.4994   1626.5520   2023.9071
      539.4702   1718.8719    416.3543
      114.0898   1782.3431   2225.6357
       84.2286    933.3118   2106.5452
     1468.7155   2132.2234   1044.0026
     2190.4082   1873.7849    792.3990
      553.7808   1902.9180     79.6791
      482.1479    233.6220   1831.9778
       34.3696   2200.4675   1793.6810
     1931.5962   1062.2948   1715.2520
     2232.9509    870.5417    419.2184
      774.2455    205.9772    860.6196
      274.7708    478.2362    960.6815
     1992.5122   1886.4982   2158.4854
     1852.6227    951.6699   1930.0140
     1687.0018    913.0537    972.7352
     1460.9497   1210.5388   1412.2798
     2258.2500   1607.5693     36.8700
     1492.8066    275.6106   2129.5752
     1496.2938    838.9084    533.6605
      968.4135   1474.0480    677.3474
      506.9973   1722.3192   1188.8107
     1637.3864     66.9282   1897.7638
      592.6322    422.0302   1527.6926
     1740.4547   2175.0623   1625.6754
     1807.1719    565.9139    534.5060
       88.5046   1807.2360   1623.2814
      369.2010    957.3660    782.6805
     1603.9089   1903.3456     45.2812
     1373.1958   1426.5419   1039.5696
      410.8307   1585.1078     31.2840
      776.3732   1220.8234    171.1808
     1595.4657   1135.8917     29.8590
      387.0687    700.0013   1335.7500
     1019.1115   1215.8700   1802.8264
      220.1298   1662.1385    105.0726
      370.8581   1194.7460   1673.0730
      761.6471    942.9630   1941.9169
     2004.9722    744.6702   1858.6270
     1480.5979   1996.0493   1919.0299
      793.3283    365.3971   1396.1084
     1207.4078    745.3743   1635.3911
     2104.6399    499.4367    211.9319
      430.2166   1880.4674   1745.1345
      762.0011   1867.5974   1268.0869
      123.6448   1768.3500   1139.2391
     2125.3914    893.3829   1703.0883
      365.6989   2155.7380    771.3458
     1483.2435    526.6622    667.2970
     1924.8037    102.0566   1568.4667
     2154.2961   1971.1517   1282.1711
      425.6780    162.9057   1181.8702
     1374.0281    585.5656     95.9736
      673.2819   1141.0074    674.4708
      645.5862     68.4896   1664.4316
       94.8008    520.2943   1852.3456
      701.2522    691.7015    830.1248
     2260.0022   1280.9921   1648.1058
      613.9998    408.9101   1177.5936
     1333.5391   1599.4880   1530.5573
     1729.7604    983.4731   1715.7443
      464.5627    779.1533    243.3150
      821.4477   1705.0127   2094.9377
     1427.0458   1239.9434   1221.0446
     2123.3782   1583.5042    223.0638
     1345.8820   1032.8265   1118.8376
     1318.4784   1402.1548    304.5490
     1643.4535   1011.0892    742.2936
     1370.7133     90.7203   2062.3423
     1891.5200   1098.8466    789.8823
     1215.1497    439.8282   1363.7017
      130.8710   1466.5334    167.5659
      674.0836   2112.4666   1689.6664
     1845.0966    675.5324    716.6481
     1593.8384   1963.1271   1044.8237
     1193.4189   1010.8792     98.1086
      844.5949   1466.8263   1105.4513
      411.4590   1735.6696   1391.7307
     1296.6990    818.2226   1107.9148
      232.9936    902.0524   1929.1112
      116.4693   1236.7716    243.8468
     1585.1483   1353.6868   1078.5469
     1233.3112   1280.9323   1147.9139
     1584.1198   2202.5789   1490.1195
     2148.7944    879.2050   1467.2113
      459.2134   1144.0502    696.2744
     1780.5758   1592.6661   1892.6643
     1092.1279   1787.9467    362.1725
     1062.1652    398.5457     44.2103
     1113.8862   1959.0911    772.4206
     1159.8947   1582.1536    294.8130
     1529.1350    708.0722   1883.3655
      918.8647    225.4764   1777.3177
      262.7826   1860.5548   2032.7877
     2038.7739    172.7712   2207.1455
      744.6379   1755.3019    202.8065
     1852.9504   1798.0986     41.6409
     1897.6917   1315.1401     33.9361
     1187.5135   1396.4896     98.5832
      587.3660   1339.9115    562.2114
     1553.2195   1994.2939   1558.2644
     1674.5813   1569.1130    335.8979
     1600.4845    574.7685    261.7858
      253.5364   1510.4983   1898.6229
      424.9405   1406.9039    660.4196
     1896.9521    122.2085    782.9221
     1299.0282   1844.4016    902.2974
     1565.6836   1756.2133    345.6739
     2124.7217   1376.2845   2045.0809
      719.6083   2079.7637    372.7643
     1050.7263    243.8847   1944.6202
     1615.8665    106.2889    273.8033
     1693.3450    363.7110    279.6517
      574.2434   1517.3854    341.1668
     1617.9095    667.5288    628.6579
      567.8307    268.9196   2176.7026
      557.3756   1523.1118    827.7734
     2142.6152     15.0550   1680.2181
      653.4809   1432.2244   1001.0846
      149.5623   1672.3165    541.7301
     1320.7040    152.3452    760.2634
     1079.3350   2158.3337   2150.4263
     1323.2268   1964.8763    706.9994
     2103.0850     24.4249    454.1831
      457.9961    463.3193   1033.9271
     1787.6060    528.4604   1177.4653
      471.9600    520.2012   1377.9122
     2063.1055   1107.1294    430.5069
      309.4958    815.2180    619.1802
     1475.7006    202.6015     91.2718
      903.6739    375.7326    491.0299
     1286.6792    603.2708    826.3260
     2056.7593    665.3518   2149.7048
      783.9267   1589.6777   1517.3260
     1699.6022   2149.6646   1116.1387
     1517.6246   1889.4814    676.8588
     1316.2688    735.9041    278.4896
       32.5544   1502.1262    368.4875
     1087.8453   1144.2823    670.5176
     1182.7672   2242.9026   1306.2018
       19.9238   2162.3855   1369.3545
     1396.3281   1466.2739    502.5703
      626.8501    399.1030    904.4083
     2121.9473    191.3723    891.8333
     1954.4899    392.2964   1667.0096
     1652.3976   1938.7068   1724.5547
      885.6713   1364.4878   1409.5684
      146.6088   1845.6041    357.9060
      719.2458   1881.9949    757.3679
     1563.3608   1114.3770   1082.9004
     2030.2544    384.5823    908.8537
      554.6171   1004.6622   1062.3511
     2257.1760   2131.2380   1147.7841
      259.7824   1449.4606   1102.8605
     1856.2902   1291.7522    892.3051
     1629.3472   2215.4763    892.4066
      773.8646   2249.2747   1860.0664
      199.7968    311.5067    437.6246
     1788.9003   1611.1763   1507.6161
      878.0043    828.8568    533.8957
      653.7081    364.7786     81.5672
      171.8753   1646.3926   1701.7462
      100.7175   1334.5199   2068.1238
     1159.4181   1211.5544   2257.0933
     1297.3185     10.2274    589.2285
      773.3159    525.2385    598.4871
     2048.3025   2197.3499    669.6417
      288.5702     42.5440   1331.4396
     1340.0490   1454.8657   1242.1914
      783.8776   2033.0613   1878.0935
      115.6869    309.2188   1807.2881
     1147.7391   2237.2449    241.2192
     1392.8058    252.6152    995.2858
      298.1079    860.3640    394.8351
     1435.7523    981.7126   1499.6442
      363.7116   1020.5676   1209.6796
     1845.3597    345.1052    442.0372
      252.8397   1414.5847   1321.2108
     1080.6937    191.4233     76.5140
      669.9290   1880.2595   2051.1501
      746.0751   2142.5530    738.3840
      415.9407    793.5919   1844.1694
      336.8817   1174.7139   1391.0723
     1937.9786   1480.7112   1037.6938
     2152.9551   1585.1193   1314.2866
      770.3277   1605.6915    405.7628
       97.4691   1207.5959   1289.0269
     1621.7601   1502.7393    514.5612
     1582.1967    380.0839    883.9155
      211.2534    215.5650     99.0215
      340.8989   1927.3435    847.2589
      526.7521   1919.0120    510.6914
      167.0843   1365.4733    726.4579
      588.0630    635.4553    333.5431
     1117.9602    111.3004   2104.5657
     1957.8329   2148.7227   1648.6798
      787.5399    509.9772   1622.1206
      392.1066    474.5716   1604.1473
      316.4885    363.2505    256.9777
      203.8016    541.8246    305.4062
     1857.7325   2071.6160    608.6944
      773.9873   1202.2660    502.8897
     1553.6943   1520.6382    154.4560
     1760.8918    502.7843     99.2444
     2112.6504    487.3296   1533.4449
      446.3065    135.4409   2042.0951
     1341.5852    248.6365   1372.9136
     2096.1895   2094.9097   1808.4052
      681.5178    772.8165   1033.9501
      290.1655   2183.6482    396.6355
     1555.5151   2256.7668    468.6394
     1473.4102   1480.3309   2197.9758
       90.4109   1871.5040    606.0413
     1039.3778   1090.0510    264.4184
     1113.1997    744.0856    898.6480
      751.5105   1381.4886   1596.3229
     2175.2185   1821.2096      0.9247
     1877.3895   1076.4210    991.0164
      634.8624   1553.2277   1189.1136
     1461.0864    676.9042   1048.8705
     2130.6895   1619.4813   1880.2045
      661.5655   1617.9006      0.3701
     1519.6400   1387.4028   1975.9449
      638.0312    198.9144    251.4794
      869.6950   1629.9353     48.0153
     1770.2413   1429.1084    214.1479
     1508.5491   1574.6674   1141.5408
     2240.2722   1781.8536   1323.8004
     1706.5092    205.4586    677.2004
     1190.2646   2260.2383   1078.5807
      404.9569    399.3918    814.0638
     1863.1318   1482.3224    419.9969
     1477.8715   1725.7211    122.9579
      943.6444   1626.8502   1009.0827
     1099.4893    795.8834    502.2088
     1929.3369    742.5070    945.9259
     1345.8712    230.2841    554.7906
     2027.1378   2251.3242    933.1315
     2025.8967   1046.3881     34.6950
      502.7868   2176.5393   2062.3943
        4.3312    150.3731     62.7903
     1781.5439    346.4436   1054.1782
     2035.1683    586.7964    837.1803
      898.3784     25.8129   2163.1716
     1176.8918   1527.8440   1097.6095
     1330.9476   2109.4167   1209.2063
     1269.7428    953.7842   1687.0919
     1369.5669    918.1047    160.3497
     1904.9462    334.6809   2079.1084
     1553.7523   1436.1982   1315.2845
      175.5951   1896.7695    132.3712
     1630.7988   1137.0867    345.7031
      908.1893   1752.6971   1370.1771
     1580.4933    298.8556   1692.7808
     1287.3040   1971.1787    391.4285
       76.9840   1476.0148    950.7227
     2229.0928    550.0317   2034.6235
      558.2438   1915.1665   1302.1316
       48.6570   1160.7230   2151.2983
     1735.5887    290.1762   1836.6400
     1099.4595     61.2364    637.8351
      135.6264   1058.3876    105.4072
       46.0529   2236.1228    985.7484
     1412.9058   2083.9163    539.4313
       58.3213   1975.7262   1461.1708
      552.8418    937.8716    664.9824
      991.2330    522.5946   1066.5459
     1548.2106   2220.0261   1268.1606
      713.5499   1031.2972   1434.5289
      363.7212    540.6434   2133.4639
      110.3784    802.9667    974.4702
      222.4855   1487.0293    568.4893
      534.6772    279.4121   1357.5048
     1573.3474   1600.2682   1509.0614
     1847.5054    529.0997    936.4147
     2100.5505    139.5368    663.8434
      197.2078    414.7514   2015.2806
      204.8746    660.3983   1557.8142
     1414.7125    831.9636   2024.7017
      880.8168    996.1710    397.7357
      701.4139   1245.5232   1433.2639
     1798.3577    502.6910   2145.7856
      138.3461   2054.1714    491.7220
     2134.3525    359.9357   2126.4592
      348.9278   2005.0399    171.1714
      800.8909   1391.2921     54.3555
     1113.5610    672.3997    678.1589
     1487.4572   2040.3727   2168.4995
     2204.7727   1972.4653    247.0571
     2018.8534   1235.6525   1856.8899
      258.6366    493.3019   1432.6707
      191.3182   1799.7861   1415.4061
     2027.4530   2093.2820    447.7948
     1589.0958     70.8723   1080.5737
     2259.9915    756.7477   2198.8938
     1224.8870   2172.2852    774.5536
     1759.7966   1251.0680   1090.2334
      550.8017    429.7705   1756.5540
     1313.7218   1296.9564    627.1723
       19.7881   1050.6047   1532.7013
     2191.6523   1112.4479   1749.9518
     1693.0396    278.7925     64.4585
      879.2929   2019.6628    842.9708
     1914.2589   1494.0826    816.0433
      791.6129    628.7873    402.9786
     1992.4001    822.6748     57.3550
     1962.3551    280.6230   1211.3662
      524.9990   1161.7913    469.9239
      194.6601    264.2523   1312.5713
     2235.4739   1038.4559   1292.9115
      766.5080    869.6180    711.0314
      426.9688   1544.5260   1044.4513
     2171.7231   1181.4204   1991.8699
     2064.5254   2048.0735    842.8973
       12.3030    777.4122   1612.9589
      365.7824   2043.2686   1904.2142
     1326.4960   2109.4055   1843.6283
     2078.2947   2175.2075    214.6015
      982.9886    432.3486    678.5320
      522.4886    637.2274   1144.7277
      542.5958     38.4913    350.9677
       60.4269    353.5704   1478.6581
      443.3736    241.7967    115.7493
     1329.4548   1386.2869    827.9976
     1263.4156   1121.7072   1535.3185
     1662.7804    718.3617    410.6201
     2044.7192    186.8114   1710.4622
     2197.7200   1381.4723    183.7714
     1290.7461    223.6083   2223.0354
     2115.2874     28.5007   1484.0636
     1376.3990     36.8484   1410.1246
      360.4301   1775.5323    277.5385
      754.6267     27.7841    368.5997
     1070.9377   1720.9412   1812.0040
     1211.2844    206.3520   1182.3613
     1884.1696   1014.3789    377.0399
     1167.9015    430.0688   1855.8927
      616.1868    740.9682   1303.4938
      344.7024    566.0861    664.7997
      193.5064    850.5142     31.6278
     2020.1388   1867.0541    383.5453
     1424.5345    940.6234    708.0975
     1300.0724   2083.2661    217.8999
      925.4777   1222.3274    364.9449
      178.6277   2077.2063   1987.1479
     1426.0032     41.2025   1857.4930
      558.9019      8.4477   1861.7899
     2043.5222   1414.7979   1363.6688
      158.2283   2033.7550    771.9897
       95.4292    739.8403   1998.1326
     1099.3569   1131.6750   1248.2462
     1102.4152   1693.8130    115.6989
      582.9958    506.0372   2131.1318
     1131.5355   1953.9109   2218.0791
     1222.3792   1609.8508   1340.0990
     1516.9978    102.2750    639.4489
      494.4483   1103.4409   2210.4998
      407.4102    254.5914    977.5562
      540.6078    125.5347    587.8991
      771.5572   1576.0487    889.6533
      615.7846   1691.5238    989.2678
     1722.6179    739.9363   1112.3077
     1590.0095   1282.2406    162.2406
     1097.9327   1005.5107   1435.1583
     1536.4961    944.4417   2256.2314
      303.4445    522.1038   1197.3512
      767.5251   2155.6826   2075.1575
      999.4604   1911.0959   1467.3167
     1513.4375    620.2690    850.2449
     1902.3610   2059.3484    278.5211
       22.8093    173.5276    740.2582
     1579.8448    618.9866   1239.1804
     2225.7520   1884.5444   1086.8271
       34.5690   1414.0314   1336.8069
      346.1003    117.9624    497.8898
     1660.6808   1152.8539    911.0829
     1349.7688    388.3459   1570.1311
     1373.4053    412.4826   1796.6907
     2021.2239   1245.5568   1633.0165
      619.9501      4.4579   1085.4226
      755.7261   1538.5132   1936.3348
     1036.0912    667.5510   2003.9161
      748.2259    295.2812   1614.5259
     1995.8802   1775.0245   1354.0061
     1357.9198   1125.5608     11.6579
     1146.4954   1802.1558   1282.6400
     2201.4878    561.5601     13.6286
     1469.8171    991.9001    922.4205
      177.4254     34.3418    241.7605
       72.1688    366.3929   2220.3562
     1001.2382    659.5894    123.0288
      910.7705   1032.4711   1770.7795
     2185.8325    595.1581   1203.2418
      771.8994   2258.9404   1441.4913
     1295.6774    853.6122    451.9182
      376.8987   2213.5422    177.5454
      436.5465   1334.3700    381.2444
     1369.1483    382.2434    816.7750
      618.8538   1365.7723   1833.8118
     1514.2836    324.1563    674.2636
     1126.5552   1942.6643   1101.3358
     1278.5043   2030.7539   1647.8403
     2065.3914    862.5090   1255.8182
     2087.6125   2173.9810   1281.0557
     1394.9553     94.9316   1173.1898
     1456.3286   1653.0697    537.9570
      757.4692   1051.8799   1011.2723
      788.4831   1984.8130    178.9476
      611.3199   1666.6051   2037.7450
      863.0137    299.8656    115.7129
     1714.3616    996.4699   1180.0203
      994.0460    652.7671   1636.3105
        2.1857   1198.9264    684.0826
      792.2880   1695.0513   1151.1635
     1183.4979    423.1441   1145.7485
     2026.2103    855.3627    735.9402
      225.8438   2005.2771   2211.5305
      334.6572    672.0309     31.1993
     1420.5863   2065.6672   1418.6195
      120.8274   1716.4260   1932.8317
     2208.0393   1959.5183    463.0992
     1982.6475    499.1682   2257.6123
     1620.8685    695.1555   1683.5562
      524.0714   1148.7048   1272.6453
      709.5820    226.5231   1264.1885
      621.0444    907.7663   2148.5449
      537.4557   1252.5851    190.8729
      843.1295   1379.4100   1807.5400
      869.6451   1416.2479    298.1039
     1025.2771   2128.3821   1150.0963
     2256.5127   1654.9323   1488.1877
     1577.8732     83.8260   1705.4929
      488.9155   2091.6877    354.2922
     1722.0665    177.0752    908.8561
     1812.9528   1126.1782      6.7687
     1025.6954   1506.1246    116.5252
      696.7002    843.6619    341.4042
     2071.4575   1924.6870   1703.0269
      958.7560   1095.8428     50.3546
      149.7422   1620.3124   2103.5520
      217.5784   1651.4285    985.5537
      994.9069    891.0483    122.6521
      488.2875    776.9479    491.7196
      776.0721   1870.6277    379.5866
     1061.6813    318.9702    280.7080
     2181.6938    564.7700   1007.8193
      558.6197   1470.8889   2119.7373
      480.5918   1381.5624   1187.4672
      423.2925    886.7869     15.7539
     1733.3831    770.1469    182.3696
     1018.2491   1584.9049   2164.6987
      376.1824   1548.7786    466.2084
     2056.3767   1887.1757   1939.2100
      605.1685     38.4286   1302.4940
      841.9936    460.3127   1221.9493
      904.5474   2035.9652     13.3603
      813.4185   2194.1345   1228.5742
     1318.0111    342.7563   1990.4454
      106.9222    649.0487   1121.5427
     1925.0380   1082.9873   2070.9421
      945.4412   1876.6962    193.5948
     2032.7322   1999.6558     98.1170
      126.4785    645.3829     93.6674
     1565.8904   1565.3555   1834.5883
     1539.8430    686.9226   1452.9194
      983.7491    103.7734    313.9369
     1714.4496   1012.2786   2102.4993
      424.6044   1967.1333   2124.4468
      146.9306   1276.4509     50.1170
     1583.4294   1121.3448   1870.3948
     2138.3804   1677.4182   1669.6030
      907.3422   2122.5793   1746.9414
     2138.6392   1349.8268    970.2068
     1442.7292   1135.9023   1683.3922
     1609.2982    449.7363   2199.1318
     1725.6062   1466.7080    942.7159
      744.4648   1833.9803      2.9732
      236.6666   1955.1301   1587.6392
      979.4963    437.2778   1978.6404
      531.2885   1572.5710   1519.1449
      894.7224    162.9626   1332.3580
     1128.3459    673.2382    332.6113
     1254.3256    959.2927    895.1906
      933.7088   1685.7627    803.3701
     1912.2563    304.5443     55.2248
      924.3378   1251.0564   1229.0693
     1832.9578    884.8131    818.2513
      948.2877   1663.7885    262.8282
     1179.0863   1118.0790   1008.6262
     1259.2390    163.0653    181.9200
      676.6398    734.2326    559.4771
     1608.7582   1956.7275    470.5811
      939.7418    238.2264   1534.0448
     1321.7258   1892.8612   2076.7712
     1701.1644   1713.5288    164.9841
     1732.6449    154.6909    449.0627
      946.4254    514.8027    290.7189
      633.8634   1874.4730   1095.8179
      420.1273   2205.8948   1144.0338
     2090.9792   1422.9827   1757.3491
     1390.8822    435.7303    506.3643
      794.3345    979.7388    182.6253
     1768.1447    890.5026   2253.9111
     1776.3505    283.1961   1621.4330
     1808.8254    132.4717   2216.4331
     1758.5962    300.7523   1305.4895
       97.1467     66.5539   1205.1279
      677.2328    532.8975   1325.8490
     2052.6843   1474.0333     22.4483
     2214.4810    142.9006   1857.2292
     2083.2561   1020.7508   1110.8584
     2197.2881    371.2955   1692.1903
     1744.6962   2152.1685    454.9073
     1473.9875    625.1173   2121.0449
     1699.1191    923.0671    385.7180
     1081.0480   1083.5742   1644.5125
     1573.4653   1854.5398   1383.6804
     1434.1539    806.5988   1302.1693
     2231.3135   1732.2382    399.2808
     1755.8149     11.1713   1311.0060
      686.5305   1770.6066    558.8112
      490.1481   1532.7345   1907.4109
     1406.9601    780.0216   1601.7374
      811.2729   1805.0049    944.3472
      166.9294    178.4817    626.2135
     1700.7623   2037.7892    831.9431
     1895.5498   2184.4197   1437.7489
     1908.3193   1769.0552    600.3630
     1722.2690   1364.3673   1896.7659
     2097.5281   2198.9934   2255.5691
     2147.7695   1844.7614   1515.9333
     1849.7491    707.6111   2014.5929
        9.6188   1596.2452   1125.6191
     1949.8928    697.6937   1134.4563
     1181.3741   1864.2684    172.5258
     1115.5870    615.8337   1469.8450
     1806.7186     94.6124   1752.2483
     1063.7445   1270.1188   1495.0425
     1308.1512    933.3325   2191.2971
     1028.7375    861.5029   1579.8770
     2082.3801   2070.1013   1058.2731
      990.0021   1285.5365    148.1440
      366.8601   1606.1604    666.5867
      347.8604   1717.8560   1870.4757
     1952.0233    872.7510   1499.5137
      309.8385    685.1815   1049.9071
     1395.7350   1692.4125   2166.2349
      422.4982   1342.9580   2262.0542
      115.2670    945.0496   1716.5283
      672.5607    982.2056    505.0329
     1211.4868   1952.5928   1489.7689
      955.0470    207.9308    719.9989
      501.7400    716.8754    708.5303
     1036.8689    551.7803    835.0547
      384.4642   1546.7441   1699.9031
     1222.9940    897.0330    683.9016
     2128.8254    285.8524    298.0806
      172.1634    507.2401    531.7581
     2069.9988   1070.4645   1554.1884
     2013.5243    531.3245   1998.3066
      179.7254    415.5132   1627.8868
     1829.8959   1831.8752   1933.3568
      269.3536    997.2266   2171.4124
     1815.9028   1590.4694    588.9745
      820.0814   1536.8577   1316.3073
     1924.2310    574.5046   1512.0898
     1489.0538   1057.1041   2073.1968
      306.5948   1646.8005   1202.5251
     1887.3014    964.5696    609.8713
      912.5984    852.4335    885.4513
     1792.4825    572.7664    305.6036
     1978.4431   1403.1525    223.0398
     1699.9899    395.0922    604.9719
     2098.1206   1120.5564    872.7724
      134.4726   1837.3342    891.3287
     1624.4756    352.5405   1459.0050
     2183.3501   1776.1855   2043.9829
      482.8605    582.2236   1936.0587
      947.4976    606.0661   1822.5736
     2117.1943    280.2600   1492.0222
      623.9638    750.4172   1969.5186
     1945.4849    466.6652    651.2098
        1.7260    386.1165    875.5444
     2065.6091   1800.0956    185.1055
      553.2828   1310.5601    799.1913
     1151.7371   1731.8220   1030.9622
     1174.9268   1447.3525    503.1906
     1990.8535   1236.0730   1059.3835
     2100.6675   1321.1586    582.6322
      726.5328   1538.1162    197.5967
     1745.4318   1104.2450    536.7896
     1727.8575   1916.0477   1220.2146
     1820.3892    486.3161   1911.5627
     2062.5676    524.6556   1770.3110
      957.3732   1355.2941   1988.4014
     1975.2092   1894.6469   1180.2645
     2067.8828    703.8790   1624.8636
     1795.2505   1720.0891    400.9929
     2228.7478    796.2262    628.7925
     1547.0360   1833.2211   2104.4119
     1899.6046   1340.7860   1235.4766
      308.2922   1228.3801    789.4135
     1115.6650    290.8536    529.2409
     2249.8604   2155.1887    377.6100
      956.9717   1810.6531   1147.2357
     1760.1965   2201.7437   2033.7949
      528.1526    715.1970   2176.1604
        5.9651    195.1622    481.0850
     1989.9932      7.2284   1844.7952
     1652.8448   1805.1104   1560.3977
       11.4141   2029.0021    932.2106
      677.1536    134.3388   2015.1385
      272.5726    201.9557   1937.8702
      951.5744    542.7562   2174.3967
      203.5113   1088.5634    656.3292
     1509.2771   1522.1332    932.8102
      397.6264   1933.7500   1485.4181
      147.0033   2074.1108    242.9578
     1312.5756   1755.8204    294.2144
     1277.4637   2191.1038    396.7678
     2023.0923    125.6967    169.9896
     1224.7640   1195.8462    208.1068
     1099.3837    925.8773   1063.0272
      446.4630    107.4582   1434.4856
     1270.4487   1153.8177    818.3848
     1530.5078    863.6743   1108.5798
      136.4465   1613.0873   1320.6843
     1902.1492   2073.9138   2173.5320
     1195.9229    792.8040     81.2379
     1948.2397    205.1377   1006.7418
      626.0948   2184.1169    521.6942
     1706.1935   2245.4075    697.4271
     1394.2889   1857.2490    506.4537
      574.7626   1709.8926   1795.3151
       53.4939   2181.7434   2157.7136
      174.9469   1017.4619   1352.0231
      581.1775    972.8116   1862.7377
     1942.8748   1190.9626    603.6682
      525.1809    926.3858   1321.6398
     1969.2131   2245.7981   2088.2109
     1015.0663   1214.1641    880.8957
     1313.1478   1559.6653    136.4618
     1558.0410   1679.6398    753.3198
     1981.3442   1688.3628   2031.6255
      583.9570   1575.7520    581.2679
      627.1647   1702.0786    773.5575
     1416.3726     13.0669    198.9254
     1087.1625   1531.2546    870.5898
      516.0177    959.1924    366.5985
     1273.3981   1756.5741   1685.3989
     1519.5153    912.4117   1729.0189
      875.5292   1207.2131   1619.5328
     1179.7458      1.0765   1951.1201
     1342.4102    598.4037   1957.6846
     1364.3330    726.3212    664.0068
      980.0947   2209.2134   1392.9325
     1437.6693   1918.8625    240.6824
      182.9636   1629.3684    343.3809
      977.8783   1915.5830   1873.9952
      345.9182    880.7820   1441.0151
     1918.0703    128.1345   1345.6362
      132.0074   1101.6213   1955.3037
     1815.1243   1712.1267   1167.6476
      202.0264   1891.3041   1827.5452
      853.4942   1995.9124   1086.8177
      972.1583    346.3260    881.9348
     1945.0757    868.7184   2116.1848
       81.7488    439.0143   1072.8300
      211.1187    244.0245    867.2280
     1627.7756    498.0989   1785.9512
     2023.7427   1539.6528    624.6187
     1443.1094    458.1640   1383.5983
      868.0577     52.6559   1638.7677
     1419.2404   1199.7734   1942.0895
     1698.8024   2069.6592   1376.9091
      984.8477    415.1004   1714.5496
      102.5858    244.4054    281.7865
      121.5750    921.3284    546.5865
      751.6497    170.3716   2233.8635
      160.6714   1200.1403    459.0597
     1040.9290    785.4037   1365.9490
      661.4128   1317.5743    340.7252
      769.8165   2192.1726     73.2880
      934.3160   1873.8689    677.5820
     1340.0322    789.3226   1816.4827
     1752.1327    780.0840   1830.7592
     1511.3937   1008.9903   1281.1859
     1024.0103    753.0325   2193.6597
     1029.1096    555.1183   1262.7097
