       21.3010    284.0866   1642.9457
      267.1914   1535.6968     94.1643
      671.9051   1640.2500   1331.4633
     2214.2144    734.4438    975.9047
     1971.8590    364.5351    324.4020
     1071.5312   1284.0153    125.8376
     1085.1912     91.7130    613.8291
     1763.7145    855.0904   2027.0870
     2135.0308   1211.3748     73.0130
     1707.5526    967.9620   1753.7242
     2103.7708   1794.1843    549.6027
      514.6906   1849.8290    954.0215
     1553.4366   1991.6764   2069.5535
      704.5272     50.5544   2051.2063
     1275.6462   1094.1864   1185.4248
      234.4055   1200.8348   2193.6760
     1072.2540   1081.3889   2170.0042
     1682.7356    722.3958    944.3284
      864.8065    808.5960   1051.6808
     2064.6819   2064.0964    255.0428
     2262.9724   1196.6808   1409.3146
      815.8201   2055.8564   1008.0531
      566.7028    146.3831   1822.9128
      287.1523    704.2550   1027.0205
      693.9894   2083.4619   1247.3022
      714.1126   2042.9636    216.9814
     1683.3998   2062.3289   1551.1272
      263.3575    201.7780   1682.5543
     2123.4751   1652.2924   1356.8965
     1801.3983   2148.8777   2007.4169
      207.3930    159.8396    825.7510
      968.9938   1528.9658   2218.9390
      814.1053   1390.4871    179.3550
      463.9500   1472.2283    474.1356
      853.4053    221.8934    377.2004
      983.1418   2145.6914    229.9875
     1307.3915    576.2859   1991.5804
     2135.2649    867.2443   1962.7246
     1552.9447   1595.9091    141.7624
      373.3673   1750.4182    698.0629
      966.7576    487.1994    121.4686
     1114.8704    100.2133   1553.2722
     2143.8894    587.2680    172.8621
      727.8101   2168.6997   1736.0938
      113.0227   1159.8365    619.1119
      778.1683   1110.8390     39.7134
     1740.5718   2207.8250   1087.1003
     1900.0922   1462.8066    310.0593
     2074.6516    883.3466    699.5081
     1306.7985    736.5803   1155.5889
     1216.2709   2045.9116     31.0578
      192.0536    899.9995   1493.9978
      272.5242   1112.7749   1215.5734
     1973.9271    527.5365    952.7387
     1048.4569    396.3506    454.1754
     2189.0388    841.7133    324.2641
     1955.4979   1074.4319    219.5129
     2247.2266    309.4612    612.1530
       23.4127    620.3279    688.4169
      384.5319   1565.6918   1134.5502
     1046.2849   1105.6606   1609.3875
     2117.6965   1493.4235    501.8716
     1867.8562   2170.3301    415.6364
     2257.6572    998.2377   1679.2242
     1341.5997   1210.0621   1837.4299
     1448.5856   2007.5018   1187.5300
     1018.2239   2118.2241   1574.0021
     2108.4309   2205.7922   2261.8755
     2130.5994    919.9103   1419.8796
     1238.0259    215.5994    835.0362
     1175.6721   2096.7654   1037.9641
     1859.4885   2252.5251   1459.7903
     2161.8130   1173.6804   1955.7349
      251.4328   1368.1248   1235.0299
     1379.5287    176.9667   1659.3629
     1151.9575   1410.6482   1663.2604
      591.9839   1892.3936   2189.7231
     1842.4054   1560.5441     63.3238
     1064.2941   2117.6367    535.8751
     1322.9983    583.9697   1447.1970
     1781.8928   1160.8647   1327.0330
     1327.9783   1032.3846     86.7259
     1981.2554    433.5813   1690.1106
     1151.6033     95.2729      6.1401
     1946.6919   1354.8353    734.4689
     1002.3298   1774.1930   1466.8240
      443.6731   1689.9746   1945.5822
     2219.9055    229.7913    136.4290
     1795.5601   1560.9409    584.5241
      956.7162    351.6304    852.9058
     1972.0804   2050.3982   1168.5527
      592.1951   1525.3662    873.5140
     1643.3651   2218.9272    554.4852
      288.0760    333.1379    425.7037
      435.9036   2233.7302   1017.6439
     2225.1973    119.1683   1119.0016
     1795.2531    447.8202   1134.1259
      426.8356   2054.3328    135.7877
      220.0663     74.9342    478.2661
     1832.3153   1668.3507   1369.2130
     1573.1870   1542.2598   1576.8746
     1605.5669    245.9695   1015.6686
      497.3256    995.8057   1432.4447
      309.4214   2110.4067    784.9814
     1056.2589   1550.7430    669.2535
     1744.4250    207.8802    514.4771
     1419.7358   1911.9045   1811.3881
     1361.5264   2257.3982    644.7598
      724.1733   1500.8530    570.2448
     1150.4318    838.9213    648.8114
      858.9263   1101.9792    690.9799
     1341.8270    966.2748    908.5677
      731.0599    493.6610    292.6116
      377.4315   1676.8486   1605.4432
     1526.9070   1468.9147    929.4882
     2080.5493    577.1177   2140.9351
      475.6435    307.6044    915.1952
     1956.2238    986.2522   1615.1765
     1962.1683    693.1788   1497.3378
      671.3770   1227.5688   1620.0576
     1723.9087    670.1957    511.1894
     1638.9088   1115.2214   1958.5374
      756.8341   2192.5134    451.5873
     1683.7797   1624.2791   1067.6041
     2224.0950     90.5036    789.3144
     1762.8912   1872.5052   1037.9670
      723.5344   1677.0114   2016.2817
     1805.8733    439.8352   2253.0022
      246.9120    359.5048   1123.9935
      183.8413    600.3018   2205.4578
     2058.6230   2169.3069    913.2994
      303.8904   1329.9727    989.3944
      335.8822   1160.1971    785.5476
      859.7599    969.7287   2044.2256
     1945.2268   1412.5857   1354.0769
      606.6182   1875.5234    521.0466
     1184.3250    714.2585    269.2182
      465.8774   1319.4106   1780.3951
      687.8513     70.2891     97.6202
      104.4602   1891.8351    566.1420
      372.9262    861.8849   1702.4242
     1435.2513   1331.4629    167.1582
      729.4361   1935.3801   1495.3141
     1224.6217   1832.0409    437.5787
      214.9111   2023.0874   1362.1417
      637.1094   2058.5669    767.4705
      915.9421    936.9841   1424.2241
     1286.9187   2241.0530   1376.4736
       57.3977    457.6929   1910.7106
      641.9598    996.7893   1709.9875
     1406.1619    463.7542   1100.9718
     1869.9260    637.7017   1874.9684
     1960.3826    664.4490    415.8096
      937.8362   2139.1074   2193.6360
      223.9173   1158.2762   1601.1959
      625.8262    697.4290   1660.2384
      214.6710    852.7681    549.7466
     1230.9950    451.8183    640.5545
      951.0830   1294.8857    400.4058
     1250.4609    731.5065   1655.8774
      184.6650   2050.8057    323.5545
      576.3090    909.9608   1945.9993
     2237.2485    411.9479    911.4006
     1400.7065   1377.9867   1237.8416
     2228.4043   1922.0707   1357.1304
      253.9023    522.8154    850.2183
      943.7504   1272.3035   1355.7268
      721.6721   1097.9869    434.5875
     1591.8450     44.7011   1258.4492
      524.2272    549.6545   1419.7301
       44.2520   2024.1709    885.9288
     1579.3595   1884.5424    403.5555
     1084.9432   1957.5509    757.1588
      121.2678    914.9722   1210.2347
     1750.9891    424.2798    725.3459
     2215.5610   1384.7828   1083.8740
      794.5816   1513.6770   1106.2773
      817.5376    310.1240   1933.2351
     1634.1858   1023.5743     15.9503
      134.4621    823.6951    817.0187
     1627.9282    409.9743   1772.0819
      563.2151    732.0022    858.7795
     1836.5663   1548.4751   1761.3594
     1367.9246   1981.6917   1486.4760
      484.1451   1837.6429   1265.7037
      577.2843   1293.6804    723.8937
      658.6579    840.6115    122.2722
      468.7688    813.5208    419.3126
      288.7046    363.9446   2007.1239
     1433.4014   1547.9709   1800.9979
       96.2490   1712.8148    845.8640
     1343.7662    130.2744   1071.0433
      838.1821   2250.8701    707.0907
      165.5495    682.1616   1662.8538
     1067.2405    320.7002   1775.4821
     1184.6116   1533.9841   1965.2831
      525.4003   1613.5782     78.8522
      825.3607    576.9910   1295.5391
     2211.6785   1930.3416   2230.9922
      897.7176   1810.9922   1230.2660
       99.6002    424.2780    159.4565
     2191.3943    434.8755   1174.9622
     1832.7632    680.7377     40.2118
      183.1330   1409.0259   1513.6544
     1469.6852    294.7887   1332.1245
     1473.8779    266.1687    432.2970
     1285.4216   1251.2494   2146.1628
     2176.7517   1517.1061    102.5742
      905.8116    105.3609   1722.5243
     1289.2366   1700.0621    763.4050
      424.3513    930.1364    992.0776
     1321.1621   2139.7095   1951.8225
     1844.5529   2062.5190    817.7033
      168.0116   2122.0750   2044.9552
     1399.3560   2182.5015   1685.7175
     2057.3306   1663.0569   1613.7672
      327.1953   2171.5959   1575.6365
      290.5247    113.4427   1192.2202
      247.9061    487.8141   1484.7294
      471.6803   1361.6202   2076.4077
     1579.1702   1698.7925   2024.0930
     1854.7556    101.8440    770.8767
     1712.4006    593.7216    263.0872
      309.8624   1733.0884    400.9702
      864.6680   1624.5145    348.0816
       17.9526   1307.7213   1679.3195
     1923.2438    156.5500   1228.3323
     2029.1647   1785.5857    152.7198
     1184.1879   1933.0200   1662.9169
     1466.6866   1756.2290    975.3813
     1358.4426    207.7971   1976.8630
     1425.5004    552.4830    806.7598
     1539.1995   1107.3101    327.7278
     1246.4722   1232.5585   1474.3861
     1372.1549   1621.2322   1285.1315
     1192.9741    351.6591   1390.7214
     2229.6736     22.8636    396.8586
     1160.5944    330.4457    212.3586
      478.2563     27.6162    644.7435
     1053.9785   1520.4764   1292.7233
     1929.1650   1906.5906   1493.4885
     1490.9755   1119.7767   1415.8702
     1416.3436   1239.9290    761.3937
     1681.2606   1221.7306    715.4030
     1728.4213    933.4174   1405.0222
      615.9128   1779.6771    270.2416
     1043.9326   1245.0720   1913.3318
     2245.5410   1407.6823   2085.8940
      821.7015    822.1064    607.3503
     2107.9766    685.6058   1739.5372
      119.7739   2138.1406     67.0538
     1550.0905    762.3316   2253.7471
     1512.4672     41.7966    208.1320
     1400.6321    960.1873    517.3453
     1491.9519    240.6171    772.6651
      706.6538   1175.6312   1905.7948
      956.3596    823.4062     70.1335
     1221.3044   1588.8342    265.0617
      341.2500   1937.3241   2069.3848
     1332.7057    904.3527   1409.1530
      517.8745    588.7267     32.0558
       46.5234   1094.8348    985.2632
     1834.0536    725.7646   1217.3966
      997.9471    708.6870    435.9719
     2129.1753   2101.3516   1975.8412
     1800.6161   1736.9436    339.7511
     1036.8240    190.6677   2022.5956
      913.8908   1856.9724    518.1434
     2218.4624   1696.1898   1115.6520
     2015.7936   1426.0219   1876.6444
      830.4272   1450.9216   1848.5176
     1678.4786    962.4191    651.9127
     2065.7375   1683.8290   2126.7454
      239.8781   1565.3964   2082.9873
      931.4367    232.1612     14.1951
      982.3202    566.9883   1867.8699
     1676.2218   1866.5820   1779.6639
     1938.9305   1375.1544   2168.3186
     1875.0999   1142.5624    493.0007
      903.5682   1033.6445   1170.5924
      363.8386    315.0676     68.4260
     1085.7233   1811.8766     99.2189
     1230.7106   1906.8540   1242.1763
     1449.2498   2065.0181    923.5200
     2181.6985   2071.8044    598.4994
      233.4631    742.7601   1948.8916
     1292.4862    431.9258   1733.0544
     2129.9800    865.3080     42.7136
      150.1949    157.8911   2182.8635
       53.6089    974.9312   2121.8660
     1495.0063    665.0953    268.0476
      377.5706    769.4709   1270.2832
     1617.2279   1179.6045   1082.7941
      422.9254    334.7481    657.7315
     1122.9780    509.8586   1105.4880
     2097.1416   1865.2034    814.8953
     2235.3115   1961.9181   1694.2000
      702.9174     53.3871   1069.0167
     1556.6488   1489.5531    674.1281
     1408.7456    690.7018    555.8553
      874.0884    884.3974   1755.4954
      355.4414    893.6814   2204.7688
     1689.9749   1238.1216    152.7017
     1711.1042    300.1872   1497.0323
      867.2571   1509.5403   1491.2765
      379.8360    406.3076   1674.5129
      156.8973   1337.3591    179.2419
      883.3419    563.6319    631.4364
     1593.7848   1367.9647    403.3120
     1958.4702   1619.3353   1132.4131
     1067.2750   1054.2643    865.5068
     1706.2234   1808.0546     80.9473
      946.0289    987.3427    363.9019
      127.1878    610.9623   1241.9652
     1581.6182    531.6378   2075.4922
      537.2212    175.8059    353.3504
     1843.6007   1113.7354    942.5488
     1321.9027   1520.9342   2211.6157
      695.5984    195.5893   1558.7036
     1918.0623   1981.8524   2204.8401
      712.9191    104.5783   1338.8591
     1914.0695   1365.2216   1068.4376
     2099.3667    280.2682   2110.3579
      280.3733   1459.7386    773.4413
      511.3337   1424.3014   1435.8625
     2113.6965   2181.5422   1412.9478
     1384.0181   1936.8578    661.9040
      928.8354   1367.2598    813.5515
     1912.9563   1021.2288   2168.1948
      162.2859   1814.4016     82.0136
     1041.5334   2156.5576   1868.4598
      658.7297   1205.6970   1323.3036
     2224.4426   2232.4712   1660.8167
       13.0581   2053.3579   1142.1024
      475.4245    597.1049   1929.9866
      655.0742    439.6264   1744.3281
     1606.0776   1426.0966   2008.3840
     1416.1763    999.1016   1671.5986
     1398.4663    383.3982    191.0882
     1530.9365    892.9457   1135.9550
      971.4492     47.5814    994.3214
     2219.6892    540.9243   1503.9392
     1657.0632    117.6285   1729.2192
      185.2927   1049.0195    232.1418
       40.0667   1725.9922   1964.2272
      954.3920    250.0154   1282.0743
     1133.8413    935.6000   1856.4108
     1259.9705   1405.8894    472.4995
     1666.6737    136.2968   1985.2959
      997.2017   1741.4156    954.7223
      444.4584   1947.8928   1572.6730
      309.9329     38.3316   1904.9292
      308.1849   1968.8546   1057.0466
     1227.7927     67.1394    349.0772
     1904.0470    403.5757   1989.5712
      365.2410   1135.2192    406.4320
     2242.4299   1416.8668    808.9194
      836.4487    634.2975   2126.4817
      874.2853    453.6914   1539.9175
     1482.4965    767.4359   1912.3807
      276.3476     88.2556    194.9160
     1007.3717   2222.2136   1269.3020
     1129.1470   1160.7308    586.2418
       12.4861    547.3423    418.7511
     1205.3888   1623.7770   1013.6321
     2090.1140   1128.0471    840.9884
     1176.2079   1826.2681   1988.0391
     1705.3735   2080.3972    215.6418
      493.3291    300.7993   1343.0508
      235.1901   1897.6871   1811.8185
      138.2693     89.9865   1437.1676
     1972.9377    228.4414    989.6103
      106.3492   1624.5549    605.5662
      725.6222   1362.2633   2146.8315
      423.2856    662.3031    600.1602
      660.2609    353.0595   2252.0769
     1967.6873   1305.9674   1572.1735
      761.4040   1736.2037    756.3888
      217.0157   1683.2324   1352.0012
        4.5864   1715.5432    318.0970
     1971.2017   1632.2113    849.5571
      597.9175    493.9290    529.3638
      116.4059   1774.9280   1569.8521
      850.2394   1925.6078   2029.2169
     1722.4911    287.0055    230.0896
     1968.9058    404.2085    645.1376
      225.3231   1471.6406   1820.3568
     1925.8276   1076.2435   1872.8855
     1235.7059   1337.9155    990.3718
     1152.9342    781.7906   2094.5161
     1407.5565   1803.0940    145.9474
     2098.5732    740.8962   1206.2681
     1843.6240    698.8438    778.8697
      144.3442   1405.0166    436.3871
      348.9498    601.3119    326.4917
     1932.7866    405.3280   1340.6134
     2028.4078    115.0686    569.3027
     1543.4159    242.6645   2229.3467
       11.0546    167.7555   1896.5608
     1927.9465     77.5180    111.4807
     1949.8927    122.1819   1925.9897
      709.3384    990.6408    901.9304
     2156.9980    234.0991   1352.6705
     1198.7073   1069.8114    338.6074
      639.4547   1605.3937   1743.5123
     1661.5330   1801.1560    777.9595
     1439.8633   1672.4708    471.5534
      722.8797    363.1601   1084.4634
      467.0730   2106.2622    434.7200
     1087.9860    452.9485   2113.2681
     1739.8014    923.9592    335.9000
     1596.3169   1795.6273   1462.8002
      473.8546     18.9441   2203.0454
      589.0922   1262.5005   1015.2474
      776.3033    561.3878    877.4551
      513.8515    549.6434   1114.7079
     1360.5890   2055.3728    392.9009
      688.2610    259.6553    726.6743
     1940.3744   2050.0347   1738.7683
     2049.1931   1844.0576   1907.0092
     1670.3988   1391.7837   1316.8953
     1734.9940   2005.7020   1278.5062
      541.4077   1128.7006   2144.4529
     1089.7893    785.9473   1246.7207
      779.1914   1847.7197   1743.2942
      681.4366    805.2180   1305.4360
     1263.6538   1658.6062   1522.9324
      190.2776    762.4649    157.6270
     1641.1628    591.6407   1383.3665
     1027.9629   1725.9043   1756.9806
     1717.9628   1262.7606   1696.0270
      518.7289    955.1302    657.6628
     1008.7485    697.2128   1526.8604
      775.9306   1762.8116     61.1333
     1366.1969    916.1244   2103.4966
      205.0831   1177.8243   1894.2598
      523.5254   2095.4043   1884.4022
     2185.1753   1190.6442    377.4288
     2023.5591    147.6978   1632.5256
     1128.3810    636.0095    864.9535
     1703.3256    715.2418   1663.7753
     1691.4681   2243.5093   2249.4062
     1264.6993    611.3860     13.7523
     2017.0590   1047.4591   1156.4941
      482.4464   1191.4805    185.4999
     1834.3301   1919.1604    595.8761
      470.7722   2220.9509   1357.8877
      965.7213   1292.1425   1051.1530
     1421.5078   2238.7744   2188.7061
