        5.2142    174.0618   1610.9889
      985.4495   1315.4913    510.4412
      224.9881   1628.6151   1513.6621
     2174.2297    818.0758   1086.6179
     2233.9358     60.1731    275.7280
     1383.2545   1340.1678     78.9551
      932.6980      4.1455    755.4968
     1691.4133   1238.7614   2123.4485
     1830.0183   1175.5967    339.9028
     1630.9127    903.7897   1531.4662
     2149.3613   1777.3213    586.5905
      265.5020   1773.6583    704.8904
     1553.9031   1647.5039   2247.0276
      719.9095    539.3412   1958.0223
     1468.5471   1661.7095   1284.5746
        1.5329   1467.3833   1923.4111
      599.0306    772.6176   1717.9160
     1187.4211    438.3145    645.4347
      703.4802    541.6559   1048.3064
     1904.9041   1867.2014    152.7619
     2095.7981   1256.0791   1227.7935
      877.9387   2178.7566    982.6748
      788.6648    436.5240   2161.8911
        8.7996    969.2033    943.7049
      626.2184   2081.4373   1169.4376
     1002.8201   2252.9138    103.0036
     1602.2570   1774.8422   1895.1393
       45.0356    151.2384   1407.6975
     2076.5723   1419.7802   1589.0840
     1548.8741   2188.5381   2016.1650
      524.0182    630.2370    921.5120
     1141.5663   1512.4028   2019.8865
      946.9943   1757.6606    482.4851
      918.2845   1202.4738   1060.8278
      514.5439    397.3616    259.9255
     1388.6763   1851.1206      1.9166
     1056.8615   1177.4208   2089.9177
     1915.5310   1300.0148   2033.8124
     1699.3019   1930.7537    279.7897
      405.8406   1562.9801    279.6786
      239.1964    516.1819     86.1794
     1041.0775     31.8382   1569.1876
     2094.6995    757.9863    418.9702
      866.7505   2058.5117   1502.8020
      158.8068   1588.3960    755.6318
      694.6914   1072.3757    328.9728
     1538.6024   2037.5319   1243.3038
     2203.9438   1295.1595    356.8739
     2247.8325   1113.2445    522.8074
     1411.3867    486.4678    999.2833
     1088.4125   2215.2563    453.7736
      213.9156    675.4449   1392.0096
      163.3757   1241.3367   1509.2537
     2027.6127    443.4754   1126.9563
      838.6793    554.6664     93.0943
     2086.0178    926.1645    259.3547
     2229.2231   1106.1156    240.2061
     1944.9569    217.5627    384.7388
      153.1715    855.3934    794.5729
      364.3225   1810.0895   1039.4473
      700.4176   1152.0757   1833.3794
     2084.9553   1481.1462    425.1373
     1610.7092   2080.1997    621.0854
     2045.6066   1068.2610   1443.0577
     1465.3152   1866.6014   1493.2159
     1105.5586   2026.6178   1324.3652
     1089.8470   1852.0161   1641.9182
     1687.6959   2152.0679   2217.6841
     1889.8353    884.1505   1419.4399
     1151.7045    238.5188    777.5166
     1287.5139   2088.0149    926.8428
     1800.0243   1989.5029   1584.1810
     1883.4819   1347.8307   1812.9846
       73.6011   1980.0701   1283.2025
     1118.4633    229.6777   1672.1364
     1132.2427   1581.6656   1619.4303
      508.1777   1815.5386   1940.2388
     1972.2548   1317.9639    410.5181
     1006.9759   2090.4578    650.2739
     1064.9871    673.3248   1119.1028
     1860.6218    901.9042   1214.9674
     1915.4877    760.6812    323.3975
     2256.9702    293.9141   1213.3339
     1259.8260     14.9444     25.1573
     1824.6047   1653.4100    818.5746
      933.8262   1705.0189   1597.9755
      550.0847   1811.4752   1575.6989
     1813.1301    158.2822    178.5379
     1740.5322   1322.3180    467.3635
      563.0236    213.7487    819.9698
     2190.9229   2218.1545    829.4531
      731.0820   1434.6270    740.3922
     1800.6960   2107.2007   1014.9118
      582.5284    585.6053    110.8829
      554.8823   2229.8057    794.1513
     1911.8843    296.9341    808.3196
     1372.1713    597.5651   1721.3151
      442.8332   2166.8831    559.9510
      461.9380    259.8154    436.5668
     1541.2083   1695.1400   1699.6581
     1807.3125   1461.2494   1387.8387
     1486.5294    139.7138   1522.8357
      442.6078    668.6589   1537.3914
      165.0813   1969.7318   1057.8101
     1135.5273   1312.5610    706.0370
     1460.2289    338.8089    241.2047
     1228.6412   1900.6219   1843.7932
     1071.9642   1665.6161    615.0952
      347.9962   1297.0577    553.8110
     1399.5575   1174.8119    922.1655
      438.6937    832.1241    913.9202
     1087.8569    984.5364    842.2549
      741.3168    103.9380    672.7072
      513.7182   1397.5874   1623.3169
     1105.8851   1707.6271   1467.0507
     2099.8638    904.1871   2134.7700
      612.8679   1220.5233   1051.7506
     1666.8793    861.0729   1308.1266
     2083.5776    328.1420   1328.4984
      442.0137   1329.9232   1408.8271
     1914.2146    274.0493    598.6633
     1445.0760   1243.0918   2140.7751
      533.6424   2025.5591    713.8239
     1926.9648   1666.1589   1001.8325
     1875.1084     37.9813    557.1675
     1705.8495   1667.2078   1021.1978
     1222.1793   1747.3490   2257.7605
     1690.2400    606.6107   1990.8988
      255.4503    105.7384   1093.0588
      144.0933    606.8258   2212.8298
     1843.7755   1894.2600   1020.8687
       53.3650   1357.1699   1091.5397
       55.4246   1214.0354    907.6329
      577.0560    875.7922   1510.0129
     1720.7463   1469.3809   1151.7056
      538.7422   1856.7689    853.9529
     1614.1196    657.0692     29.9288
      141.4889   1163.0490   1715.8468
      602.3387     53.7506    139.3939
      320.8380   1977.8250    631.7457
      183.2990   1138.6954   1085.9755
     1320.0182   1014.4998    360.6292
      637.1677   1993.7749   1551.8854
     1226.5305   1524.2797    683.9448
      212.8440   2139.0884   1189.2535
       46.0386   2033.5688     63.0698
      881.2682   1155.7849   1405.6827
     1711.6545   1624.8213   1307.3712
       93.6958    269.5835   2058.9363
      182.0211    840.9202   1509.9513
     1376.9159    372.5792   1167.3260
     2224.6426    579.2070   1817.9058
     2057.3154    669.3359    625.0295
      964.6602   1810.8501   2038.5446
      289.0268   1426.7682   1536.6423
      840.5096    642.6622   1400.5895
      266.9838    751.9739    225.1027
     1169.8934    149.4815    386.9182
     1493.8407    912.9399    362.7484
     1601.8763    928.5093   1912.4418
      239.3823   2157.4116     54.4266
      288.2871   1016.2446   1778.7371
     2121.0105    272.4686   1027.4479
     1635.3405   1108.9369   1550.9562
     1713.1836   1521.7048   1770.8823
       45.1702    346.8164    669.2537
     1292.6622   1274.7535   1372.5948
      994.2784    609.2208    502.1746
     1508.0408    511.0404   1576.1434
      344.4808    269.0964   1442.6521
      280.7052   2160.5625    985.9489
     1526.3721   2113.6917    110.2008
     1385.6779   1929.7959   1086.8921
       22.5633    795.9171   1300.5918
     1770.0974     60.5575    962.7137
     2256.9111    989.2003    735.7796
      840.3902   1634.2695    659.3362
      488.4973    896.1707   2073.7537
     1952.2588    592.7079    166.5975
      231.4924   1389.0559    373.2911
     1255.8187    209.8495   1850.4374
      639.5710    875.8898    877.2797
     1589.0867   1325.8905   1749.7188
     1786.5052   1817.3037   1387.0229
      878.0765   1970.5436   1298.2622
      769.5117   1252.4823    908.0093
      731.2234    468.7912    260.1815
      863.5959   1052.2224    559.3378
      349.3488    423.6939   1800.1039
     1342.4127   1511.5804   1992.8491
      475.1654   1802.6135    628.7181
      954.6339    261.0649   1141.7783
      376.4725   2021.2871   1134.0824
       57.8962    498.4834   1618.0793
     1140.3450    571.3475   2034.1094
      533.2158   1693.6163   2121.3657
      560.2882   1410.5924    164.4604
      818.7445    686.2372   1203.8494
     1952.9756   1709.2607   1846.1522
      766.0511   1858.1564   1449.7555
      134.2688     40.8076    410.3676
     1736.3729    171.6646   1151.7714
     2096.6973    381.2698    489.4539
       52.8498   1426.9042   1503.5009
     1217.6866    521.0196   1572.0922
      884.6080    169.3567    508.5101
      878.9531   1142.8856   1957.5691
     2183.2751   1124.7714     11.6932
     1054.5674     56.8938   1828.0516
     1307.2383   1731.7649    698.1211
      431.4324   1349.2451    979.2443
      985.6095   2173.0066   1982.7050
     1878.7699   1891.3778    813.6609
      324.9963   2197.4060   1543.3136
     1219.5457   2173.4304   1475.2750
     1763.9034   1060.8302   1381.2985
      483.3818   2091.3223   1711.8317
      218.5134     74.2124    875.7207
      187.1130    323.7209   1095.1056
        8.6031   1270.2500   1873.7416
     1353.3365   1543.0375   1629.1859
     1401.8777    161.8453    416.2241
     1663.2399    956.9108    205.1404
      363.0818   1929.5027    420.0025
      814.9944   1439.7100    530.8359
        1.4794   1502.4283   1699.5145
     1722.8623    145.6946   1502.1219
     1882.8114   2126.0378    805.3430
     1137.7344   2042.2806   2013.6293
     1349.9017   1858.6007   1294.1956
     1147.0912    395.0938   2134.8997
     1210.7915    375.9489    942.2878
     1558.7651   1367.2648    340.2621
     1408.6145   1315.2180   1614.9437
     1133.6066   1404.1990   1265.3331
      788.4390    353.7144   1032.0240
     1647.5048     62.0248     60.2432
     1168.8578    573.4781      4.2766
      751.7611     23.8768    858.5569
     1205.0427   1472.9148   1432.6964
     2085.5476   1689.5488   1153.3232
     1172.9196   1338.0358   1630.7341
      926.2866    827.1859   1095.5614
     1539.4242   1330.1705    597.8846
     1353.3074    650.5721   1443.5338
      967.9678   1990.0126    460.7285
     1054.9142   1449.5198   1796.7467
     2109.3560   1531.8228   2086.9124
     1162.4790    487.2326    197.6518
     2257.9360    638.7584   1436.8250
       21.0068   2254.2842    628.2878
     1820.8333    659.1594   2245.6565
     1156.4374     23.0003    871.9645
     1469.5175   1084.4329    541.0997
     1544.5192    128.5008    830.2460
      669.5461    689.4539   1511.1877
      862.1550    778.8846      2.8364
     1382.2122   1230.5073    413.4178
      308.9518   2189.0042   2109.6382
     1107.2076    882.9473   1773.2964
      426.0410    410.0007     58.7343
      295.1151    914.4653   1011.7908
     2043.3749    919.0187    918.1710
     1520.7491    749.6792    201.5607
     1915.6901   2039.4623   2006.0404
     2002.8341   1677.8292    421.8746
     1233.2874      5.5465   1707.5811
     1151.8569   1872.3085    555.9153
     2123.2925   1572.8842    975.0632
     1945.2113   1498.8512   1958.9799
      980.8329   1416.0038   1595.6320
     2057.9583    928.2538    539.8832
     1732.8755   1709.2891   2150.3708
      316.1113   1679.2957   2087.1924
      836.1544    133.2231    112.2524
      696.3959    182.2160   1462.6111
     1392.2590   1744.6952   1896.5780
     1858.3517   1487.3790   2156.7812
     2018.5698   1164.6213    174.7583
      888.3461    988.5336   1550.1978
      321.7573    135.8608    324.1877
     1241.5200   1655.5758    479.6220
     1069.0914   2069.6743   1557.7435
     1479.7103   1976.9469    879.8513
     2047.6495   1850.4838    963.3771
       89.4102    970.2995   1155.6390
     1120.2904   1068.0636   1891.1859
     2245.8772    613.4351    376.2115
      301.2050    294.3949   2155.9509
      711.9120    638.2626   2182.7283
     1940.2576    372.4503    245.5558
      464.2293    855.6151   1145.5175
     1237.0082   1319.9789    901.6513
      796.9417    888.8519   1376.8633
     1016.1549    343.4217   1329.9277
     2249.9363   1753.1693    979.1516
     1925.5037   1926.2556   1772.5986
      978.3790    126.9256    927.3052
     1406.8528   1469.8976   1418.8685
     1568.1245    795.5204    808.3494
      839.0151    782.3130   1582.2269
      401.9921    634.7975   1753.1606
     2128.4939    731.8815    165.1265
     1473.1191      5.8087   2225.5376
      888.9023   1267.7458    698.4081
      767.2794    673.4360   1773.4846
      304.3324   1390.6567    161.8950
     1142.6807    916.2685    309.8060
     1739.5579   1521.1066     89.1939
     2063.3811   1271.2134    772.0071
      875.3436    635.1214    968.0886
     1842.1315   1922.6089    462.4534
      936.9915    772.2987    300.4895
      122.7988    463.2287   1269.3473
     2058.3496    957.4749   1909.8368
      524.0240    322.4395    640.3953
     2208.6021   1162.3632   1074.0081
     1024.5135   1391.1930   2208.0625
      802.8483    109.1375   1069.7583
     1175.1829   1751.7334   2012.2596
      229.3032    128.0305   1555.7841
     1880.3917   1241.5231   1425.5457
     2093.8835    160.9541   1989.4775
      480.3623   2094.8372    959.2397
      601.1613   1706.8782   1381.3394
     1922.7640   1800.1963   1588.3651
     1680.5042   1449.0953    712.7307
     1309.4041   1596.7891    906.5545
     2114.2280    735.5952   1955.0215
      608.3239   2114.0776    178.2803
      881.7680   1993.9512   2063.1597
      735.5996   1120.2815   1225.0935
     1789.4366   2129.2568   1836.1315
      443.4372   2136.6704   1332.0291
      303.4854    600.2327   1940.4805
      425.5632    346.6504   2008.3682
     1239.7572   1337.2943   2147.5754
     1655.8643    791.7226   2089.6863
     1501.5780    450.3189     79.7999
     1575.3495   1317.9751    862.3230
     1382.6445     46.0528    949.5412
     2064.7534    709.7285   1419.9886
     1236.7153    140.9254   1517.8956
      554.1039   1007.5815    153.5074
       94.2483   1892.9967   2133.5276
     1077.5956    117.5280   1394.7113
     1196.0332   1293.0653   1944.4880
      990.3350   1547.4462    445.4035
     1360.0063    478.3648   2165.2849
      675.0830   2067.1838    931.5115
      255.7447   2107.8669   1741.1237
      430.6527     43.8280   1672.2592
      229.5124   2088.1370   1400.3759
     1251.8042    339.9034    315.0185
     1845.7925   1071.5814   1569.9248
     1075.3156   1376.8229    303.3424
     2256.3604   1559.9869    559.3252
      912.9051    793.0370   1811.9031
      524.8293    229.1682   1578.3751
     1551.8854    452.0129   1955.9993
       38.8381    406.5198    428.5515
      861.7997   1912.0568   1667.5403
     1493.9985   1154.9358    739.0318
      342.2548    652.5662    446.2611
      378.3106   1708.0925    867.6962
     2236.7402   1435.5590    749.0587
      971.8018   1610.6578   1952.8907
     1743.8619   1881.1477    659.1467
      360.5881    370.0978   1241.0774
       74.8266   2211.7607   1579.0491
       48.3729    176.2809   1019.9480
     1631.8552    520.8737   1023.3158
       15.9103   2251.4397     86.8117
      459.2943   1192.4799   1803.9872
      300.9225    336.0273    641.1927
      889.4741    382.9243   1979.5955
     1696.1804   1248.4893   1289.8691
      786.4340   1992.3284    539.2966
      318.0957   1914.1746   1315.2317
       45.3774   1692.3131    193.6326
     2024.9111   1700.6404    809.1562
      825.6638    462.1836    837.4631
       10.5484   2043.2789   1690.5652
      833.4986   1776.8512   1863.9601
     2116.3704    327.5608    720.2947
     2196.2795    767.4691    817.2433
      171.3320   1376.6982   1719.4703
     1820.8796   1140.0250   1887.9348
     1347.8643    765.5002    892.0309
      861.4222    721.5530   2034.5690
     1416.4803   1572.9054    330.3994
     1685.2762    512.2424   1417.5371
     1820.9836    675.3480   1302.9868
      325.4496    954.9824    184.6810
      650.0369    398.3565    456.3640
     1560.9066    328.7100   1019.9578
     2232.2092    574.5327    581.4589
     1506.7064    233.1590   1918.8719
      337.0627    251.8552   1715.6372
     2091.7139    345.8752    106.0302
     1962.0498    336.7382   1881.2861
      711.1381    898.9496   1190.2751
     1592.5431    127.4739   2098.5374
     1860.0504    988.4973    185.8296
      339.7324   2246.9946   1888.7827
     1686.8193   1739.7605    480.7193
     1889.3398   1377.4849    625.3074
      424.5338     75.9745    939.2689
      916.2604   2137.5947    288.1631
     1211.9086    890.6622   2019.3722
     1730.4862   1215.3256    714.9171
     1574.5161   1468.9565   1595.7247
      411.9142     75.5706   2260.9036
      392.6282   1535.2384   1323.1356
      595.6820    211.7193   1041.9563
      337.6801   1257.2906   1158.4535
     1133.5461   2015.9392    331.7385
      675.5081    184.3158    474.5150
     1676.6334   2001.9661   2011.4448
     2186.1062   1839.4418   1769.7476
     1946.7755   1102.7987   1233.5952
     1567.3301   1783.9811   1126.6416
      386.1447   1060.6057   1979.4460
      920.0815   1033.7821   1226.7689
      467.4600   2117.2485   2255.6331
      267.7228   1051.7355   1568.0918
      487.5273   1026.4304   1645.7198
      123.1875    752.5057    449.6116
     1760.2767    730.3101   1504.7354
      657.7664   1888.9644   1757.9448
     1338.3037   1397.3535   1805.8691
      100.4151   1339.8096    528.9079
     1147.4467    922.6721   1197.7615
      595.9198   1890.9524    291.3196
      995.5025    911.3148   1986.7920
       15.9706    879.5485   1925.8070
      691.6097   2042.8252   2211.1948
     2225.6270   1640.3893    778.0424
     1890.5676    324.4931   1492.3075
     1264.5729    601.2161    500.4393
     1248.8917   1179.7487   1749.1119
     1333.5117   2133.8430   2061.9497
     1275.4402    367.3161     70.0441
     1354.3573    611.0732   1190.7126
      540.6583   1690.0632    146.5293
     2005.4379   1959.4379    624.7101
      308.3065   1781.0103   1623.9410
     1072.8832   1353.1575   1037.7314
     1206.5591   1539.2709   2204.1838
     1388.1992    542.5174    325.1654
     1420.4132    702.9211     17.4363
      238.0002   1299.8658    928.4865
     1472.9886   1741.5244    897.9503
      746.6659    701.4224    218.6371
     1490.6927   1200.0288    197.3148
      601.0399   1455.7737   1375.9377
     2016.2716   1243.7150   2237.5129
      170.6247   1002.8780    326.9420
     2177.0708   1241.1241   1441.9685
      311.6098   1176.2760     73.1047
     1020.6927   1908.2303    948.4705
     1902.1543   2249.5435   1167.0920
      315.9304   1735.9618    473.4825
     1651.6075   1440.8666   2153.1069
     1127.5187    457.3025    428.9261
      666.4731   2100.5273   1370.1691
     1849.2212    149.9267   1957.3600
     2088.6865   1101.7734    660.1617
     1087.8907    970.3781   2202.4702
      363.7041    840.0002   1654.6329
     1848.8746   1378.9308   1603.8805
     1476.1672    674.6899    456.9644
     1716.2402   2212.2498    232.9093
       47.4814    427.7826    181.2640
      372.1649   1388.9570   1808.1594
     1233.2429    622.2686   1006.6240
      739.9396    193.7255   1827.6738
     1005.9517    510.3728   1504.4608
     1945.1088   1960.9266   1433.3341
      377.2548    572.9054    248.7625
      372.4640    175.2609    753.0635
     1213.5967   2064.9673    524.8586
      123.9795     38.1110   1997.1056
     1854.8649   2066.1438   1258.4684
      253.9587   1251.9308   1901.1788
     2121.5652   1446.3801   1165.3014
     1118.0775   1723.5604    810.9617
      412.5170   1105.8501    993.0714
     1926.9529   2226.5352    106.5835
      622.1185   1078.3362   2053.8457
     1848.6714    649.1923   1697.6062
     1798.1222    872.0901   1658.7773
      985.8740   1010.7568   1016.8129
      200.9631    752.0859   1796.8529
      551.2845    583.4355    554.9026
     1671.0698   1323.4407   1501.1288
      831.0300    252.4582    310.4019
     1162.3528   1212.9821    435.7925
     2228.6870    916.6118     81.4877
      294.9756   1221.2046   2107.5740
      132.6094    689.4485    682.0317
      753.3405    331.7368    661.4651
      995.3351   1530.2019   1393.9803
       53.8500    837.6493    265.7802
     1245.5405   1053.5140    578.6263
      494.7688   1140.0317   1471.4208
      640.9176     34.7764   2203.9812
      289.6523    755.6436   2141.2935
      950.3416    287.0517   2169.9094
      190.0620    104.2594   2193.7207
     1591.1696    494.1445    468.6773
      367.6369   1036.2461    532.9767
      727.1621   1295.8164   2008.9944
     1931.2306   1549.5696   1239.5046
     1763.0770   1909.6986   2187.2415
     1711.0275    291.7304   2119.6812
      574.8101    495.1777    734.2413
     1560.9271   2129.0793   1803.2880
      925.2598   1405.9766    891.8098
      183.3611     84.7212   1767.3784
     1305.1987   2054.3823   2262.6106
      659.1786   1281.6157   2233.1899
     1101.6012   2068.3984    124.7197
      555.3092   2203.3757   1522.1519
     2118.1577    137.4596   1266.0026
      880.3832   2217.8198    518.2067
      366.7029   1430.9260   2068.0854
     1146.3481    331.7885   1484.7671
     1923.7058   1586.6552    197.8645
     2234.8513     98.2782   2149.6750
      632.6877   1203.0173   1646.6542
     1417.5394   2222.1323   1624.4227
     2176.8550    363.2819   1932.7557
      507.8894   1264.6895   2011.5845
     1686.1873    789.5059    590.9454
     1933.9336    487.7221   1325.6169
     1182.5188    602.1746   1790.4447
      310.8430   1491.2914    880.3901
     1311.9255   1043.6392   1313.5902
     1387.3085    163.7945   1689.0398
      869.1733   1001.7402   2138.7610
     1465.8628   1914.3776   1727.5110
     1004.7668    885.1479    675.9263
     1739.3409    464.9013   1602.1879
      908.1354    686.8755    697.0682
      837.5276   1464.1221   2136.2222
     1753.0947   2043.9561    116.7032
     2119.3274     40.1436   1075.6583
      382.8777   1781.9269      3.6270
     1556.4264   2083.2991    331.0944
     1169.7279    181.5504   1033.4962
      864.2401   1062.6624    811.7386
      870.3374   1226.5571   2194.2622
     1617.5208   1317.2269     62.5659
      709.0561    970.0729   1670.7266
     1454.8412   1566.2904    715.8417
      190.5960    471.8681    759.9036
     1998.8533    566.3759    429.5524
     1004.7332   1556.6249   1173.8184
      201.7550   1068.4285    872.7904
      346.6415   1161.1184    299.3714
      567.5482   1060.3979    833.4808
     2206.8108   2056.8469    666.2341
      892.4131   1826.4265   2262.9678
      723.7320   1344.1522   1211.5812
      223.3625    811.8771   1219.3949
     1600.7687    281.9034    440.0837
      307.0734    682.0797    840.6666
      644.6411    326.8765   1986.2178
      601.3678   2033.6949   1896.3829
     2158.0527    521.9205    772.5015
     1350.8452   1685.0919   1116.7573
     1278.2863    704.6633   2111.2144
      894.6122    141.2381   1992.5688
     2219.1106   1372.8077   2199.7571
      875.6899   1559.1621   1734.7621
     1004.6138     27.3775   1144.8186
      220.5051   1485.2209   2225.1897
     1593.6068    388.9379   1224.7371
     1882.3962    772.4453    520.9631
     2123.4326   2143.6104   1527.2546
      622.1591    779.8289     48.5835
     1975.3108   1597.0950   1490.8306
      368.7819    452.7059    475.6003
      781.0665    417.0171   1798.7750
     2073.4338   1692.6475      4.6325
      596.3614    554.8183   1699.6240
     1265.1442   1107.7682   2076.5386
      661.8291   1538.2761   1749.5913
     2262.6899   1971.3326   1923.0043
     1937.7754   1544.1150   1709.6436
     1666.4094   1811.4792    860.1274
     1336.3473    999.3727   1877.9684
     1247.6782   1600.1232   1807.4443
     1207.4552    719.9469   1297.2844
     1065.7256   2104.0098    909.3846
      688.4472   1019.6043      2.7194
     1552.2399    171.7874   1280.4338
     1754.8950   1220.5874   1702.6127
     1460.4753   2173.0718    762.1405
     1911.3885      4.9078    344.1884
      223.2378   2189.2812    598.4696
     1771.5048    498.3425    846.1508
     1735.8177    694.3798    896.1896
     2150.4143   1990.6044   2121.8569
      716.9388   1731.8329   1660.9556
     1065.9927   1027.1909    473.8537
     1124.3210   2100.1885   1769.5826
     2158.3750   2196.1379   2019.9335
       71.9702    588.8799    891.8815
     1771.3923   1748.7616   1764.7063
     1226.9933    885.6174   1429.0107
     1556.6686   1569.6757   2036.0684
      537.2338   1717.1123    406.3542
      160.8155   1725.8524   2216.2341
       58.8449    934.0458   2132.8098
     1442.3690   2138.9321   1074.3055
     2191.4180   1861.5334    781.1535
      488.3263   1928.4100    119.2777
      471.6474    183.1840   1856.9316
       42.3760   2193.6553   1847.5233
     1935.2965   1023.9525   1749.1937
     2224.5864    936.6122    421.0470
      787.8015    234.3595    855.1053
      228.6673    486.2771    983.6481
     1967.1104   1878.5471   2194.3428
     1846.3163    920.1928   1933.3024
     1694.7776    907.3108   1000.3254
     1499.9294   1225.0713   1442.1875
     2259.1221   1573.8228     18.7655
     1492.0972    298.1091   2156.5796
     1502.4062    890.6900    584.6860
      994.3267   1486.6047    681.2632
      472.3244   1745.5895   1219.5347
     1668.5261     73.1550   1886.1979
      614.7080    456.3094   1516.9165
     1745.3683   2189.7180   1601.9426
     1784.4150    583.7093    526.6445
       87.4535   1806.4723   1624.0183
      358.3157    972.8596    792.2034
     1605.2004   1896.7053     34.2838
     1394.5486   1393.8152    987.0287
      436.1239   1549.4934      2.9567
      754.0695   1169.2686    154.2947
     1598.8977   1080.4497     10.1837
      433.5185    729.1303   1333.0765
     1028.0959   1220.6627   1793.0156
      263.9471   1638.2313    117.4435
      379.2019   1234.5486   1621.8866
      765.9293    929.2894   1930.9496
     1964.0286    787.7161   1795.3809
     1481.8690   1972.2035   1938.0626
      800.6917    421.1644   1426.2539
     1235.0710    743.9735   1640.5948
     2114.3025    505.0408    274.8581
      416.7264   1916.9454   1762.3082
      702.5878   1826.0675   1216.2814
      164.7706   1798.3767   1176.8118
     2169.7517    826.6659   1752.4858
      350.3647   2202.5315    766.2668
     1436.4403    480.1776    634.9433
     1941.9054     93.1752   1573.7839
     2106.6899   1980.6975   1312.4753
      441.9590    186.1088   1191.6669
     1328.5695    587.9499    134.1059
      690.9324   1159.8933    706.3665
      653.9287     82.0507   1648.7389
      144.2818    508.8028   1825.5035
      720.1358    657.9366    820.3105
     2219.0137   1262.9998   1642.6038
      569.3259    390.0359   1146.6819
     1328.4418   1690.0480   1468.4578
     1660.6624   1020.0740   1742.2664
      496.8341    803.9211    242.2057
      776.4078   1680.0479   2118.8594
     1454.4155   1231.4604   1231.6627
     2143.2803   1528.3473    221.2711
     1353.7148   1047.8601   1117.5894
     1307.0195   1405.4786    298.8827
     1648.0433    996.6183    720.2122
     1366.4722    119.9050   2065.2620
     1901.0647   1089.6528    784.8307
     1236.9447    493.4478   1339.7139
       87.6453   1474.9135    175.4161
      717.5030   2126.3882   1687.6963
     1833.5819    673.0563    713.8134
     1641.6334   1965.1028   1029.6133
     1205.1409    994.6940    128.0712
      845.2366   1437.7523   1087.6537
      369.9197   1733.0477   1408.5892
     1316.4680    820.8998   1117.2177
      255.3274    880.0402   1979.3635
      136.1478   1234.3173    246.6573
     1574.8342   1337.9619   1065.5754
     1275.3857   1246.3057   1131.9138
     1578.8481   2222.8713   1440.0273
     2213.2820    871.3074   1489.3799
      496.7281   1164.3042    633.9029
     1767.1512   1610.6284   1979.1110
     1104.7168   1794.6658    340.4534
     1024.8959    420.9736     58.0825
     1121.4603   1958.8457    761.8187
     1171.1317   1579.8776    288.7213
     1524.9613    697.8397   1875.0493
      949.5616    255.9988   1791.0269
      292.9441   1885.4884   2018.0809
     2044.3560    138.1575   2251.2771
      749.0319   1781.0883    173.1086
     1881.6910   1689.9370     24.2605
     1845.6464   1327.7739     49.4889
     1197.3136   1381.7616    109.2732
      606.0812   1348.3850    584.2889
     1567.3805   2033.8098   1605.8521
     1662.1749   1600.6498    317.9375
     1578.0175    539.5705    252.6468
      214.4991   1501.1636   1905.9988
      441.3315   1399.9084    709.1340
     1890.5498     85.7792    766.8972
     1271.8909   1842.7312    910.9693
     1522.3588   1779.9932    337.0900
     2118.3455   1308.7115   2035.7432
      724.8411   2082.1802    347.5416
     1101.6172    230.1010   1996.6764
     1587.7883    157.1143    263.2398
     1711.3845    357.2211    261.4343
      606.9223   1475.2786    407.9859
     1619.4137    613.1291    661.2558
      535.6940    246.2583   2189.7708
      550.1859   1547.8849    841.4637
     2138.3123     15.8298   1687.4940
      649.4709   1428.9811   1010.7027
      111.8071   1747.8053    569.4649
     1323.7599    102.1904    755.7660
     1095.7649   2151.8945   2183.9814
     1331.9452   1959.7618    704.1427
     2099.6909     70.7102    433.0450
      424.5544    486.7090   1041.5052
     1771.0819    500.0615   1195.7985
      455.5664    511.4278   1392.5482
     2086.3621   1123.9213    400.3604
      323.5761    804.1848    629.3892
     1442.1608    186.3904     77.9916
      869.2313    413.5862    451.5228
     1276.6382    575.9889    801.1345
     2030.5651    686.0320   2176.1682
      752.7093   1601.1014   1499.6476
     1675.1300   2185.7930   1160.8032
     1528.2260   1862.2751    684.4125
     1324.3698    774.0183    288.3421
       34.0129   1494.4001    368.8154
     1041.3032   1114.2021    668.9608
     1188.7450   2249.7046   1271.5212
       22.6007   2198.5588   1371.3152
     1399.1595   1454.6499    517.9547
      591.2635    392.2861    921.4317
     2091.1455    154.2764    858.2874
     1964.3457    433.5655   1682.0073
     1682.1465   1953.3506   1783.9913
      864.4178   1367.4841   1419.7505
      150.1875   1843.9316    364.0410
      725.1306   1912.9683    728.1515
     1548.3928   1134.0938   1100.9856
     2028.4830    424.8483    906.2780
      569.6485   1008.0450   1069.6638
     2234.3418   2114.5916   1150.2637
      240.7598   1450.1063   1099.7263
     1859.5112   1294.3051    861.6920
     1597.0573   2181.5173    938.2174
      815.0549   2258.4121   1854.6229
      212.8024    272.0487    469.5218
     1774.7925   1611.9597   1562.7610
      869.8733    842.7050    495.7761
      639.3416    348.2638     69.0662
      143.5928   1645.0020   1751.0502
      126.0779   1360.2229   2067.1182
     1138.1050   1176.8269   2262.6035
     1286.8932     41.6465    573.8727
      778.8038    537.3917    618.7367
     2042.5959   2202.5095    654.6246
      270.3436     32.6464   1325.2274
     1370.2698   1441.1709   1225.6011
      810.2711   2028.2352   1856.0852
      109.2557    308.9687   1821.7631
     1166.4174   2235.9114    259.5951
     1365.4097    247.5697    974.5302
      307.8954    857.7487    416.1829
     1436.3456   1008.7177   1498.1115
      336.1972   1031.3756   1217.6859
     1818.3218    390.7609    443.8244
      221.6050   1388.7971   1316.1051
     1067.7068    208.6837    104.9553
      700.3975   1870.7168   2031.1526
      741.6189   2136.6470    693.7259
      423.5263    796.5060   1890.9121
      293.6611   1175.0029   1354.2456
     1921.3396   1449.9827   1037.3346
     2153.2227   1564.6785   1344.8181
      753.6842   1630.5442    430.7464
       80.5735   1198.9358   1278.1519
     1624.6428   1509.2490    503.9720
     1560.9220    374.3143    820.4806
      232.6075    283.2412     96.5696
      326.1099   1959.4803    864.2882
      573.0971   1961.7241    507.1099
      197.6870   1372.3186    706.8667
      580.1524    601.4846    353.8968
     1047.9053    110.8032   2166.6526
     1952.2200   2154.2761   1678.0967
      813.9445    544.2354   1614.7217
      405.6944    430.4173   1590.0104
      295.2651    359.5677    285.6970
      182.9731    543.0758    303.1096
     1832.5671   2089.4617    594.8782
      767.2183   1216.3132    511.9296
     1541.5889   1490.4269    161.5038
     1747.3669    479.6156     83.4182
     2115.0918    497.1297   1512.1071
      428.0366    109.3346   2050.5632
     1369.5082    280.4494   1354.8302
     2083.5369   2067.5789   1832.4341
      671.3151    760.1050   1029.0101
      298.9464   2169.6589    388.2584
     1562.9539   2244.7188    432.1036
     1429.2640   1492.9697   2208.6350
      118.5871   1958.0068    655.8032
     1062.9650   1120.8916    242.2490
     1062.9197    710.3836    852.1581
      738.2716   1406.6569   1589.1549
     2218.8191   1833.9318     33.5051
     1872.6454   1034.5612    999.0714
      612.8976   1590.6681   1185.7620
     1523.3690    700.2907   1032.1893
     2162.3508   1633.8193   1875.2019
      657.2342   1568.8468      2.5363
     1497.7471   1361.3955   1973.4108
      638.4466    215.1990    265.5938
      854.9824   1615.9017     60.6363
     1762.1841   1378.9259    241.5895
     1528.5839   1550.8010   1104.7405
     2217.0422   1771.8453   1305.7932
     1697.0615    181.1391    618.3931
     1218.0767   2214.4492   1073.7756
      398.1943    424.7007    819.1490
     1855.8391   1514.0148    396.5021
     1472.1879   1713.7399    149.1894
      987.0412   1616.5819    980.5806
     1093.8931    795.3129    498.6628
     1923.4161    796.4431   1033.4016
     1273.5391    260.0952    577.2530
     1995.4979   2217.5835    951.1476
     2002.6042   1001.8091     31.3215
      531.3447   2178.9187   2050.0061
       17.8075    196.3303     79.6472
     1801.9225    351.8711   1023.1123
     1994.1721    654.6141    850.4967
      860.8216      2.4173   2178.8586
     1211.2460   1496.9698   1077.6968
     1302.6624   2070.3704   1237.9009
     1281.5317    965.1226   1662.3247
     1435.5588    959.4849    167.1684
     1933.2754    299.5812   2099.6702
     1587.8324   1420.5743   1324.3184
      186.0253   1865.3989    136.3799
     1595.7091   1115.6747    359.0762
      892.6701   1727.8135   1333.9456
     1578.4680    290.2215   1686.3436
     1335.8040   1980.7543    374.4185
       75.3645   1494.4717    929.6971
     2232.7622    533.2204   2054.4456
      543.2322   1928.4105   1325.3813
       83.8259   1165.0444   2139.5132
     1727.7211    297.0842   1894.4988
     1096.5546     68.2136    633.0225
      132.4474   1054.0747     80.6848
       70.0968   2217.6208    995.8090
     1409.1890   2097.3394    554.3449
       45.4760   1989.2814   1488.3081
      520.8005    922.2173    655.8051
      997.5712    472.4435   1061.7343
     1468.0558   2227.2517   1252.8406
      707.9843   1057.0469   1474.4927
      346.3528    536.2678   2148.1626
      123.7365    773.2302    983.4014
      201.9695   1536.9585    527.2744
      546.7697    309.8766   1365.3320
     1564.9458   1643.3851   1482.3198
     1886.0930    579.6429   1035.1089
     2085.6729    148.3003    647.5167
      172.5628    445.0949   2026.0852
      244.4459    620.8123   1610.5575
     1428.9105    848.1243   2026.2106
      900.2951    991.5308    339.9410
      674.5718   1268.5082   1434.6975
     1838.3130    478.7466   2092.5374
      167.9252   2024.8523    456.8691
     2149.6475    318.8238   2160.8083
      299.7533   2019.4897    204.1430
      784.1154   1390.6479    101.0196
     1126.0411    646.8610    657.8436
     1487.4094   2026.9825   2165.1118
     2243.6143   1913.6644    248.0724
     2063.9963   1184.9478   1862.0287
      222.7010    466.9843   1447.3590
      160.0108   1807.2642   1419.0344
     2003.4875   2100.1230    457.4274
     1561.4276    109.9391   1065.3153
     2227.3010    739.2556   2179.6665
     1218.7745   2146.3049    714.7193
     1749.5323   1244.6406   1048.4159
      561.4969    357.4261   1759.7177
     1327.4313   1256.3931    614.0107
       51.2246   1074.1113   1537.5159
     2224.5857   1048.4077   1807.7249
     1641.1381    276.0720     65.2407
      878.7182   2019.5314    835.5110
     1979.8365   1461.7101    811.4764
      779.6457    625.8805    441.3448
     1943.6176    803.3243     79.2549
     1924.9720    264.0089   1213.5662
      536.4320   1198.4380    444.7186
      200.6540    249.7253   1287.4686
     2210.9543   1039.5419   1317.0544
      761.8871    905.5981    702.0820
      451.5404   1565.3350   1046.5714
     2180.7693   1096.2520   2046.9146
     2066.2471   2037.3722    835.8335
       38.8638    706.8839   1646.7244
      398.7224   2049.4983   1935.4297
     1329.5482   2096.9036   1825.3103
     2126.6731   2159.2400    228.2588
      963.0373    442.3170    670.1856
      527.2465    639.3318   1164.0223
      513.7845     36.2176    363.2431
       13.4956    379.4945   1447.2477
      439.4062    208.3062    162.0105
     1379.1892   1383.9080    779.1615
     1258.6034   1143.7213   1519.8641
     1665.2856    730.7737    385.3314
     2033.2257    199.8812   1745.1613
     2197.0996   1309.7386    140.3036
     1255.3982    222.4693   2203.5850
     2124.1165     78.1692   1455.4751
     1360.5073     60.4834   1371.8469
      369.4577   1801.4421    260.4065
      755.8569     26.4481    334.3880
     1053.4847   1722.8872   1791.8550
     1171.5099    245.4360   1231.5664
     1909.4982    973.6293    392.9999
     1238.8467    380.9653   1745.9779
      651.8029    746.1920   1310.1527
      362.1583    578.1478    665.5583
      181.9349    844.4062     46.5819
     2051.4072   1905.2871    382.1602
     1387.0415    959.4946    745.2441
     1305.1859   2109.5916    204.4802
      887.5819   1219.5756    333.6021
      176.5182   2066.8611   1954.9355
     1415.3706     33.5122   1869.9493
      580.4367      3.5503   1835.6288
     2018.7769   1399.9153   1371.1560
      149.8481   2125.3535    792.3539
      104.0873    695.2751   1987.7689
     1107.2294   1162.7870   1218.2693
     1069.3927   1736.6113    112.1722
      564.7947    473.8415   2146.2124
     1095.1713   1927.6815   2197.9714
     1205.0568   1642.1901   1266.4357
     1518.9653     41.5588    616.0790
      485.1295   1098.0548   2199.5667
      395.4796    285.8623    998.0886
      541.5656    105.3812    619.8636
      785.0628   1564.9574    891.4610
      608.0807   1703.5413    987.7455
     1725.5592    722.5253   1138.0583
     1716.4963   1165.8610    179.9142
     1065.0490   1041.7566   1401.6451
     1521.4192    866.6412   2234.3574
      328.1517    565.2556   1240.1534
      741.0427   2177.3477   2032.2601
      995.6998   1889.9139   1450.3142
     1499.0431    597.3658    832.8960
     1909.4888   2056.7871    260.7252
       20.8085    148.2782    796.9844
     1542.8052    616.5860   1226.0295
     2226.6646   1890.6259   1123.9569
        1.4209   1388.9718   1317.2184
      358.0720     99.0190    535.8221
     1663.5100   1103.4254    898.9828
     1351.4014    344.0713   1568.0399
     1435.3783    380.8606   1786.9781
     1992.0088   1226.3945   1613.5850
      636.2032      1.8011   1055.3794
      781.5424   1501.2643   1917.0400
     1097.7639    733.6996   1940.4028
      752.0775    310.8829   1632.7903
     1997.7236   1742.7482   1346.8281
     1365.8400   1125.8933     21.9500
     1128.9165   1828.2336   1278.6647
     2191.2854    543.6219     37.4510
     1492.5393    961.2502    930.1060
      205.4090     54.0617    160.0895
       76.3242    390.2370   2235.0024
     1010.0780    667.2439    116.6906
      901.8474   1014.5193   1762.2948
     2167.5110    547.5106   1254.3296
      791.1395   2260.2642   1480.9020
     1311.6650    854.6312    495.6393
      400.7443   2221.4275    192.3944
      449.3187   1351.0319    334.7547
     1354.3668    342.7977    792.4869
      594.6789   1375.0312   1839.6206
     1490.4807    259.5177    645.9965
     1187.3081   1951.9435   1110.5569
     1305.3925   2038.8230   1603.2462
     2062.1741    889.6749   1304.7925
     2079.2300   2174.3674   1298.5699
     1358.7008    127.3089   1167.0924
     1483.3397   1673.6418    527.4434
      767.4233   1025.0354   1006.1352
      786.8689   1979.0057    157.1768
      658.6288   1676.8829   1935.4440
      841.8394    347.8790    105.4546
     1723.7803   1057.0387   1152.9540
     1002.9033    663.4005   1685.6893
       43.0838   1217.2415    709.7024
      807.7420   1654.3250   1106.3361
     1169.9518    440.5209   1153.7335
     2004.1276    857.6964    733.1288
      284.6871   1972.0153   2214.0117
      396.7110    679.3126     62.2541
     1415.4260   2083.4851   1430.9460
      100.0789   1769.8942   1943.6945
     2230.6274   1955.0002    485.6908
     1980.0223    496.3458   2256.9695
     1612.3104    709.4931   1662.2587
      516.7350   1161.3683   1244.6282
      722.9393    277.3280   1231.1393
      705.7734    852.7358   2123.8855
      516.6167   1209.1213    150.1082
      828.4736   1327.5598   1792.1804
      862.2215   1447.7540    308.6595
     1018.2602   2078.1724   1143.7019
     2262.0193   1637.3517   1522.7822
     1616.1766     71.5259   1702.6560
      484.2750   2084.5544    352.6628
     1725.0123    244.1746    848.3290
     1814.6646   1113.1636      1.4150
     1021.3266   1514.1770    136.3067
      686.0961    830.2695    377.3332
     2076.0935   1960.7046   1618.7020
      917.9890   1074.5406     94.6966
       85.1980   1593.6158   2065.6042
      197.7939   1677.9910    984.7453
      996.9544    891.8726    152.3114
      500.7764    784.4021    477.0850
      795.4980   1852.7200    361.6051
     1033.3414    315.4375    276.4592
     2134.8196    636.3552   1010.9654
      606.8353   1475.0337   2092.0415
      481.5025   1413.7762   1198.7798
      443.2349    888.9640     22.6413
     1744.5350    759.2529    175.6381
     1018.8842   1639.8232   2183.7817
      414.8340   1505.7000    493.3237
     2049.7666   1883.5603   1950.5060
      653.4534     42.7778   1287.8661
      844.2810    473.3856   1213.4648
      906.3287   2049.0022      5.8172
      819.9033   2182.1621   1223.0986
     1323.6218    360.5306   1991.3447
      104.8054    647.3578   1158.5624
     1936.4883   1088.5524   2067.5947
      970.2958   1901.5848    204.4392
     2078.3726   1989.6471    112.2731
       65.1301    665.3225    147.3301
     1493.4943   1540.1650   1818.8971
     1566.3397    700.8947   1428.8518
      980.7776     88.6662    296.9628
     1719.4795   1016.7623   2072.7363
      495.7473   1942.8710   2127.1565
      145.0304   1295.1381     37.3959
     1610.1177   1166.4274   1932.3894
     2093.4189   1660.5494   1662.6454
      933.1866   2160.3638   1705.5676
     2134.0620   1361.1187    960.4257
     1467.5968   1132.2975   1701.3680
     1635.6344    491.1236   2168.5959
     1741.5319   1470.2640    916.9445
      659.0163   1840.3394      4.8446
      231.5791   1971.4039   1573.1549
     1096.0632    418.8949   1905.0139
      500.1447   1587.0973   1535.7157
      876.4711    154.2337   1317.4182
     1147.0006    669.3813    309.4947
     1280.4994    952.3834    938.3146
      910.0541   1745.5355    843.8804
     1878.4427    304.3895     56.4493
      938.7685   1283.7396   1257.1859
     1807.9036    879.2520    821.6671
      914.9861   1680.7500    273.9343
     1156.9946   1124.2854   1009.0319
     1262.7373    171.8623    178.8826
      693.6217    764.5904    585.5819
     1578.4969   1951.7932    488.4622
      936.3716    248.8067   1533.8281
     1314.3395   1917.5732   2060.2039
     1685.9945   1739.4879    137.5508
     1745.0782    123.7249    411.1357
      955.9278    540.7167    284.7139
      564.6223   1921.1393   1074.0308
      446.0401   2239.4180   1149.0028
     2095.3943   1397.9937   1817.3267
     1399.3293    387.5413    469.0854
      742.9275    908.2633    182.1291
     1732.2964    895.5286   2259.3474
     1805.2111    276.5844   1694.3456
     1830.4862    105.1893   2210.8518
     1761.9708    296.7021   1330.8804
       81.9264     58.4743   1205.3511
      659.3051    508.1708   1310.7461
     2025.8484   1476.2363     12.9028
     2235.3347    134.2087   1846.9115
     2088.8428   1004.9252   1113.3118
     2175.5129    372.0294   1720.3486
     1752.6057   2123.2192    414.7691
     1481.7859    636.5113   2079.2498
     1713.6415    928.4766    407.5392
     1066.2462   1095.5081   1624.0659
     1581.4830   1830.5201   1337.1074
     1435.8319    834.6993   1311.5994
     2235.6138   1706.6394    392.8082
     1749.0864     19.3518   1320.9375
      684.8723   1782.7009    570.2908
      471.1850   1563.0656   1923.1425
     1407.9716    805.7400   1567.3419
      780.6844   1843.2635    964.1595
      181.1927    136.2010    642.5175
     1701.2821   2038.7629    805.4226
     1904.2955   2190.1853   1456.0906
     1924.9071   1774.3220    610.9153
     1706.2216   1391.1310   1941.0103
     2116.5999   2162.3730   2254.9573
     2162.2522   1818.4783   1498.3040
     1898.1967    687.9837   2001.2412
       42.1246   1583.1252   1143.1721
     2012.5638    692.3926   1208.8630
     1217.6399   1901.4640    151.1431
     1090.4182    705.0144   1466.1523
     1838.0280     81.2076   1768.1345
     1071.8990   1266.6179   1461.7408
     1311.3329    926.0468   2208.4971
     1063.5410    876.9473   1565.9990
     2046.2001   2059.8416   1074.1426
      964.1585   1277.8186    144.9637
      366.0588   1601.4178    686.4015
      324.9448   1717.3522   1865.8434
     2001.4512    840.3268   1581.2954
      330.5212    685.6456   1068.5070
     1373.5521   1679.7356   2108.2625
      447.4682   1336.3258   2242.1729
      109.1749    921.6797   1682.1569
      641.7203   1016.0754    525.8306
     1237.4485   1903.4694   1488.5819
      939.3116    228.7762    706.7374
      523.0638    724.4674    726.6907
     1075.4335    503.5883    846.0716
      349.0651   1552.9014   1680.7367
     1215.4346    839.3738    707.3943
     2146.2456    277.6954    325.3565
      176.4057    505.9952    540.2617
     2129.9023   1037.0280   1637.6593
     2045.3108    484.7135   2045.8290
      164.7120    327.0154   1600.7238
     1809.5461   1840.2853   1948.2194
      278.4100    986.1732   2172.1416
     1831.9050   1573.8884    606.3618
      794.6256   1544.2017   1291.2723
     1922.0682    579.4838   1510.4135
     1488.0245   1046.5177   2079.5454
      290.3396   1638.9694   1172.8640
     1845.5928    959.2546    610.4790
      862.2606    843.2795    869.9363
     1789.4690    574.2524    301.8069
     1978.7449   1382.6410    218.7734
     1682.0826    408.4974    652.1372
     2128.2048   1114.2537    889.4059
      134.5037   1855.9156    842.9479
     1588.9778    314.5427   1463.7739
     2178.1846   1762.0529   2078.7280
      518.2088    540.2159   1912.5626
      957.8533    575.4317   1890.6874
     2097.3701    280.7989   1544.3004
      638.8116    736.6647   1944.5638
     1933.0646    477.4199    673.1225
       11.7145    357.0204    897.8353
     2075.3027   1757.6465    222.3895
      573.2880   1302.1968    822.9333
     1156.1638   1724.4017   1054.5071
     1187.0889   1423.7405    503.5484
     1984.5736   1221.3054   1025.8691
     2151.1873   1343.8953    574.2192
      703.6804   1572.6667    224.7060
     1693.2914   1103.6868    536.9374
     1721.4346   1921.0602   1201.1661
     1823.9772    492.6115   1862.7141
     2017.4113    559.7829   1854.9241
      971.0085   1359.8014   1989.8187
     1991.6199   1887.6174   1181.9926
     2091.5979    657.1194   1650.7537
     1829.8442   1757.1650    317.0021
     2210.7832    817.9557    600.5406
     1566.4708   1808.9586   2086.0625
     1882.8810   1310.7306   1205.3070
      373.9779   1199.6255    802.1957
     1052.2495    277.8279    517.3188
     2222.0156   2168.1389    434.8446
      963.3824   1817.0551   1137.7759
     1786.8391   2221.3931   2041.8668
      498.3744    692.2617   2108.2593
        1.8479    189.5315    514.5298
     2011.6561      0.4179   1868.2299
     1674.6554   1817.6014   1557.5162
        4.6608   2012.4507    917.9044
      649.9951    108.6009   2011.2222
      265.8746    208.4711   1932.3112
      951.3260    558.1990   2136.8511
      217.0729   1118.6405    671.2212
     1541.2661   1531.4934    895.9050
      438.3914   1979.3210   1515.7756
      106.7511   2111.0566    252.8626
     1312.4457   1767.9586    284.4218
     1339.0656   2220.8997    384.8067
     2039.7627    145.0457    187.9165
     1269.6053   1196.4408    218.9404
     1142.7888    823.4326   1010.1901
      455.7214    101.2439   1397.3535
     1240.2145   1123.3783    777.9982
     1537.1459    904.1245   1129.5886
      129.3926   1590.7150   1334.9629
     1911.0946   2071.8645   2232.7722
     1208.2319    780.8130    103.7498
     1933.7944    174.3939   1016.1102
      643.1771   2188.1890    515.6980
     1708.8015   2255.8425    719.9153
     1366.3562   1846.9696    512.2820
      496.0909   1692.1423   1721.7605
       79.3782   2122.2756   2144.7781
      164.5157    999.0306   1364.3162
      565.4939    972.2356   1857.8114
     1908.1896   1167.6252    569.5867
      556.4696    981.5648   1323.9182
     1983.2639   2257.6858   2110.1667
     1024.5707   1221.3062    872.5062
     1294.1454   1580.0304    130.0627
     1647.3662   1669.9957    687.1345
     1961.4276   1689.4418   2069.0203
      590.1056   1573.7605    607.2260
      662.8264   1710.9125    775.0549
     1440.9950      8.9952    218.9271
     1118.1823   1497.3658    856.4240
      478.4800   1002.8514    359.5237
     1301.0905   1771.1011   1682.8440
     1474.9396    885.4765   1740.9016
      854.9306   1197.6935   1636.6652
     1200.3522      4.6612   1979.0428
     1336.5846    559.7000   1939.0624
     1389.9102    698.9312    671.9477
      991.1377   2191.8386   1364.3486
     1457.1166   1937.5798    199.0199
      193.6772   1636.7828    341.0623
     1005.7616   1926.7456   1853.8116
      372.2607    928.0213   1414.9855
     1931.9186    121.9992   1373.9728
      146.0214   1072.1862   1955.2485
     1838.0555   1735.5264   1182.6587
      182.6117   1896.2493   1792.5400
      812.9421   1995.7922   1100.8922
      994.6243    314.8681    915.3199
     1908.2551    868.8768   2144.2974
        5.4115    474.6484   1068.9873
      205.0990    279.6025    860.7040
     1626.4176    520.4056   1767.8710
     2055.1829   1564.1887    633.2181
     1458.3838    475.2663   1371.6721
      876.4061    102.9949   1662.6039
     1398.5450   1206.6193   1899.1259
     1680.7101   2031.4961   1413.5116
     1000.8658    443.5204   1698.2605
      109.0877    234.3985    284.1822
      146.3328    941.6921    549.9052
      742.2377    213.2327   2171.4099
      176.3951   1162.6173    461.0903
      998.7411    808.6876   1306.2675
      683.6072   1314.3293    317.4535
      775.6263   2193.7351    101.3864
      935.5166   1863.4517    672.9689
     1315.5625    773.0292   1844.5813
     1737.7307    755.7290   1854.1176
     1547.6888   1040.6744   1311.7495
     1062.3357    765.4481   2169.9233
     1037.5303    564.1985   1296.8778
