       47.1117    203.7990   1643.0011
      955.7905   1287.4817    497.0402
      249.7518   1610.0765   1480.0687
     2170.8347    783.5368   1088.5618
     2241.1846     54.3839    291.3766
     1411.6320   1337.9165    140.9444
      948.2131      8.0019    756.2678
     1702.2666   1261.1093   2134.2698
     1809.7698   1156.5945    376.6632
     1603.6466    935.0607   1545.0155
     2118.1221   1720.1587    576.0704
      286.0565   1776.7892    695.0297
     1492.4712   1674.3927   2251.4905
      740.7217    572.7155   2016.5044
     1462.1410   1657.0742   1293.6442
       11.0081   1503.2673   1902.1207
      558.3001    811.4263   1716.3893
     1247.8890    433.0816    634.7286
      751.2757    577.5651   1009.7687
     1868.6431   1890.0112    137.7497
     2118.1697   1238.1710   1234.3181
      867.7684   2207.7092    986.0671
      800.8440    434.5536   2185.1963
       11.3497    965.1927    948.8507
      648.4100   2086.8035   1155.0686
      999.3708   2252.1426     77.4916
     1599.8246   1762.6740   1866.7662
       12.5512    189.8623   1440.3849
     2130.6868   1431.8273   1557.4592
     1520.1224   2181.4836   2010.0654
      541.7759    633.9116    906.8619
     1148.1566   1494.6746   2016.6848
      921.2407   1769.0431    475.5780
      861.2424   1209.7493   1085.3523
      514.0644    431.5138    270.3930
     1398.8103   1868.6497      2.3849
     1057.7144   1195.2571   2067.7803
     1905.8658   1309.4890   2066.5667
     1703.4711   1952.5551    290.3726
      415.2590   1552.1021    275.9880
      259.5154    503.9023     92.6457
     1023.3289      0.0342   1567.0928
     2113.3486    725.2905    395.6883
      838.4814   2049.7664   1523.2339
      163.8877   1608.6836    764.4673
      673.6115   1077.1388    303.9788
     1529.1808   2003.9103   1242.3794
     2188.8853   1316.3832    354.4044
     2235.4192   1119.4832    453.5926
     1418.4169    494.0325    997.6036
     1086.4006   2189.5664    458.8524
      223.6066    686.8320   1365.2664
      146.1772   1241.3190   1514.0110
     2074.4946    450.0574   1159.2051
      825.0961    546.2719     92.0123
     2080.5259    918.7231    246.9381
     2206.3477   1095.1974    251.8780
     1970.4041    206.0901    379.0536
      147.6726    868.9643    779.8824
      364.0338   1848.2500   1062.4119
      697.2693   1169.7664   1842.5413
     2075.5098   1511.1685    396.0439
     1604.2877   2068.1445    663.8636
     2044.6437   1055.7678   1459.2817
     1445.1963   1858.9989   1488.7153
     1167.7384   2033.4004   1351.8070
     1082.3018   1836.5377   1640.3523
     1695.7788   2162.5266   2162.9275
     1890.5197    857.2560   1428.8406
     1140.5266    274.4950    731.7170
     1287.5828   2088.8679    916.0817
     1812.1307   2003.0739   1597.6949
     1896.5844   1345.9481   1792.4628
      122.0072   1967.7161   1263.9852
     1108.5519    206.0320   1680.1232
     1111.2958   1582.8641   1622.7825
      463.6590   1808.5687   1896.0718
     1935.9666   1341.5901    434.0175
     1016.0781   2069.2871    631.2576
     1073.4683    683.1335   1112.3007
     1888.7418    871.9163   1189.4727
     1937.5596    760.0050    278.9584
     2262.8423    285.6164   1223.9576
     1252.3759      9.1170     45.2822
     1805.1047   1703.6722    838.5910
      932.4781   1687.1285   1584.0862
      512.0994   1785.1036   1636.9415
     1798.6013    175.2448    201.4409
     1709.6837   1311.7773    504.3813
      571.6484    246.7627    806.4652
     2228.2883   2232.0071    831.2119
      744.6416   1420.9895    715.5015
     1866.3265   2053.9192    976.8585
      602.5099    592.5154     99.3691
      553.4767   2234.3489    755.5764
     1905.2344    330.2924    791.1262
     1384.0945    628.0302   1702.5513
      449.1061   2147.0217    532.4126
      460.9690    273.0810    429.9445
     1505.7693   1696.8666   1666.9706
     1812.2231   1464.8740   1371.7897
     1486.0729    168.8886   1478.9785
      418.6777    679.4966   1487.5593
      184.3310   1992.7573   1048.7023
     1109.7444   1289.2166    693.5870
     1438.1414    316.9888    253.2847
     1240.9409   1923.9905   1823.3284
     1051.9614   1671.7759    661.9005
      332.5520   1299.9891    535.4423
     1390.2828   1191.5629    952.5785
      483.4816    849.6793    940.5979
     1072.8873    978.4656    845.3752
      756.8481     88.6315    660.1763
      484.3434   1391.8801   1617.2455
     1096.9673   1675.1183   1414.7192
     2103.3489    909.5939   2134.5989
      614.4022   1215.8295   1058.7610
     1670.2861    832.4159   1337.1509
     2079.6238    304.9392   1343.7112
      430.9984   1346.2837   1404.7501
     1910.5667    235.8584    581.1241
     1476.6541   1270.0961   2143.7129
      586.1121   2027.8455    685.3395
     1931.5015   1651.2811   1024.5349
     1884.6718      0.1394    554.8040
     1720.6556   1629.9362   1034.6230
     1229.9893   1760.4031   2213.0095
     1697.4840    614.9587   1993.9055
      271.6562    117.3198   1099.2395
      182.4886    611.8197   2195.4829
     1821.1185   1848.8507   1012.7101
       69.8398   1359.7336   1122.9263
       28.8096   1232.5596    859.7444
      551.1287    884.4343   1509.8048
     1749.6533   1446.2416   1162.8762
      544.2423   1873.9713    823.7809
     1589.4607    650.6326     26.2080
      147.7380   1128.7053   1711.4073
      643.5812    128.6179    114.0369
      363.4866   1991.5472    641.7331
      172.3868   1112.0800   1086.8026
     1280.6992   1052.9034    338.4563
      636.1300   1954.7913   1565.4015
     1212.2352   1475.7505    680.2424
      253.0329   2157.2822   1196.2155
        7.0548   2041.2877     65.1718
      893.6511   1144.3785   1447.6172
     1684.1819   1619.9500   1291.0194
       92.6197    229.0531   2034.5397
      149.7061    848.3689   1498.5054
     1356.0897    347.8606   1147.4639
     2248.8030    606.3127   1854.1593
     2042.7225    661.4365    605.5535
      940.1802   1827.2930   2024.9949
      294.1170   1409.5162   1553.9769
      862.3173    665.1182   1423.3040
      257.5343    738.0198    177.8808
     1151.4850    127.1855    386.1953
     1491.4778    926.1260    345.6372
     1571.5062    968.9232   1929.1454
      210.3204   2139.7764     39.1792
      289.8180    986.2219   1778.4484
     2152.6489    271.1135   1049.7894
     1643.0707   1143.7117   1549.3065
     1717.6086   1479.9094   1730.1927
       55.8897    380.4146    645.6290
     1270.2335   1307.3722   1372.7657
      968.5294    603.9241    524.2545
     1531.7494    542.2873   1568.3049
      358.2789    286.2846   1474.0569
      307.6707   2162.1406    971.0433
     1515.3768   2105.0403     85.9841
     1405.5260   1895.3494   1089.0107
       32.9937    787.9383   1305.2338
     1778.3268     20.9073    926.6254
     2248.4255    987.0921    740.0958
      811.1972   1615.8505    642.5671
      484.6445    934.9690   2065.6091
     1934.6816    563.2757    163.4397
      225.8490   1400.9087    352.5585
     1278.0134    204.4570   1843.5645
      649.3353    891.6787    836.6920
     1610.3080   1289.5757   1751.5370
     1809.6082   1751.8315   1406.9304
      854.1584   1992.7325   1299.2753
      754.6994   1240.7769    876.7973
      722.6757    480.7561    275.4272
      875.4543   1093.7399    499.6240
      349.8319    438.2766   1847.3917
     1348.8611   1465.0605   2003.7479
      488.2513   1779.4701    648.7539
      982.4391    277.7421   1123.2979
      441.7047   2028.8041   1161.9597
       10.2785    519.2758   1640.2047
     1109.8281    572.7554   2034.5626
      536.9987   1720.9503   2084.2039
      555.8860   1428.1926    138.4438
      813.3604    692.7199   1187.6239
     1939.9308   1728.4171   1847.4520
      768.0174   1838.8544   1439.7260
      124.9450     38.6903    455.8666
     1762.3794    158.0980   1126.0328
     2092.5137    363.7442    487.7778
       83.5346   1447.3195   1525.7545
     1217.3260    547.5794   1574.5850
      913.4941    155.2264    480.1954
      861.4898   1154.9939   1994.2052
     2225.9983   1112.4530     23.4408
     1016.6573     74.3197   1815.8707
     1245.7209   1751.8370    703.6578
      427.4993   1332.0927    976.3035
      962.1091   2164.9270   1978.3461
     1909.5575   1898.0967    792.1898
      342.0276   2212.5627   1550.7277
     1243.8087   2179.0132   1485.1398
     1762.7476   1021.1420   1362.1987
      485.7782   2128.3105   1712.6338
      222.5216     72.8027    855.6838
      193.2396    334.3539   1095.6136
        7.7134   1258.3052   1885.3317
     1331.1311   1542.2467   1627.0717
     1399.3737    150.1261    404.3896
     1643.0066    963.2598    170.7606
      352.3932   1942.3510    438.7148
      791.9605   1449.6185    523.1818
        7.8433   1489.4056   1698.4164
     1714.5450    156.4335   1508.7188
     1830.1594   2138.6821    761.8085
     1123.5583   2021.1263   2004.2360
     1353.9412   1864.3229   1294.5052
     1160.1818    385.8778   2133.0039
     1203.9397    381.1381    941.5772
     1527.5226   1387.1849    331.7613
     1393.3655   1274.4764   1597.0626
     1118.7656   1419.5442   1262.0129
      780.2645    365.2520   1045.1117
     1628.4390     30.2414     79.6769
     1198.4254    568.3981     10.7458
      709.4405     70.0548    864.8413
     1201.9187   1474.9731   1467.0992
     2115.0945   1698.9268   1146.0996
     1158.4894   1373.9138   1649.8451
      941.5920    833.1678   1069.3817
     1511.7805   1325.2896    579.5330
     1335.7137    667.2491   1451.3558
      950.0553   1988.6162    428.9358
     1051.8356   1464.9489   1813.6567
     2141.4529   1538.8053   2088.1248
     1163.2310    457.8080    229.6909
     2261.9626    619.6073   1460.3782
        1.7372   2260.2852    628.3294
     1799.6104    656.5996   2195.7349
     1142.1650     94.8404    855.6465
     1442.2649   1086.0466    540.2574
     1550.5732     89.8288    842.7984
      627.3618    668.5057   1467.5831
      876.4565    787.6979      2.1025
     1372.0331   1242.5210    407.0995
      264.8598   2208.3604   2108.6941
     1113.6482    904.5403   1772.2948
      446.2071    413.8376     55.3056
      278.4925    927.3085   1016.7477
     2050.2253    899.7716    915.3903
     1567.7377    758.2694    207.1644
     1915.1750   2052.7229   2007.8575
     1966.4741   1699.3899    426.6422
     1239.9978      3.9380   1706.9723
     1112.2760   1867.4779    548.3381
     2137.8345   1579.2534    952.7596
     1962.4867   1499.6113   1946.2700
      941.7060   1409.2803   1622.1583
     2074.7234    934.4562    501.5992
     1732.5671   1684.4503   2162.4387
      338.5428   1641.8319   2074.0537
      845.6323    155.6698    107.4444
      704.0103    178.7421   1468.3790
     1382.0974   1757.6395   1861.8878
     1850.1353   1501.2983   2171.8604
     1994.9789   1165.0549    195.5211
      872.4107    976.6418   1581.4082
      315.6167    130.3524    308.1305
     1221.0144   1638.5983    507.0562
     1084.8058   2058.2864   1605.3009
     1494.2848   1957.8140    869.4186
     2054.8472   1856.3083    967.9567
       57.7574    923.1862   1149.1829
     1121.5759   1081.6097   1883.6724
     2252.8650    615.7216    306.2083
      323.3424    295.4637   2149.8193
      720.6491    648.6641   2206.2351
     1897.1946    361.8768    223.1656
      448.9259    832.4001   1149.4373
     1223.4010   1328.5807    909.4177
      793.5963    884.4848   1402.1145
      984.5156    366.3379   1325.0746
     2249.5220   1752.2505    962.6231
     1910.5111   1918.5803   1803.4048
      956.9180    129.6762    930.3785
     1412.9689   1461.2479   1430.7908
     1574.3978    809.7955    799.3815
      769.9675    769.6303   1604.1021
      374.5827    653.3995   1755.0109
     2127.9097    699.4343    147.5764
     1432.4266      3.2701   2203.0618
      874.4758   1266.4491    681.5976
      724.5018    670.2491   1785.1011
      327.2227   1373.8021    161.3483
     1173.9000    869.6810    282.2511
     1743.5232   1523.8815    122.9175
     2060.9395   1271.1158    756.0555
      914.1572    657.9672    941.0132
     1862.8394   1910.6653    428.0800
      951.0922    734.9264    306.4775
       97.6435    478.5360   1273.7969
     2042.6442    956.4846   1918.2577
      518.3479    333.9682    635.2709
     2217.9634   1179.0846   1058.4423
     1034.7305   1422.5566   2205.7175
      825.3217    128.4622   1091.5702
     1162.5190   1773.9379   2000.0392
      232.2194    135.5617   1539.9587
     1864.2761   1215.8059   1439.6790
     2114.7146    175.1239   1983.1140
      501.6066   2087.5325    933.7457
      606.9075   1690.1414   1390.2655
     1912.2910   1787.6854   1592.5471
     1627.9609   1458.2164    707.6420
     1305.5896   1572.7017    861.1266
     2113.5283    730.9209   1995.9873
      568.9316   2172.7834    134.3246
      876.3845   2012.1434   2097.6514
      739.8402   1142.7579   1260.8682
     1795.6971   2106.9219   1794.4354
      465.3808   2146.9270   1362.8396
      290.5186    630.1174   1960.0145
      463.1608    360.8595   2017.1121
     1255.1113   1315.5430   2135.4402
     1669.3981    805.4412   2094.3225
     1518.0652    411.1895     64.8055
     1593.5404   1327.8595    888.7499
     1363.8917     37.6602    950.4519
     2036.8491    691.7062   1419.6113
     1251.9832    138.3608   1515.8459
      526.2323   1013.4406    124.1023
       63.7397   1903.9459   2151.1177
     1070.4149    112.4225   1393.0734
     1176.1411   1322.1760   1915.1809
      981.2409   1559.4424    466.1090
     1379.7007    496.5758   2157.3411
      707.2603   2092.6936    922.9621
      239.1562   2147.3030   1723.3376
      422.3176     72.0137   1683.6110
      229.9739   2158.4487   1389.7913
     1258.7286    332.6841    382.9235
     1847.2333   1044.3306   1541.1514
     1059.9229   1363.9618    298.0316
     2232.8926   1516.9703    561.1583
      895.6310    848.3718   1798.7307
      544.8497    271.8681   1611.7216
     1514.9481    458.9110   1967.3583
       68.5737    411.8926    376.7296
      868.1479   1898.1226   1670.1707
     1485.4282   1170.3032    745.4241
      339.8182    664.3973    476.7390
      401.7506   1713.3701    879.6805
     2232.7629   1401.5293    740.3617
      959.5460   1593.0563   1965.2205
     1696.8535   1857.9827    663.7748
      359.6282    344.2937   1247.1766
       87.8710   2237.4929   1579.7510
       73.9734    187.4030    999.5244
     1636.9731    516.1988   1013.8060
        0.5531   2258.4714     84.3431
      462.4059   1189.6890   1808.3696
      305.4986    343.4373    661.2169
      916.0554    393.4722   2008.7394
     1696.3130   1220.7111   1288.2970
      791.4265   2015.0597    574.6754
      331.1406   1944.6881   1335.4540
       64.5957   1673.1982    192.7347
     2023.3217   1704.2363    808.8647
      857.7203    483.5361    839.4257
       23.6024   2032.1813   1677.3240
      841.8691   1769.0204   1844.0830
     2107.1138    364.2476    716.6930
     2176.7852    768.1100    828.2145
      173.7802   1344.7684   1734.3652
     1804.4458   1186.7155   1902.1923
     1355.5862    757.5707    881.4614
      837.8602    751.1830   2008.7173
     1413.7878   1591.6691    332.6805
     1671.8268    541.7393   1389.5681
     1818.2864    671.8302   1310.7336
      318.5999    958.0641    192.6355
      649.6123    412.2023    468.5842
     1599.4209    301.8928   1069.3866
     2215.1821    555.0840    523.8423
     1491.9156    234.9494   1921.5154
      329.3104    281.1984   1689.3033
     2082.3313    322.8171     96.0259
     1983.5925    358.2259   1888.1910
      769.5009    928.1960   1184.4253
     1599.9775     99.2809   2105.8098
     1854.1036    997.9924    210.9327
      369.6177   2246.4175   1890.9608
     1740.4653   1728.5007    494.2613
     1851.4628   1392.9187    648.4109
      468.4082     62.7274    950.4796
      916.3828   2135.0112    286.8636
     1205.4160    888.0921   2018.4019
     1694.4695   1240.5131    710.6667
     1524.5974   1451.1699   1639.2865
      388.2630     88.0537   2256.1558
      405.4160   1545.2081   1325.6697
      618.8646    231.3810   1039.1746
      299.5756   1269.9603   1181.6786
     1146.5917   1996.0437    331.0517
      705.9146    186.0220    482.0036
     1671.5981   2017.6837   1994.9683
     2155.0293   1852.0341   1758.6116
     1947.5216   1076.6586   1247.1127
     1565.6656   1774.5903   1151.6102
      373.4243   1096.1600   1986.6086
      941.0007   1055.5205   1254.3503
      438.8106   2112.9424   2254.8850
      272.8120   1016.1899   1525.9486
      453.4543   1002.5745   1678.3501
      105.1073    706.4120    478.1023
     1743.1276    724.1398   1516.3833
      632.6573   1906.7881   1766.8154
     1359.1948   1374.5005   1784.2085
       89.7534   1319.1135    497.1689
     1147.2046    962.5139   1233.7991
      558.3905   1873.3564    268.1630
      996.4662    948.6524   1996.8663
        7.6136    896.6865   1951.6842
      669.8840   2060.8989   2221.6755
     2220.4495   1630.1915    760.1118
     1852.1605    325.9103   1493.4263
     1297.2123    650.9053    486.6960
     1246.8723   1189.9253   1740.5795
     1305.8459   2119.4890   2046.0135
     1274.3989    334.4811     66.6985
     1336.7603    577.5283   1185.7341
      534.3443   1679.3617    169.6360
     2057.7708   1946.9012    617.5242
      278.8536   1788.3706   1617.2808
     1034.3525   1347.3688   1055.4781
     1215.7545   1561.8474   2216.1528
     1354.4894    519.8887    359.0331
     1392.2317    737.6782     45.0644
      194.1351   1284.6240    970.0559
     1426.5034   1751.1864    844.6696
      769.6143    725.4494    199.6450
     1468.7490   1139.2578    223.5656
      608.0099   1478.3439   1403.3889
     2039.7124   1230.8440   2231.5049
      137.5019   1012.8135    311.2248
     2178.6489   1215.0101   1455.4972
      338.3604   1153.6289     88.3058
     1008.1725   1884.9136    962.0020
     1932.0944   2262.5762   1121.4113
      338.1891   1742.5201    498.3283
     1628.4365   1471.8748   2176.3518
     1127.1704    524.7537    451.8412
      671.1669   2112.8545   1374.9958
     1878.7736    176.7826   1958.4500
     2073.7593   1080.1245    638.5197
     1096.0630    989.8900   2209.5798
      334.9998    820.5289   1634.2109
     1887.6516   1397.8370   1572.0271
     1549.8486    697.1251    445.5088
     1718.9901   2236.4021    251.6716
       54.0508    412.3269    151.8899
      372.4670   1397.3362   1793.0480
     1235.1805    615.4326   1009.8665
      695.3741    205.1736   1821.9941
     1003.4321    490.2341   1518.4017
     1907.1278   1947.6129   1391.7123
      398.1488    595.7525    249.2195
      399.7357    152.1971    744.3883
     1208.8284   2067.6992    548.3743
      129.5677     18.8411   1970.1678
     1861.9243   2098.4905   1233.8175
      255.9838   1253.2001   1904.3599
     2127.8757   1447.7916   1133.9128
     1125.3296   1700.1113    887.4225
      405.5602   1122.0529   1022.8334
     1885.8446   2261.1326     77.7399
      654.6439   1096.0331   2044.5228
     1846.3224    670.6836   1701.1304
     1782.8317    862.3513   1665.7860
      984.9503   1039.6122   1041.8579
      162.7739    764.4293   1804.0310
      548.0133    606.6538    557.9614
     1655.9465   1358.5181   1508.9080
      822.9615    273.7685    308.7604
     1153.0966   1211.9485    433.4540
     2209.4526    909.2229     81.3074
      280.9605   1220.5006   2141.6218
      131.2172    671.3367    690.4962
      751.4415    329.7265    663.7216
      963.9899   1514.4291   1428.8851
       65.3259    815.7709    238.0506
     1226.8676   1030.3806    570.7614
      462.1525   1093.4092   1475.3065
      599.6469     15.4037   2192.7097
      319.6783    760.3641   2118.5112
      978.3370    238.9703   2156.6218
      171.3301    132.6468   2202.0354
     1603.1404    485.6043    446.2390
      354.1838   1010.0518    514.1633
      705.2510   1325.2324   2017.9618
     1952.2947   1551.1436   1227.9769
     1788.9163   1927.0115   2154.1511
     1701.7939    291.0523   2076.6584
      620.5589    499.5999    742.0621
     1595.1670   2158.6021   1799.2075
      909.0154   1377.1711    895.8325
      203.4412     99.0909   1757.4465
     1284.7694   2071.8066   2250.8560
      639.6884   1302.1226   2249.6951
     1104.6035   2036.8263    130.0822
      578.7361   2182.7063   1540.9111
     2129.7180    116.5889   1229.4689
      883.9081   2209.6389    518.6957
      350.4387   1419.3413   2056.2244
     1158.2451    322.6816   1477.6954
     1931.7714   1566.8749    219.8239
     2230.0364     94.5302   2138.1367
      600.1432   1195.9465   1651.9296
     1441.3118   2219.9597   1620.7524
     2221.7544    376.6177   1939.1423
      496.7156   1270.0054   2014.7013
     1702.5065    826.8252    579.2309
     1932.2719    468.3875   1309.1351
     1161.3473    590.7895   1797.3314
      296.4276   1489.3204    895.1423
     1311.8020   1082.5699   1330.3341
     1381.1089    203.6829   1669.4700
      872.1978    987.8956   2159.9836
     1452.4271   1910.5449   1717.2219
     1021.5545    881.6924    637.7082
     1733.8009    466.1407   1619.3568
      926.0493    695.4993    716.5045
      810.7610   1493.2186   2138.3538
     1739.8683   2073.4995    107.7385
     2162.7183     50.6943   1019.6630
      402.0787   1760.0820     12.9162
     1531.7686   2120.1421    312.7414
     1181.3435    214.2186   1026.5342
      884.2796   1076.8550    812.2774
      858.6633   1263.1184   2191.0466
     1616.1206   1321.8978     80.7154
      687.8275    966.5251   1698.7651
     1419.5356   1584.2336    662.7733
      187.0237    503.8067    773.2194
     1971.7120    560.9522    406.2240
     1028.6984   1596.8326   1216.0863
      164.8172   1066.8381    853.0733
      327.1874   1170.4667    310.3035
      569.1592   1088.9485    866.5197
     2236.6885   2052.5203    671.4308
      866.0924   1845.9506   2247.1807
      686.0770   1347.7061   1239.8451
      240.3410    813.0023   1191.9464
     1592.0928    245.9557    466.4035
      299.0573    708.2234    841.8648
      678.5291    359.7134   2001.6313
      568.5080   2031.0996   1927.3507
     2181.1294    570.4017    728.9641
     1369.6644   1658.3212   1066.0696
     1264.3167    692.4403   2100.1353
      862.9020    168.3032   1989.4741
     2251.6633   1381.2943   2211.3831
      867.8017   1570.9308   1756.6627
     1031.3674     61.8549   1156.0864
      213.5960   1495.3800   2241.9971
     1545.0355    421.5547   1226.7656
     1897.4432    776.2147    511.5736
     2095.6174   2123.9048   1489.5271
      617.3480    815.5616     52.0170
     1988.6548   1578.7887   1463.2626
      392.3854    463.9575    467.0488
      767.7859    444.6133   1828.2357
     2062.9065   1670.4186     34.5042
      561.5676    601.3462   1702.0415
     1250.6318   1095.9856   2070.3069
      616.1977   1576.7819   1711.5717
     2239.1082   1973.6111   1921.9667
     1945.7124   1560.2666   1705.8717
     1619.7369   1776.2979    927.3995
     1343.9395   1009.2420   1883.0044
     1242.0371   1580.3723   1839.6095
     1208.9141    743.1503   1273.9220
     1043.8491   2145.1013    944.4197
      691.8429   1064.7788     15.4523
     1544.8182    201.7658   1259.1686
     1798.8511   1217.6921   1670.4987
     1414.0658   2163.9963    777.8352
     1921.3577      3.3498    317.6042
      175.4100   2175.0483    594.3332
     1781.5991    500.6609    831.2186
     1724.0062    684.9623    905.9781
     2123.7397   1999.1631   2135.0190
      718.4179   1736.6736   1626.7292
     1051.9608    974.0143    432.4147
     1121.2476   2110.2109   1798.3082
     2187.8518   2196.6636   1998.7561
       30.8746    601.1042    904.6406
     1741.6672   1701.0043   1733.2356
     1224.9440    888.3676   1464.7693
     1577.3207   1612.4634   2014.8696
      538.5046   1707.7905    430.5504
      165.3051   1734.4733   2219.6536
       74.2686    955.3565   2140.4724
     1472.9182   2110.7322   1028.2751
     2209.7935   1850.3135    755.3604
      467.2492   1949.9652     96.7095
      473.0698    205.8824   1849.0116
       20.0755   2179.3357   1812.2014
     1925.2682   1048.8197   1752.4344
     2239.0190    906.4210    401.6408
      778.1910    268.5737    872.9251
      215.7003    515.2706    992.1299
     1973.0557   1850.0986   2200.4260
     1815.1481    957.3914   1931.2992
     1715.8685    888.6473    980.6708
     1490.9281   1238.4393   1412.7155
     2253.6670   1600.5846     13.7757
     1469.3400    280.3368   2148.3137
     1522.5145    898.6108    554.0887
      980.8184   1469.7225    689.5950
      500.9099   1753.3604   1212.1304
     1656.2361     99.9248   1894.4794
      612.3152    462.0386   1538.3041
     1700.5908   2197.4385   1598.2620
     1785.5197    599.3918    470.3010
       61.2145   1807.2827   1603.0453
      356.5465    958.0459    792.1392
     1632.0116   1899.2888     40.4507
     1401.2115   1435.0283    998.0972
      419.2120   1547.5046     21.7271
      743.2988   1222.3073    154.8666
     1580.8682   1112.2322     21.5292
      423.9568    674.2005   1277.2498
     1004.2654   1254.7806   1776.8400
      260.9322   1631.8691    145.4288
      346.0202   1224.9333   1626.3068
      759.9646    942.5968   1911.4144
     1929.4788    803.6483   1829.3929
     1481.9037   1944.6465   1929.3984
      792.5370    411.0480   1424.9438
     1206.6379    767.2075   1641.3518
     2111.3052    464.1525    283.2700
      384.5203   1944.9347   1741.3153
      714.7383   1834.5591   1210.2220
      115.1726   1802.0546   1143.1812
     2150.2798    819.9207   1774.5427
      351.9811   2189.8218    745.0143
     1460.0603    530.3754    608.8171
     1930.1096    124.8336   1566.7094
     2101.3923   1983.7600   1324.0494
      499.8796    184.9825   1212.5811
     1350.1487    548.8217    141.8506
      694.7042   1166.6501    671.6906
      644.3393     78.4511   1643.2719
      174.4768    540.5923   1792.3145
      718.0539    682.3812    801.6901
     2226.5176   1242.5840   1658.4260
      599.4593    421.3098   1173.2042
     1336.3630   1662.7120   1463.6022
     1689.0454   1017.3766   1740.6425
      500.4300    793.0832    232.6624
      767.4299   1703.2460   2103.5181
     1435.0342   1244.9546   1203.7300
     2146.7424   1529.1698    184.4839
     1345.6063   1005.7136   1146.8290
     1275.2775   1408.4497    298.2885
     1625.7867   1007.5669    753.5839
     1335.4858     85.1560   2026.6034
     1870.7915   1073.5449    795.1724
     1206.9730    473.7675   1333.5732
       97.8781   1442.6747    166.8922
      704.1982   2109.6379   1694.1128
     1833.7764    683.3901    696.2924
     1633.9194   1970.1071   1032.8301
     1186.3143   1012.2083    110.4847
      832.3812   1439.8651   1110.0762
      406.6319   1771.7559   1438.1759
     1363.8729    793.6507   1115.2671
      246.0699    893.5282   1984.7488
      110.8873   1224.7397    242.9316
     1596.5701   1326.3333   1093.4545
     1252.6320   1301.6566   1133.2803
     1570.1556   2227.0647   1441.5078
     2180.5615    854.3513   1488.1766
      473.0980   1177.9285    648.0086
     1761.2872   1599.1108   1932.9818
     1078.8799   1799.6974    336.9832
     1035.6898    411.8605     41.0749
     1102.0312   1935.2120    788.1230
     1124.9380   1580.0251    312.0732
     1507.5576    706.0544   1872.9042
      931.4598    271.6029   1805.9675
      265.8146   1827.4357   2034.8094
     2023.7893    134.4868   2214.6836
      755.4478   1773.7266    176.8800
     1853.7936   1694.9087     52.6656
     1838.5175   1325.5948     53.0687
     1205.3827   1380.7911     60.9447
      551.2054   1361.7179    574.8320
     1570.4633   2034.2007   1587.2517
     1647.9291   1602.5323    328.3743
     1558.2495    547.3303    233.6690
      224.3611   1540.3959   1903.6133
      388.3764   1393.4689    728.9180
     1890.4003    101.7417    760.6280
     1267.7227   1870.6874    921.0188
     1563.6720   1812.4767    358.8999
     2134.3955   1332.6481   2042.3204
      706.6043   2087.3521    362.5175
     1106.0795    205.9765   1974.4786
     1585.3896    141.0371    262.9213
     1661.7163    347.7016    236.2686
      596.5512   1490.3490    406.7498
     1651.2593    619.0014    636.5522
      542.5196    238.0930   2197.1692
      531.3610   1527.7878    832.6537
     2143.3921     22.0247   1647.0850
      650.5587   1421.0034   1002.4339
       96.3546   1707.8885    573.1373
     1324.8177    132.7822    766.9956
     1059.9109   2127.5862   2196.6729
     1307.8126   1965.6976    715.0431
     2101.3840     36.9712    463.4709
      420.1870    471.3870   1058.8633
     1758.0850    471.6610   1204.7910
      454.8406    509.4512   1378.7578
     2024.6196   1141.3544    408.8962
      278.1009    823.3323    613.0535
     1445.5800    177.7933     69.5264
      865.8204    377.6988    486.2923
     1297.1511    585.2178    774.5669
     2017.8033    670.4788   2187.8420
      755.8022   1576.3851   1525.4053
     1700.2682   2155.3955   1100.2267
     1484.4830   1892.3281    662.3394
     1359.9233    739.7457    279.5230
       26.0042   1513.3187    348.1444
     1030.5402   1100.0985    637.6191
     1190.6282   2245.1672   1268.6045
       27.0175   2211.2830   1377.0291
     1359.5028   1459.1429    488.7775
      610.7273    426.2220    947.1252
     2088.8853    195.4583    854.1290
     1964.8123    435.2237   1659.2310
     1680.5757   1934.0262   1756.6869
      812.4401   1366.8536   1442.0802
      160.6783   1814.9762    370.9516
      765.5954   1917.7844    800.7958
     1538.9967   1105.3645   1108.3914
     2047.2487    400.6010    926.2206
      563.0918    999.3450   1076.5504
     2238.6633   2146.5930   1181.5173
      253.3880   1498.1686   1131.0947
     1858.6172   1270.5000    839.2559
     1615.2021   2159.6008    876.1553
      795.7097   2255.3486   1854.6069
      231.4802    284.4961    478.2539
     1770.2959   1596.1842   1558.2797
      873.8870    836.1422    507.0674
      659.4045    367.2934     78.5209
       74.5608   1672.2421   1751.0626
      132.6341   1380.6069   2047.6996
     1074.8116   1183.9476   2262.0090
     1292.4519     14.9900    605.9061
      784.9820    547.1884    627.6578
     2055.7698   2172.8640    663.5117
      311.2591     75.9172   1320.2047
     1380.6327   1458.5114   1210.5509
      820.2892   2010.7991   1873.4977
      134.5198    326.1991   1818.2590
     1143.0978   2231.1121    238.1474
     1412.2148    257.8838    951.2048
      267.6466    847.5811    387.5536
     1417.2848   1062.2892   1530.6174
      344.2984   1029.7440   1211.6772
     1783.3538    356.8401    425.4404
      232.5895   1414.2385   1343.5176
     1079.3964    188.1626     98.8850
      695.8459   1897.6846   2042.0579
      758.0410   2155.1174    727.4847
      417.4006    815.1232   1893.1091
      304.8188   1172.4863   1382.5522
     1932.5791   1432.4816   1030.2075
     2152.1599   1565.8662   1330.1177
      755.6027   1649.1069    405.7144
      103.1633   1205.2419   1287.6398
     1597.7910   1529.5236    519.0007
     1584.0027    367.6378    859.1189
      246.6284    266.3365     86.3202
      343.9985   1963.8439    855.4829
      569.0898   1959.6096    494.3408
      171.7741   1326.7671    729.9799
      591.2648    642.6533    352.4668
     1099.8877     47.5617   2138.4592
     1956.7448   2173.6917   1646.7068
      800.8870    539.2689   1617.8765
      376.8776    492.7594   1611.8906
      312.5145    352.9535    273.8859
      196.9504    568.1665    315.9553
     1835.5074   2017.6913    601.6475
      730.1912   1232.8647    482.8593
     1514.7031   1532.5791    138.2029
     1735.0454    461.8958     80.7887
     2084.2668    468.4971   1466.0657
      411.4922    115.8671   2061.8320
     1353.7302    298.6484   1339.8027
     2081.0356   2088.4724   1806.0430
      713.4067    785.2884   1019.2795
      297.7585   2159.7366    365.1926
     1584.0342   2257.7893    452.2176
     1430.1180   1464.9634   2210.9143
      163.8151   1937.1405    663.7280
     1050.5182   1108.4987    258.6837
     1102.8604    764.9645    877.6259
      713.2742   1389.9030   1623.5210
     2220.6213   1830.8029     76.2965
     1904.7965   1025.5530    998.9039
      607.2687   1555.2749   1187.1193
     1522.5514    704.9987    993.8757
     2142.0750   1654.6310   1900.9348
      649.1439   1606.0452      0.3919
     1547.4708   1389.5735   1955.3461
      615.9446    243.8303    268.4939
      869.4594   1633.2678     38.0845
     1745.4362   1392.5547    292.4733
     1544.7821   1540.2765   1122.1382
     2242.2622   1777.4697   1323.3884
     1706.7139    193.1910    643.3454
     1199.1034   2220.9790   1060.4651
      404.7193    436.0851    845.7813
     1827.4398   1522.5724    462.3732
     1429.5490   1745.4307    176.5395
      963.5411   1613.4136   1013.3495
     1116.6177    776.7294    468.1243
     1922.7682    744.2234    976.7742
     1264.7822    217.4883    569.2032
     2007.6176   2238.3018    874.2692
     2018.4060   1038.7965     34.9254
      474.8359   2157.7014   2055.8933
       24.1071    201.9800     91.1054
     1807.6272    353.9105   1003.5349
     1975.6876    605.4294    818.3992
      842.9506      8.4040   2164.2004
     1195.6644   1521.6294   1051.6150
     1312.9298   2106.7024   1195.4463
     1285.0142    988.7012   1669.2614
     1384.2406    936.7095    155.6078
     1977.7703    300.1021   2099.5852
     1593.7365   1408.7922   1318.0948
      178.6602   1873.3224    112.1605
     1584.1381   1170.8982    391.5260
      882.4523   1704.1348   1340.1040
     1595.7732    284.3744   1699.4523
     1373.0579   1967.5999    367.7006
       82.7701   1468.3381    934.3494
     2251.7898    536.2339   2084.2434
      563.3561   1935.7489   1340.5957
       71.8396   1188.4420   2110.3962
     1702.0607    319.8766   1881.6112
     1068.0962     69.1672    599.4908
      142.8471   1047.1312     87.9646
      105.0820   2227.3450   1029.6150
     1425.6793   2101.5269    545.4963
       12.9701   1990.0486   1454.5975
      509.9792    967.4796    657.6607
      972.2659    491.4151   1034.4143
     1517.6428   2207.9089   1222.2860
      685.9537   1054.7184   1489.5891
      370.5051    521.6956   2129.6887
      124.9634    772.7499    959.3177
      187.6247   1493.7744    583.4601
      558.6094    318.9055   1373.1869
     1579.1353   1613.0936   1483.5625
     1900.6604    533.3259   1060.9003
     2086.3987    144.9604    643.0298
      178.7788    438.5593   2006.5808
      207.6837    630.3214   1568.8160
     1422.9270    834.3457   2022.4396
      862.9413    984.6029    322.5497
      610.9985   1259.5891   1426.4399
     1833.9753    448.8372   2024.5422
      174.2547   2018.2627    441.2378
     2178.1699    317.3593   2157.3032
      304.4212   2017.0062    213.2430
      802.4315   1438.1147     79.5322
     1155.3011    657.3961    659.6044
     1500.9692   2017.9467   2159.8303
     2262.9631   1914.7375    282.6341
     2012.3816   1210.1550   1891.3085
      247.1746    482.8441   1425.7614
      170.1801   1808.6921   1418.2208
     2004.1990   2105.9299    455.2456
     1573.3707     80.4890   1054.8461
     2218.0095    726.9641   2212.8718
     1184.4287   2164.2881    761.3978
     1770.9218   1251.8153   1047.3502
      556.8731    402.7068   1782.4143
     1301.4154   1252.0867    622.1855
       31.5877   1052.5000   1529.8943
     2190.4270   1082.1720   1827.2726
     1638.6040    239.7882     31.7165
      915.0914   2048.4795    829.2162
     1989.0061   1494.6907    825.9937
      786.5113    644.2354    429.7589
     1973.6455    838.1877     44.2799
     1947.0234    273.6104   1174.8680
      512.8630   1168.4182    449.8547
      178.0273    249.8127   1337.9648
     2220.0127   1033.3594   1288.0485
      779.8745    954.1199    692.2943
      417.4704   1593.7767   1057.6921
     2134.8596   1112.3787   2051.0010
     2062.3428   2024.5281    837.7490
       30.4283    730.2877   1657.1675
      339.7305   2030.4960   1931.9642
     1372.0714   2101.8982   1835.5524
     2116.2561   2140.5518    211.9179
      998.9299    446.3477    658.4562
      558.7269    638.8655   1128.2468
      511.0781     49.6512    367.1014
       20.2996    393.6209   1454.9215
      459.5299    211.3332    157.7882
     1400.8206   1380.8203    767.1505
     1212.6702   1154.1371   1528.8585
     1735.5532    764.7518    344.2733
     2043.0095    186.8341   1753.8967
     2167.0093   1302.8844    129.0799
     1266.1821    194.9536   2183.5793
     2105.4749     66.4101   1451.6011
     1371.6497     47.8601   1358.2338
      358.3470   1800.4749    235.0256
      728.3279     34.1849    315.7984
     1066.2253   1712.1975   1822.8503
     1162.2393    230.3654   1241.2902
     1922.2841    954.1721    389.9215
     1228.5156    382.3229   1713.7319
      626.4687    796.6933   1276.5308
      365.3041    567.0502    687.5186
      151.4993    820.2373     21.3660
     2064.5142   1901.9280    382.0029
     1411.9042    956.2126    739.0093
     1306.7579   2076.5771    189.9648
      890.5057   1228.7350    307.6172
      156.2692   2039.9512   2001.8007
     1436.8378     46.3109   1838.2432
      585.3568      1.4622   1852.8409
     2033.0339   1376.4518   1370.9192
      152.9912   2100.4524    809.3560
       90.7876    723.0083   2025.3872
     1100.8273   1187.8759   1232.7921
     1041.5699   1758.1506     89.9758
      577.8435    478.0544   2161.3728
     1084.2471   1924.2277   2198.1362
     1240.9573   1615.9391   1262.7628
     1482.9420     79.9712    617.4654
      493.9486   1132.2050   2209.6799
      420.1110    272.6571   1002.1334
      535.7858    113.8236    592.7392
      771.6559   1543.2794    896.7541
      596.4731   1694.2354    996.1550
     1728.8174    698.0988   1120.9810
     1730.3815   1197.9878    208.5059
     1078.3263   1023.0787   1428.8047
     1537.8201    892.7167   2244.9548
      277.5276    554.7487   1199.6079
      714.0423   2151.5715   2038.1810
      994.3625   1886.5869   1430.2656
     1530.6968    580.0794    811.7537
     1907.6954   2057.6299    271.0298
       30.9334    178.9711    759.4597
     1522.0317    659.3832   1220.2437
     2201.0288   1925.2257   1131.9469
        9.4551   1388.1842   1341.2504
      341.2755     67.6083    516.6608
     1662.6832   1112.0594    924.8583
     1385.0088    387.3148   1554.4004
     1430.0226    416.7928   1775.9785
     2034.3306   1209.9800   1643.0358
      660.2953      7.4563   1059.8429
      735.7938   1541.6541   1928.6357
     1068.1084    730.0736   1914.1765
      770.2629    304.3260   1648.0031
     2019.4585   1748.8578   1338.2875
     1349.7836   1151.1611     23.2093
     1136.1986   1841.3492   1266.7823
     2146.8140    510.8571     17.8390
     1490.4341    954.8378    948.9409
      208.5882     55.0291    162.5466
      118.4611    401.1477   2219.2993
     1013.9813    643.4550    106.3541
      902.5717   1069.4281   1806.2643
     2183.5720    587.7640   1261.6849
      814.2772   2260.0652   1482.0967
     1323.1133    871.0096    465.7914
      389.4844   2237.1221    198.3222
      450.8410   1337.3934    361.6367
     1370.2534    383.9973    797.6537
      572.4815   1377.4340   1823.7926
     1508.1388    280.9148    683.0877
     1195.3911   1971.6222   1095.7900
     1297.6212   2038.3146   1625.9395
     2085.0039    880.5156   1288.4476
     2041.0205   2191.5737   1296.9961
     1336.4777    124.9322   1153.8297
     1507.8896   1720.4131    519.4665
      769.1940   1019.4944    990.9968
      713.1005   1989.0997    159.4617
      643.8821   1728.5563   1871.2416
      874.4424    347.7585    123.8251
     1726.0310   1042.4174   1146.9252
      970.9176    681.0903   1680.9814
        8.8618   1178.6528    663.2457
      791.7975   1651.1108   1107.4124
     1138.2864    444.5228   1144.1058
     1999.9626    857.0178    713.3865
      272.6453   1966.1501   2201.0771
      402.2817    658.6829     37.0166
     1407.0380   2060.1130   1418.6007
       65.8356   1763.3386   1953.4753
     2257.0493   1896.5463    523.8024
     1947.5631    472.0793   2239.1316
     1579.4443    728.0812   1657.4314
      497.5824   1195.2874   1244.4993
      728.7051    264.9489   1248.2567
      686.4686    882.9734   2124.9539
      511.0719   1201.5571    203.5263
      803.7256   1362.4379   1812.7939
      867.2189   1459.6360    309.6201
     1033.5364   2081.4607   1183.7123
     2258.8547   1632.6581   1489.9373
     1598.9052     85.9946   1676.7961
      499.5080   2072.1443    307.6895
     1727.4299    224.4032    861.3854
     1807.9071   1110.4236     23.3984
     1050.0778   1533.7665    113.4877
      683.1771    851.6769    361.0794
     2041.1467   1973.0620   1609.6643
      900.7431   1093.5310     93.1518
       97.6151   1582.2850   2079.3345
      212.0262   1691.4287    990.2100
     1004.8796    901.3519    129.6573
      472.6292    816.2344    485.9062
      765.7688   1865.5304    364.5609
     1045.3333    291.6606    280.3146
     2110.9907    618.6168    992.6844
      569.9911   1462.2812   2127.7627
      461.1142   1405.6261   1169.6102
      396.7645    887.5293      2.8349
     1788.0630    748.4562    117.6986
     1022.1628   1667.8566   2155.3215
      389.7117   1523.9109    483.0623
     2046.7220   1890.0416   1966.2494
      650.0084     49.8179   1294.2784
      834.6138    485.5764   1210.1090
      887.0181   2042.3530     44.0736
      830.2205   2216.5396   1226.7140
     1312.8430    346.2669   1983.1774
       89.3367    659.9645   1134.8015
     1919.1761   1082.1539   2092.1091
      943.7015   1910.5486    208.2933
     2060.5332   1956.5380    120.5778
       65.7910    626.7640     99.9220
     1478.3411   1550.5150   1818.6030
     1533.6794    721.9975   1433.1118
      945.0419     83.2505    288.5916
     1687.0166   1032.2964   2102.9653
      479.3555   1926.1936   2118.4170
      151.4290   1284.1005     37.6089
     1577.6750   1165.7157   1952.9519
     2120.4038   1661.5780   1656.2041
      918.3168   2118.4358   1723.9512
     2140.7173   1356.9335    938.4601
     1475.3069   1143.4194   1751.7390
     1635.0424    475.1644   2147.8940
     1755.6962   1467.1567    905.2288
      623.6577   1836.5020      7.0069
      207.3998   1999.1219   1559.7583
     1114.4462    393.0600   1910.2472
      470.5198   1581.7219   1552.2972
      892.3295    176.2406   1324.2469
     1158.8947    650.4313    290.5428
     1293.3212    981.6227    904.3000
      880.2680   1710.2505    812.7502
     1852.4517    268.0933      7.5696
      925.6771   1316.5072   1272.4814
     1808.1082    864.6133    783.1392
      938.2302   1661.5773    268.3593
     1179.7438   1117.7191   1029.6135
     1258.9119    177.9261    201.9581
      689.4075    782.9263    606.1613
     1603.3119   1955.2748    493.9518
      943.1238    269.3554   1536.0396
     1319.2733   1899.2172   2064.4971
     1643.4963   1724.0878    146.4572
     1766.6454    103.0089    421.9337
      948.9037    497.2767    303.8714
      592.2773   1909.5095   1032.5405
      451.1547   2245.3987   1155.5038
     2121.6602   1397.9469   1779.9923
     1439.0078    363.4129    511.2351
      772.9540    926.4902    149.1451
     1782.5332    902.1219   2251.2075
     1829.3373    274.6693   1713.3646
     1819.7529     83.4118   2163.2942
     1761.3018    276.5336   1298.4965
       83.5644     81.2507   1212.3417
      663.6499    576.5977   1311.4130
     2031.8337   1442.5721      6.2429
     2250.4446    131.6846   1846.3734
     2092.0884    995.6716   1094.6301
     2185.2698    368.0718   1744.5024
     1756.5298   2133.0664    456.4463
     1494.7687    656.5499   2101.3884
     1696.2125    961.5235    397.5739
     1059.9729   1099.2693   1647.9193
     1598.2081   1837.2034   1361.1373
     1395.8121    860.4736   1335.0892
     2216.6733   1706.5330    388.7132
     1716.2255      9.7093   1298.3610
      701.6580   1803.3921    575.8198
      509.4826   1543.9758   1945.8331
     1414.1069    828.1322   1576.3020
      782.2740   1825.5120    986.6976
      191.9795    138.6304    650.6260
     1716.3650   1960.9893    835.0435
     1867.9211   2183.8909   1459.6611
     1907.8550   1785.3519    622.9795
     1751.6899   1400.5000   1948.0634
     2084.9880   2200.6858   2261.5994
     2132.3584   1824.8953   1501.8877
     1906.9071    667.9902   1968.4790
       47.3452   1591.8550   1121.2617
     2000.6954    691.6341   1204.4312
     1223.1793   1860.4219    154.5610
     1091.1165    679.6636   1461.1334
     1833.6683     72.6532   1766.5968
     1053.4418   1284.5789   1449.8960
     1317.7932    914.7048   2203.5063
     1020.5546    850.1268   1558.6555
     2066.3889   2098.9827   1064.7443
      962.3582   1319.6536    114.7072
      382.9001   1590.3357    679.2559
      254.9557   1756.9604   1823.9214
     1999.7587    848.9861   1618.2343
      345.8086    680.4135   1041.8297
     1368.7728   1666.4198   2072.9971
      430.6157   1332.7924   2252.3464
       71.9572    938.5501   1712.2603
      641.7994    995.3227    504.0064
     1233.4293   1862.6964   1486.1835
      931.8922    227.4589    686.9793
      490.3508    734.8303    720.8842
     1108.8083    545.2787    854.2849
      225.7528   1570.4838   1683.6937
     1219.4746    857.9507    709.0094
     2164.2749    249.5499    291.9006
      184.6364    512.0948    550.1440
     2136.4614   1025.4037   1642.3428
     2053.3235    509.4583   2033.5256
      172.4402    388.7198   1605.6405
     1789.6611   1819.1129   1959.4165
      262.0292   1024.5806   2158.8142
     1831.1814   1596.6682    667.4073
      799.4214   1528.7913   1314.3102
     1884.6423    559.2145   1496.5847
     1453.5222   1049.4041   2103.3926
      292.5109   1737.3163   1239.6888
     1859.9362    996.6709    582.0691
      893.1014    857.5527    854.4412
     1774.4851    555.6252    276.8740
     1970.8207   1363.9827    217.0908
     1695.4811    410.2012    651.5228
     2098.0806   1101.1193    855.6416
      136.1071   1849.9172    864.5870
     1611.4177    348.9452   1444.7327
     2182.8240   1755.8212   2122.5637
      527.7773    560.6481   1924.1752
      917.3102    599.4283   1879.6979
     2084.0750    279.5433   1562.0684
      619.5124    769.0594   1931.2839
     1909.5144    470.6643    616.6557
        0.2075    385.0827    869.6423
     2059.7903   1748.6324    228.5840
      568.4658   1307.4713    794.0422
     1161.3672   1735.1709   1081.9255
     1139.1167   1434.9639    499.2097
     1981.3246   1222.3256   1041.7736
     2118.6523   1322.4600    555.8716
      716.4599   1577.8822    219.3784
     1672.9994   1093.7723    565.8069
     1754.5701   1911.2833   1222.5024
     1819.3905    509.3977   1830.3400
     2044.1364    568.1436   1816.2156
      926.4522   1370.5015   1992.5643
     1972.0245   1918.9282   1154.3604
     2071.5708    634.9468   1617.8145
     1813.7218   1744.5095    283.6052
     2220.9788    795.8877    613.7115
     1559.1606   1806.4967   2091.3896
     1896.7153   1292.8297   1233.3378
      361.4340   1193.7843    822.4823
     1061.2479    316.6014    509.1068
     2226.1357   2111.3672    423.4067
      950.9948   1817.5137   1156.1226
     1774.4553   2221.3923   1972.2898
      522.2025    690.4886   2121.2334
       10.8352    236.1388    528.1276
     2003.7795     10.2189   1882.5631
     1673.8789   1835.6091   1556.2683
        0.8519   2009.5381    942.1702
      631.2471    124.1297   2020.5889
      264.4361    219.4599   1935.8438
      960.1809    577.3345   2148.9104
      240.3290   1105.1556    660.3544
     1540.3994   1554.4327    890.1219
      438.1509   1988.2402   1521.5804
      102.7361   2139.3665    246.5968
     1279.4996   1762.1226    341.7663
     1313.6019   2198.4739    370.4542
     2041.4094    121.9566    174.0313
     1215.2150   1216.0247    202.0367
     1167.9211    876.2061   1045.6879
      476.1373    102.0214   1443.0393
     1240.9136   1122.0149    791.4568
     1562.0562    863.1602   1156.5319
      132.1574   1609.6842   1297.8243
     1922.2812   2075.4761   2229.9934
     1189.2444    773.2826     83.9019
     1955.2162    162.6800    997.5337
      654.4747   2204.6226    512.6194
     1679.1039   2256.5703    661.0562
     1325.0715   1850.3513    527.8842
      412.8692   1621.0786   1773.3254
       45.7612   2166.6775   2170.4214
      162.8281    995.1641   1335.2375
      551.7708   1000.2596   1868.0504
     1911.1145   1202.0629    595.7016
      576.0378    995.3399   1309.8163
     1992.9911   2229.3838   2081.2659
     1021.7001   1217.8673    880.2070
     1288.2783   1575.5934    146.3952
     1602.7091   1688.1627    711.6266
     1952.1936   1678.0378   2059.8584
      598.0263   1570.7522    616.7988
      661.3639   1707.6200    794.2462
     1437.6206      6.3704    208.7731
     1089.8081   1498.4569    871.4084
      480.6298    963.4135    332.4638
     1271.1749   1765.9899   1673.2794
     1479.6169    911.6191   1746.7444
      817.4755   1197.9974   1643.1044
     1185.5077      0.2244   1932.8698
     1330.3539    552.8398   1933.2212
     1412.2448    744.5904    662.1085
      991.0645   2165.8884   1383.1704
     1494.8444   1935.7413    206.3441
      212.1803   1622.2429    378.0886
     1032.9253   1924.0699   1827.7446
      371.8072    876.7504   1362.5461
     1908.8766    116.3895   1336.8030
