       46.4206    206.2414   1550.5100
      827.1491   1177.9460    379.1524
      277.3791   1619.8029   1431.0284
     2152.6997    813.4824   1181.7931
     2188.6050     94.6852    172.5507
     1414.9023   1403.5013     72.1444
      776.7761     62.5937    647.3470
     1699.4238   1098.6885   2167.6914
     1785.3386   1205.4730    356.9389
     1587.6351    830.7354   1603.2456
     2101.8657   1817.7527    416.5310
      215.6969   1772.1227    720.5959
     1468.9543   1553.4224   2134.4624
      636.5863    624.0856   1907.4443
     1520.8534   1636.4386   1237.6931
       31.6412   1411.8341   1888.3700
      574.8065    959.1793   1824.6525
     1216.0763    395.7789    586.4803
      777.3890    728.9597   1033.1482
     2024.1891   1925.9556    184.6739
     2129.6653   1239.1971   1198.2183
      736.0046   2174.8779   1098.9155
      708.1931    404.7086   2206.4229
       73.8460    872.1757    953.8923
      556.7645   2042.1868    977.6905
      942.8923   2202.0222     80.6681
     1661.8802   1869.0542   1890.6669
       42.6837    117.1094   1329.9535
     2206.1206   1373.5524   1414.3708
     1509.9668   2256.4570   1802.4298
      514.5692    566.1972   1024.8053
     1047.3960   1520.7092   2040.7120
      921.0394   1699.2830    394.1467
      869.4734   1193.2911   1092.7654
      548.6427    298.6740    286.2715
     1333.1974   1954.3938    178.8775
     1203.9414   1133.1995   1994.0244
     1988.1454   1288.4138   2092.5024
     1622.0844   1854.1384    284.3839
      477.0776   1477.6331    254.3689
      231.5341    390.8767     50.1499
     1068.1759     21.7482   1438.1981
     2070.8813    752.6246    294.5734
      841.9630   2127.7048   1609.8380
      174.3446   1540.0095    653.5664
      858.3583   1073.3248    107.9565
     1499.4178   1913.6907   1163.8416
     2248.0623   1276.2698    357.4855
     2211.4233   1143.8755    585.4421
     1498.0908    506.4392   1041.8977
     1122.1946   2254.2324    453.8236
      199.7596    553.4713   1424.2300
       58.8499   1165.9144   1374.3955
     1973.7019    592.7106    969.2420
      896.2597    575.9583     21.9128
     2029.7275    977.9969    209.0290
     2233.3706   1053.0485    341.8643
     1931.6790    231.1663    353.2017
      238.7902    893.8536    777.9708
      407.8896   1723.4927   1127.9712
      794.0211   1250.5393   1744.5355
     2040.8821   1567.1898    481.2011
     1809.9380   2169.6062    690.1494
     2061.7100   1031.7257   1339.4579
     1560.5697   1840.9329   1399.0405
     1064.6678   2070.5366   1305.3362
     1051.0267   1835.9102   1727.9965
     1711.1613   2103.1045   2220.4255
     1974.5338    801.5972   1350.4949
     1060.7452    266.3596    794.6078
     1219.5454   2249.9722    919.2405
     2026.1149   2071.7939   1533.5139
     1906.5203   1349.7335   1817.1824
      169.3219   1818.2635   1209.8760
     1172.0146    124.7712   1599.4923
      980.0946   1659.6897   1557.2191
      398.1420   1851.4133   2112.2634
     2013.0197   1346.8121    349.8699
      880.3641   2111.9883    615.3967
      988.2638    766.7010   1155.2308
     1884.7119    872.0980   1115.3857
     1814.1526    662.2621    246.7841
     2234.4026    268.3600   1164.5859
     1188.6981     40.7050     25.8262
     1736.3661   1414.9106    852.4157
      892.2284   1955.7478   1459.5175
      481.5853   1754.6613   1610.0425
     1882.7006    256.8985    133.2480
     1786.5361   1383.7751    560.1766
      525.6100    217.9675    754.7166
     2260.3381   2159.9160    910.7086
      767.0170   1489.8862    736.4025
     1951.1547   2240.9036    893.7740
      502.5092    624.3203    257.8696
      430.4373   2164.0640    813.2585
     1917.6080    322.6854    913.2258
     1375.8027    542.1190   1655.0902
      397.1671   2159.3604    422.8421
      335.6776    138.8551    330.2739
     1576.4084   1708.4779   1667.6687
     1744.2573   1462.6495   1382.0447
     1569.9889    119.5344   1418.8398
      438.5762    693.3774   1485.5585
      189.4454   1871.7672    974.3917
     1198.6755   1313.9252    614.1761
     1480.0372    333.0091    227.2657
     1276.8071   1897.4653   1751.0645
     1048.2917   1864.8926    565.9415
      372.0287   1153.3488    554.6550
     1302.7181   1191.4518    876.6550
      565.3922    818.2758    917.4764
     1240.3422    902.6402    890.3642
      516.6205     15.7842    580.6161
      446.3853   1511.9520   1589.8390
     1035.5776   1767.0427   1278.5895
     2129.3472    933.4042   2041.7891
      567.4531   1237.1249   1100.2690
     1652.0043    819.6823   1388.3619
     2063.4683    369.6043   1427.5029
      475.5191   1348.1464   1338.6367
     1737.0621    322.4622    552.9649
     1464.2421   1262.5822   2120.2886
      639.2939   2058.0481    703.4529
     1968.7500   1667.1410    971.6038
     1835.0798     76.7430    496.7970
     1696.1447   1641.0737    986.8670
     1047.4014   1755.8397   2235.0188
     1798.5825    601.8647   2004.3431
      225.4066    120.0060   1127.9250
      105.0285    593.4648   2194.8469
     1963.7455   1915.7893   1046.0403
      103.1166   1310.8196   1122.2744
       52.9400   1147.0050    936.0245
      612.7663    902.5955   1452.6580
     1653.0087   1427.8458   1117.3809
      693.5881   1858.2657    939.8942
     1638.9882    738.0572     49.8317
      105.8370   1223.7256   1727.4670
      551.0541     11.6576    214.3723
      444.4921   1950.8121    627.3122
      102.0818   1053.4116   1151.9393
     1309.6653   1064.4832    259.0746
      630.7136   1963.5623   1452.7902
     1100.5480   1583.0475    649.2943
      275.6857   2229.4121   1316.6707
        4.0518   2015.6011    139.9928
     1042.0583   1289.8417   1318.4209
     1772.8356   1704.7201   1424.2047
        0.8237    405.6974   1981.7667
      173.3828    768.3260   1555.2529
     1258.0133    257.4106   1157.2208
     2240.0950    659.3339   1691.8193
     2034.9525    750.1485    604.9825
     1107.4747   1868.1207   2015.7886
      204.3546   1337.0409   1484.1315
      930.4363    597.1061   1362.1200
      276.6414    670.7383     97.4291
     1260.4766    215.4684    383.5934
     1577.1987   1060.5342    293.9049
     1570.6963   1084.5963   1965.0183
      341.8945   2186.3110    151.7668
      306.5778   1011.6926   1871.5393
     2180.6724    387.4425    976.7194
     1698.5991   1101.2231   1566.0118
     1751.2745   1505.6058   1644.0800
       21.0237    327.6770    656.8121
     1285.0219   1237.2847   1319.0673
      850.6353    718.7958    559.4794
     1598.8341    356.6720   1459.4904
      360.6170    354.5236   1558.6365
      224.2030   2133.2246   1059.0115
     1565.7258   2117.4124    187.5886
     1327.3203   1972.9395    902.3054
      135.9174    737.9227   1228.6584
     1617.8894     11.4891    891.9306
     2214.6357    977.0793    731.3826
      904.0938   1893.0771    753.7790
      559.5396    867.0416   2043.2466
     1865.9696    500.5568      8.1967
      282.3376   1327.7305    302.7913
     1415.3444    456.7413   1877.3300
      737.3789    874.1635    748.4435
     1572.3893   1224.5793   1776.9536
     1934.6991   1890.4159   1318.5433
      820.1061   1941.2526   1190.7996
      674.9746   1349.3068    923.4281
      692.3262    497.5873    171.8775
      924.4976   1057.2086    623.6218
      399.2540    469.6970   1828.8281
     1324.0225   1404.9971   1924.9698
      596.4590   1708.1444    738.2930
      977.2238    288.2681   1076.6652
      374.5130   1988.8459   1189.0188
        9.8388    451.8153   1541.6754
     1141.4532    496.1731   1968.7632
      652.7587   1464.4487   2033.1807
      611.8917   1515.5490     32.2085
      678.3929    583.3712   1197.1484
     1914.5333   1728.4167   1986.8184
      816.7350   1745.4897   1387.3795
      130.4490      0.7851    336.5979
     1820.6055    167.5960   1070.1001
     2183.4072    378.0851    391.0717
       67.9228   1548.5256   1292.0861
     1205.8499    583.1750   1409.7849
      946.2318    228.5523    519.4986
      941.8445   1036.4708   1888.6110
     2224.4270   1063.5494     22.9438
     1023.9032     58.1653   1783.3790
     1370.2104   1623.3254    782.7892
      385.7714   1394.5184   1020.1907
     1127.2540   2255.6104   2047.7499
     1870.0341   2002.3799    832.3035
      386.1026   2055.5740   1516.9205
     1340.7891   1962.1420   1481.5192
     1809.6185   1006.4711   1363.6077
      556.5560   2007.8937   1701.8774
      272.4382     48.2514    845.1862
      236.0785    350.0000   1055.4728
       87.7465   1069.6155   1984.3071
     1301.4125   1699.1899   1583.9481
     1410.7983     25.4470    440.7905
     1811.3652    930.8654    270.9073
      507.7119   1933.3528    393.4928
      629.3455   1487.4136    532.7693
       13.8904   1556.3884   1591.2512
     1805.1658    255.0486   1333.7778
     2054.8130   2216.9072    597.0418
     1262.4098   2151.9746   1798.3290
     1204.0314   1943.8702   1102.9982
     1043.5387    389.6026   2197.8301
     1179.1797    416.3271    955.5020
     1592.1791   1400.7754    326.2269
     1360.6338   1275.5864   1576.1901
     1323.1510   1488.2798   1190.1333
      895.8627    522.0976   1055.4932
     1794.2164     27.0087    169.0324
     1119.3560    586.8608    132.1309
      635.1826     45.6122    901.1119
     1248.8715   1480.5054   1450.2325
     2143.8662   1726.0732   1140.3013
     1180.2031   1456.8822   1716.4723
      951.3189    872.4421    916.2372
     1560.8507   1214.2083    537.6328
     1434.2317    669.8538   1431.3354
      934.5674   2008.6486    370.3175
     1040.9674   1310.4681   1868.1960
     2203.4805   1601.4097   2041.4753
      876.7766    602.2878    351.4783
     2171.0872    668.1078   1437.0659
       34.2823   2258.6572    675.7289
     1948.9764    760.5565   2085.0234
     1086.6971     22.5365    692.7994
     1364.9259   1034.3914    520.3525
     1594.8677    230.0543    745.7368
      692.0469    622.3261   1442.4558
      982.7457    782.4790     12.9886
     1368.2954   1287.7909    368.6484
      113.6862   2247.8733   2016.2498
     1010.8462    921.6373   1639.6993
      460.6405    548.7937     37.8850
      325.1022    830.0865   1032.4963
     2074.1748    807.0591    914.8587
     1613.1591    809.3462    282.5060
     1861.6641   2120.4775   1989.6770
     1871.5482   1803.5786    350.3835
     1291.1361    136.5625   1849.9210
     1209.6001   1976.8093    397.9076
     2204.1743   1544.9929    923.1553
     2005.8721   1494.8832   1952.9181
      944.9492   1425.9146   1620.6279
     1944.5361    971.5311    683.9595
     1679.5555   1665.5408   2098.4644
      183.0531   1875.3179   1954.1735
      715.7347    162.0471    136.1244
      877.9012    146.1937   1572.3368
     1449.2574   1678.9075   1910.8087
     1905.1927   1564.7465   2203.3467
     2076.8604   1242.5131    139.8531
      899.6004    902.8228   1429.6698
      252.4842    164.4457    110.7848
     1205.6011   1690.2892    420.9960
     1124.4768   1862.4476   1500.0658
     1553.1738   2020.2496    699.3746
     2101.7649   2037.6100    833.1404
       33.7906    907.3478   1355.0741
     1210.1608    967.8884   1776.3677
     2254.9775    612.8508    215.4835
      262.4411    353.7546   2045.2666
      675.4359    680.4082   2192.3528
     1753.0812    417.5450    266.2252
      534.8396    775.1257   1208.7072
     1477.5682   1363.7152    734.3119
      746.2791    835.7935   1262.0631
     1129.9211    472.3513   1191.2241
     2226.2688   1800.9971    843.8915
     2128.3884   1956.0719   1745.6616
      957.2795     44.0473    918.6161
     1517.6301   1356.7755   1318.5593
     1550.4296    800.5759    866.9675
      899.9701    710.8490   1603.3611
      416.0622    750.7066   1836.8535
     1995.0127    744.9536     58.0408
     1615.5487     39.9752   2130.6514
      864.5575   1307.9098    568.9869
      672.2218    773.7903   1673.8964
      349.6520   1405.9403     53.1567
     1080.6632    825.2321    258.6093
     1608.2046   1611.4170    137.5874
     1967.5546   1350.1019   1002.9238
     1115.6580    675.9836    945.6010
     1940.1062   2050.1729    372.9653
      883.5272    926.5625    410.9126
       32.9639    469.7523   1273.0084
     1901.6241   1019.1736   1997.8452
      417.8150    309.0640    510.1044
     2102.5940   1035.6935   1039.6136
     1013.6333   1329.4005   2239.7341
      710.7698    136.7902   1383.0767
     1336.9410   1836.2115   2173.3459
      311.9072     64.6225   1555.5634
     1870.3735   1261.5845   1569.7010
     2226.2141    152.6389   1878.5695
      421.8421   1874.7659    864.1683
      850.0283   1505.9845   1373.0006
     2078.1123   1826.4790   1553.0029
     1602.9310   1593.0701    715.9525
     1223.3159   1440.3088    857.3781
     2252.0479    719.9749   1989.3748
      460.5024   1961.9213    133.2406
      908.5507   2138.0193   2092.2346
      658.4184   1077.8035   1315.8553
     1932.2526   2186.6272   1740.2457
      548.7061   2166.3848   1299.1552
      217.3855    598.6825   1959.4146
      526.2931    446.5915   2047.5409
     1228.6879   1332.2949   2162.4832
     1441.6758    740.4177   2131.5388
     1613.7162    477.6554     57.4362
     1590.1521   1213.4508    950.8043
     1365.1914    218.7727    897.1107
     2077.8484    582.4675   1200.9788
     1305.6974    110.4667   1377.4874
      629.9612   1020.3475    258.7759
       35.7861   1997.5391   2160.5281
     1063.1780    316.1225   1366.9890
     1317.4365   1199.4379   1793.9155
     1030.5446   1475.9773    430.2005
     1339.5469    491.4460   2210.0996
      817.5225   2110.2517    879.3834
      284.9764   1941.6825   1716.0919
      474.5445     11.1256   1745.0000
      150.0172   2013.2899   1323.7261
     1061.7472    124.6668    229.6698
     1908.2350    857.6848   1576.2269
      918.0483   1330.6124    190.2384
     2213.5264   1426.6134    591.6637
     1134.3503    608.1860   1720.9590
      564.3572    240.0037   1602.6685
     1583.6317    498.0808   2064.3479
      126.4125    272.4466    356.0401
     1009.0106   2068.5181   1855.4965
     1536.9690   1052.4121    760.7708
      418.8288    555.2030    489.4660
      328.5005   1648.3777    905.9350
     2163.7407   1306.0887    828.3677
      891.9498   1707.9017   2000.7485
     1717.6007   1924.5466    535.5272
      224.7512    296.1770   1361.7855
       58.9938   2194.4243   1492.5137
       80.2296    156.3438    915.3878
     1658.0980    416.0406    852.4119
      127.5753   2219.4531     21.9792
      483.4514   1173.6046   1923.3892
      272.9735    319.2458    777.9840
      876.2803    397.5576   2016.1321
     1693.1195   1197.1093   1295.1750
      730.0110   1880.9481    541.6518
      406.2611   1823.0367   1374.9440
       34.4128   1799.5375    231.2861
     1996.6359   1794.0856    769.0590
      670.0263    580.9078    837.9673
       87.4528   1967.4006   1572.4762
      823.7242   1950.1080   1946.4976
     2000.7249    358.4183    616.8759
     2261.6338    727.2068    767.7123
      195.9171   1473.2253   1700.0736
     1785.3987   1246.3252   1991.6290
     1136.8584    576.8348    731.3411
      923.2145    633.4688   2014.7703
     1370.7689   1680.7430     90.0614
     1878.1587    548.6361   1387.6697
     1785.0458    666.4668   1158.6310
      260.1674    910.1210     79.8901
      655.6006    497.4861    461.4058
     1606.6168    233.9200    992.5845
     2216.8389    581.8159    547.0897
     1527.0281    218.0801   1966.6929
      257.9647    224.4904   1758.5421
     2070.8201    274.2991     26.4758
     1864.5143    338.2179   1850.7771
      717.5126    986.4841   1039.7427
     1736.7158     84.2669   1876.2241
     1803.8748    893.3811      8.2228
      530.1625   2241.0186   1983.9336
     1812.3162   1635.5649    568.0112
     1963.3541   1496.6847    735.9807
      444.5367     31.5756   1115.9413
      732.1906   2054.5854    124.1855
     1182.8347    689.7607   2108.2356
     1762.0612   1179.1547    740.1165
     1507.8285   1573.7018   1470.3397
      477.9106     30.8510   2221.3708
      331.3799   1500.1672   1222.8075
      686.3726    143.7476   1153.8755
      282.3156   1182.1396   1245.3363
     1265.3722   2191.6487    238.7301
      673.0835    136.5298    431.7696
     1604.8916   2082.4690   1940.7295
     2249.6980   1703.4789   1795.1024
     1930.0618   1308.4767   1326.3253
     1786.0934   1771.8877   1176.4148
      373.7357    977.8621   2156.0957
      959.4602   1041.2587   1241.4731
      314.0507   2119.9722   2159.3267
      212.5453   1048.7949   1540.9425
      560.4877   1138.1307   1655.7554
      208.3332    630.3391    378.7891
     1660.3069    606.2404   1545.6927
      790.5874   1882.7316   1686.5873
     1433.3550   1491.3932   1714.5111
      167.6755   1307.0653    538.0103
     1223.1940    816.1978   1122.3815
      736.3533   1861.2401    264.0158
     1062.5249    795.9459   1875.3768
       15.8796    987.5524   1751.0087
      602.6030   2039.1172   2173.2646
     2211.8413   1670.4822    631.1964
     1824.5667    414.2105   1590.9744
     1130.3817    698.0848    464.8265
     1420.5651   1002.7217   1518.8722
     1380.3691   2232.1309   2038.2687
     1244.3459    320.9704    115.2559
     1580.7056    543.4827   1288.2795
      647.4340   1765.6011     57.8962
     1977.6968   1975.5117    576.9899
      222.5542   1737.2024   1659.6038
     1156.3447   1334.8860   1073.1469
     1235.5554   1612.0883   2132.5791
     1290.1442    522.3991    341.8457
     1287.0656    865.8881    112.8853
      309.3732   1106.3341    994.4951
     1542.6539   1797.7351    864.1130
      759.0339    810.9326    153.2158
     1298.8418   1109.5225      5.3360
      647.4504   1342.4674   1527.2336
     1993.8374   1062.8795   2223.7471
      382.1719   1072.4698    336.9714
     2116.9023   1176.5781   1556.9183
      425.1733   1144.9636     94.7105
      968.3107   1848.7352    997.0582
     1877.4460   2141.7627   1097.7505
      411.6255   1692.9698    544.6746
     1711.1078   1431.3685   2179.7427
     1070.0914    401.4640    339.6178
      814.2342   2157.9021   1344.7424
     1976.6660    101.6858   1930.2068
     1979.3688   1249.0852    627.1312
     1133.9294    951.7781   2200.1387
      393.4913    896.5172   1621.8679
     1998.9740   1466.7655   1527.9333
     1355.1785    607.9845    579.7209
     1731.3513   2128.1001    459.2543
       10.3363    316.0885    149.5178
      388.5337   1431.9452   1853.8815
     1369.1969    625.8722    883.6317
      712.0054    382.1555   1848.4347
     1036.3948    465.2364   1570.5165
     2196.2871   1919.8176   1326.9102
      303.8957    435.0878    286.2720
      227.3276    147.9708    561.8525
     1232.0747   2105.9373    610.5111
      309.9841    129.8678   2035.8651
     1726.2366   2019.1808   1257.9633
      244.2360   1284.7704   1965.7200
     2128.5266   1491.9329   1155.5717
      884.7176   1627.9727    889.8381
      437.3242   1023.3005   1167.1401
     2032.0491   2153.3604     89.9476
      710.5051   1110.8311   1984.3275
     2005.5502    608.5319   1612.0922
     1817.3750    636.3746   1742.8297
     1053.1454   1074.0887    967.2639
      255.6431    584.7259   1683.9071
      659.1047    763.1290    385.4911
     1600.3051   1329.4454   1553.1144
      822.7851    357.7066    350.8086
     1108.3091   1219.0228    398.0411
     2219.1860    822.8251     36.5956
      204.9293   1165.5983   2190.9307
      193.9604    716.1109    590.9874
      692.0142    343.1541    637.7557
     1077.6700   1516.1860   1262.0118
       89.2221    833.6171    267.7789
     1332.2120    842.9761    678.9748
      447.8242   1110.4735   1439.3186
      715.4627      4.9396   2199.0032
      389.5651    702.4230   2151.6643
      938.1654    142.7808   2201.9849
       72.6980    213.2451   2169.4121
     1487.3745    327.8221    501.6490
      191.5994    977.4688    481.9501
      832.0131   1384.7076   1966.2933
     1894.3508   1548.0519   1185.5339
     1784.0166   1891.4423   2141.4556
     1760.4330    314.3188   2085.6716
      476.1328    467.1724    745.6182
     1705.7870   2139.8789   1696.4865
     1001.9478   1304.4978    814.7731
      128.9263     21.9675   1742.6890
     1436.6829   2079.5093   2235.7966
      788.3359   1253.5060   2205.3267
     1066.7937   2008.0504    167.2817
      625.1696   2253.2190   1512.8186
     2008.5748    128.0812   1359.4432
      880.3105   2243.1104    351.6507
      396.5513   1570.2111   2099.0273
     1347.9581    372.1661   1458.0316
     1845.1473   1379.6243    119.3947
     2148.1106      8.9901   2164.8865
      872.2770   1187.5460   1480.0629
     1358.9099   2227.3989   1571.9268
     2045.9236    348.2012   2045.5433
      494.7116   1255.1158   2144.7205
     1719.3260   1031.7620    528.9746
     1991.6586    336.7664   1158.5349
     1234.7076    361.2216   1721.1630
      152.7578   1407.0547    864.0942
     1359.5005    872.8564   1291.0511
     1445.0303    206.9343   1630.7880
      819.2437    907.6778   2131.3059
     1523.5952   1988.9281   1677.4420
     1062.3334    832.1623    687.5872
     1615.1056    398.5651   1753.7660
      885.7704    672.2822    789.3854
      845.6284   1533.8566   2205.0989
     1781.0122   2016.3733    176.0430
     2103.9058     97.9849   1049.0232
      236.1319   1887.2925     40.4339
     1464.3846   2035.9083    463.0578
     1166.2438     10.2441   1189.4532
      842.4012   1106.4890    857.5887
      996.3508   1118.5759   2127.3865
     1609.0049   1231.3300     93.6021
      783.5116   1012.7694   1684.0127
     1612.0017   1647.6412    427.5319
       95.6739    517.4446    851.6256
     1947.4879    534.6432    416.8097
     1123.7566   1616.3159   1039.5012
      166.8332   1114.1949    712.1971
      574.1057   1256.9965    407.4609
      607.0619   1135.5702    906.1705
     2234.9490   2100.4424    400.5855
      868.7096   1905.1317   2252.7788
      627.4467   1492.8831   1173.1792
      343.4717    880.5891   1342.3361
     1613.3246     31.6667    585.5340
      383.3224    680.1681    802.6819
      679.3012    197.6536   2058.9749
      547.7573   1963.2732   1941.8480
     2114.0493    522.9084    775.8479
     1352.5676   1732.3326   1039.2137
     1315.4351    712.2496   1878.9139
      851.3625     98.3521   1929.1150
     2252.2651   1275.4896   2111.9265
      930.8705   1591.7659   1809.9088
      947.6014    123.5654   1240.2993
      161.3437   1445.3771   2146.2114
     1478.6848    299.7177   1246.0999
     1853.7706    827.0449    485.4053
     2016.8506   2137.4988   1300.3591
      504.0760    829.3535     95.6731
     2044.6814   1644.7081   1376.0743
      199.5435    446.9644    592.9158
      843.9690    551.4989   1769.8479
     2058.6550   1640.5082    237.2164
      574.2879    524.3683   1644.5719
     1343.6298    941.8872   2025.9314
      596.5118   1416.2238   1787.4370
     2124.7578   1866.3766   2020.4326
     2020.2369   1634.7507   1717.8550
     1760.9391   1803.8895    751.2032
     1503.0900    934.5493   1790.7970
     1202.2545   1628.7479   1858.0066
     1115.9293    809.3364   1382.0984
      988.1187   2139.9221   1077.9133
      642.0018   1032.1624      8.8865
     1475.6514     64.2434   1202.4725
     1823.8142   1119.3354   1777.8136
     1398.9974   2232.5491    742.5989
     2017.7595      2.7429    317.0808
      190.0680   2105.1045    546.5825
     1848.1847    525.1417    716.6050
     1727.8981    643.1961    919.7504
     2011.7971   2020.9127   2166.3081
      671.0044   1706.7423   1851.2739
     1141.1428    957.9521    463.7363
     1124.0415   2101.2297   1591.8103
     2125.6152   2146.9146   1928.9779
        8.0207    637.9811   1024.0309
     1830.4926   1796.7151   1658.2266
     1177.0197   1067.4366   1482.6050
     1581.8124   1425.3069   1933.9070
      622.3096   1663.1346    335.9927
       64.0998   1723.9719   2176.3831
      176.8035    871.6163   2093.7251
     1452.9183   2130.3579   1034.5955
     2260.2712   1931.5818    605.6584
      359.6158   1749.4358    290.5887
      466.1911    245.1617   1906.9363
       83.9627   2056.6045   1840.5120
     2044.5022   1007.9155   1737.5187
     2237.2664    816.9822    469.0974
      822.1732    233.3283    807.4775
      260.8625    591.1664   1030.7372
     2073.7317   1762.1523   2246.2791
     1651.6510    834.7161   2033.6239
     1642.0249    982.4136   1110.0195
     1502.4790   1097.0200   1317.0792
     2150.8013   1480.9296     27.3526
     1452.6859    255.2063   2196.9932
     1564.2894    849.8392    533.5854
      852.0944   1677.2135    623.1566
      626.6649   1825.8071   1175.2677
     1691.4777    164.6572   1654.4216
      802.5374    380.7664   1527.4329
     1816.5876   2225.7595   1444.8474
     1727.9187    566.7062    492.0164
       45.0971   1751.9463   1459.4391
      457.5272   1031.6655    764.2715
     1578.1532   1836.7394     22.9691
     1447.8267   1483.7628    970.4073
      407.1493   1679.8522     59.2149
      637.1736   1287.4131    143.0591
     1525.5054    959.3776     25.2982
      382.0849    617.8896   1265.7433
     1068.8781   1175.6606   1668.7581
      174.7585   1581.5084    124.3379
      364.3603   1258.2161   1683.2659
      802.9170    826.6652   1905.9130
     2056.6980    566.9020   1881.2972
     1373.5516   1952.0360   1962.7604
      784.8021    336.0299   1262.1954
     1299.1134    790.5943   1608.5031
     2026.1686    503.8415    187.4123
      432.0437   1713.0034   1854.1331
      810.0277   1674.2274   1141.3369
      126.2257   1601.5983   1038.8381
     2049.9968    811.2274   1837.9104
      170.3065   2034.7721    756.9121
     1390.6531    427.4371    761.4221
     1942.9398    163.6579   1610.8533
     2213.0166   1957.4896   1069.2628
      448.6361    122.5341   1370.3124
     1417.1841    646.7242    107.1197
      658.3619   1215.0728    654.5051
      709.7450     93.9712   1741.4121
       51.3209    381.9842   1764.8516
      604.1680    693.6821    629.2832
     2155.8660   1386.6481   1688.5621
      686.8591    390.3084    997.0350
     1279.5615   1740.6152   1322.7686
     1761.1230    867.2065   1802.4014
      404.5253    844.4892    352.1110
      644.5292   1728.6786   2083.0105
     1390.6278   1222.1705   1114.8710
     2236.9495   1520.5444    307.1179
     1425.6926    994.1804   1003.1855
     1298.3668   1500.3844    270.7672
     1748.9136    982.6608    896.0291
     1258.5225    250.6393   2091.1565
     1961.7438   1144.6926    867.2386
     1325.3320    579.5461   1162.9875
       52.7681   1334.3181    110.1552
      742.0331   2143.5239   1862.0203
     1761.1176    794.6265    702.3973
     1663.0662   1990.8174    972.2476
     1056.2653   1057.1632    213.1939
      910.6475   1452.8623   1081.5808
      570.1609   1616.5598   1372.6482
     1519.3245    768.1031   1137.0389
      160.0512    827.7116   1825.1489
      167.5231   1105.9391    189.0912
     1853.1594   1173.8822   1111.3171
     1211.1510   1040.0142   1157.1740
     1553.7539   2137.5193   1435.4250
     2152.8088    882.9564   1553.5587
      634.7039    987.7400    541.7872
     1723.7209   1607.8546   1849.0347
     1100.3987   1774.7301    233.2396
      930.8258    337.2638    131.5738
     1097.9825   2039.1200    812.2375
     1113.2697   1526.8821    123.3604
     1573.3080    676.3602   1839.4236
      988.7979    311.4821   1769.8795
      319.1218   2110.5813   1895.7832
     1893.4095     86.9691   2176.7866
      877.6813   1676.6641    147.6299
     1824.6353   1753.4532     91.8253
     1855.1368   1159.8109    126.2861
     1183.2159   1303.1827    158.7533
      403.1981   1407.6775    517.6323
     1774.6406   1973.9520   1489.9116
     1830.5112   1556.0936    306.5995
     1522.1542    578.6157    332.2714
      186.1069   1595.1824   1912.1971
      369.5753   1265.3557    792.5993
     1832.6078    156.8335    748.4014
     1148.4910   1754.4244    816.5106
     1412.0797   1778.0179    345.7121
     2099.8145   1198.1389   1856.9159
      685.7830   2135.4795    415.1323
     1089.1085    219.5113   1973.8447
     1632.6090    162.4032    336.3964
     1650.8364    207.1984     58.2588
      786.1812   1498.8197    302.8271
     1569.9331    580.0876    667.0325
      472.8234    290.4657   2260.6104
      476.4090   1499.6880    763.3713
     2148.1584     30.8917   1621.4327
      642.7083   1616.0397    973.9630
      145.2718   1820.9581    464.2753
     1294.4368    160.6897    636.9663
     1172.1802   2038.8096   2190.9153
     1296.7922   1895.8718    672.9100
     2179.8088    139.5794    481.5203
      485.3818    344.2405   1200.3934
     1739.3226    431.2639   1103.9236
      585.0651    372.4751   1384.2410
     2014.0107   1060.7391    471.1095
      389.6759    860.7034    587.8577
     1467.3802     70.1326    125.4103
      934.7666    492.5031    582.3453
      948.9668    451.2910    820.3454
     2143.9795    516.9966   2249.6211
      704.7844   1591.3108   1622.4585
     1681.4471   2246.1958   1201.8462
     1495.7133   1794.6023    587.2415
     1366.9802    773.0762    374.6232
      208.5099   1567.8752    364.1883
     1140.7184   1102.7699    701.4759
     1313.3622   2082.9187   1270.0377
        2.1717   2190.3318   1174.7135
     1375.9175   1525.2802    528.5503
      458.5611    240.0466    999.3683
     2105.3867    161.2997    788.3981
     2078.7021    340.3350   1712.2218
     1908.9855   1937.5227   1860.4797
      754.4616   1319.9072   1278.0546
      229.6651   1990.2444    280.4452
