        7.9592    188.6734   1632.4426
      947.1816   1335.5907    502.8522
      229.6635   1597.6805   1462.4983
     2183.1240    780.0783   1092.8177
     2251.5750     42.0213    291.1841
     1400.2343   1336.9701    143.7076
      957.9263      3.1222    765.1986
     1692.8600   1226.7155   2117.2019
     1825.9028   1169.4354    341.3916
     1630.7844    919.2201   1542.2172
     2147.3960   1740.8337    602.7192
      301.5664   1788.5168    724.1959
     1558.7926   1687.9526   2242.0281
      727.8844    581.3594   2016.8368
     1430.5115   1650.1891   1287.2234
        3.1613   1494.8199   1916.7144
      554.8345    792.9705   1727.9436
     1193.5801    440.0505    640.1171
      729.8288    587.3348   1050.4480
     1849.3208   1914.3798    110.2091
     2099.2144   1221.1483   1246.2350
      881.5702   2188.0671    994.6150
      794.3136    437.1027   2196.7571
        3.6171    966.7492    957.3885
      628.8381   2085.2612   1189.6455
     1019.8720   2259.0720     69.8759
     1592.3799   1761.0676   1864.6672
       41.8054    152.4701   1430.1974
     2114.8716   1433.9741   1566.4730
     1545.1417   2160.9917   2004.4272
      506.8292    635.1816    917.8519
     1137.4900   1489.4746   2014.0776
      918.9358   1763.9420    504.3185
      827.2366   1184.3314   1084.4846
      535.5385    402.4665    305.0106
     1430.4398   1856.6781     10.6925
     1045.1823   1197.3762   2031.2645
     1918.1409   1294.3542   2064.9387
     1692.5580   1935.2363    277.4772
      361.5565   1559.9327    255.3488
      254.2132    524.6700     89.8289
     1002.2467     33.5954   1598.3893
     2106.6389    752.6058    425.2938
      837.6255   2052.8738   1547.6782
      176.3210   1609.1621    757.1427
      689.2760   1103.0728    328.1961
     1524.1499   2023.6537   1257.7432
     2159.5813   1271.8759    348.9991
     2218.6074   1108.7825    457.0372
     1438.7963    491.2704   1030.8805
     1075.6538   2201.0271    453.6525
      196.7792    688.4736   1354.5283
      126.2895   1240.4222   1515.2993
     2082.5762    455.3401   1145.2791
      836.3544    547.2064     92.4952
     2077.5339    913.5933    257.2793
     2208.3892   1076.4163    223.4559
     1986.7584    218.7809    374.3266
      142.6930    878.7537    794.1862
      349.1408   1834.2023   1034.5320
      677.1107   1167.0071   1830.6219
     2078.0264   1498.6320    389.6106
     1606.4397   2069.8254    654.0928
     2045.8550   1022.0814   1461.2938
     1443.8864   1855.1433   1547.3221
     1170.9225   2023.7653   1347.0431
     1107.0120   1856.2531   1666.3043
     1689.5226   2126.8625   2166.1738
     1881.9691    888.8469   1384.8456
     1166.2625    276.2965    789.3190
     1269.1489   2082.8708    934.1235
     1786.8607   1996.9670   1622.2637
     1885.7019   1326.9194   1806.8538
      123.7259   1990.2667   1257.7552
     1092.2068    225.6758   1731.4209
     1114.2327   1613.4375   1634.7164
      471.8154   1824.5609   1932.1174
     1955.1294   1324.8396    433.4203
     1007.0193   2089.6038    643.7774
     1100.2316    719.5776   1104.1075
     1871.7517    886.8631   1150.3107
     1915.8005    733.9375    287.6214
     2261.4397    313.3722   1219.1250
     1243.8068     22.0687     27.5029
     1804.1180   1705.2729    855.1100
      942.2007   1744.2109   1593.3910
      499.7276   1794.2310   1613.3151
     1834.7336    162.7846    211.8128
     1717.6696   1310.7770    507.0658
      601.0150    222.4349    795.6872
     2216.6777   2232.5251    839.5897
      708.2032   1381.6764    716.1895
     1859.1666   2079.9314   1033.6681
      614.5696    588.6982    121.5905
      606.1495   2257.3245    809.6348
     1891.6344    319.8433    757.1139
     1382.9878    625.9808   1694.2920
      439.7778   2163.1047    535.8120
      456.0118    237.4890    447.2796
     1499.5436   1681.3079   1678.3521
     1810.1152   1447.5496   1353.8721
     1498.8376    180.5234   1506.8900
      429.8741    644.6874   1503.8750
      188.1639   1986.6956   1039.3304
     1102.2827   1326.1617    666.9225
     1453.2657    352.9721    262.5767
     1197.7032   1885.5403   1847.9475
     1042.7520   1648.5006    647.1427
      309.7056   1295.3612    545.8067
     1424.1538   1189.9775    954.8348
      505.3456    842.9731    899.0471
     1090.3595    994.4092    839.9725
      779.7660     75.1808    640.1893
      513.5803   1418.0469   1609.0842
     1103.9725   1708.0634   1438.9186
     2123.2090    886.3775   2117.0315
      609.3105   1250.5330   1083.5015
     1674.2024    865.2283   1329.2743
     2073.4006    290.0465   1333.0061
      445.3755   1334.3738   1415.8042
     1918.5248    221.3435    554.3333
     1475.4908   1256.3890   2186.5232
      539.4120   2049.3257    722.1885
     1930.9637   1646.5601   1013.1132
     1865.8463      1.8518    534.5275
     1736.9679   1649.9777   1070.8384
     1231.9165   1729.9369   2250.9565
     1677.0536    567.7877   1985.9476
      280.7644    128.7433   1099.2234
      174.7773    583.7181   2180.3792
     1815.1611   1878.4674   1025.2057
       56.8211   1358.4595   1111.4496
       26.5177   1251.6187    869.4183
      560.8362    844.6371   1515.7889
     1744.3258   1457.5469   1114.0865
      511.6106   1864.9396    882.7278
     1583.5673    665.5469     14.2038
      153.6725   1141.8176   1745.9816
      641.3891    145.8267    105.0463
      319.2786   1999.3599    645.0224
      195.0145   1106.7531   1110.3574
     1291.5354   1039.5963    366.8508
      616.3297   1966.9705   1564.3101
     1225.7766   1507.7882    680.3909
      243.2500   2167.0654   1174.5715
       10.6653   2047.5757     71.9860
      876.2610   1093.7992   1446.6210
     1695.8545   1628.8486   1299.4783
       77.8713    251.8446   2068.2041
      152.9368    838.9632   1509.7615
     1379.6102    334.9577   1155.5828
     2253.5005    585.7787   1852.6974
     2037.1010    608.8131    610.8572
      963.7800   1834.7937   2022.7156
      300.5455   1416.4473   1543.7830
      889.5685    651.4398   1454.8396
      269.0291    741.9556    247.4231
     1168.0486    107.6492    406.0634
     1492.2275    957.3748    335.5406
     1610.7458    935.7098   1872.2013
      235.0180   2106.3757     66.8852
      279.4078    990.9199   1792.0957
     2120.3418    279.6436   1041.6969
     1600.8065   1142.8738   1538.9834
     1747.4606   1462.4227   1740.3418
       25.1691    353.0391    651.2012
     1265.5713   1293.3002   1354.6967
     1005.2875    600.1388    504.1458
     1544.5359    537.1884   1579.4717
      365.4580    301.3968   1462.9175
      308.8534   2194.4517    967.4150
     1527.9867   2094.6379     70.2672
     1400.0432   1922.2932   1112.6766
       20.5949    795.3761   1302.2438
     1777.5746     25.5020    952.1317
     2220.6787    990.1469    748.5442
      800.3778   1631.2799    665.8846
      472.3322    940.7153   2081.7517
     1953.9755    576.4089    131.1448
      237.0379   1402.3735    376.0923
     1257.8510    172.8199   1864.7012
      695.9714    900.5999    804.7380
     1608.2834   1306.3367   1745.4116
     1768.3380   1805.7966   1429.9772
      867.1575   1963.7823   1313.6671
      740.7184   1263.7133    914.6917
      748.0018    471.1790    281.5984
      866.5722   1110.8043    488.7340
      354.0129    429.7245   1846.6849
     1356.1953   1465.9106   2007.3464
      496.8802   1814.4910    647.5057
      984.4913    277.1644   1115.5098
      433.3243   2005.0790   1126.4823
       60.4930    508.3872   1618.3213
     1136.7092    575.0992   2054.4333
      516.9619   1702.3273   2098.2891
      531.0668   1439.4546    139.7971
      852.1395    712.4583   1211.9296
     1944.1750   1718.9526   1842.3180
      762.9078   1828.3975   1468.6469
      144.4736     30.2174    433.1749
     1762.1918    148.4337   1152.8982
     2085.0024    364.0864    488.6422
       76.4135   1447.0348   1501.1843
     1212.4604    543.2876   1599.0338
      905.8648    151.2131    470.7566
      839.5342   1149.4180   1963.0820
     2197.4714   1112.8346     15.0604
     1011.5180     54.3254   1864.8805
     1293.7981   1738.8695    718.9512
      434.2087   1373.6718   1011.1889
      947.8978   2165.8699   1977.8256
     1912.8156   1900.9359    794.5101
      340.1786   2173.7903   1547.0066
     1210.1016   2185.6448   1500.4008
     1746.7288   1058.6342   1389.7432
      450.2249   2119.9390   1726.9062
      205.9282     59.1901    830.0496
      210.9357    335.4793   1105.0031
       13.3123   1285.2396   1878.3933
     1344.2101   1525.4034   1646.6256
     1403.9980    127.7920    406.0661
     1619.5181    960.7204    169.1174
      401.6879   1927.4363    414.4280
      764.4031   1437.3872    440.5705
       18.3591   1492.8757   1701.8721
     1731.0660    159.0280   1509.1042
     1848.6235   2116.8669    816.5722
     1132.5140   1980.2438   2032.8459
     1319.5935   1844.9341   1302.9196
     1150.7430    356.2573   2134.5129
     1262.1709    406.6387    922.1384
     1552.8929   1377.2341    335.7227
     1407.9080   1293.9691   1564.0177
     1111.2994   1406.8745   1273.6707
      795.8845    384.2903   1071.0579
     1632.5037     40.8816     73.7164
     1211.0862    583.0991      5.9941
      775.4360     70.0257    865.2372
     1200.1073   1488.0746   1478.3898
     2077.4490   1725.0500   1148.9357
     1189.5625   1356.5311   1657.1117
      966.4246    873.1108   1090.0659
     1514.7642   1291.7430    582.0452
     1355.4993    640.5495   1430.8915
      970.7218   1995.7869    460.8402
     1051.7645   1470.2059   1817.6707
     2131.7878   1547.8982   2098.6418
     1169.2257    444.0343    210.8399
     2260.4243    630.4243   1448.5433
        2.8105   2261.0022    618.3636
     1811.7502    641.8074   2190.2305
     1160.7679     79.8169    879.5858
     1435.1119   1093.0356    529.6224
     1570.5664    102.7283    823.5544
      643.8266    668.1540   1447.2782
      873.9433    810.6472      0.2696
     1355.6050   1257.2411    405.8321
      281.5804   2171.5781   2126.7986
     1113.9058    878.9728   1770.2957
      464.6815    436.8610     74.7179
      332.9478    944.6646    998.1761
     2037.6718    926.2584    859.7244
     1531.0227    788.1662    201.3439
     1970.3352   2081.6396   1978.4384
     1997.4928   1710.7260    413.8627
     1189.2029      6.8037   1704.2212
     1117.8513   1852.1219    579.0056
     2127.4424   1585.6859    958.4813
     1971.8405   1504.7771   1943.8608
      958.6295   1417.8539   1624.8501
     2105.1924    941.0819    553.4062
     1741.5820   1676.8120   2137.1807
      318.1309   1652.8246   2072.2239
      859.8765    169.8742     98.6153
      727.6741    196.7757   1484.8586
     1398.0538   1736.9092   1891.9547
     1873.2577   1505.0385   2167.4402
     1990.4752   1128.1615    191.1055
      863.7717    940.2276   1614.8370
      317.6263    125.8676    324.7710
     1224.3408   1644.4403    514.8276
     1073.5247   2065.6453   1616.1842
     1466.8003   1944.2662    895.3466
     2036.8645   1859.0122    970.5048
       56.1254    945.4821   1162.3435
     1095.2728   1079.3607   1853.5554
     2259.4680    623.0535    334.0841
      302.3318    331.7949   2152.3262
      707.8119    690.6412   2211.0688
     1906.1295    379.9943    227.0222
      484.6615    846.9621   1134.8013
     1236.4871   1367.2108    879.9655
      800.8444    862.0560   1398.9271
     1008.2044    322.0464   1320.8099
     2239.0977   1780.4536    979.6277
     1921.0802   1943.0480   1784.6724
      978.4470    152.3784    950.3831
     1400.1575   1478.2300   1426.8602
     1590.9937    789.5748    791.5052
      753.5110    765.3671   1627.6437
      403.8478    640.1267   1748.8092
     2125.2393    699.9697    163.5182
     1453.2676      5.8987   2225.8643
      876.6791   1259.2612    686.7504
      797.3828    690.4448   1827.0917
      311.3514   1374.0248    165.1386
     1182.1776    875.9595    319.9078
     1743.9044   1512.2543    100.3543
     2060.2910   1305.6757    756.5083
      913.1357    687.4213    965.0637
     1856.0135   1897.3917    435.3003
      985.2753    747.0169    331.5200
       64.2962    495.1652   1286.0143
     2053.9509    956.4435   1910.3138
      550.7150    344.0480    618.5228
     2245.1831   1158.1838   1066.7042
     1019.9483   1392.1949   2165.0032
      810.4631    144.4763   1141.8134
     1182.0353   1747.5038   2020.3893
      244.8840    111.9779   1520.8550
     1891.7700   1205.3461   1438.7166
     2107.0803    178.0421   1993.3977
      495.5316   2083.2974    943.5899
      588.5811   1713.7885   1414.5602
     1920.4204   1773.1700   1611.2017
     1629.5989   1446.8954    697.9857
     1278.8660   1603.5839    898.9077
     2135.8123    729.8025   1983.0988
      606.6415   2163.8450    134.8290
      868.9771   2016.9594   2093.2275
      735.9197   1112.5002   1295.8718
     1821.7236   2133.8618   1820.6016
      447.7854   2138.1067   1351.6180
      284.9037    632.9330   1952.2250
      463.7741    358.2892   2012.6438
     1260.4238   1315.1736   2140.1130
     1675.3229    786.5067   2078.6812
     1520.2611    444.1752     57.5185
     1617.3052   1329.4664    941.2401
     1388.3739     33.9620    935.8148
     2027.6250    694.7548   1416.7843
     1285.7240    151.9096   1546.0229
      543.5010   1007.2328    182.0975
       98.5446   1954.5520   2168.2800
     1107.4371    117.2410   1431.0111
     1171.3716   1309.3799   1910.1786
      974.6373   1559.9386    459.1695
     1377.5531    491.4755   2177.8352
      687.4223   2085.0188    934.4272
      238.5188   2108.0762   1723.2546
      409.8794     64.5673   1680.9454
      211.2314   2170.6426   1381.7866
     1250.4384    304.5523    380.2740
     1854.5698   1006.3770   1566.1748
     1079.5190   1360.0957    302.9847
     2223.5583   1542.3878    539.7462
      912.2345    852.9503   1812.6919
      538.9109    263.1687   1626.4098
     1524.8760    432.4745   1973.9609
       50.2432    394.1483    416.9417
      826.3395   1892.0583   1684.3945
     1503.7362   1145.3704    750.9365
      357.1087    670.3549    453.5027
      404.2357   1684.6700    894.1545
     2216.0237   1455.9254    731.6584
      941.7433   1585.8596   1989.8007
     1734.7163   1878.8413    637.1833
      368.2743    314.6970   1230.3279
       88.3081   2217.9832   1572.7177
       58.8123    194.6976   1013.4921
     1665.2872    527.8658   1003.7412
       17.1663   2259.0176     88.6974
      412.5814   1204.9658   1815.8746
      337.0661    326.5104    633.4777
      925.3458    425.9867   2034.9391
     1691.2775   1261.7861   1295.7216
      786.1194   1982.1031    591.8087
      324.8007   1947.4197   1269.8933
       52.2764   1692.4657    224.0137
     2020.5559   1717.0419    789.7865
      820.5599    489.8881    855.6714
       13.7167   2023.4287   1666.5701
      828.0675   1766.3529   1883.6511
     2087.4702    391.9005    695.1909
     2219.6208    769.2955    845.7036
      173.1784   1352.3441   1728.1908
     1788.9390   1168.7438   1911.6550
     1372.8822    758.0067    872.7740
      841.3072    789.5032   2046.1974
     1455.6443   1575.6787    335.3808
     1695.9288    518.3525   1379.9655
     1799.8950    696.8539   1326.2451
      322.6244    940.8062    166.1117
      683.1316    419.3712    472.7821
     1610.9075    297.2678   1058.3569
     2236.0337    542.7009    537.9106
     1489.0980    244.6248   1896.5902
      319.9430    256.0889   1693.7042
     2067.7485    309.4834    106.2185
     1977.5499    353.8534   1889.1063
      769.7709    911.5057   1188.8582
     1630.0513     64.8270   2111.7197
     1844.9758    957.6664    192.8738
      320.1251   2243.9702   1888.3451
     1701.7229   1722.1967    492.4307
     1865.1255   1392.9493    645.4650
      470.4216     59.4994    950.9915
      915.6957   2129.6108    280.9749
     1202.7347    897.5369   1996.8994
     1691.7039   1252.3912    742.8342
     1563.8784   1470.1989   1606.3203
      407.4261     74.7385   2249.8293
      405.8291   1574.5437   1323.6343
      638.5145    221.5393    995.9021
      287.7130   1270.6168   1171.4786
     1135.7222   2011.9775    328.6918
      706.0555    201.2560    515.8096
     1746.7842   2016.5533   1981.8591
     2129.7026   1854.7505   1765.9736
     1949.0997   1060.5271   1266.7174
     1569.2722   1782.0802   1155.6652
      343.9866   1097.8165   2002.5012
      945.4502   1034.8197   1231.9319
      450.5633   2115.6580   2256.7791
      264.7544   1018.4943   1563.3783
      471.3977   1022.0374   1665.7485
      143.2923    731.8237    488.0558
     1764.5372    740.1249   1531.9917
      617.9859   1896.7102   1763.9786
     1385.9596   1356.7220   1791.7543
       68.7633   1313.0243    513.8014
     1172.3812    962.3894   1214.3422
      594.1017   1863.5807    296.1250
      999.6028    978.2944   2013.0621
        0.7661    905.6071   1914.6008
      686.9596   2046.3633   2228.4985
     2251.2275   1685.3938    778.3740
     1880.9867    338.3429   1478.5510
     1296.9479    648.2682    525.3083
     1232.5435   1185.5520   1734.8127
     1299.2727   2146.5305   2112.8777
     1298.9465    368.0060     72.5281
     1318.4465    557.0782   1197.9865
      544.8157   1682.0077    191.3819
     2045.2733   1940.9120    602.6480
      267.4682   1791.8431   1599.7291
     1044.8152   1334.8314   1074.0146
     1210.4911   1525.6208   2201.6462
     1348.0291    534.7156    368.2378
     1391.9434    738.8343     48.3880
      230.4473   1290.2557    966.9854
     1450.2804   1726.8334    862.7633
      813.5736    717.3696    189.5325
     1468.9929   1137.3000    209.4839
      620.4437   1484.8245   1417.6682
     2021.1986   1226.8015   2249.8484
      152.2798   1042.7427    277.7992
     2159.0173   1210.6672   1433.0430
      310.7743   1142.3138    108.2046
     1023.2357   1897.7626    971.4313
     1935.1693   2256.7991   1121.9532
      310.2145   1734.1002    492.3038
     1661.5588   1460.3152   2167.8499
     1160.8223    494.9340    433.9976
      730.4786   2086.1221   1383.9609
     1854.5516    164.0214   1923.7423
     2072.2529   1121.3152    651.1356
     1075.6562    965.3764   2208.2695
      331.8543    817.5269   1652.0747
     1894.5178   1421.9637   1546.6776
     1537.0579    706.4836    456.3367
     1716.3141   2206.8281    267.0259
       87.9367    404.8062    195.3579
      374.2704   1418.4215   1793.5693
     1248.2101    617.6204    996.9142
      692.7524    212.6077   1823.2697
     1019.4896    492.3031   1476.3188
     1895.4119   1990.2273   1446.8962
      405.5808    563.6602    248.7902
      395.2464    161.3464    765.3398
     1216.1693   2049.8579    535.5286
      130.0432     62.6688   1982.0962
     1859.3762   2108.2764   1264.7837
      241.0556   1263.5764   1925.0162
     2112.8838   1443.1786   1156.2742
     1110.6074   1739.3982    840.7459
      409.7415   1151.3469   1040.7511
     1923.6678   2224.7007    121.9092
      636.2757   1092.5114   2049.8176
     1838.3866    648.7225   1700.7048
     1779.4276    898.8965   1735.7819
     1022.6512   1080.4265   1029.1816
      186.0663    745.7386   1809.8824
      558.3430    582.6704    547.9755
     1673.4435   1336.5708   1509.3900
      826.7173    264.1601    305.9149
     1132.7101   1206.3586    469.2224
     2209.3323    890.2665     82.9996
      264.1193   1208.8630   2170.5461
      147.0075    646.5094    714.5118
      762.5456    359.2012    677.7442
     1006.2020   1524.2657   1430.8254
       63.0108    833.5015    237.7981
     1241.5631   1037.6617    593.4323
      486.1433   1110.0917   1447.4821
      653.9481     25.7064   2203.9990
      299.9190    783.8407   2090.1509
      958.8812    257.6201   2185.2896
      193.6507    106.7444   2203.7573
     1567.8539    472.0829    433.3448
      355.5748   1018.4507    567.8334
      708.5091   1327.8203   2026.2843
     1941.1655   1559.1443   1253.6383
     1807.0658   1893.1750   2128.3765
     1696.6556    258.2894   2086.6077
      584.7936    514.4807    752.8631
     1614.5953   2146.2825   1780.8989
      908.6625   1367.0737    882.0624
      179.7073     78.6558   1736.0436
     1255.6318   1951.4714   2221.3359
      638.0494   1305.7515   2243.6499
     1109.3467   2038.1653    111.0801
      576.1821   2166.2727   1524.0420
     2132.4373    109.6562   1228.9302
      887.0516   2195.2346    508.9939
      353.9158   1413.0210   2061.8982
     1151.8035    329.5547   1519.8499
     1913.0992   1566.2324    226.8225
     2227.9453    101.6520   2159.0403
      581.7299   1207.4164   1653.4597
     1417.2092   2208.7800   1613.6245
     2210.8120    351.6893   1915.7810
      504.3070   1260.1268   2026.6090
     1724.6700    811.9232    571.7516
     1962.3716    483.5255   1312.7634
     1157.3053    621.4769   1798.8176
      302.9382   1487.8357    896.6459
     1320.9486   1035.7576   1338.3425
     1393.1379    209.6942   1711.4657
      831.6591   1011.9643   2159.0940
     1421.5913   1914.0912   1748.5851
     1026.7318    878.2125    674.1018
     1738.5479    463.8350   1601.0737
      912.6957    698.2612    720.2151
      831.9300   1475.2629   2144.9685
     1749.2278   2107.3342    108.8137
     2139.4282     52.7813   1023.9759
      389.0331   1791.9452     17.8694
     1530.6459   2101.9597    306.5869
     1191.1860    216.6324   1028.9873
      889.6082   1122.0938    844.3104
      857.5933   1232.5087   2190.1667
     1608.6080   1334.2942    105.6807
      676.6224    961.3314   1732.4832
     1435.6449   1551.9052    728.7441
      176.3974    431.0414    737.2298
     1996.0925    554.9330    402.2754
     1007.2628   1603.3616   1196.3380
      154.0544   1090.9362    888.2585
      331.1408   1154.9279    328.0991
      582.2274   1056.0913    884.5488
     2225.4956   2077.1255    673.3082
      837.9899   1855.1978   2238.8713
      699.3138   1368.6898   1252.8690
      262.8673    850.2997   1202.3752
     1571.3987    270.1637    449.1147
      301.6625    726.5713    837.3671
      701.1122    350.2076   2009.2228
      561.7369   2028.4976   1914.0715
     2222.7952    549.7321    773.7358
     1380.7321   1684.8944   1074.1058
     1295.1459    721.3985   2103.5986
      840.9110    147.1368   1994.1309
     2248.6028   1398.4338   2227.4360
      858.2745   1576.8972   1729.3878
     1006.1156     31.9005   1138.1055
      204.6076   1503.6737   2235.8899
     1582.0013    417.5045   1210.5029
     1915.5740    744.1763    511.5946
     2126.2095   2136.0854   1511.2709
      631.0731    800.2797     96.1286
     1996.7769   1601.7501   1506.2034
      396.9093    464.2372    450.7965
      777.2625    473.6509   1831.5985
     2031.0646   1655.0131      4.6692
      616.3830    591.3417   1703.0549
     1231.2982   1095.4484   2064.1902
      630.5150   1523.2788   1769.3536
     2234.5112   1997.7175   1918.4872
     1949.8119   1542.2478   1713.6364
     1625.1078   1795.2042    936.3538
     1325.6163   1021.1135   1878.8882
     1250.8545   1580.0616   1831.0289
     1252.8492    778.5402   1264.7430
     1062.1111   2120.2942    921.4100
      650.0253   1067.8022      8.8702
     1544.3857    204.3823   1275.0393
     1778.2551   1229.0748   1635.9836
     1413.4596   2167.7332    766.0651
     1914.2385      1.7039    330.9544
      203.8092   2187.4182    619.6050
     1782.5614    486.5257    817.3379
     1747.0865    692.7184    888.5737
     2129.2432   2006.9406   2149.1470
      687.6656   1696.3112   1644.8743
     1076.4731    989.2101    468.8643
     1127.6794   2118.9268   1838.5494
     2183.5208   2202.2051   2001.0928
       94.4138    633.0721    924.9863
     1734.3890   1683.1733   1708.9247
     1257.2212    878.2138   1448.7753
     1562.4778   1601.9088   2022.2703
      518.3390   1723.4272    444.7121
      173.7736   1758.1870   2198.3501
       51.3459    958.1870   2128.4155
     1461.9308   2135.5198   1028.9580
     2217.4878   1892.9194    766.1481
      519.0861   1954.1055    115.1188
      459.5335    200.6777   1859.4429
       52.6882   2176.3450   1830.1653
     1922.8632   1079.0294   1770.4843
     2255.4966    897.6899    402.0886
      816.3847    279.8642    866.7786
      248.8016    511.0917    947.1803
     1992.7328   1845.5215   2219.3816
     1831.5057    935.0994   1928.4613
     1720.9279    905.3159    980.7015
     1480.6348   1226.1307   1354.6111
     2251.8755   1626.1793     26.6261
     1470.7677    295.5470   2140.6135
     1550.0837    926.5266    555.4331
      910.5980   1470.9863    671.0074
      496.0944   1775.3569   1202.4645
     1631.8800     99.8934   1889.0106
      590.2675    458.2680   1535.1144
     1741.5077   2197.2183   1584.4436
     1751.8561    608.2367    484.6337
       55.0596   1817.9158   1637.5820
      332.8683    969.2441    788.4581
     1665.5691   1898.2020     18.8348
     1417.2966   1443.9299    994.6812
      425.9178   1590.7947     12.4663
      778.1819   1190.9125    142.7834
     1603.8568   1094.0551     16.0089
      417.9142    732.1385   1316.4524
     1004.2281   1252.4153   1759.9523
      230.1810   1672.3369    129.9910
      337.1635   1216.5208   1607.4884
      745.9285    942.5627   1924.7362
     1944.5155    785.6097   1835.3403
     1508.9276   1963.1503   1923.0425
      814.0760    402.0790   1434.9257
     1237.5638    762.8245   1625.3123
     2114.7026    462.4384    249.7735
      369.5225   1914.1011   1756.6742
      718.3335   1809.4651   1253.5311
      103.5534   1789.6182   1137.0541
     2152.6426    807.0935   1758.7097
      391.7807   2195.5396    759.2561
     1481.6748    533.3599    632.5839
     1944.8792    142.4633   1582.1238
     2096.7656   1971.7949   1350.4651
      553.6280    148.6688   1193.2112
     1362.4977    545.9274    160.0221
      675.4673   1140.0092    711.7960
      642.1703     66.6709   1671.9113
      188.2085    540.3489   1776.4540
      716.8131    684.9414    838.5751
     2236.1711   1238.1003   1661.5780
      583.8762    379.2115   1142.7242
     1332.0521   1691.2876   1486.9332
     1668.8207   1069.2025   1725.6997
      478.3615    799.6693    268.8281
      779.6285   1703.6198   2118.3779
     1362.2842   1168.4508   1181.7455
     2145.0195   1555.8553    194.6849
     1388.9186    986.9419   1122.7421
     1299.4789   1444.2783    328.8948
     1665.4114    983.6031    748.1823
     1422.6467     92.5715   2038.3070
     1883.2529   1089.6433    776.0474
     1225.0922    469.8747   1377.3400
      102.6192   1475.6050    166.9492
      689.7665   2120.5342   1713.5817
     1842.7593    651.3018    699.2287
     1619.8174   1990.1661   1054.5046
     1178.3601   1039.8416    151.9201
      841.1263   1425.2783   1097.6407
      383.9583   1791.8842   1417.8110
     1352.6541    782.1193   1086.5266
      213.1926    921.7296   1966.4279
      126.8565   1264.8746    286.6423
     1527.7502   1330.6971   1151.1194
     1267.0376   1325.1023   1100.6338
     1556.2366   2247.5806   1457.6807
     2183.1433    840.4000   1496.3904
      472.1992   1174.3022    651.3422
     1764.8241   1594.1060   1935.4323
     1092.4523   1807.1910    362.9798
     1035.2191    465.0609      6.3491
     1105.2214   1951.3595    776.4976
     1120.5820   1596.3561    303.1508
     1514.4553    708.7473   1877.4619
      910.4953    308.1446   1854.7983
      281.9857   1862.4426   2019.0616
     2038.4657    135.3560   2248.0530
      766.6172   1773.1907    166.6420
     1837.5830   1716.2074     59.0500
     1818.9004   1313.5132     26.4354
     1185.4581   1338.6503     87.0282
      545.0396   1387.9744    585.5345
     1551.8132   2042.8083   1595.5583
     1671.7473   1564.4408    301.2635
     1569.9841    574.7213    235.0577
      202.3847   1510.2887   1899.7802
      374.4562   1369.2456    721.4518
     1899.2970     77.5918    729.4450
     1274.4796   1863.0298    924.3625
     1530.2213   1771.0979    361.2977
     2124.1982   1335.4545   2032.1864
      727.6447   2073.7905    375.4008
     1073.2809    235.0791   1976.0115
     1585.3541    133.2274    261.6129
     1680.2986    337.8775    232.6767
      560.7953   1535.7194    355.1465
     1649.0399    629.3619    680.8579
      521.9621    261.2258   2211.1414
      553.5275   1500.8652    822.7216
     2170.2837     19.8630   1657.4185
      627.5463   1468.6102   1041.5950
      106.5901   1723.2595    575.4127
     1336.6661    129.9744    747.5875
     1073.0204   2121.2542   2168.1807
     1314.0293   1975.4371    726.9266
     2101.3110     41.4340    441.3261
      407.7671    447.4022   1058.5779
     1792.6763    487.5033   1178.3160
      479.7657    484.8897   1348.8722
     2028.5122   1107.9821    426.1741
      283.5909    801.0101    623.0353
     1410.2285    189.2796     60.4090
      889.0674    406.0921    497.2778
     1300.3422    591.7482    778.7679
     2036.7302    660.6113   2193.3936
      800.4292   1600.9902   1487.2485
     1699.5674   2181.4856   1123.7664
     1508.5420   1855.9836    677.9681
     1351.4417    761.0626    284.1403
       25.7330   1453.6597    355.8575
     1052.8787   1116.5339    657.6603
     1164.1752   2236.6033   1280.4640
        5.2342   2191.9663   1370.1556
     1394.2393   1462.3123    519.0621
      607.3607    420.3295    938.1002
     2101.3313    186.9863    845.4610
     1976.2100    427.6921   1680.3403
     1676.3707   1928.9661   1774.6346
      862.9515   1339.2817   1447.2985
      183.0818   1855.5922    356.2682
      712.3976   1871.5061    758.2515
     1592.0081   1129.8604   1080.0206
     2025.0682    417.4786    911.4763
      590.7477   1031.7153   1107.2426
     2242.7288   2140.9390   1156.3086
      217.4851   1496.2988   1137.5964
     1891.6373   1292.4674    857.3911
     1622.9508   2144.4373    870.6110
      767.2164   2259.0784   1867.4612
      228.8508    290.4952    447.4102
     1776.0969   1594.9346   1506.9246
      882.1635    832.1049    508.3720
      680.6086    357.8138    103.7824
       71.0691   1699.5151   1810.6648
      116.6978   1384.5222   2065.4097
     1084.0211   1182.7842   2238.2505
     1286.2747      3.7749    559.4846
      783.8792    576.2785    616.9832
     2050.7632   2201.8320    661.0193
      348.8260     89.6852   1316.8053
     1347.4692   1461.0792   1223.5543
      800.4446   1989.2234   1873.8752
      108.8888    330.3973   1777.2493
     1175.1630   2233.1685    219.3203
     1407.1748    252.5163    939.4326
      258.4100    918.4500    405.4426
     1428.6816   1006.1593   1506.2751
      377.4926   1032.8271   1245.9413
     1785.2712    358.8943    427.2567
      237.0310   1387.7073   1340.5981
     1098.4003    223.4425     82.7517
      696.7925   1873.3810   2019.7596
      774.2112   2147.3811    734.6033
      415.9323    805.9554   1891.7567
      277.1613   1155.7152   1385.8142
     1941.7755   1437.2949   1047.6754
     2150.4875   1602.9048   1324.0754
      749.6730   1636.3984    418.3284
       84.8698   1197.3375   1272.2521
     1604.8645   1518.6163    507.7782
     1584.9014    351.6238    852.0076
      267.0874    278.9010     92.9364
      315.3541   1978.3895    862.6321
      583.5858   1965.4120    518.1920
      163.0311   1354.1873    739.2871
      589.6401    632.7820    334.2573
     1070.9320     71.2311   2120.7493
     1954.5906   2184.0063   1655.3665
      821.7417    544.1063   1620.2087
      360.5500    453.6604   1623.0712
      298.9346    362.0281    268.6933
      189.0989    545.1364    324.0250
     1860.6956   2047.5840    633.8507
      702.3796   1247.3855    519.2192
     1528.8719   1528.4828    125.5725
     1754.9792    477.7212     63.7298
     2101.9812    485.4617   1486.0862
      379.4024    122.5311   2050.5046
     1335.6720    263.8333   1354.6798
     2105.9133   2084.2385   1788.4424
      681.8923    794.3615   1022.2806
      311.3603   2173.1499    365.0329
     1588.8138   2259.3564    453.2587
     1437.6392   1477.5580   2206.0571
      122.7021   1912.2848    671.7778
     1042.7981   1123.8938    279.8913
     1110.3379    743.2781    869.7698
      734.7979   1421.0437   1606.4061
     2196.7148   1822.7295     81.7047
     1895.9875   1038.3644    985.6576
      632.2445   1606.9897   1242.0851
     1543.2054    704.0958    985.7686
     2147.6145   1688.1625   1916.0092
      654.4362   1592.1577     14.4228
     1537.4518   1370.1492   1988.1333
      619.6761    212.4258    317.8509
      880.7756   1641.2059     39.3292
     1769.8589   1368.0461    289.2787
     1537.4690   1550.5585   1138.4484
     2223.0698   1797.7660   1310.1469
     1724.9160    188.5804    617.9102
     1195.6089   2208.3943   1057.0115
      412.2689    405.1331    838.9593
     1847.2255   1536.4443    430.0339
     1406.5404   1692.1866    163.5559
      967.6409   1598.0470    988.0228
     1142.5438    770.1704    509.6949
     1952.8221    769.0482    980.2892
     1283.5332    233.2448    588.5561
     1991.3043   2240.8450    896.5236
     2024.1965    976.5859     32.2462
      485.3390   2206.5896   2055.0879
       23.5976    211.0539     74.9289
     1815.6185    350.9406   1011.8709
     2008.6882    620.1408    827.4241
      886.7548     13.1072   2172.6514
     1163.6508   1521.2598   1057.9231
     1333.5084   2122.9290   1228.4812
     1258.5458    986.7322   1661.1151
     1386.0996    950.8221    122.6401
     1944.2518    251.6755   2097.8118
     1584.0879   1447.4158   1356.0045
      166.9520   1883.1343    120.1757
     1574.1549   1173.9899    377.2059
      915.3497   1728.9213   1333.6300
     1599.4050    297.8425   1695.4922
     1358.5593   1947.8621    354.0465
       53.2593   1470.2834    941.9727
     2255.5288    524.0480   2081.5549
      556.8948   1934.0499   1335.0454
       61.8650   1175.8008   2128.4326
     1706.9020    322.0046   1896.7208
     1085.0326     80.6956    617.3476
      118.6479   1028.1731     61.0699
       84.7431   2239.1970   1014.2833
     1441.2742   2083.2971    539.5412
       27.6077   1989.0677   1463.5588
      509.8388    941.8832    694.2184
     1004.8036    515.9479   1045.2405
     1513.1390   2243.4768   1229.1483
      670.1544   1033.0496   1522.5317
      368.7033    536.3080   2124.7644
      151.1208    836.1887   1015.9830
      178.8409   1513.7015    585.5641
      566.7312    303.5208   1369.9308
     1573.6302   1654.3152   1470.9548
     1893.9139    563.0198   1011.2388
     2108.9495    171.2294    639.5955
      173.0172    431.6214   1983.4022
      235.2760    625.3064   1565.9911
     1450.5264    874.9752   2007.8362
      873.2936    957.3444    324.5772
      663.1400   1246.2601   1451.0935
     1828.7380    431.9810   2054.5212
      192.5807   2032.8750    461.4681
     2144.3669    326.4890   2174.4683
      317.7091   1995.9934    217.7465
      786.7992   1413.7845     67.0004
     1122.3026    649.8650    685.6880
     1458.1062   2031.0471   2155.0996
     2260.2793   1942.5680    273.0711
     2034.1432   1194.5398   1895.5181
      260.0006    488.6245   1404.9177
      158.8683   1818.7601   1390.1799
     2011.1202   2086.2490    464.7719
     1571.0435     89.4157   1055.0060
     2249.0991    721.3506   2206.0981
     1187.0360   2181.9333    742.8641
     1773.3409   1244.9867   1054.4449
      559.0635    400.5156   1779.9250
     1300.7515   1280.2465    609.7186
       40.0659   1047.4689   1510.4023
     2195.4031   1096.7880   1820.8956
     1629.6038    235.2971     42.7029
      871.8112   2000.7969    854.3763
     1980.6953   1509.9766    830.3453
      795.3709    647.1343    408.0755
     1956.8542    794.5537     70.6578
     1959.4321    282.0808   1166.7458
      514.7064   1184.5015    466.2882
      178.7620    254.4388   1311.2585
     2198.5889   1029.9602   1316.7651
      840.6229    986.8026    666.5164
      414.0690   1588.9386   1087.0939
     2148.1904   1099.2719   2059.8162
     2071.2644   2051.7212    814.9332
       39.2800    729.4449   1658.4592
      355.3823   2037.1976   1937.4224
     1338.0345   2080.8699   1884.7688
     2127.7458   2129.2900    258.6011
      978.2380    443.6817    695.1383
      526.4750    609.0532   1136.0704
      545.2839     24.9848    354.0722
        3.8573    362.8288   1453.1467
      454.1965    223.6711    171.6538
     1439.1730   1342.6825    796.0369
     1255.7246   1164.5754   1522.4977
     1698.7942    788.2571    347.3126
     2043.7087    199.2005   1760.5253
     2178.0229   1301.5022    143.5766
     1261.9673    167.4933   2153.7537
     2112.1438     76.1018   1441.3866
     1349.5461     49.4396   1366.4403
      363.0677   1780.7422    262.8454
      764.9438     33.6852    326.4232
     1041.2570   1697.1642   1845.9077
     1163.9569    198.3465   1244.8323
     1913.1011    924.3619    405.0093
     1232.7938    385.6955   1729.7006
      650.3961    722.3548   1249.1057
      362.4403    546.2050    694.1326
      202.4354    780.9148     22.9120
     2066.3750   1917.7821    364.6804
     1421.2394    972.8306    720.1358
     1325.0704   2061.6069    147.6015
      876.7512   1243.2213    318.8629
      146.2344   2080.1125   1975.5486
     1415.3645      0.9201   1816.0587
      535.9761      0.6010   1864.4867
     2037.5222   1391.6841   1375.5941
      151.6292   2102.4370    806.4352
       92.2160    715.3110   2009.4047
     1114.1774   1181.7091   1241.3193
     1077.5259   1724.6378    136.4338
      597.7676    487.2448   2161.5273
     1047.3741   1889.6818   2239.4121
     1213.0603   1620.7640   1255.7806
     1497.1813     39.9329    618.1244
      458.4297   1118.5165   2206.6685
      420.8729    248.1570   1000.0085
      548.1954     99.9390    617.6670
      770.5490   1536.3818    871.4542
      585.1711   1678.1073   1007.9904
     1731.1936    715.7738   1124.6152
     1727.5842   1163.5261    182.0629
     1091.0006   1032.5273   1410.4922
     1529.8403    887.9365   2214.0715
      270.8187    535.0134   1205.1063
      709.4607   2162.6333   2043.1158
     1014.4099   1900.2574   1472.3693
     1525.5573    550.6320    844.1191
     1897.4279   2066.4778    276.5179
       32.0208    161.5714    770.5407
     1529.6433    645.9465   1206.3855
     2188.7363   1933.0490   1142.0328
        4.5796   1401.6805   1325.8004
      345.8470     92.9938    535.7615
     1702.0907   1123.9041    895.0610
     1370.4583    368.7910   1553.3135
     1443.1202    432.5938   1769.6791
     2031.3297   1219.3728   1624.8289
      658.0771      4.2823   1059.7584
      751.9472   1537.6155   1951.6930
     1049.4879    749.0659   1945.1567
      761.5524    354.9957   1656.6978
     1984.6649   1767.0527   1389.4512
     1312.9124   1140.5325     32.2865
     1103.6273   1835.5742   1265.0820
     2165.5774    506.2573     44.7879
     1511.5001    948.1777    937.8889
      226.9189     51.7244    133.6233
       85.0285    405.9054   2237.0530
     1017.3510    644.1655    128.0045
      902.8572   1053.5513   1781.9585
     2147.2917    613.9626   1245.8105
      788.0587   2250.2881   1528.4730
     1354.5522    855.6074    490.4608
      415.4885   2240.0168    177.6259
      452.8473   1340.9983    346.9488
     1401.7770    375.8962    748.9412
      565.9935   1352.7474   1842.9771
     1523.2240    233.4487    662.6401
     1197.0676   1965.5399   1102.5039
     1281.4819   2057.7820   1674.5304
     2049.8933    852.6536   1263.6667
     2075.8999   2166.4729   1254.1002
     1335.9484    118.7163   1141.8671
     1470.3666   1678.6971    552.6496
      765.4073   1006.8506    986.7866
      731.3629   1972.9861    154.9644
      638.2081   1706.2670   1883.8679
      923.4081    362.7303    148.3434
     1753.6436   1051.2189   1176.1340
      990.0129    665.0972   1665.7941
        6.1565   1169.1515    654.2847
      782.4119   1645.6736   1090.8232
     1169.6375    409.1299   1147.5411
     2027.7200    812.9757    701.9241
      324.7186   1968.7023   2192.7263
      396.3773    677.0323     58.0433
     1405.5618   2062.7861   1442.9233
       64.0772   1828.9271   1997.1859
     2259.2517   1915.8051    504.0303
     1949.8325    437.9361   2230.3293
     1604.3890    735.9448   1667.0763
      531.5319   1189.0793   1266.7362
      756.7009    284.4606   1276.9535
      662.0863    894.0287   2146.5193
      527.5377   1217.9792    152.0107
      797.6499   1344.5652   1793.9698
      894.7689   1455.3711    275.6773
     1028.0199   2058.3691   1159.1420
     2257.8145   1643.3170   1502.7407
     1583.5605     84.1109   1671.5260
      523.7373   2088.8604    322.1269
     1743.8287    215.0503    853.2707
     1835.5848   1091.5153      0.5074
     1041.1005   1502.9994    112.9554
      688.7500    834.4598    377.5791
     2032.8466   1980.3602   1614.7126
      939.9198   1067.3900     92.8881
       86.3916   1623.1042   2058.4724
      194.2381   1642.3635    984.3558
      992.8465    878.8268    159.0571
      496.7517    814.5492    516.2134
      829.1864   1884.6377    361.6378
     1038.4268    286.9821    311.6110
     2132.5256    601.4090    996.9429
      578.5964   1489.8129   2105.6042
      476.3254   1408.7791   1209.6466
      457.0299    884.5463     11.4249
     1760.9603    725.7687    127.9744
     1030.6097   1652.5585   2157.9170
      390.8276   1500.4950    495.0265
     2043.5415   1869.5378   1988.6870
      668.7305     31.7241   1311.5566
      885.5251    483.4246   1228.6984
      900.9458   2075.0212     20.8484
      844.2947   2188.3862   1241.9047
     1310.6077    351.9909   1980.6158
      115.1278    673.5760   1148.0568
     1938.8450   1069.1075   2080.6318
      941.7573   1919.5377    193.7501
     2052.4780   1993.5109    142.0059
       79.1522    640.2354    121.1140
     1537.7032   1529.1102   1827.6763
     1579.4670    694.6208   1416.9865
      983.3950     95.6532    259.9828
     1684.3037   1015.5610   2062.6079
      522.4764   1957.3479   2116.9504
      127.3816   1263.7311     78.8376
     1581.2471   1170.7239   1914.4943
     2134.3745   1644.7306   1707.7026
      911.2157   2133.0464   1742.7621
     2138.7117   1351.5828    953.9476
     1453.6027   1130.8594   1736.0522
     1618.2616    450.9380   2153.6951
     1776.7701   1468.1523    865.5059
      596.9397   1802.6377      2.6923
      204.5235   1991.9220   1531.5389
     1132.7454    406.8588   1907.3690
      452.5832   1588.7883   1541.0536
      900.1684    125.5265   1353.3805
     1178.5959    669.7347    276.9618
     1313.3589    965.0469    894.8039
      906.7461   1730.1188    855.0347
     1828.0234    276.8754     33.6451
      919.4957   1268.6255   1257.1128
     1845.4869    846.5327    799.0639
      913.4526   1681.7542    286.8770
     1212.2688   1128.2430   1010.7990
     1292.8889    186.5155    224.3778
      699.8694    786.7723    629.8624
     1563.4976   1935.7189    465.6306
      946.5310    253.3498   1541.9171
     1341.4163   1901.7317   2023.9336
     1622.9111   1738.5293    175.3509
     1739.0278    142.8260    398.9590
      973.5403    503.4219    302.5532
      604.0854   1904.5334   1075.3387
      458.2157   2212.8440   1138.6490
     2109.2175   1400.6014   1787.6127
     1390.3550    373.3497    516.3567
      757.1824    951.0347    158.9977
     1756.8572    891.6276   2257.1855
     1809.6106    297.0989   1710.2104
     1830.7329     70.9234   2218.6238
     1778.5168    304.1948   1290.6432
       99.1947     84.0938   1220.8901
      698.5035    507.2040   1298.6571
     2048.3618   1436.2202      0.1888
     2237.4832    131.1686   1842.4222
     2079.2354    997.1970   1100.2842
     2173.3716    411.3978   1727.1642
     1740.0795   2097.1655    472.5045
     1489.3225    644.9441   2085.8574
     1705.6857    994.2687    390.1033
     1043.8398   1092.4390   1618.8239
     1549.4728   1849.3167   1348.6696
     1439.0781    832.4670   1309.1605
     2209.0505   1746.1233    376.5246
     1714.1158     22.5518   1320.1790
      696.7156   1789.5010    553.5507
      461.4146   1560.8995   1928.6877
     1452.3936    802.3376   1543.8350
      782.8685   1833.5170    972.9272
      191.6586    181.6994    644.2476
     1710.5782   1955.1608    834.0787
     1916.9747   2222.1462   1443.8561
     1920.1073   1746.3912    599.7119
     1742.9703   1396.3582   1979.6050
     2092.3127   2192.4524   2249.3496
     2130.4368   1834.3082   1525.8469
     1895.0470    638.2794   2003.3992
       15.1708   1600.9025   1112.3918
     1956.7875    665.4166   1176.5880
     1228.0128   1855.3766    167.3015
     1128.7291    684.3071   1436.5979
     1795.9515     74.4764   1732.4994
     1048.5011   1263.3584   1479.0675
     1296.3602    936.7993   2198.1643
     1036.4847    853.6644   1533.6768
     2064.8149   2074.2190   1036.1388
      977.1328   1290.2393    116.0305
      390.2038   1596.7893    678.4842
      270.1928   1711.4611   1861.4836
     1962.3400    811.3607   1600.5050
      324.2943    687.6924   1052.2454
     1380.9611   1685.4064   2104.4509
      419.5112   1338.5856   2240.7319
       70.2363    953.1099   1695.3325
      670.8969    978.0102    530.8745
     1241.8728   1911.4932   1505.0836
      930.6420    230.8408    696.3333
      506.6974    714.9948    723.4709
     1086.5721    548.4021    849.4507
      219.4219   1598.1572   1690.3945
     1231.4640    838.8692    711.8603
     2165.6455    256.6332    280.4150
      210.0212    520.0110    538.4935
     2083.2510    996.4795   1675.1973
     2060.4099    486.4192   2015.9984
      176.8340    337.3821   1565.3651
     1797.3716   1810.7032   1927.6045
      263.3320    976.0651   2187.3425
     1799.3290   1591.5597    648.1288
      849.4665   1518.0406   1285.9535
     1895.1703    570.9813   1512.5028
     1478.5323   1062.8562   2097.0994
      288.2833   1714.9076   1221.9241
     1851.2517    970.1639    603.5922
      910.0150    892.3776    884.1726
     1800.1084    551.2574    292.7164
     1970.1394   1362.6156    195.4972
     1681.8942    395.2955    621.8856
     2109.4419   1137.7766    874.3806
      156.2197   1829.1549    875.4866
     1630.9019    335.0374   1470.1101
     2185.2869   1776.0299   2143.5251
      516.2843    567.8634   1935.6416
      971.3315    558.2222   1879.4167
     2095.5479    282.6008   1547.9901
      623.1182    760.1060   1942.6974
     1882.7770    465.7272    598.2733
        8.2616    363.4012    883.7861
     2018.7316   1766.7412    211.6483
      554.7020   1291.1199    841.8719
     1159.8804   1746.2339   1073.6613
     1144.6892   1441.4674    503.5561
     1996.4910   1224.9004   1054.5703
     2118.8086   1340.0732    559.5105
      735.0704   1559.4808    209.2924
     1664.3788   1109.7644    570.5593
     1736.8611   1935.1049   1242.6228
     1827.4626    505.3217   1835.6160
     2030.3953    584.9210   1826.9788
      922.1884   1354.2731   1975.9276
     1955.1077   1936.9618   1196.3278
     2106.2112    620.1534   1632.2579
     1821.2118   1749.3810    301.4998
     2231.4553    756.0787    618.0742
     1573.3403   1834.2332   2082.5911
     1896.6553   1283.6517   1234.0890
      366.6557   1155.7397    842.2165
     1085.8547    279.1347    540.4617
     2238.7883   2121.0132    441.3076
      939.8453   1801.3163   1128.6344
     1794.6848   2226.8379   2011.1549
      511.2293    708.5463   2123.4929
       25.2525    182.6898    496.8296
     2009.3889     24.1468   1848.6888
     1632.3875   1843.1643   1589.5850
       10.3546   2021.2118    942.5766
      611.5058    125.9124   2020.0190
      248.0596    231.8614   1918.8832
      936.2947    618.8426   2132.9763
      214.3017   1139.3804    698.0643
     1577.0576   1555.7115    912.1873
      408.5973   1981.7369   1522.2167
      127.3178   2131.6648    256.9500
     1295.8159   1726.0371    341.8922
     1325.2784   2181.2371    372.5560
     2072.1965     83.0293    192.8241
     1228.4468   1225.8098    242.6382
     1179.6091    890.4617   1026.1862
      502.1155     91.9780   1469.0922
     1259.1611   1138.3490    786.9700
     1570.6715    867.9021   1132.0918
      109.5747   1603.8695   1297.7705
     1895.6094   2077.2551   2189.3223
     1194.4583    793.4065     86.6106
     1937.0392    175.9279    980.1210
      660.8444   2187.5239    547.8166
     1702.7104   2245.8157    697.4652
     1339.6375   1842.4209    533.1691
      444.4669   1657.3970   1752.8558
       74.6127   2183.3320   2155.9143
      149.0213    970.4145   1343.0629
      509.4130   1004.2256   1868.9119
     1892.2179   1172.9159    573.4114
      588.5577    933.6871   1341.1320
     1993.2679   2261.4182   2076.4409
     1070.1859   1253.2734    857.5975
     1268.9613   1552.6929    132.7469
     1626.5139   1683.7736    723.5768
     1952.8591   1687.9408   2061.8628
      608.1166   1570.9551    608.0467
      625.3759   1692.7350    786.3519
     1433.2083      3.0997    200.8231
     1060.3054   1499.2546    835.4020
      469.4514    987.1426    382.9756
     1302.3422   1740.9418   1703.1302
     1449.7478    902.6177   1734.8784
      837.8547   1199.8260   1627.5679
     1213.1760     11.3093   1964.5612
     1335.7979    565.0898   1930.7631
     1427.6926    755.0388    667.3706
      978.8015   2160.2271   1409.1678
     1473.2388   1924.4379    192.9597
      165.9542   1626.7142    378.5636
      988.3105   1950.6952   1833.2234
      359.5835    887.3932   1430.9435
     1908.4169    128.9876   1327.2437
