     1394.2205    452.5500   1594.4945
     1646.2268    292.0784    969.2030
      496.0555    955.8019   1128.1313
     1358.0531   1150.5643   1725.0383
     1997.3843   1173.1881    629.1542
      706.9492    574.2172    172.1894
     1770.7039   1538.0172    463.1949
     1518.4827   2150.4763   1745.7893
      158.4692    681.9255    796.2442
      789.6224    835.2918    821.7872
     2180.6194   1755.3016    859.0897
     1491.5062    883.6019   1678.5742
      893.4592    705.6144   1247.9952
      242.3753   1724.8999    232.0784
     1703.5757   2092.4114   1573.3207
      285.6847   1865.5438   1278.8633
      921.8395    248.5470    407.2637
     1349.3024    926.0712    489.1738
      882.6743    645.3635   1028.5060
     2049.6462   1338.4241   1786.8058
      147.8658    227.2719    731.0874
      455.5819     16.4602     77.6376
      783.4935    654.2845    675.2228
     1640.2755    479.1767   1929.1528
     1240.6318    767.8833    719.2282
     1863.7991   1416.8105   1018.2996
     2260.5569   1661.9957    460.4581
     2157.0698   1963.2297   1075.3948
      743.1981    198.4884   1658.0348
     2223.6675    106.1503   1732.2413
      124.4966     16.7754   1944.4849
      670.9146   1906.8527    296.9726
     1883.6667   1414.9884   1634.4052
     1011.9026    984.4771    785.2142
     1886.2383    483.4461   1969.1112
      248.7905   2080.1797   1155.9354
     1513.2351     94.3107    810.5147
      742.5882   1267.8073   1338.2135
      709.3859   1863.8535     50.6815
     2031.0150    657.9799   1994.4958
      613.9879   2223.2573   1367.0858
     2018.2654   1732.0391   1275.7507
     1688.1783   1768.4211    505.7064
     1481.6105    684.5084   1521.9886
     1045.9188   1230.8854    200.9829
     1180.9886   1790.5394    523.3145
      279.4133     49.9805    273.5708
     1279.1530    736.8644   1691.5463
      358.6254   2153.6992    445.5769
     1982.1700    157.5431   1717.5570
      981.4319    595.0825    105.4758
      365.1969    273.3333    229.3911
     1979.3530   1520.0472   1439.2684
     1694.4691    110.7915   1688.3518
     1083.3229    563.7854   1289.2371
      156.3693    643.1343   2098.8594
     2075.5549   1418.7621     70.1249
     2020.5339   1073.2878   1906.1235
      191.6737   1644.8035    887.9686
     1315.0417    690.1074   2173.9275
       16.0210   1224.9078    835.0558
      334.9450    904.6643   1381.4688
     1518.1676    277.8099   2040.2373
     1573.9913    339.6000    723.8234
      135.7892    863.2419   2130.6233
       44.7109    715.5477   1686.8971
     1626.5896     55.9078   1409.6884
       53.7904   1172.2417   1283.6210
      532.4158   1154.0673    951.7709
      212.1190   1003.1490   1881.0730
       91.4968   1777.2045    675.4772
      580.3615   1371.8004    293.0222
      395.6878   1449.6556   1828.9142
     1019.6622   2046.6837   1753.4255
     1651.1368   2168.9585    227.6819
     2100.0586    584.1030    165.9898
      624.5205   1486.8373    496.2389
     2198.6377    614.6501   2207.4412
     1227.5697   1698.5992   1343.8156
     1450.4039   2242.7253    443.8234
      248.4416   1376.9545    193.5318
      829.4336   2214.8433   1523.9641
     1458.1445   1565.8503   1894.9508
     1878.3199    612.2429    698.5037
     1836.3276   1604.6571   1155.8804
     1453.2535   1885.4012   2189.0979
     2171.9319    428.8312   2040.9618
      701.9688    810.0070   1050.3110
      353.2341   1455.4995    561.0500
     1943.8068   2008.2896   1170.5502
     1800.5399    999.2365    554.3334
      277.8054   2097.0261     70.2191
      177.2899    625.4909     78.7469
     1234.8776   1088.0111   1377.0370
     1943.3855    989.0146   2148.2180
     1279.5117   1737.6302   2069.3777
      623.6028    178.8682   1472.1415
     2145.0945   1335.1514   1542.2697
      296.6712    654.2387    546.8069
     2241.4912   1191.9294   1826.4279
      916.8138   1912.5125   1188.2941
      923.1479   1945.3148   1547.2092
      939.1213    414.2587   2189.7593
      110.7099   1502.4659    692.4311
       59.6958   1010.1826    999.3315
      680.7524   1900.0706   1534.8418
     1709.3739    290.0223   1533.0658
      506.1562    850.6551   1560.0029
      741.1744    382.2915   1028.9106
     2047.4841   1456.8097    526.3648
       63.4298   2056.7244   1287.8531
       38.0237    540.9518    556.4919
     1264.4884   2045.8998   1773.0265
      103.5614   1753.7340   2257.9229
      938.2167    533.6967    345.6434
      688.4833    604.8597   1400.3954
      365.4293   1266.8098    384.2879
      886.7594    155.6820   2230.9348
      548.5786   1829.1506    703.0242
     1523.9646    184.5035    261.3889
     1954.1669    355.8175   1469.8634
     1855.8120    379.7939   1712.8796
     1350.7568    915.7248   1219.2965
      716.6401    410.9578    706.7640
     1014.3887   2008.4249   2136.0894
      516.0042    113.9914    325.0129
     1904.2833    738.7770   1157.7161
       76.6911   1520.9341    148.1239
      779.5786   1382.4569   2081.8496
      492.1714    515.7994   1816.1410
      764.4188   1270.0616    484.8389
     1965.7446    181.8044     20.4539
      535.3582   1990.9672   1108.1884
     1022.9586    690.5510    808.3015
      773.4022   2088.5569    184.6246
     1777.8093   1754.1261    936.1556
      561.8906   1980.2539    521.3458
      120.8067     27.6830    435.9130
     1389.9766   2253.9761    175.8503
      271.8572    878.8298    952.5587
      969.6973   1108.7843   1950.0569
      515.3062   2107.7024    290.1077
     1724.1848   1151.5972    149.9073
     1436.1482    168.2189   1047.4364
     1695.1881   2214.4717   1922.5692
      478.5248    600.5616   1301.1045
      301.2789     36.4219   1069.9550
      866.8030   1692.1169   1042.1989
     1169.4524   1093.7212   1099.0516
     1562.5505   2154.4768    647.1986
     1803.8258   1398.3413   1364.6599
       21.7850    978.7051   1679.7124
      363.5932   2197.0408   1345.5881
     1215.2997    869.8144    935.1812
      698.3163    209.0986   1180.4783
     1433.3921   1087.8879    334.0120
     2161.0542     96.6941    342.1010
     1200.5865   1204.5242    830.6998
     1880.8186   1917.8429   1403.0518
      802.9470   1639.2008   2225.5569
     1288.1578    666.6137   1933.3572
     1590.3248   1762.9548   1918.8905
      156.4046   1478.9879    412.7857
      596.2137    519.2359   2216.9949
     1683.3270   2231.1204    928.9202
     1822.4917   2123.4836    678.2814
      180.9846   2131.2427    887.5210
      491.9899   1953.6631   1688.8772
      279.6165   1158.2263    930.0799
     2001.5809   1583.6163    891.0645
     1671.2344    684.0505    227.3696
       60.7998    190.0287   2117.3867
     2179.1279   1489.0212    304.6328
      455.9501    705.6971   1062.4395
      196.6824   2022.2249    305.8612
     1711.0352   1568.0010   1798.8121
      665.2123    938.4789   1845.2004
       13.3363   1782.1487   1302.1809
       74.1616    292.9273   1890.1967
     1745.8280   1596.7128   2013.2407
     1818.3181   2034.8584    941.1671
     1629.9722    977.6369    935.7347
     1721.1057   1563.1531    750.3838
      807.7891   2240.0991    634.7584
      983.6804    172.9750   1543.2352
     1065.8770    411.3336   1555.6898
     1106.5696    954.6169   1772.0198
     1141.0994     63.8163   1855.3391
     1244.7223   1313.7444   1567.3468
      755.7394   2078.1567   1685.2247
      529.7967   1237.1104   1753.9858
      694.3470   2030.3086   1291.2118
     1280.8832     26.7000   1395.1250
       67.0438   1240.9038   1063.3276
     1786.7635    250.7836   1272.0701
      274.2157    443.3322    755.6863
     2109.3794   2141.9871    938.8315
      663.4659   1234.6886     69.5459
       72.7178    207.1887    985.5953
     1029.1835   1399.8951   1659.3207
     1429.1672   1979.8993    123.5331
       75.6457   1811.7734   1531.2833
     1263.0804    940.9397   2249.1758
     1822.3037   1456.4493      3.5547
     2156.9443    332.8093      8.0786
      490.9697    353.5015    464.7408
     1854.4026    200.5302   1010.6218
      682.5234   1114.8492   1151.3560
     1287.6395    426.7071   1141.4520
      137.6260    279.8350   1410.6012
     1333.1818    650.6294   1285.8364
      578.9435   1727.5770   1715.0439
      705.5421    229.0110    852.2319
      813.6240   2233.4177   1176.3190
     1482.3004   1720.1888   1412.4918
     2170.2231   2108.4424    369.3880
      320.7035   1917.0117    523.7835
     2255.8342   1948.8346   1853.9086
      437.0479   1395.5205    788.0689
      283.6137   1062.4021   1161.4113
      740.8604   1778.6449    531.8491
      522.2675   1288.1360    575.7774
     1887.0073    642.4841   1588.2822
     1573.2334    335.7652    473.8445
     1991.1647    349.2161   1179.8477
     1909.1230     69.7487    260.4956
     1463.2085   1145.8525   1963.6550
     1890.8164     58.0228   1518.3502
     1661.8011    565.8088    881.2864
     1844.2505   1816.7004   1854.5654
     2221.6355   1585.9565   1404.6696
     1718.7487    750.4526   1023.1281
     1217.5427    238.1920   1564.6069
     2029.2853    916.8859    146.2709
      141.2236     43.4512   1312.8240
      433.8134    409.1391   2055.2881
     1317.6138    186.2902   1266.4091
     1406.5258   1739.7092   1172.7466
      997.7806    274.2508   1767.8608
      335.2931    875.1872    674.8459
     2053.4082   1791.5621   1798.8586
      755.0637   1174.8748   1854.1021
     2040.9447   2040.0010   2180.2402
     1637.3264   1135.1030    429.2577
      617.2471   2058.0479    739.7394
     1049.5676    457.1905   1083.0913
     1167.8223    978.3908    312.6729
     1316.1158    391.6956   1355.6929
      862.3992    859.9637   1729.0298
     1627.3502    903.8781   1896.5610
      994.6428   2131.5642   1076.3328
      286.2767    286.7422    963.9393
      270.1428   1209.4497   1414.4683
     1543.3265   1879.6216   1080.1152
     1961.3348    884.0783   1535.5933
      536.6116   1760.3472   1384.7244
     1142.1027   1308.1265   2111.2378
     1133.1792    266.5678      6.3824
      883.5107      2.9848    887.0645
     1335.1769   1604.8884    989.4204
     2091.3892    454.0666    666.5584
     1823.2839   1010.6425    805.6801
      921.0003   1283.3391      6.0502
      828.5960    140.9727   1367.4254
      178.6680     38.9926   1548.2576
      651.8506   1053.2777   1631.1475
     1291.3315   1528.3059    434.4760
     1869.3600   2077.3408    230.8433
     1896.6520    961.3259   1315.1782
     1674.8334    521.9086   1632.4015
     1071.6847   1900.0641   1382.2849
       55.8268    425.0908   1110.1610
      826.0682    925.4116   1249.6210
      751.7200   1983.1818    994.1755
     1329.5446   1695.8749    737.2762
     1131.9711   1310.7435   1169.3815
     1424.6727    631.6037    811.8665
       89.4671   1239.8322    415.6402
       35.8853   2227.2302   1063.3505
      216.1206    844.5878    202.6506
      884.9572    900.4102   2193.2490
       70.0206   2234.1379    207.2350
      864.0892    902.5626    612.0922
     1218.5758   1359.8427     65.1165
      440.0502   1072.8314    734.3262
     1009.9045    785.9608    355.7879
     1027.5857   1118.4037    427.2245
     1844.4004   1285.8353    448.7852
     2015.9611   1675.4359    434.2684
      980.9884   2116.0229    273.7281
     2065.9346    214.7529    759.5052
      232.2941    149.1094     33.2605
     1286.5609   1773.2208   1570.1958
     2177.1243    613.7631    849.1468
      585.2070   1490.7925   1666.2006
     2259.3875   1700.9966   1076.7327
     1888.4335    108.9048    538.4700
     1200.2371   2077.4529    120.2823
      532.2836    632.3007    462.9881
     1857.4272    931.1791   1736.5145
     1791.4294    282.7182    350.7694
     1482.9510   1884.9629    628.8489
      785.2539   1842.1548    771.7009
      148.2855   1051.1644    727.4484
     1264.5081   1742.6802   1813.0256
     1595.9658    141.3473    573.8713
     1650.4341     79.4104   1130.8210
     1345.0994    893.5842   1864.3777
      840.5149    249.0968   1948.8197
      436.7048    197.2578   2187.7004
     1198.5782    517.3616    714.1221
     2247.1575    867.8881    782.9991
     2112.5579    596.8773   1501.1699
      234.8097    108.4070   1760.8127
     1802.7427   2131.0432   1329.0544
     1343.7350   2007.9852   1141.3806
      450.8360    268.4790    689.5233
      669.6425    644.3989   1680.1351
     1718.9117    775.5010   1618.8420
       70.5126   2138.9683   1717.7999
      507.5450   1713.9484    128.5513
      849.3571   2058.1890   1937.3309
     2067.4963    364.3995    941.0571
     1584.8370   1993.4641    875.9452
       70.4137   1406.6915   1697.1191
      976.9091   1373.1084    723.3713
        5.8064   1281.3330    204.1671
      152.8965   1800.9232   1959.6437
     1465.8401    531.4871    102.5707
     2053.3650   1908.3812    346.3420
     1211.6256    518.3837     32.9250
      350.7876   2150.3018   1672.9076
     1959.9160   1022.3633    372.0391
     1192.5099   1705.4528    228.1691
     1459.3308   2235.4656   1259.2520
     1257.1862   1528.9135   1689.6578
     2107.2205   2155.9670    138.9200
     2127.0315   1852.8815     75.6009
     1641.3926   1379.3912   1161.3409
      612.7566   1424.7518   1912.8599
     1775.8849     95.0026   2135.8667
      944.6583   1434.2512    985.3444
     1762.1627    736.0356   1384.9958
     1171.8317   1442.7026    871.1058
     1894.2334   2235.5623   1115.7344
     1457.7896    167.1226   1518.5957
     1131.8199   2106.3298   1962.2356
     1588.5077   1581.3149   1029.3789
     1147.7655   1204.4120    611.8657
      895.4212   1409.8016   1209.9073
      601.5584    996.6575    540.3765
     2122.8325    562.7253   1108.3143
     1653.0178    905.6600   1198.4968
     1054.3082    741.4426   1599.7554
     1348.0358   1866.3926    925.3369
     2047.0520    582.4375    451.5861
     1740.9602   1847.6187   2079.7036
      380.8718    639.2520   2212.5269
     1242.4087   1134.0878    140.9530
       34.2121    652.2440   1270.4169
     1128.7919   1580.0875    640.5014
      507.3798    518.9863    674.5972
     2100.6460   1590.1786   1657.7588
     1504.9777   1641.4836   2127.7114
     1130.3645   1678.3864    898.8356
     1455.3480    480.7735   2130.9895
      110.6108    257.5616    366.8750
      964.7803   1928.9882    123.0098
     1061.0143    663.6214   2136.9204
      252.0258   1711.0630    465.3908
     1931.1592   1460.3998    287.6458
     1809.8475    373.9695    595.7195
      143.0030   1550.6115   1895.8739
      623.3602      7.4915   2113.1252
      362.1366   1055.4008    464.9661
       91.3773    530.9077   1496.7776
     1724.2295   1201.7498    708.4180
      263.8465   2073.3674   1891.3314
     2261.5437    542.8457   1816.8020
     1369.2729   1159.4150   2202.4456
     1355.0874   1499.9287   1207.9506
      295.5063   2247.8369   2145.6929
     1770.4542    841.2120     41.3907
     1615.4821   1381.4886    612.8528
     1452.6355   1146.4333   1208.3914
     2007.6927    347.1282    208.0354
      479.4355    127.5710   1721.9406
      462.5856   1649.0713   1909.4860
      816.2936    345.5355   1487.9819
     2208.2517   1665.5864   1979.4087
     1474.5052   1919.8147   1669.3599
      741.1424    402.7816   1769.4323
     2072.8772   1253.5061   1034.3005
      737.0262    447.8145   2030.3911
     2222.5786    150.6086    108.6054
     1605.4330   2034.8745   2049.2686
      277.3226   1075.1963   2166.2815
      652.8795   1499.3314    905.0186
      987.8195    934.0801   1495.7771
      528.1992   1716.3254    477.1153
     1140.9330   2250.9749   2127.8445
     1681.5369   1187.6897   1035.7593
     1290.9727    263.8804   1839.0356
      924.8848   1536.4692   2027.2745
      214.6284   1970.5377   2126.1816
     2100.1003    809.3861   1000.2205
      590.8940    255.9155   1900.7415
     2179.7549    429.3880   1344.1630
     1508.8669    888.2529   1398.0598
     1407.5032    479.2564    594.8166
      458.8817    634.9008   1549.9932
      682.7646   2217.1294    937.0052
      333.3841    138.9510    516.1304
     1505.3478   1597.9380    575.9022
      133.9494    334.1154   1669.2108
     2066.6667   1091.7216   1657.6150
     1683.7458   1146.0570   1296.3518
      420.5679     17.8538   1952.3618
     1393.2383   1199.2102    565.0765
      537.4942   2048.0007     59.8856
      610.8352    836.1728    292.8668
      427.9798   1616.7742   1538.7380
     1202.5555   2183.0500    365.0905
     1531.5748    679.0932   1794.5487
      112.6132    393.4949    171.0473
      518.9574    389.3777    864.4155
      768.0741   1031.6927    946.4464
      498.9302   1450.8080     84.3533
     1936.5518    860.6931   1962.5664
     1477.9933    864.9532    811.6559
     2165.0581     50.2813    581.6893
     1539.3004   1462.8171     35.3973
     1786.6333    661.0445   1818.3900
     1532.6334    698.5239   2041.8682
     1756.9208    148.8269    764.7040
      800.3098   1742.3938   1419.8872
      735.3010   1369.3213    714.6839
      922.9692   2180.9180      8.9742
     1249.1428   2235.9995   1080.5481
      725.9413    671.1133   1899.1317
     1709.2950    812.7418    730.3171
      991.3265    481.4736   1957.7974
     1458.3641   1141.0507   1503.4368
     1212.1680    573.8853   1487.5831
     1638.2877   1373.4982    898.4042
      256.3602    580.2891   1705.0502
     2193.7783    441.7621    331.7897
      148.8124    984.7015    429.4038
     1891.4736   1213.2678    891.5842
      241.9085    250.6013   1206.4751
     1471.4218   2098.6062   1490.2205
     2218.1533   1396.2981   1977.4447
       81.1101   2209.0203   2225.6616
     1695.5649   1230.6958   1537.0642
      403.5292    902.5972   2016.0959
     1230.9502   2012.6855   1520.5906
      880.7878    852.6502   1970.2152
     1233.2542    677.6066    478.5993
     1889.5919   1231.2133   1189.2786
     1421.7373   1066.6057    998.7759
      900.9453   1156.8368    642.2891
     1206.3993    376.0732    903.5129
     1015.5646   2032.5273    534.8215
     1189.6389    572.5032    266.2846
      926.5887    551.0177   1733.1146
     1225.2885    425.4699   2057.0723
      727.2446    465.7164    433.2170
     2228.3513    207.7233   1222.4320
      443.2026   1030.8756   1801.6917
     1026.5334   1626.3507    428.6636
       63.5837    688.0607    341.1704
      341.4266   1670.6420    674.4787
      956.9709   1892.0034    919.5413
      394.9906   1469.0934   1331.2048
     1054.4889   2210.2314    718.1731
     1454.3057   1239.2915    776.9428
     1306.2322    165.0983   2041.6024
     1391.1541   2021.5782    360.9129
     1514.1346   1650.4119   1683.4465
       77.9810    806.6920    573.7185
      294.4530   1696.6104   2107.7061
     1313.3182     15.1746   1657.5988
     1935.7434    586.4604    934.3297
     1664.0748    779.5568    467.7447
     1053.8784    946.9429   1281.5110
      122.9073   2065.2944    613.2003
     2087.9939   1038.3137   1144.3029
     1006.5392    635.8459    549.2365
      249.9779   1307.6265   2238.0662
      681.2115     57.0728    101.8734
      899.0522     27.0932   1749.7356
     1370.9344   2085.8757    804.7684
     1609.3328     31.3530     44.4215
      567.1412   1328.4749   2146.5476
     2071.8779   1246.2657   2062.8687
      788.9869   1636.3973   1619.4648
     1085.3231   2211.5359   1555.8816
      692.7939   1638.6676    285.4626
     1868.3832   1342.6470   1958.8602
     1938.2554   1225.6122   1468.6145
     1043.4515   1085.3695   2206.2742
     1321.9592    263.3581    738.1697
      374.9252    827.9741    421.8787
     2086.0515   1256.5432    398.1410
      949.2782   1766.2179    623.3760
     1653.4884   1317.5430   1850.8513
     1569.1726   1018.8060    642.2255
     2120.1289   1829.5575    613.4797
      903.0748   2256.6467   2024.6267
     1528.4766    308.7022     63.9955
     1980.3530   2008.5925   1909.1400
       67.6110   1986.4679     73.7503
     1172.1235   1528.4794   1992.1680
     1772.2997   1685.9508   1432.2474
     1404.6893    488.2936   1841.9006
     1181.6964   1813.8975   1101.7682
      549.5669   2216.7302   1146.8011
      367.5725    183.8412   1507.8092
      702.8947    264.8358    311.3860
     1138.1333    198.5969    568.4198
     1715.3335   1796.9058   1214.7577
     1685.5615   1383.7931    251.8835
       78.2097   1029.7213     45.4535
     1079.7177     72.6195   1258.7622
     1891.4253   1432.4490    695.4598
     1625.9303   1911.4403    250.2887
      112.3495   1403.7883   1445.7167
      139.3819    971.5361   1466.0811
      803.6931    639.2006   2174.9380
     1799.8594    536.2969    403.2314
      865.6396   1478.1400   1460.2848
     1149.7241   2053.7429    925.9512
     1075.8676    206.8653   2025.6954
     1977.5623   1923.5840    822.1123
     2207.0012   2140.8010   1995.2670
      301.1424   1567.1871     45.8743
     1046.7937   1750.7866   2200.1748
     2238.4233    288.6985    575.9565
      430.3577    655.2873    219.2064
     2241.4180   1092.6450   2087.2017
      983.1541   1246.5356   1359.0494
      517.8140   1051.0975   2240.5491
     2078.2002    104.1887   1052.4677
     1290.6577   1002.7377    703.9920
     1567.9435    687.2521   1273.6436
     1831.8453   1819.5593    292.6065
     1371.5648   1514.0839    231.8740
      347.0460   2149.3247    678.9926
      215.2200   2036.7662   1485.4929
      873.2759    436.2079   1262.0049
     1543.9677    464.9338   1411.4139
     1877.7859   1662.4677   1648.7700
     1941.5217      4.3758    801.1967
      398.3986   1880.7551   1972.7595
     1301.6725   2260.0667    620.6109
     1071.6931    365.5717    206.9319
       34.5934   1747.3411   1754.8824
     1661.8958   2037.3254     48.7997
      974.6382   1340.2051   1924.0021
      537.5760   1837.4668   2149.2551
     1083.6206   1143.1022   1553.8274
      920.2179    418.5492    837.9683
      606.5451   1474.7104   1397.7188
      305.2036   1739.5369   1756.1189
     1685.5621    997.3467   2169.3125
     2134.2698   1957.5944   1327.2976
      398.1887   1813.1687   1087.5903
      261.4812    500.5336    348.3418
     1970.1328    248.4836   2042.2350
      168.0977   1579.8898   1613.6414
     1756.4333   1127.8323   1992.8740
      535.1040     22.9529    529.6308
     1153.6859   1911.9720    310.2723
      362.1462    436.8693     60.9554
     2140.7769    872.4459   2151.7781
     1768.8373    487.9260   1092.4204
      716.1997   1002.1799     94.1078
      263.4832   1899.3888    760.4537
     1761.5834    218.2604   1877.2760
        6.2841    751.0532   1976.5348
     1876.5360   2193.6807     35.0044
     1263.4762   1561.3752   2231.2549
     2136.2786    376.0935   1622.3824
     1218.4591   1122.4792   1981.3928
      549.9153   2112.3323   1853.6648
     1449.4543    426.0798    938.5928
      463.7472    402.7393   1122.6271
     1426.2745   1753.0815    131.7120
     1573.2052    336.6035   1725.9694
     1728.5841   1618.4677    186.5571
      724.7774     20.6702   1891.2972
     1316.5364   1402.5979    649.0423
     1358.6945   1508.1898   1474.5416
     1859.8416    399.7820    807.1827
      968.8381    891.3475   1030.8267
      240.6814    479.2294   1913.3303
      757.5220   2076.2847   2156.8623
     2008.2743   1478.5084   2123.2759
      387.8994   1239.9958   1980.5836
      389.5506   1056.4873   1575.2980
     2219.9668    947.1215   1887.6147
      831.9444    799.4042    176.3385
     1466.7479    743.2811    621.9617
     1991.0033   1784.0635   1027.0232
     1059.6411    189.7005    840.6222
     1566.3453   1745.1699    817.8150
      462.0593   2156.0479    924.3837
      419.1658   1605.3165    916.6354
     1724.4554    380.2714   2152.2749
      230.1286   1373.9938   1223.3418
      233.8594   1218.6068   1733.7626
      402.5061   1354.3267   1047.2351
      529.5234    902.7491    885.4669
      904.6686   1887.4187    375.4274
      662.0043    258.7962   2150.0640
      594.3159   1104.3903    336.0727
     2016.9253    561.3351   1744.6394
     2116.7932   1127.0964     46.7162
      589.1003    413.9838   1605.4138
      938.2052   2131.0803   1342.5334
     2226.9446     48.0687    842.1926
      815.4909   1193.4629    246.1528
     1933.6345   1984.8384   1645.5603
     2078.6621   1517.3712   1113.9152
      591.8052    266.0401    106.0348
        5.7535   1299.9178   2221.2778
     1526.3147    786.8627     52.7860
      876.9299   2061.3254    774.9216
      120.0459     16.0686    668.8628
      463.4271   1890.2412    893.7880
     1976.9847   1569.5634   1881.1649
      656.6288   1750.5675    933.3920
     1218.0804    830.0661   1398.6246
     1943.2642    723.7491   2209.9561
      512.6717    154.8000    991.5114
     2122.9199   2185.0076   1245.1337
     2261.5229   1987.6539    836.2582
      134.9551   1500.9821   2121.7781
     1352.1930    382.2785    345.7638
     1252.4360   1979.3237   2124.7942
      675.5893   1822.5096   1192.8777
     1738.2552   1012.0812   1513.3344
     1296.1835   1307.5729   1332.8602
      606.5329    817.6911   1306.5363
     1326.3765    308.5555    131.8118
     1562.2645    268.1144   1263.0088
       76.8304    721.1260   1029.4484
      227.5897   1632.4105   1379.5903
     1930.0894   2174.0884    436.4865
      912.8772   1681.8638    170.6839
      595.3495    778.4550     32.8033
     1506.2098    132.2837   1833.7378
     1018.5998   1508.6536     10.6800
     1887.9170   1692.9830   2214.5305
       11.0396   1478.6268    960.1852
      295.3784    236.8853   1984.0582
     1071.5991    811.8969     92.6402
      329.6008   1826.2760   1518.1582
      929.8494    215.0435   1073.7772
     1663.3915   1776.1755     14.4147
     1456.3977    926.6385   2103.6741
     1680.3522   2065.6367   1147.1810
      443.6720    978.9461    195.4050
      763.1992      4.9462    355.8818
     1330.6924    801.4263    207.3176
     2108.8748     27.7260   2195.5442
      228.9048   1616.7195   1138.1409
      742.5541   1456.7798     99.2744
     2029.2780    927.6640    654.8537
      567.9023   1113.8701   1998.6503
      252.7145    535.7906   1015.8258
     1537.3002   1347.0328   1387.9242
     1460.6844   2155.6897   1041.1908
      236.9186   1102.2820    226.6203
     2011.4033    129.0249   1297.8258
      748.0202    832.6559   1508.8876
     1932.3535    791.2454    845.9552
       34.8411   1798.2408    245.5459
      517.6449   1274.1133   1501.1001
      458.5417   2071.1841   2091.5413
     1357.4391    203.2772    497.4467
     1901.0103    789.5607    480.3735
      988.3100   1212.9199    928.7162
     1504.0594   1353.8665    400.9985
      800.8311   1442.5548   1783.0374
     1009.2474   1374.4622    476.2368
      350.6430    454.8499   1474.8507
      229.1376    372.3665    551.2195
      818.3741   1846.1124   2073.8262
      763.1710    721.7134    437.9356
     1358.4069   1915.2554   1350.7262
     1919.9100   1706.6488    671.6636
     1473.2710   1262.7966    147.8718
     1731.9021   1909.1528    696.7603
     1447.0883   1501.0736    810.3625
     1385.6106   2189.0181   1938.3490
     1211.1212   1851.5206     35.4030
     1902.2465   1928.9656    521.7850
     1366.9014   1771.1455    399.3296
     2189.9299   1064.9395    530.1569
     1080.8252   1476.3356    243.6938
      414.3256   1555.9694    318.7261
     1650.0667    572.7028    631.8283
     2147.1331   1582.0208    682.7753
     2085.7251   1050.3894    891.3736
      829.0516    367.2711    122.0229
      418.7508   1223.2673    125.1709
     1178.8394    192.5727   1051.4044
     1686.7808    580.5927   2243.5486
     2001.7905   1817.5500   2052.3018
     2059.7415   1771.8585   1523.2429
     1066.4355   1837.3979   1952.2715
     1135.9344   1556.4510   1109.8607
     2154.3772   1036.1682   1424.0138
      528.2484    452.6601    232.1485
     1868.0131   1219.5901   2226.8435
     1851.4263   1195.2249   1747.3225
     2206.0566    804.0699   1459.1853
     1839.1559   2103.5042   2088.7683
      941.5723    129.7878    199.4262
      396.6847   1867.0199    280.3207
     2181.0596   1629.1345   2206.7153
       43.2722    417.3387    856.2684
      661.7087    870.9698   2080.6541
     1114.6444    901.6804    544.9121
      835.2878   1437.5952    317.5256
      455.9336   1235.8708   1249.1085
     1389.4012   1925.8450   1923.5239
      133.4812    395.5159   2188.6492
     1524.7957    866.4666    308.1361
      932.1772    994.5862    204.1654
      354.4584    338.1300   1738.9951
      511.1982   1626.4042   1164.5424
     1534.9980    499.9742   1135.7268
     1592.8649   1209.3750   2172.9609
      963.7805    423.5400    604.6096
     1142.2764    754.3881   1174.8130
      888.1401    186.4186    671.9056
     1538.2349   1616.7371    339.0206
      880.7827   1601.6207    806.5731
     1704.9019     38.5988    390.4416
     1880.2906   1913.9205     34.0863
     2242.3513    817.9045    100.9697
     2069.7422   1286.3149   1291.3344
     2240.4570   1900.2622   2088.8506
     1148.2205    398.8969    478.4358
     1165.8335   2097.6956   1271.7628
     1354.4536   1324.9121   1022.8866
      173.5430   1890.9042   1010.2266
      587.3835   1612.3828    698.2162
      642.1653   1871.6008   1894.8163
     1665.2939   1505.0701   1555.9698
     1013.9464   1655.9166   1533.0284
      248.7623    494.3184   1277.0027
      589.7090    792.1827    660.0570
     2230.9766   1051.1843    268.1112
     1435.7312    760.6270   1031.2721
     2077.0552    796.3989   1275.0477
      507.8416    656.4834   2003.6635
     1152.4530     51.0936     98.3516
      369.5808   1466.4735   2087.4326
     2093.4878   1357.3506    803.6301
      891.3989   1106.7142   1704.6215
     1762.0295    718.4935   2032.3280
     2196.9573   1985.7311   1603.6735
     1604.9509   1967.0552   1340.0021
      604.1996   1386.8619   1154.4832
     2178.9851    172.5270   1490.3774
     1764.9971    951.9507    268.4799
      606.8547     52.2112    738.2315
     1382.2102   2149.8828   2196.9607
      226.7893    738.1248   1881.1798
     2013.6282    298.6535    485.7608
     1070.1996    305.0752   1324.4432
      259.6277    760.9948   1197.3434
     1304.4069    939.9560   1580.7374
       73.4881   1182.2714   1561.3103
     2261.9734   1434.6935   1233.1132
      793.3903   1065.1244   1436.7402
     2256.3940   2215.7598   1463.0615
     1316.6812   1369.4266   1884.6343
     1459.7069    618.2490    360.4222
      995.2594   1670.1874   1246.0109
      476.7686    798.9587   1798.4814
     1479.0956   1389.1802   1703.0454
      320.9689   1396.1350   1593.7922
     1623.3860    438.1281    266.4464
      741.2172   1581.7391   1223.4492
     2156.5276    127.2783   1964.0651
      662.7380   1158.6982    737.1841
     1635.9619   1407.1549   2083.9290
     1508.2681   1030.3496    106.7976
     2124.6438    851.7171    380.2770
      231.0060   1934.9963   1700.0537
      594.0311    364.3445   1352.3818
     1883.3917    990.8322   1046.8925
      236.5970    708.3101   1492.2916
     1291.5790   2034.1860    573.8411
      681.8315    231.0890    538.5754
      265.9146    868.2586   1681.6874
      581.7117   2189.4355   1597.0951
     2018.1615   2145.6755   1480.6411
     1182.5947    496.0820   1772.3943
     2030.7136   1673.3527    178.1342
     1196.5641    176.8685    299.9025
      392.3146    678.7063    826.2345
     1258.2422     46.5751    861.1883
      347.0169    870.8074   2260.1680
      997.0128     15.0263    480.3494
      754.0581   1298.5000   1579.4843
      823.8170   1553.4493    565.6445
      338.4755   1857.3280     41.2641
     1649.6372   1843.8903   1565.3589
     1141.0033    873.7724   2031.7345
      542.1954   1059.6902   1382.5576
      640.7799    593.3699    867.7219
     2071.8098   2182.5535   1723.8585
     1534.2319     33.7359   2077.6213
      924.6581   1151.1545   1142.7841
     1375.9220   1395.9023   2111.1167
      667.7971    591.3861   1133.9609
     1663.1844   2033.7113    441.6966
     1752.5203    498.1771   1361.7522
      763.4446   2052.5623    528.1268
       71.8099    925.1801   1240.0911
     2083.6345    777.3712   1768.3318
      445.4583    178.1350   1273.1395
     1226.5546    621.9921    980.9067
     1955.1748     19.7285   1941.4169
     1919.5371    735.3411    262.8927
     1004.3754   1626.5709   1808.7655
      160.8505   1224.2909   1987.2229
     2244.4724   1300.9564    598.0994
     1366.6144    137.2420   2249.1284
      571.2711   1593.3174   2134.8416
      814.6641    965.1448    408.9512
      909.1257    593.7000   1472.9227
     1146.2001   1897.6187    738.8195
      490.9875   1999.9507   1423.6261
      867.2806   1818.9889   1770.3402
      228.4598   1384.0360    889.8839
     1095.5021   1832.8979   1682.9342
     1976.2175    554.8305   1297.2731
     1968.4916    468.9010   2213.8425
     1696.9110   1975.9685   1794.7272
     1595.6261   1576.3251   1293.7982
     1842.8030    513.1814    158.7352
     1034.0763    732.6033   1871.4833
