       57.9574    204.5118   1618.9830
      733.9536   1147.0070    368.3286
      235.7897   1622.9133   1442.6028
     2190.2981    833.3260   1084.2826
     2095.7588    178.3940     78.1420
     1459.4036   1493.8525     32.7444
      758.9166    239.3710    606.8844
     1643.8384   1072.7134   2169.2168
     1878.9264   1254.5046    376.5149
     1726.1941    814.5381   1639.1920
     2123.6470   1765.9142    276.4683
      398.1547   1896.1591    792.8492
     1542.2290   1749.6208   2239.0305
      686.5965    461.5694   1886.6696
     1298.2028   1363.6431   1274.8618
      112.5576   1359.3751   1979.9117
      566.4243    891.2671   1804.5568
     1308.7108    442.1798    698.2550
      658.0541    649.7913    951.9361
     1978.9602   1988.0297    173.2382
     2175.3330   1160.0005   1089.9852
      941.3010   2188.9158   1099.1714
      787.5674    411.8885   2241.2463
      157.9285    752.1489    968.6714
      680.8169   2060.7104   1099.0240
      947.1522   2061.7524    210.7309
     1616.4160   1861.2319   1810.6022
        4.2177    134.8125   1384.4725
     2151.3096   1299.4760   1305.9945
     1611.3910   2195.8066   1866.7539
      352.0959    368.0990    995.8107
     1076.1802   1563.2045   1987.1240
     1049.5161   1508.4290    428.1902
      854.0409   1137.3254   1052.3784
      523.7678    296.8511     92.4882
     1412.5232   1887.9041    194.2508
     1161.2142   1156.1093   2060.1189
     1872.8665   1257.8616   2183.4048
     1605.0166   1923.0074    321.8445
      494.4977   1412.5721    224.5172
      392.1303    456.0555      0.4035
     1000.6013     63.6144   1560.0338
     2147.5581    532.6302    382.9534
      754.9849   2255.6243   1537.6578
      171.2245   1879.6913    642.4185
      908.3969   1098.8741    177.2432
     1568.3862   2094.7983   1261.1526
     2143.7617   1289.5830    341.4943
     2183.0537   1203.2767    607.2012
     1564.5244    673.9077   1055.8018
     1017.2819   2246.2751    381.5149
      215.5245    652.2906   1475.2839
      118.1630   1237.0634   1222.0585
     2042.6091    534.3044    881.3792
     1029.7704    573.0773     41.6014
     1916.4700    983.2959    267.3023
     2213.8428   1038.6902    334.4212
     2026.1005    164.0034    349.0070
      114.9495   1126.0040    736.2476
      420.4494   1598.2982   1261.1042
      797.8858   1301.1852   1753.0933
     1950.2592   1725.1051    507.4643
     1715.7861   2153.2549    672.9221
     2105.2524   1024.0270   1341.9518
     1543.4878   1785.7135   1582.1902
     1251.7845   2194.1641   1540.1792
      984.1155   1822.3480   1724.6526
     1822.3497   2090.6743   2203.6416
     2056.3679    760.3101   1326.2041
     1210.7704    263.5847    894.8709
     1220.2859   2228.4014    906.7382
     2049.3508   2214.6294   1241.9972
     2022.6393   1172.3411   1761.0664
      204.9242   1767.1741   1235.3269
     1166.9341    255.5061   1604.1787
     1008.7679   1684.1553   1551.7288
      649.6343   1736.4999   2181.0627
     2014.3478   1510.3193    376.4727
      870.9772   2219.8193    614.1051
      936.2209    884.9582   1132.1111
     1843.9001    871.7567   1342.6111
     1807.3468    772.3304    181.0589
     2232.0193    355.2480   1221.0626
     1146.1013      5.3390     94.0628
     1721.7466   1321.2279    819.6056
     1076.9397   2119.8450   1358.4109
      493.7216   1849.6748   1711.4802
     1631.6420    317.2975     23.6352
     1765.1233   1436.0806    518.2017
      511.6634    237.0268    730.9792
     2223.3215   2109.9268    976.5143
      697.9521   1454.3434    824.2067
     1990.6051   2117.9973    765.2940
      396.8539    486.6695    378.2527
      465.9677   2094.2273    951.0993
     1822.8569     80.5732    847.5522
     1385.3048    518.5268   1675.8542
      479.4973   2102.7021    290.9446
      419.4397     94.6424    295.2321
     1667.5005   1617.6327   1814.4863
     1780.3164   1452.2183   1348.8588
     1590.1691    143.1992   1246.0753
      372.5273    830.4923   1583.4357
      145.1367   1909.9358    935.4385
     1075.7905   1319.6107    642.8018
     1520.7933     80.2670    280.5723
     1234.5677   1862.2515   1687.9722
     1077.8246   2055.2581    563.4958
      386.2623   1198.8910    640.3560
     1267.1743   1129.2427    863.8563
      499.3864    848.2547   1015.5103
     1326.8822    867.2215    970.4563
      622.2791     31.0577    514.3732
      456.9371   1564.1382   1601.7524
     1070.2449   1727.5646   1285.5649
     2156.1934    975.5558   2134.6006
      618.4158   1038.0664   1117.2825
     1904.5945    669.9476   1535.9882
     2141.4021    345.7760   1513.7283
      552.3740   1313.1740   1187.5414
     1748.7727    337.0606    715.1290
     1433.6914   1224.1411   2155.5679
      682.6127   2056.9524    654.2603
     2030.2321   1651.5685   1083.4492
     1810.5459    100.1979    571.3481
     1828.3049   1642.7787    853.6484
     1074.9443   1708.2362   2204.7910
     1879.4910    599.8900   2225.6216
      244.6731    240.7868   1355.6930
      131.2395    760.9062   2233.0334
     1906.9946   1912.6763    985.0036
      237.8283   1486.8196   1071.7563
      142.5847   1181.8304    978.8928
      658.3935   1110.5090   1685.9945
     1728.8802   1298.6592   1095.9053
      665.1428   1879.6389    918.8201
     1558.5403    846.4534     33.0723
      211.8995   1235.4783   1751.9100
      608.9625      1.8589    127.6258
      439.3003   2090.8408    618.9579
       86.8152   1010.5131   1232.0712
     1373.6063   1062.7123    364.6409
      669.2675   1937.2563   1522.1241
      885.9795   1488.6487    615.3394
      236.2154   2093.1062   1383.2866
       10.2100   1947.5797    112.8226
     1000.2546   1414.8590   1628.9711
     1656.7184   1701.3094   1372.6622
       33.0168    464.1695   2035.4304
      152.2690    763.3424   1747.9391
     1336.8127    355.3463   1174.8362
     2142.4771    718.7784   1615.7402
     1971.9424    783.3035    655.7006
     1059.7931   1965.5106   2077.6123
      280.1734   1378.4620   1553.9722
      855.9170    541.8605   1388.2568
      294.5105    678.2379    182.0599
     1136.1844    350.0507    494.5952
     1615.0350   1211.0746    367.8333
     1600.4675   1320.7610   1951.3351
      299.1836   2192.1074     84.4293
      320.8244    904.7367   1844.4464
     2241.8962    362.8910    940.0118
     1771.5571   1071.7179   1505.1278
     1900.1669   1564.7776   1533.2305
       56.4309     99.8138    650.1611
     1251.8691   1170.0166   1407.5563
      892.0565    994.7313    406.8868
     1509.4414    403.9165   1400.4962
      409.4180    492.2655   1454.2230
      232.0187   2134.4199   1002.9491
     1394.4111   2129.6724    196.0425
     1267.0989   1945.5297    875.4710
      108.1442    735.1848   1232.4734
     1639.8459     45.1107   1041.0994
     2235.8049   1002.1348    886.4965
      948.5002   1920.8645    958.7712
      616.8994    787.8248   2120.1680
     1639.4496    605.3721     49.8081
      217.7116   1220.0612    387.4173
     1511.8676    435.5510   1897.5352
      624.0468    815.6071    753.8069
     1769.0330   1263.8895   1673.3571
     1941.8861   1713.4802   1328.2543
      958.3313   1954.0299   1197.5627
      655.7896   1253.5660    951.2975
      701.7889    404.4966    216.7251
      887.9838   1203.8195    550.6688
      442.2840    433.0446   1960.8451
     1327.2859   1439.4835   1974.6011
      627.6664   1833.2926    664.3287
      854.7372    209.4916   1086.8188
      375.0984   1977.6547   1175.9330
       28.6877    541.6834   1699.5369
     1271.6732    380.2256   2014.0823
      903.6475   1568.9503   1806.0459
      621.4269   1542.8806     93.5638
      568.5851    496.0863   1198.7528
     2011.5360   1648.4250   1990.0449
      825.2112   1806.8124   1401.1750
      134.7973    123.6338    235.4883
     1889.7397    129.8883   1106.1755
     2038.1295    391.6378    205.4662
       97.0038   1516.9279   1267.7744
     1235.3596    665.7646   1477.3696
     1011.7349    285.6414    747.0654
      964.3078   1141.7616   1853.5249
     2048.3396   1146.7870     99.1230
     1101.6305     74.4455   1791.2250
     1349.3215   1597.9235    770.4421
      496.7936   1491.0216   1016.3315
     1070.6313   2224.4392   2007.2026
     1801.3087   1891.2416    745.6658
      210.5656   2000.8431   1692.5292
     1358.4067   1997.4236   1424.6172
     1987.5273   1297.5691   1550.1404
      455.5519   2137.1658   1836.0339
      300.2486     87.1523    724.3738
      166.6045    202.5074   1119.2122
      167.6875   1115.2457   1958.8145
     1385.2878   1651.1926   1692.0538
     1351.4077    243.4522    446.0387
     1625.2874    970.9656    278.3101
      312.2728   1948.4565    422.5442
      684.3309   1436.8149    383.8561
       38.8960   1342.9781   1482.3950
     1751.1644    333.8670   1230.4125
     2083.6230   2243.9114    581.2338
     1238.4036   2013.9485   1897.4100
     1251.6169   1914.4896   1193.1934
     1245.6860    144.9971   2160.7227
     1108.4929    501.5645    952.6938
     1696.9933   1443.0458    260.1425
     1410.7086   1488.4597   1505.5753
     1412.9958   1563.0780   1013.9440
      827.4058    438.4434   1165.8041
     1769.0381    109.6664    285.3082
     1207.8767    384.5057      5.2529
      574.0711      0.5197    785.3320
     1162.6144   1507.3468   1467.8590
     2199.2756   1742.4768   1295.8716
     1251.6482   1323.9956   1619.8767
     1080.4600   1055.5691    979.1058
     1524.4751   1290.7164    609.2220
     1607.4341    622.1474   1529.3605
      863.3289   2008.2888    457.3247
      967.7698   1344.2810   2060.1287
     2234.3064   1546.6433   2154.2415
      674.8915    643.0114    335.6132
     2253.6519    581.5949   1409.1846
       98.7573   2120.0881    545.8154
     1711.6216    793.5674   2125.2498
     1095.7448    107.6327    640.2087
     1325.8005   1116.5712    600.3884
     1598.1995    588.3378    816.4779
      622.4421    870.7260   1574.4464
     1017.5249    821.4178     33.0252
     1322.4445   1343.5273    461.0443
      135.9072   2050.6802   2173.1897
     1068.9252    875.1590   1529.3885
      513.8162    570.0955    175.6711
      265.8101    950.6880   1098.6187
     1972.8859    877.7141    932.0488
     1388.2925    819.4950    333.2386
     1968.0753   2200.6106   1912.1190
     1833.4883   1912.5608    372.0640
     1374.4060     39.6884   1704.4285
     1184.0013   2029.4928    338.5201
     2203.7019   1672.2987    824.0924
     2055.8718   1390.6940   1978.0925
      750.0352   1515.0691   1599.5631
     2026.3887   1054.2051    748.4142
     1783.9714   1558.7180   2031.5673
      397.4402   1798.3850   2118.6516
      907.8635    110.8193    178.2542
      930.9343    301.2478   1449.9294
     1449.2843   1744.6593   1909.6970
     1953.6666   1499.6033   2199.9033
     2028.0280   1082.1115    479.5861
      864.1874    805.4641   1361.6290
      323.9098    148.0005     14.7558
     1046.5125   1768.0746    443.5731
     1112.3785   1918.3036   1468.3312
     1477.0735   1996.0555    719.1926
     2220.1394   2016.3580    753.0836
       41.1699    869.7025   1449.8367
     1405.2053    871.1580   1850.3129
     2250.5522    674.6246    168.6453
      273.5194    298.0814   2078.9197
      841.4046    629.8413   2104.0542
     1615.7814    706.3611    351.4634
      409.2793    687.5178   1214.5865
     1472.2152   1340.9674    876.1441
      695.9803    742.6611   1193.8009
     1040.5161    623.8342   1266.7130
     2139.1614   1885.0245    998.8617
     2245.5981   1917.8267   1735.6484
      980.8661     57.0443    865.0482
     1498.9092   1529.3235   1245.2854
     1582.8062    835.1473    849.6667
      861.1942    692.9103   1595.1831
      437.2552    696.8832   1882.3300
     2023.3141    663.9308    155.7099
     1717.8311    121.7586   2045.0383
      930.9421   1303.1615    859.2070
      573.6702    652.2748   1646.5321
      334.7415   1235.9697    150.3510
      921.6102    536.2041    299.3561
     1725.4907   1585.7720     45.0574
     2043.7574   1467.9484    876.9729
     1091.9850    744.9783    957.3695
     1905.1356   2194.2458    401.6997
      896.1816    778.7558    237.8439
      212.8825    462.1979   1271.4574
     1872.5548   1081.7772   2019.8770
      468.4366    261.2433    497.4695
     1951.0590   1022.6202   1138.6995
     1190.4025   1401.4486   2216.1323
      608.0566     70.9047   1346.9656
     1681.0560   1854.0587   2077.2654
      305.3121     28.1733   1502.3400
     1570.2087   1293.4764   1406.6995
     2159.6182    280.1003   2083.7512
      409.3246   1771.7650   1012.5182
      890.0356   1512.5662   1386.7828
     2055.2593   1846.1406   1509.2113
     1616.5242   1522.9792    714.9105
     1272.8518   1360.7432    749.7974
     2147.8003    727.4997   2202.9619
      459.0239   2033.4535     25.8220
      984.8392   2181.7019   2231.1323
      751.4642   1061.5765   1322.3507
     2045.5399   2115.5833   1657.6730
      515.1885   2081.9958   1360.6786
      174.4374    660.2688   1954.2802
      596.2150    515.2919   2139.4946
     1307.8436   1649.1262   2102.4255
     1466.5361    717.9359   2064.7332
     1547.8833    444.6872    215.7386
     1538.1515   1041.9266   1023.5413
     1450.8817    231.5640    946.3594
     2182.8867    590.5579   1105.7358
     1358.5898    163.0170   1468.3582
      617.9794    904.8428    278.1705
      136.6760   1747.3959   2182.7417
     1054.9464    371.2777   1192.4553
     1376.9119   1173.8134   1891.5408
     1315.8887   1540.0693    295.2120
     1443.2124    454.4667   2202.4624
      769.4772   2144.4468    882.1338
      313.4840   1944.8472   1938.3867
      542.5303     45.0890   1660.1227
       54.3210   1946.3340   1186.2233
     1186.8671    185.5592    240.9900
     1952.3485    793.0304   1793.5409
     1007.6962   1305.7213     69.5547
     2208.2332   1494.8781    640.4404
     1161.5511    753.3301   1732.6265
      708.3668    229.2671   1596.2568
     1722.8613    555.2783   2025.0350
       38.6610    370.8661    220.2012
      946.1619   2051.0901   1800.7076
     1542.0292   1090.3159    758.8193
      272.0822    672.4440    552.4069
      495.2370   1669.2040    811.8733
     2201.8916   1274.3931    858.5735
     1167.3601   1778.8708   1897.8088
     1664.3887   1943.4473    562.1566
      189.9489    409.8923   1549.2545
       38.0035   2193.9719   1578.0063
       93.0597     51.6793    902.1547
     1959.5677    289.7437    869.4071
       25.3546   2248.0576     57.7102
      609.8171   1301.9883   1951.0989
      182.6009    308.1944    783.6162
     1013.8885    433.2310   2070.3596
     1896.7427   1241.4839   1321.2505
      886.8455   1923.3925    698.1743
      433.1996   1813.2955   1407.4315
       97.8063   1661.4843    152.8218
     2020.7983   1827.5975    748.6031
      819.3015    651.1600    723.3799
       93.2276   1896.7218   1463.0510
      892.9108   1759.4575   1975.7161
     2015.0006    225.7435    632.8635
     2166.6135    743.8273    832.4744
      149.2936   1505.8020   1746.2363
     1840.9972   1302.6438   1936.5669
     1046.3885    573.6426    728.9795
     1033.9352    723.8038   1958.2351
     1285.3884   1697.3044     96.7794
     2035.2136    500.4979   1338.6486
     1953.5328    749.9471   1124.3516
      141.3003    931.0764    183.7841
      679.5835    478.6346    507.5665
     1704.3956    325.9506    970.1411
     2191.4551    638.2156    589.2723
     1606.2820    159.5289   1802.2616
      284.7221    202.9103   1702.5461
     1861.5435    258.2050     76.7164
     1755.7319    358.0432   1895.6696
      721.1307    878.6652    981.3913
     1826.0814     42.6726   1729.4139
     1453.5721   1085.0399     97.4957
      647.4143   2230.5898   1953.9271
     1714.8757   1695.7947    595.4534
     1939.8859   1527.2717    647.0575
      393.5054     22.0116   1241.5653
      683.5272   2027.8387    167.9377
     1229.2877    631.3132   2153.9863
     1751.2225   1163.6141    566.3279
     1631.2697   1512.9727   1590.5381
      514.6582     24.4340   2161.9319
      315.8524   1378.2583   1308.1483
      616.5043     42.4301   1075.8445
      377.1852   1130.2587   1238.8405
     1271.0142   2261.2698    420.8125
      674.1090    209.7934    334.2598
     1787.8177   2026.9349   1935.2480
     2235.3208   1617.6639   1893.5034
     1992.4919   1424.6234   1183.9290
     1667.6025   1819.0300   1015.9449
      366.2670    967.3927   2068.6633
     1037.3401   1290.5751   1411.5669
      323.3029   2140.2456   2077.8767
      187.4981   1146.9745   1465.3589
      769.8585   1278.6223   1496.7126
      140.7849    582.7780    364.0445
     1798.6809    434.2951   1460.8834
      910.6654   1991.7655   1576.6161
     1458.7013   1457.6188   1783.1335
      144.9604   1351.5505    591.4568
     1159.8962    845.2750   1200.5463
      774.7969   1819.5527    282.8770
      887.1141    897.3356   1783.3972
      132.6889    995.2225   1680.5969
      728.5838   2130.3218   2211.8030
     2204.3208   1743.9678    557.6678
     1927.6952    294.7204   1647.3667
      952.2402    748.9150    482.8105
     1274.3816    896.7247   1405.8811
     1373.4750   2242.7642   1938.1854
     1379.2869    274.8558    170.1253
     1698.5989    637.0167   1285.8436
      493.7450   1799.9425    152.1657
     1946.6787   1993.6932    556.1367
      271.9699   1758.9358   1656.5240
     1196.3430   1324.6882   1002.3753
     1309.6741   1897.6403   2117.4492
     1192.9213    631.3807    534.4537
     1186.7285    727.9852    267.0754
      382.8264   1264.1979   1002.2188
     1439.1390   1822.5396   1036.6359
      736.1365    648.1724     49.1660
     1209.2496   1110.3121     56.1552
      550.7867   1396.6327   1432.2836
     1906.2927    956.5359   2247.2021
      352.1429    984.2955    328.6705
     2184.3218   1112.9572   1552.8010
      341.1786   1025.1895     54.2978
     1168.9796   1728.1183    959.9948
     1778.7198   1883.1635   1233.2762
      376.5601   1728.8669    548.8933
     1636.6199   1360.9584   2204.6599
     1168.5242    452.4819    259.0424
      788.3931   2116.0964   1320.6858
     1956.1443    174.0558   1910.0486
     1927.9999   1279.1898    689.1696
     1183.5475    886.4221   2075.7339
      402.4716   1070.7885   1643.1349
     2130.1194   1494.1466   1674.5443
     1304.0312    675.6317    823.6127
     1632.1390   2169.1404    419.0329
      156.4414    529.9717     53.4419
      369.3986   1418.9973   1857.7516
     1289.1995    631.1047   1085.0453
      656.6615    204.7139   1848.7904
     1073.5182    560.6010   1589.3379
     2170.3174   2070.3843   1422.8766
      280.7299    352.0477    244.3302
      237.6041    219.3204    461.0697
     1288.6086   2164.7649    664.4391
      149.8326     65.1176   2106.5999
     1470.6169   1816.5431   1279.3392
      440.2600   1151.2859   1884.4625
     2217.8875   1452.0909   1080.5336
      848.8237   1686.9221    809.3778
      559.6962    917.3566   1343.8489
     1962.6793   2253.2163    109.1563
      768.5051   1120.4279   1965.6019
     2020.4446    496.4485   1733.7676
     1807.8969    569.1223   1770.2277
     1032.5282   1236.3894   1171.1075
      291.5579    545.0703   1703.9635
      735.2249    816.0565    527.1526
     1504.8417   1270.8245   1667.7686
      927.7569    221.3885    432.2256
      917.6556   1333.4772    322.6729
     2164.3406    926.3049    113.6730
      325.5597   1257.0027   2127.3237
      100.9165    845.0838    686.5355
      628.4910    472.1900    767.6771
     1079.9528   1514.0757   1150.1226
      107.2848    832.8950    406.5270
     1361.9979    898.7335    709.0168
      519.6675   1159.7925   1438.2196
      754.8362    155.1865   2256.6570
      364.7701    669.8541   2129.1248
      995.2675    222.1045   2215.3013
       74.9533    248.0155   2260.0444
     1532.4619    375.7011    660.3738
      229.0965   1029.7727    549.8198
      787.0097   1512.7118   2042.9823
     1795.5392   1615.9351   1137.9050
     1934.4500   1838.6488   2152.0979
     1921.6859    350.7303   2127.3235
      378.4351    478.9286    685.8729
     1774.4757   2029.2197   1667.6191
     1081.9611   1094.7200    690.3582
       87.2509    162.1918   1917.8182
     1557.0551   2185.7637   2148.0242
      760.9767   1259.6211   2192.0273
     1194.6162   1958.7913     62.1749
      436.2436   2077.3171   1607.7271
     1944.3258    227.5307   1374.4849
      758.2939   2211.9409    340.3106
      530.6956   1547.1949   2116.6365
     1238.8734    407.3171   1423.7252
     1941.2004   1370.4652    156.1820
     2176.7607     25.6208   2048.0115
     1050.1611   1146.2388   1604.0714
     1517.9312   2218.6340   1468.0658
     2017.8378    558.4283   1984.0754
      560.4873   1084.3258   2155.5999
     1551.1570    971.8189    515.3196
     1990.1481    376.2516   1121.0996
     1171.6123    431.4232   1788.4386
      219.8027   1701.9636    804.1054
     1585.6150    875.0932   1435.6295
     1411.4886    283.2092   1645.2399
      889.8291    900.2867   2036.7408
     1440.1281   2049.8330   1711.5717
      884.0664    891.5290    783.4715
     1643.2280    411.2821   1652.8043
      889.3954    647.9094   1040.9767
      904.2122   1537.5704   2236.3430
     1729.1090   2091.6033    209.5382
     2186.3079    113.1096   1131.4122
      239.3820   1893.7926    134.2278
     1394.0537   2023.5612    438.1016
     1102.9120     93.6248   1107.9771
      805.3450   1098.9193    803.6021
      973.5144   1078.6810   2170.2744
     1494.7430   1316.2859    184.8048
      856.3756    992.9902   1541.6411
     1477.0679   1518.2478    484.5776
      106.0652    580.0796    747.2217
     1885.7089    337.4183    456.1299
     1085.0505   1511.1149    839.5075
      155.5475   1415.0901    800.5162
      467.6519   1172.1047    382.5218
      517.3244   1082.3140    857.1773
     2163.6653   2185.5513    237.8506
      869.2225   1829.3239   2260.8120
      684.3320   1521.1263   1200.8722
      322.9890    918.5510   1343.7247
     1498.1766     20.0863    552.5234
      400.7317    747.6863    763.3767
      839.5408    293.2693   1972.0273
      561.8259   1986.0555   2056.3936
     2179.5137    373.5435    705.5471
     1277.7859   1639.9862   1204.7954
     1305.8049    616.5277   1899.7634
      846.9791     74.8967   2039.8939
     2192.7126   1313.7261   2209.6958
     1148.2130   1314.2828   1855.4911
     1144.3384    153.8552   1362.0795
      525.0062   1334.2551   2213.6743
     1539.9706    431.3154   1134.7911
     1913.5000    622.2673    431.0671
     1983.3553   2168.8018   1004.2151
      488.2614    822.6818     68.4857
     2101.4524   1520.8776   1398.7854
      163.7962    421.1641    544.5663
      923.8480    527.7106   1825.5459
     1937.4586   1659.6234    145.9336
      512.9151    393.6851   1709.4050
     1421.9521    958.2814   2113.2417
      628.9372   1531.9126   1855.6075
     2213.4087   1858.6378   2051.2004
     2065.4712   1748.3582   1724.5197
     1564.4023   1767.7466    795.4354
     1559.7124   1030.9891   1654.7744
     1169.3619   1554.5748   1749.0834
     1031.5507   1047.0470   1317.2777
     1170.2759   2081.7952   1054.4077
      768.8196    924.2901     35.1202
     1347.0603    109.6433   1142.4106
     1813.2172   1049.9895   1735.7252
     1476.5345   2245.0796    842.5104
     2255.5068     50.1852    408.9478
      305.1172   2212.5986    486.7625
     1969.9596    500.5242    636.5458
     1836.2036    644.9706    829.2858
     2107.4387   2050.4426   2202.8323
      704.3151   2049.3850   1751.7269
     1120.6573   1203.2784    398.2498
     1120.1864   2110.8208   1694.1333
     2021.7006   1974.5071   1910.3851
      157.7751    506.6628   1025.9152
     1809.7836   1790.8192   1597.3618
     1318.6960   1040.8451   1611.9601
     1561.3796   1566.8812   2050.1038
      588.5356   1644.5896    359.9797
      271.2912   1547.8538   2050.6245
      116.0602   1107.7985   2216.8879
     1413.0454   2112.4922   1044.6677
     2154.0178   1990.4004    446.1042
      335.2310   1652.2203    299.2716
      392.6909    121.1358   1935.4844
       22.0158   2102.9824   1967.8540
     2161.2754    946.5984   1823.0203
     2164.0088    926.7804    609.5443
      780.4193    179.1007    857.6003
      390.2016    603.5822    980.5900
     2139.2354   1767.3328   2256.2239
     1603.7872   1058.7845   1929.6257
     1736.9651    868.1895   1081.2584
     1696.6913   1066.4951   1239.9292
     2158.6152   1459.7010    126.6563
     1480.4849    173.2290   2071.1333
     1449.8341    696.3937    602.9662
      811.7228   1716.4512    529.2029
      616.4052   1856.2850   1219.1975
     1684.7446    167.4562   1490.5723
      742.2507    471.1680   1647.1798
     1783.4586   2240.6191   1452.2671
     1655.1222    497.4428    479.9147
       22.1166   1651.2521   1602.6552
      278.7932    978.5612    827.7336
     1551.4441   2002.1505     22.2975
     1648.3795   1497.2841   1003.6319
      367.9612   1597.8508     38.1774
      594.1582   1125.1031    140.4841
     1307.1434    850.7586     28.0635
      473.0581    255.5317   1218.9648
     1175.2933    978.2474   1840.5448
      179.8521   1443.0470    276.0808
      502.1841   1312.1230   1682.7319
      730.4692    708.0876   1855.6119
     2190.0840    700.4010   1911.3344
     1492.4819   1997.8265   1970.5554
      882.1919     98.3582   1314.1382
     1423.3770    798.0363   1605.0748
     1802.8411    488.7738    224.0509
      417.9344   1689.8647   1900.8939
      833.9938   1758.9043   1119.9979
       59.4079   1677.2106   1044.3889
     1965.3126    796.2700   2053.6692
      239.0988   2111.4724    763.6128
     1399.0760    470.6091    918.8488
     2055.3174     39.9588   1509.3170
     2029.2583   1976.0702   1210.5289
      469.8305    253.1846   1503.7357
     1378.8894    638.4243    106.5924
      627.9449   1308.5916    622.3738
      846.9538     33.3037   1794.7916
      189.4014    379.7546   1846.5162
      543.1169    666.0496    556.3912
     2242.8911   1292.6923   1740.5018
      602.3710    304.0962    978.4778
     1307.8912   1737.4382   1443.3838
     1757.6094    858.2159   1897.2065
      424.7755    753.1298    373.4334
      668.5739   1778.5642   1941.1067
     1452.7478   1277.5283   1105.3055
     2257.3252   1545.7692    367.4463
     1276.0813   1079.8907   1150.0760
     1536.1150   1652.1157    277.8911
     1804.1069    950.5047    723.0629
     1358.1113    206.7483   1851.1420
     1980.8026   1250.0212    956.0358
     1416.3396    667.5400   1308.6605
      145.7180   1408.1947     19.0197
      799.6807   2002.4730   2007.8536
     1809.3262    866.6218    471.5983
     1666.5798   2074.2778    933.9355
     1105.1445    956.2098    240.8047
      878.2111   1480.4467   1030.9738
      630.6205   1651.7850   1428.6489
     1476.4816    836.1951   1192.4922
       88.7613    905.7065   2013.9197
       36.7972   1196.1967    165.9420
     1767.5363   1086.0334    909.9005
     1458.3616   1079.4292   1335.8180
     1633.9979   1981.6298   1466.3883
     1983.5947    920.2064   1559.0758
      642.3811   1060.0730    608.2616
     1902.3447   1489.0232   1778.4053
     1027.0690   1816.7037    217.1093
      954.8738    345.2640    193.3281
     1043.8312   2088.7744    807.4588
     1084.0822   1525.1803    197.9742
     1592.0928    679.4426   1815.3325
      936.4955    297.9697   1729.3845
      222.4928   2241.7627   1827.5623
     1946.4210     60.2539   2133.1084
      855.0850   1621.6318    229.0356
     1767.1178   1839.3131     99.2735
     1736.4814   1154.6869    166.8505
     1236.1887   1294.1971    195.7032
      367.7759   1435.8223    476.2003
     1893.5938   2030.4557   1428.0798
     1777.3711   1682.1182    342.0712
     1383.0693    527.8176    363.5219
      164.9307   1773.4329   1934.6355
      419.2932   1430.6346    746.6143
     1615.6903    140.0554    745.3759
     1060.7950   1761.9508    725.2264
     1269.5474   1795.1526    357.2660
     2175.3076   1160.3606   1959.5021
      626.9265   1933.1150    436.1549
     1095.3533    228.2323   1962.2578
     1625.3513    244.2936    426.1613
     1700.3470     37.7690     36.7138
      764.2526   1362.8176    155.5731
     1719.3304    687.7546    628.5067
      581.3447    284.6631   2095.2761
      593.8435   1584.4446    598.9283
     2152.2922     72.1397   1758.9993
      694.4539   1649.2178    985.7966
       94.2221   1848.5430    371.9294
     1342.6954    184.1613    695.8340
     1299.4069   2141.6401   2199.4800
     1271.3207   1862.3878    637.0062
     2242.7729    284.6116    483.5698
      696.3678    322.5019   1334.3683
     1791.2493    538.0647   1058.0017
      610.4444    650.7369   1419.2825
     2072.7554    814.1417    349.3895
      472.4883    937.6930    580.1023
     1439.7561     68.1342     45.8232
      930.6865    488.9336    513.8406
      868.2748    422.9601    914.0247
     2153.1423    469.9796   2254.6125
      748.3806   1753.5387   1694.3055
     1794.4036   2173.1306   1197.7489
     1475.3868   1771.8385    514.6178
     1173.2848    942.7208    469.2026
      171.3042   1600.4014    526.1009
     1126.2675    828.8233    717.1915
     1291.0553   2199.5566   1279.9369
      101.9820   2212.2571   1204.6793
     1222.6169   1587.1925    559.0049
      374.5155    106.4922    974.7814
     2115.9680    103.4944    846.4596
     2178.3611    336.7639   1805.3153
     1861.2883   1793.1486   1847.8611
      818.4892   1313.3019   1243.7349
      166.8516   2119.5850    303.0031
