       80.1084    287.9745   1724.6174
      251.0381   1459.8727    201.6938
      704.5611   1689.3450   1491.6427
     2241.5483    849.0658   1004.4639
     1942.3190    411.7858    425.0034
     1323.5338   1374.0004    168.6407
     1167.2867    215.0373    620.7107
     1759.0363    823.1174   1938.7627
     2103.2771   1064.2660     31.1141
     1760.0192   1058.0934   1718.6104
     2161.9197   1804.5533    414.7426
      363.6006   1803.0188    837.8967
     1656.3639   1799.2867   2146.0251
      726.9786     34.6074   2013.7430
     1309.9222   1061.8195   1079.4514
       68.6049   1197.5314   2101.7927
      935.0123   1014.7194   2194.8193
     1694.4135    753.7196    949.8438
      938.2458    763.6974   1002.6743
     2090.1514   2152.3394    218.0633
     2254.9915   1063.7594   1414.2491
      956.1697   2072.2876    985.0834
      627.4365    168.9043   1809.1105
      240.7357    807.7154    912.6438
      835.6516   2044.4962   1273.5392
      645.5645   2012.3524    297.4033
     1619.4131   2088.6501   1475.8643
      129.7688     11.8163   1651.2963
     2123.8730   1418.3873   1457.6000
     1623.8922   2220.1213   1954.7568
      254.0293    182.4815    808.7162
      922.1677   1613.7277   2195.1252
      905.0506   1355.5939    134.1848
      418.3654   1526.6411    753.2570
      909.4967    221.8703    389.5143
     1002.4420   2210.4619    245.3042
     1355.8090    562.1027   1944.8002
     2211.6255    826.9057   1987.8058
     1472.6652   1693.1211    275.4225
      483.9516   1681.9520    482.3677
      752.2751    388.2734    269.2266
     1124.5277    129.4503   1523.2981
     2133.7942    445.6324    201.1364
      548.0154   2187.9895   1791.8779
       57.2472   1314.1732    553.8842
      749.2107   1032.3727    138.5871
     1782.2556   2088.0916   1218.8757
     1917.5817   1488.1570    346.0172
     1970.8695    984.6738    597.6729
     1495.6899    774.0334   1110.8171
     1169.7046   2097.9099     38.9699
      137.4351    808.8375   1399.6522
      283.5228   1185.3960   1372.8490
     2067.5916    516.0746    944.1666
     1176.4585    533.8278    229.4015
     2251.2124    984.0428    414.1103
     2016.7139    893.3149    322.6774
     2179.0220    233.8757    542.6811
        4.5932    795.8047    696.5494
      350.9058   1590.3572   1028.0988
     1033.7151   1309.5461   1783.0466
     2099.6201   1507.7623    525.7912
     1890.5244   2246.8645    450.0699
     2156.9082   1075.7906   1704.6647
     1274.1294   1423.5287   1759.7292
     1407.2318   1949.3563   1271.0936
      984.5076   2152.6294   1506.2058
     2093.2349   2241.0525   2232.4580
     2048.6462    787.9241   1485.7162
     1363.9399    139.1546   1032.4375
     1228.5381   2105.0527   1054.9545
     1860.6300   2251.6431   1420.7833
     2062.9541   1053.2864   1984.3438
      292.3554   1408.2843   1239.1160
     1442.6278    247.1946   1803.4042
     1024.2832   1608.3743   1611.7740
      599.8919   1867.9159   2196.8538
     1884.7075   1568.7865      7.8876
      977.1475   2205.3225    542.6879
     1322.3971    594.0984   1324.1080
     1940.9501   1213.5824   1522.4886
     1501.4186    991.2705     59.8653
     2047.4524    449.7171   1596.3618
     1228.8885     86.1657     29.9111
     1739.6583   1295.4730    895.3997
     1061.9075   1854.0699   1489.7703
      409.6464   1701.6116   2007.6050
     1924.5677    197.8654    255.0749
     1707.5048   1345.4591    511.1000
     1145.1354    355.0944    893.1861
     2108.3171   1916.6523   1154.4749
      637.8082   1548.0056    914.2126
     1524.2046   2084.1084    573.6347
      223.7476    304.5317    474.2570
      647.3206   2109.0652   1038.3057
     2253.5461     36.9718    956.1153
     1646.5647    380.5170   1188.5035
      413.1509   2147.1387    232.9752
      102.5154     41.7277    508.2424
     1945.8419   1752.0315   1340.1309
     1550.2700   1605.8538   1396.7047
     1512.1501      8.1584   1206.3304
      442.9427    956.7666   1486.3065
      342.7140   2032.5085    982.0690
      978.4769   1509.4286    661.9703
     1688.3691    227.5552    411.5923
     1262.7836   1773.8815   1788.3403
     1244.5844   2178.1826    509.3619
      577.3281   1350.3949    476.7971
     1011.0519    976.3718    654.0183
      841.5085   1264.9794    710.2367
     1431.7499    920.9657    839.9153
      672.1725    479.0918    520.8913
      487.1367   1476.9790   1731.7408
     1549.9437   1494.5590    929.6828
     2067.8481    537.3765   2161.5713
      555.7802    368.5100    973.0298
     1905.6884    831.5160   1711.0927
     1801.4868    643.5950   1525.6885
      749.2109   1248.2841   1631.9453
     1669.2562    491.5897    721.5856
     1681.4154   1141.0106   2074.9050
      673.2825   2207.5674    498.2932
     1751.5345   1773.3228   1007.2372
     2108.1448     28.4212    723.7519
     1986.9978   2022.6775    983.7117
      692.2264   1603.6718   2006.5149
     1874.6671    312.7848   2236.8923
      326.7817    491.1630    893.0747
       83.8265    617.7642   2257.5496
     1992.9150   2262.2520   1031.1096
      315.3072   1319.9403    948.7194
      303.5778   1217.7777    704.4095
      831.4514    854.1915   1978.5999
     1993.2560   1260.3270   1260.7076
      736.9678   1863.7086    562.4216
     1393.4246    772.0377    315.3313
      474.9005   1294.9973   1958.7494
      647.8723     75.8529    188.9394
      211.4182   1851.8428    601.5877
      176.7582    968.7726   1639.5924
     1521.9989   1378.9478     32.4469
      706.3550   2021.4037   1542.2119
     1143.0126   1779.7905    629.5573
      162.2372   1996.9139   1557.8828
      620.4183   1865.2739    824.8223
      928.7321   1045.3053   1501.6820
     1328.7428   2180.6323   1396.3197
       82.1414    558.6712   1943.3492
      626.3737    978.8964   1846.6069
     1371.0782    340.6780   1216.6422
     1967.6559    604.8084   1831.8638
     2016.8318    656.9942    509.9379
      827.5397   2121.7849   2196.5823
      452.4333   1107.6080   1699.4066
      524.4350    697.6266   1406.4545
      236.4551    902.5469    526.0319
     1256.8019    480.5610    520.2986
     1094.8650   1253.5088    308.1043
     1264.6971    824.5585   1786.4497
      138.4796   2060.2136    339.0226
      224.6347    903.0657   1907.0710
     2253.7087    299.2651    838.6912
     1574.7434   1370.1201   1201.4314
     2232.3625   1809.9047   1379.6910
      112.7664    538.7969    685.1014
     1043.0229   1346.3207   1510.4220
      859.0011   1169.5801    442.9209
     1564.8486    218.1925   1421.6960
      397.3801    356.9072   1316.6385
      196.1449   2137.0037    778.8106
     1538.6875   1945.9669    327.2352
     1190.1348   2013.7784    743.4647
      156.1878    998.5920   1131.2637
     1730.4938    504.7197    965.8665
     2246.5618   1375.2537   1069.4645
      652.1143   1554.0244   1236.8497
      853.7359    311.5066   1972.6152
     1736.0602    856.8085    114.9314
       10.8584   1088.0548    680.0414
     1615.1907    628.0999   1767.8232
      673.5991    950.4075    703.4883
     1757.0007   1554.5258   1771.6454
     1450.2036   1900.8353   1561.8118
      491.1527   1823.4333   1104.7097
      554.0051   1292.6697    795.3630
      819.4554    670.6906    218.7516
      529.5132    823.5705    221.3501
      360.7957    397.9277   1858.4479
     1481.5544   1601.0618   1708.1990
       91.6436   1685.4062    907.7570
     1113.1356    260.8235   1141.5544
      806.7129   2121.2998    752.0114
      259.2532    585.5197   1504.6752
     1125.4436    472.9701   1660.1157
     1094.0386   1538.0741   1933.1212
      492.1474   1576.5875     41.5413
      887.3128    601.2237   1251.8381
     2201.4668   1931.8463   2236.4219
      790.4974   1742.4482   1054.8779
       98.4517    399.0907    161.0677
     2216.7751    281.8882   1155.6295
     1952.3120    618.7105    154.2478
      202.5016   1528.4542   1477.8762
     1329.0176    309.2952   1489.6620
     1445.8341    131.0306    582.1141
     1343.7285   1286.5471   2052.1882
     2217.5828   1513.3054     85.4459
      844.3730    356.5644   1666.2924
     1288.8340   1523.8995    659.1379
      434.8899   1031.7827    926.0894
     1019.1375   2187.8406   2014.6008
     1802.6415   2152.1309    823.4245
      235.9443   2064.0583   2040.7012
     1369.1302   2234.0410   1769.0396
     2001.5465   1661.3643   1654.4739
      369.1580   2169.0447   1546.7529
      456.7080    134.4041   1122.5902
      148.8097    167.0741   1378.5138
      378.3354   1105.4021   2234.0894
     1432.2345   1645.2095   2007.4990
     1631.9275    123.9777    745.4896
     1697.2170    586.3502    428.7396
      475.5517   2025.7487    495.9873
      896.4060   1637.3727    353.0857
      131.7386   1291.6292   1592.2397
     1793.8785    118.9408   1164.4685
     2025.0153   1785.7268    160.2395
     1122.3777   2024.7866   1735.1815
     1379.3724   1876.6604    906.3188
     1327.1587     82.2592   2026.9579
     1368.5529    631.9182    935.6216
     1536.7904   1149.1028    340.4907
     1386.3451   1379.7407   1494.2622
     1403.8295   1672.5829   1168.1266
     1062.5087    418.8024   1422.2100
     2177.9185    172.7160    260.5028
     1013.0448    341.3387     28.2558
      576.0900     25.3936    832.7793
     1278.0760   1387.5923   1208.4590
     1977.2712   1968.3231   1509.7358
     1407.3295   1132.3370   1687.4091
     1320.2480   1135.0898    720.7837
     1610.8384   1180.3822    685.3442
     1815.0610    934.0988   1422.0713
      649.3238   1622.7509    288.2727
     1031.7031   1268.8873   2111.8625
     2173.6482   1436.5989   2046.8304
      738.9164    827.7719    454.0689
     2232.5037    652.8802   1706.5851
      155.4771   2130.2432    101.0671
     1577.4690    625.1005   2234.8428
     1387.4640     18.8760    282.9760
     1284.5532    982.4418    416.7969
     1461.5635    370.1110    856.4259
      807.6555   1206.9447   1924.9298
     1055.1266    797.2266     75.3050
     1237.0924   1522.1355    354.4543
      297.9982   1859.9576   2227.9871
     1275.7861   1110.0850   1422.6012
      434.3142    591.7460     33.0683
       35.6344   1140.0568    942.9890
     1787.2148    728.6099   1233.6530
     1078.9644    777.0281    487.1030
     2237.5967   2015.9232   1956.3944
     1735.9840   1708.4851    463.0825
     1035.1913    179.5752   1751.9510
      962.8690   1928.9315    412.3769
     2214.0613   1607.4751   1182.9498
     2172.1809   1410.6528   1737.8398
      797.1711   1457.6360   1808.5421
     1720.2076    832.3461    675.6507
     1952.7156   1523.4741   1964.9185
      243.5846   1477.8145   2169.2649
      892.0930     75.9066     30.7893
      896.2329    608.5525   1792.9015
     1591.7228   1923.4491   1863.2344
     1973.2424   1295.3597   2154.4788
     1924.2799   1192.0370    367.2958
      812.2300    944.8383   1263.0658
      392.0223    366.4796    118.6626
     1171.7803   1744.8055    190.9358
     1022.3179   1847.5896   1150.4675
     1497.6770   2153.4189    849.2319
     2146.1011   2068.8997    529.6506
      441.7119    769.2509   1728.7061
     1367.7445    547.1433   1627.1704
     2239.0571    821.0774    162.7630
      287.9412    251.4209   2107.1082
      142.4977    907.2296   2171.4551
     1494.5219    411.0869    336.4535
      373.8490    760.2966   1194.3750
     1453.2704   1245.4061    912.2891
      502.1537    323.1230    679.7430
     1175.6938    592.9991   1088.2678
     2229.7319   2012.7443    874.3381
     2177.3486   1921.5828   1685.6433
      792.4771    139.9974   1016.4031
     1575.9423   1508.0490    688.3704
     1491.2224    707.9620    604.9070
      718.9907    908.2692   1618.1267
      476.7877    824.5737   2166.0186
     1805.7655   1188.0763     81.2850
     1760.1500    369.3638   1551.7837
      947.2955   1556.9034   1320.0367
      578.9941    467.6563   1653.9728
      126.1541   1159.4573    111.8685
      969.6322    467.0202    528.0631
     1692.0991   1450.0604    194.0759
     2008.2798   1577.8976    909.7744
     1110.2535    951.6817    944.5482
     1717.6915   1971.8738    144.9930
      950.8788    944.6371    320.6813
       95.5825    557.2886   1152.4067
     1772.0535    530.7844   2102.5806
      507.4036    235.8044    367.6289
     1785.0557   1017.9771   1091.8529
     1215.6599   1575.5852   2218.9016
      782.3928     72.8336   1531.2335
     1916.2750   1961.8047   2208.4351
      590.3542     48.5145   1365.8297
     1648.7904   1175.4760   1398.8599
     2258.1768    175.7038   2154.1416
       55.1277   1412.0282    800.4494
      520.0031   1401.5046   1472.3604
     2149.2048   2234.7805   1302.0325
     1410.5801   1817.8171    613.6194
      921.4800   1449.9839    942.4099
     1922.8345    778.6152   2176.2546
      416.4241   1844.2600    254.5524
      855.2589   2152.6204   1801.8688
      746.3198   1255.6167   1354.8459
     2141.0991   2187.0776   1588.7443
       99.9752   2081.0508   1198.5997
      292.8410    623.5607   2064.5188
      576.8145    683.1332   1939.2380
     1674.4037   1482.6908   2100.6233
     1363.9661   1069.4723   1937.4332
     1342.3170    356.7501     46.9457
     1465.7018    919.5079   1311.7275
     1119.8373     48.7471    905.8929
     2180.6152    502.5311   1376.0631
     1652.3311     75.2242   1667.2257
      236.2030    969.6028    239.0690
       80.8892   1733.3370   2025.2157
      818.1958    236.2134   1279.5841
      997.6442    936.6730   1765.3497
     1375.6260   1276.4236    461.7582
     1782.3793    232.3761   1955.7427
      868.8396   1788.1399    769.4592
      423.5963   1776.6376   1638.7407
      298.3949     39.9152   1892.2133
      206.0936   1837.3896   1171.3153
     1211.2765    234.1009    295.7301
     2048.2175    363.9638   1955.9758
      534.1100   1137.6177    227.9934
     1991.3772   1255.9822    619.9167
      776.2670    473.1754   2192.7136
      820.3703    674.2377   1542.3668
     1502.7209    826.0178   2019.0986
      234.1796    156.4190    200.1772
     1082.0859   2248.4019   1253.2493
     1113.7227   1262.6412    578.5912
       10.8310    610.0751    411.3740
     1163.6094   1631.4106   1043.6156
     2006.2284   1143.5834    939.0349
     1297.9871   1913.2119   2068.5969
     1890.8037   1973.3333    376.5717
      364.9781    235.5262   1603.7800
      224.8492   1908.5107   1819.6091
      229.3516     67.2638   1059.2423
     1927.2662    289.7779    958.7759
      152.3187   1592.0883    490.8975
      692.2020   1384.8035   2137.6736
      470.5362    727.9584    679.9485
      583.7216    348.7011   2066.8757
     1766.3020   1447.7069   1445.9617
      717.8494   1552.9410    607.9053
      419.1116   1685.9215   1377.0585
      136.3583   1751.3981    209.8901
     2167.6575   1772.6078    709.0065
      731.3001    604.2584    803.6884
       49.9534   1646.8846   1686.5508
      929.0159   1881.1082   2114.7339
     1727.4070    411.8927    157.1230
     2007.9247    479.3247    693.4838
      229.9674   1430.6204   1867.1982
     1938.9381   1255.9863   1857.7290
     1164.7792   1308.5686    912.5501
     1064.0568    639.6191   2127.5339
     1436.2625   1839.1946     47.4373
     2072.3787    664.4828   1194.7643
     2012.8264    772.7684    817.0174
      317.1606   1253.2952    449.1404
      416.4737    592.6391    476.2351
     1970.3107    376.9195   1225.5883
     1883.3396    213.8094    692.6875
     1510.2612    364.2864   2078.6360
       34.0176     19.4986   1913.2021
     1615.6014    127.9029     95.9896
     2026.8413     18.6045   1971.9634
      846.4526   1136.7976    981.9437
     2111.9451    206.6122   1433.4680
     1210.4681   1072.3107     71.5096
      764.5764   1695.2175   1748.2231
     1629.2550   1893.2490    735.2676
     1841.2847   1595.3221    710.9947
      627.2910    454.9050   1265.5763
      393.0616   2241.1011    580.7148
     1161.0203    394.9325   2043.9362
     1741.3175    903.4844    363.3326
     1775.6836   1820.2856   1665.3661
      500.1822    129.0349   2214.6802
      533.5162   1260.4714   1149.0687
      866.1649    452.8159   1001.3939
      634.0009    731.6738   1093.8962
     1263.1714   1943.1215    339.4871
      808.4329    238.4607    744.6390
     1900.5802   2103.2637   1794.3959
     1951.8921   1816.5579   1977.9408
     1805.7195   1506.8789   1164.0879
     1706.3308   1836.2959   1284.2578
      634.0014   1094.3088   2145.5244
     1170.0488    829.9679   1230.8646
      557.7087   1909.3521   1870.5596
      506.3415   1020.0798   1230.1691
     1283.3503   1672.3635   1415.6191
      197.2828    605.1262    246.5376
     1598.7567    532.4299   1430.4237
      912.7916   1888.1345   1820.8151
     1638.9576   1290.9946   1736.7014
      528.4067   1043.5067    512.6895
     1099.9083    812.4783   1485.5211
      889.7586   1867.6461    175.5039
     1187.3451    935.0021   2119.4102
      182.2975   1133.7380   1862.8763
      550.2536   2122.3779   2119.1721
     2204.5723   1283.0414    273.5413
     1949.9828    199.8299   1689.2328
     1126.2494    687.2936    769.9536
     1584.0078    863.4529   1614.3059
     1740.2887   2207.3005   2183.5881
     1295.8127    641.4789     12.5158
     2095.3123    993.8887   1216.9639
      646.0005   1358.3743    155.5209
     1896.0449   1898.4576    665.5057
      475.3256   2043.7350   1289.6270
     1070.9827   1132.8149   1240.5461
     1443.3018   2130.4707   2251.5684
