        5.8904    197.7386   1620.8922
      798.2661   1240.4343    366.3915
      276.1164   1596.6211   1479.4423
     2212.0249    791.5123   1022.9897
     2183.7078    127.2993    216.3037
     1340.8176   1408.9429     29.5751
      768.1642    117.6057    563.5446
     1681.3779   1074.9985   2183.2642
     1802.2250   1156.6324    358.1423
     1556.5914    795.3550   1549.1553
     2174.5081   1833.5024    301.2130
      295.1169   1855.6244    741.5519
     1459.6429   1552.0436   2136.5908
      691.2630    534.2244   1923.2233
     1522.4807   1638.1456   1270.7273
       50.6735   1390.3612   1905.3934
      599.8193    997.6177   1804.9076
     1173.3387    415.5626    677.0296
      543.4819    700.6937    935.6074
     1997.4108   1939.1774    108.6948
     2130.2236   1223.2787   1092.3309
      725.7623   2247.3987   1125.8999
      697.4619    399.8111   2194.8547
      208.1404    831.4933    945.3488
      531.2430   2112.4014    984.3297
      990.8693   2206.0295    189.9167
     1556.1088   1821.0774   1807.7502
       23.6935     53.8761   1422.3926
     2013.3176   1367.8878   1482.4612
     1575.8602   2221.0737   1789.5627
      463.2720    382.1636    970.5640
      943.6609   1555.7861   2071.0676
      949.3466   1575.1180    331.5990
      906.9746   1193.3098   1140.2638
      527.4931    244.8754     93.4081
     1309.6699   1934.0226    134.9055
     1183.8855   1138.9247   2022.0795
     1930.8159   1275.0823   2165.3032
     1518.2823   1778.2689    252.0649
      446.7097   1548.2283    274.9694
      292.6128    398.5010     58.7733
      913.5063     25.3319   1562.4885
     2086.8000    727.2141    345.0167
      680.6799   2252.1738   1509.3105
      123.8050   1609.0192    673.8598
      892.7637   1187.5020    169.2366
     1490.2859   1926.2373   1291.4117
     2258.4744   1362.8549    346.4358
     2255.5022   1146.2549    556.3403
     1591.2391    436.8496    989.8408
     1044.7645   2254.9827    479.3412
      193.0400    657.7161   1443.4961
       55.8725   1191.9675   1309.7247
     1987.7672    565.9230    952.0457
      812.5937    617.5479     56.4952
     1956.7628    943.0828    203.1153
     2147.6113   1098.6532    300.4053
     1971.4246    233.7002    321.8860
      207.2357    933.5246    705.3115
      393.4608   1674.9950   1221.2750
      846.2375   1220.6163   1788.1788
     2010.2003   1629.5052    476.4464
     1763.3301   2112.7825    636.3988
     2068.0264   1195.4208   1339.5437
     1531.0277   1797.4218   1562.8856
     1163.4081   2228.0627   1427.9639
      948.5438   1858.3380   1688.9720
     1784.1182   2106.4817   2221.8818
     2011.5745    797.6473   1327.8221
     1182.9070    220.4667    889.7712
     1327.8800   2262.7004    935.8250
     2082.4255   2191.4658   1495.2722
     1913.8634   1361.3354   1740.2190
      174.4339   1732.8025   1312.9811
     1148.9342    182.3504   1570.0638
      980.7410   1622.9113   1517.8003
      482.8660   1887.5638   2157.8513
     1981.0559   1359.5966    355.9594
      846.6925   2130.4016    607.8021
      967.9273    778.7812   1249.5540
     1919.0033   1001.4490   1234.7893
     1818.1176    711.0028    225.6640
     2235.2561    187.1870   1207.9631
     1144.2621     89.8309     36.3567
     1745.7021   1326.3844    777.4601
     1039.4866   2000.1265   1415.8386
      444.0108   1862.5493   1626.0748
     1868.1497    283.6234     81.6481
     1762.1229   1397.5945    497.8633
      558.9764    226.8622    752.0884
     2184.9614   2114.1179    919.4941
      799.9948   1403.3372    787.7062
     1900.1857   2167.2434    909.9951
      513.4055    650.7623    305.9333
      349.7766   2083.0911    821.8051
     1982.0568    242.0882    940.7054
     1306.5776    479.0661   1647.0128
      385.8790   2168.8926    402.3163
      350.6504    159.7843    343.2754
     1632.4775   1563.8008   1756.8907
     1695.3962   1466.9745   1366.2830
     1597.9980    133.9888   1399.0461
      478.1991    788.8445   1654.6353
      143.6765   1916.2881    991.4260
     1281.8643   1353.7894    605.5754
     1487.9923    143.6132    274.6339
     1231.3905   1887.5933   1791.2042
     1058.4729   2018.5447    647.4933
      403.5594   1152.8549    604.2758
     1354.2577   1119.8975    821.1740
      526.9089    882.6702   1051.9781
     1234.4832    876.2402    893.2509
      501.5049     29.8833    597.7155
      429.1483   1598.0544   1670.0529
     1048.5194   1764.8599   1283.4807
     2088.4329    930.1985   1977.7485
      602.7919   1165.4386   1219.9779
     1745.4703    857.9498   1336.3776
     2155.6018    321.4503   1410.7201
      460.6779   1415.4230   1262.4193
     1789.9374    307.1062    566.3303
     1403.3958   1269.6631   2061.0374
      625.7180   2049.6406    747.6334
     2034.7927   1646.2861   1062.8635
     1853.3362     67.5841    504.2346
     1754.4185   1556.2162    832.7936
     1077.2087   1748.3348   2217.2556
     1911.8785    566.1381   2003.8788
      213.2088    161.5902   1176.5471
      125.4642    652.3461   2201.1599
     1976.4180   1903.9130   1021.1936
      149.0538   1296.3754   1082.1045
      139.5960   1035.4204   1038.9971
      621.5416    966.5142   1518.3933
     1635.9915   1378.1720   1054.0428
      686.8153   1890.5500    960.3754
     1612.6075    616.3000      3.6544
      151.1830   1198.6982   1717.8689
      545.8183     25.6033    238.0438
      464.2970   1976.6692    587.7097
        0.8227    960.1664   1236.3455
     1359.3599   1024.9729    298.3379
      625.8398   1967.4523   1473.6584
     1080.9318   1552.0944    711.8235
      244.7569   2212.7510   1276.6263
       24.1371   2004.5892    107.1044
      979.0889   1335.1797   1395.2449
     1765.8265   1712.4806   1401.6125
        8.2862    479.9160   2095.2095
      202.9544    845.7010   1664.4813
     1324.5293    318.1906   1101.5808
     2239.6433    652.6489   1707.7596
     2022.5721    745.9481    602.1243
     1092.4993   1977.9801   2092.8530
      243.1768   1358.1006   1436.0508
      917.1024    564.1500   1413.1859
      292.6560    617.3893    160.3585
     1191.8986    209.4356    464.3207
     1590.8079   1108.9591    433.2862
     1550.6401   1140.9810   1954.3890
      282.7540   2211.2812    140.1930
      286.5411    943.8447   1903.1470
     2225.7534    342.3717    988.3811
     1620.1230   1054.5702   1423.3480
     1746.4990   1483.1687   1598.0575
       27.4498    278.7306    730.0493
     1170.5835   1250.4111   1266.0624
      843.9016    785.8950    507.8632
     1554.8611    426.6741   1471.6924
      351.2921    483.1385   1461.8285
      219.1106   2178.5481   1035.1270
     1490.4777   2142.2837    150.5622
     1346.9580   1979.2062    870.0702
      112.9446    726.2814   1244.2888
     1679.1462     27.1507    953.0400
     2251.2996    999.4233    838.2982
      878.2407   1900.4854    745.2503
      560.7679    934.9996   2038.5353
     1831.1367    500.7558      1.3170
      230.9458   1269.3632    368.8367
     1385.1290    466.3509   1967.8187
      720.0728    899.0454    788.3549
     1651.4640   1283.2721   1764.2073
     1946.7982   1817.5658   1242.7747
      811.8062   1996.0363   1147.1808
      682.7694   1361.5577   1050.4084
      660.5283    389.6588    226.2672
      917.9062   1090.4491    565.6536
      421.9698    444.5992   1896.6658
     1217.3931   1348.6617   1890.0868
      569.5980   1810.2555    712.0726
     1040.7667    290.0623   1098.6976
      377.9296   1924.2567   1093.5732
       89.6941    449.5717   1580.3615
     1142.5867    433.0183   1929.5614
      829.6401   1656.1764   1802.4241
      560.0843   1516.2766      8.1894
      589.4023    526.5182   1139.2966
     2038.4843   1752.6813   1990.8370
      846.1638   1842.7172   1401.7957
      101.9539     18.6505    352.8196
     1784.5686     43.1559   1221.6719
     2189.5220    410.6896    330.6578
       15.5823   1447.5056   1324.7579
     1145.3718    658.1559   1499.3884
      998.5662    261.5676    607.0935
      987.7177   1047.7909   1915.1591
     2163.9319   1163.4658      3.3144
     1072.2301     58.1643   1789.4458
     1379.2037   1672.1311    826.0490
      427.9010   1435.8672    994.0335
     1107.4932   2254.6589   2071.7104
     1843.0790   1875.1140    730.6709
      291.2893   2090.8679   1559.6995
     1318.9642   1969.8982   1458.2222
     1935.5898   1020.6049   1494.5869
      513.8328   2106.9075   1694.1747
      258.7326     57.1596    742.0397
      242.8388    391.8622   1022.6895
       78.5635   1126.9707   1964.8154
     1306.1361   1644.1554   1614.6077
     1377.4335     18.2600    450.4263
     1685.7828    915.1791    326.0725
      437.4520   1939.1826    343.9752
      656.0499   1449.7054    413.9737
        7.9178   1387.0963   1564.5417
     1788.9858    297.1510   1333.6912
     2010.7949   2135.1450    678.7208
     1202.9349   2108.7776   1934.8035
     1227.8591   1993.6597   1157.7363
     1141.8518    350.4425   2201.8511
     1165.4197    462.4075    989.9047
     1608.7220   1334.0040    242.7946
     1308.2446   1272.9174   1516.2570
     1298.4207   1523.4940   1137.1442
      922.9399    510.2625   1110.8760
     1825.5261      9.4091    198.8946
     1088.5095    557.6243     72.9073
      684.1472     23.1797    850.6537
     1215.8749   1506.5439   1360.3044
     2235.1672   1706.2642   1190.6812
     1133.2111   1424.3800   1584.6508
      927.2481    931.0113   1034.3152
     1546.8470   1292.8782    617.1498
     1404.8793    687.2102   1405.8107
      920.0877   1978.9918    406.0234
      931.6263   1308.6284   2013.1821
     2225.2729   1590.3795   2090.3403
      820.8701    595.8191    310.3531
     2188.5479    589.1688   1433.8347
       20.4839   2230.8965    685.1609
     1837.2115    775.8107   2091.2422
     1098.4545     14.3423    746.9322
     1337.2513   1103.5083    534.1130
     1622.4526    292.6294    757.2813
      643.6804    693.8577   1471.7087
     1033.1940    814.1501     33.4889
     1354.1648   1286.4642    310.7805
       99.4997   2069.5813   2078.2078
     1058.5615    882.2436   1661.4730
      535.4482    569.2056     81.3822
      280.8000    924.8785   1238.9861
     1973.8214    785.7971    823.0166
     1554.2988    756.4386    234.8236
     1904.4742   2125.0095   1943.4615
     1910.1960   1854.4158    313.8311
     1315.7578     21.4676   1758.2773
     1182.4653   2038.3052    425.3027
     2191.3125   1530.3954    814.9705
     2013.9055   1476.5099   1975.9786
      838.0395   1385.7700   1573.8997
     2027.2277   1004.0948    680.3004
     1751.1040   1608.4806   2113.4033
      242.4035   1843.1379   2035.8374
      762.2514    150.9991    171.2930
      844.8155    254.6331   1518.9589
     1369.0903   1652.0283   1861.0640
     1962.4667   1532.1470   2190.3931
     1965.6045   1197.8486    152.9895
      871.5330    845.0011   1445.4956
      286.0979    160.7578      0.0618
     1060.4478   1785.0094    565.1929
     1136.0896   1818.3462   1554.9692
     1542.8259   2019.2357    623.3633
     2092.7659   1935.1418    811.3177
       20.0441    846.0298   1469.4153
     1230.3160    977.2682   1815.0051
     2211.4329    674.0085    103.0728
      214.8472    310.8090   2019.1903
      637.4155    698.4814   2144.0867
     1713.8831    460.7984    216.7056
      412.0388    677.7168   1303.1450
     1462.6586   1326.0635    863.6633
      714.1824    749.7908   1218.6823
     1122.5295    568.8594   1245.6028
     2225.2742   1760.3555    900.5272
     2242.1460   1893.6833   1675.8489
      995.3310     75.9752    998.6948
     1467.6318   1351.1400   1297.8597
     1523.0145    839.0530    804.7263
      926.7559    685.4197   1656.5568
      449.3019    733.7565   1924.9174
     1980.1326    742.8846     31.0446
     1733.8182     73.5198   2031.2271
      941.6156   1362.3501    582.5919
      672.1012    749.2516   1761.2203
      324.5676   1395.9331    126.0205
     1004.2114    760.2141    257.2678
     1577.2838   1585.6278    123.2391
     1961.6321   1420.9008    960.1855
     1098.7235    712.6590   1018.9178
     1905.8123   2115.1123    367.1412
      887.8121    975.3457    344.9966
       80.0418    456.7349   1250.1687
     1822.2097   1015.8453   1971.9475
      368.7266    327.6640    560.4131
     2033.6533    987.0127    996.6365
     1092.0228   1383.0988   2179.1167
      651.9381    142.1160   1337.1462
     1578.7479   1765.6709   2039.8940
      246.5852     68.1800   1595.6105
     1811.0833   1206.9891   1558.6725
     2199.5334    219.3947   1999.8701
      473.5764   1758.5234    934.0378
      812.8385   1587.4725   1334.2632
     2052.0979   1895.5143   1466.7174
     1553.1707   1556.1198    683.0195
     1265.0492   1453.2277    890.5197
     2133.1401    708.3275   2074.6602
      485.7756   2025.1687    142.6262
      897.1837   2171.1990   2159.5454
      777.5661    991.9543   1285.7268
     2004.4585   2037.8468   1684.5007
      533.3180   2090.2388   1228.7432
      210.5294    581.9538   1955.1512
      487.3024    483.4987   2121.0500
     1229.1221   1571.2296   2052.0732
     1419.7749    732.7949   2190.0244
     1596.3212    289.6042     41.2182
     1646.3036   1156.9579    910.2663
     1462.3373    196.1329    923.2502
     2081.5815    565.9284   1183.7676
     1317.4854    177.9925   1323.6697
      638.8730   1045.1592    272.1955
       22.7589   1842.3633   2110.3467
     1040.5048    352.8203   1371.9087
     1423.5457   1187.8319   1751.1497
     1131.5474   1508.6996    438.7729
     1386.0916    450.8094   2228.5989
      874.2088   2110.9639    912.5894
      198.6763   1945.2051   1791.0730
      473.5747     89.6572   1669.6626
      163.3921   1984.8584   1246.5956
     1009.7661    178.8467    291.7357
     1832.1816    802.8729   1551.1536
      933.3477   1421.3751    116.0984
     2225.9927   1437.0569    587.3591
     1181.3375    644.6894   1758.7100
      562.0295    299.4669   1520.2532
     1626.5966    587.7399   1999.9420
      119.0802    266.3982    271.5634
      959.6500   2032.5173   1883.8219
     1552.0228   1050.0751    687.8846
      390.8834    596.0166    512.2302
      362.3484   1571.9543    766.7189
     2198.1707   1275.0253    822.8520
     1039.6322   1774.8035   1968.2616
     1714.9572   1916.1519    474.9380
      165.5517    294.9758   1402.6266
       60.1506   2131.5933   1609.7478
       75.5292    127.1242    948.4993
     1837.5818    388.9945    828.7669
       59.7208   2237.5181     45.4165
      545.0623   1216.3613   1865.1952
      281.7637    309.4252    787.9042
      927.3854    411.5128   2108.4944
     1797.4076   1235.0022   1319.4963
      717.0709   1882.1273    504.0001
      389.9681   1900.4155   1364.2682
       75.3304   1735.4348     58.2596
     1983.7214   1661.6741    801.7052
      804.1725    634.4438    738.0296
      168.3926   1894.0845   1506.7889
      793.6814   1856.1206   1999.0731
     2030.2202    288.4120    614.7279
     2241.3032    770.6791    766.5464
      224.7213   1457.1929   1754.8655
     1761.2271   1283.1019   1991.9526
     1074.4539    654.9865    772.6907
      902.2821    641.6475   2070.0957
     1342.0211   1693.6375     53.3292
     1917.7689    534.7104   1366.3949
     1918.0443    744.6909   1091.9337
      203.1618    864.0317     81.5780
      663.7604    508.1416    510.8855
     1749.0524    257.4153   1071.3259
     2182.6194    545.2375    533.2795
     1484.4968    176.5463   1840.3673
      306.4410    342.3265   1672.8475
     2082.2314    224.8267     22.6266
     1764.8253    238.4093   1859.7009
      684.7660   1032.9586   1070.4772
     1861.4497     33.8867   1748.2499
     1756.4858    858.8944     41.2152
      536.5170   2256.6526   1976.5093
     1750.5704   1675.4808    609.4689
     1976.0159   1427.2280    662.9055
      443.5634     48.6014   1148.8264
      746.3945   2153.4587     82.1737
     1216.8195    623.2073   2112.0166
     1801.2439   1132.7726    597.9820
     1484.9835   1541.5818   1514.5212
      513.2953     11.1258   2245.1504
      219.7885   1485.3169   1179.1017
      766.8371    206.4088    997.7527
      310.8692   1186.1993   1203.8374
     1253.4116   2248.1909    231.4150
      559.9557    257.0542    469.0139
     1686.0916   2018.2937   2009.9761
     2199.5068   1577.3765   1780.9403
     1950.4155   1401.6298   1199.4240
     1753.3735   1799.4452    960.6721
      333.8393    959.1421   2142.8818
     1039.2368   1015.8719   1241.2859
      327.2100   2154.0837   2152.4221
      178.2632   1058.5115   1491.4061
      648.0320   1209.8687   1583.5107
      123.1946    627.3981    337.9545
     1730.9066    578.6910   1557.1147
      826.8700   2057.6553   1624.6985
     1404.4092   1440.2739   1742.7909
      195.8515   1340.0175    597.4102
     1253.9530    865.8810   1186.7529
      718.3943   1991.4882    264.4123
     1075.3445    737.9001   1941.6370
       18.0805    948.9501   1781.8420
      654.9230   2049.7610   2128.0142
     2195.2375   1758.3322    623.0376
     1815.9550    312.8183   1585.5416
     1126.6006    720.3802    514.4899
     1392.7454   1018.3824   1546.1406
     1455.1279   2255.7517   2033.9125
     1235.9775    303.4946    168.6404
     1650.0129    615.1292   1324.6320
      638.1689   1804.1240     53.1667
     2015.7357   1897.9135    542.7122
      207.0744   1740.1257   1703.5387
     1086.1724   1342.1718   1056.9689
     1330.5599   1822.0847   2107.8462
     1269.5408    531.3492    421.3868
     1254.7484    797.0194    101.4962
      395.3743   1113.0179    980.1825
     1493.8895   1812.2825   1058.0356
      781.8855    840.0142    150.7533
     1198.0439   1137.7031     11.7116
      586.2366   1433.0585   1479.9802
     1976.2189    995.6473   2204.0232
      368.2002   1046.2533    285.9003
     2198.2319   1085.9487   1561.2076
      377.8391   1132.5643     79.7946
     1007.8987   1886.8698   1020.5832
     1788.9325   2087.1582   1126.1368
      395.4460   1708.7831    521.3386
     1657.4010   1387.2341   2231.6108
     1079.1144    451.5510    303.8321
      800.1490   2138.1995   1344.2993
     2002.2919     91.2505   1949.8517
     2034.9038   1215.0299    535.7816
     1159.2623    922.3749   2117.2649
      392.5903   1065.9722   1691.2441
     1988.3905   1578.1987   1602.9707
     1325.6765    615.7476    660.3463
     1642.9017   2205.2480    350.3160
       68.2230    441.1176    118.4182
      448.5508   1480.6598   1902.5364
     1377.0839    676.5696    898.3372
      617.6588    344.7582   1768.8279
     1060.1003    422.1450   1613.8766
     2249.1028   2055.2944   1378.6722
      383.4882    386.7785    275.7507
      213.8717    126.8053    538.5729
     1320.8159   2134.8286    655.1483
      182.4418     67.9312   2044.6117
     1690.3302   1834.2217   1201.5640
      334.8001   1196.5364   1943.7274
     2244.2266   1477.4833   1057.0077
      840.7058   1686.9093    817.1993
      542.5842    903.5075   1288.8423
     2055.0720   2188.2593    117.5052
      755.3961   1123.4657   2012.1576
     2008.7363    590.6801   1637.9047
     1803.2808    492.1100   1791.5975
     1147.2407   1077.0375   1029.3599
      297.3249    627.2165   1716.0447
      625.2050    855.0212    407.9783
     1557.2456   1268.7412   1506.9120
      824.1003    318.2193    419.1317
     1071.7987   1207.3314    407.9142
     2181.9556    910.9316     57.2446
      198.9406   1175.3119   2204.8604
      171.7067    669.7520    580.8596
      764.0254    371.4192    712.8887
     1021.9910   1542.1377   1197.8040
       27.9590    847.2413    327.8794
     1297.0195    844.9829    662.3838
      419.8904   1132.0411   1432.7913
      731.0425    109.2005   2162.0649
      365.7934    710.2538   2140.5874
      930.5223    181.3693   2243.4961
       65.9381    228.5139   2256.4883
     1423.8379    314.7213    562.6951
      173.5193    985.6301    462.3230
      709.9449   1393.4529   1977.6774
     1811.4950   1593.2186   1132.2301
     1836.7010   1839.5221   2183.4993
     1744.8846    376.0005   2116.7034
      507.1747    490.1819    737.6959
     1748.2687   2051.0322   1718.0184
     1100.0193   1304.1611    836.3671
      118.8762    113.6395   1814.8378
     1524.2914   2068.7434   2175.1543
      760.9401   1317.0287   2211.6384
     1086.1145   2015.9448     75.6203
      458.1021   2240.5776   1434.9884
     2030.1035    108.4394   1304.0747
      826.7737   2238.6528    339.1470
      401.9540   1647.8901   2107.1560
     1308.9757    457.5184   1385.2111
     1837.8832   1441.0848    176.0002
     2141.9407      2.8827   2118.7925
      848.6067   1128.7064   1480.6670
     1450.9845   2239.7976   1545.3881
     1991.0323    321.3823   2051.1936
      522.9106   1245.2211   2138.9568
     1501.1434    882.1553    505.4455
     1992.7313    361.2893   1180.3273
     1247.0322    276.7552   1795.7700
      164.6697   1426.7081    872.1661
     1494.0017    849.7621   1281.6549
     1406.7067    252.2961   1551.1383
      837.9818    882.4084   2150.0784
     1427.2241   2018.2628   1678.2970
      969.0443    886.7924    739.9500
     1553.4528    405.8409   1732.6327
      803.3423    721.9247    975.7233
      810.0699   1606.9948   2258.3833
     1707.3932   1971.2997    196.6425
     2079.2537     57.7533   1051.7040
      260.6682   1943.2909     45.5254
     1472.2577   1987.7345    391.4579
     1197.9093     44.2395   1134.5094
      910.0928   1158.2936    873.1141
      968.2664   1090.0803   2226.7222
     1482.5045   1195.9218     39.3173
      839.0822    981.5811   1680.3667
     1482.1727   1479.1517    453.1277
      100.9735    517.9942    774.5173
     1930.2068    459.3004    431.6693
     1068.4891   1625.8273    957.2079
      191.0647   1186.0570    818.6001
      491.3113   1214.7108    367.3916
      627.9927   1141.1643    841.3503
     2189.5205   2099.3926    313.8474
      839.1523   1916.7010   2229.1338
      637.1335   1614.4167   1143.3074
      371.1112    881.8216   1456.7253
     1584.0804     96.7206    586.1705
      293.2703    689.0968    782.9216
      749.6095    279.0860   1956.8950
      443.6305   1997.0294   1949.4714
     2117.6045    469.1486    778.3790
     1265.0492   1773.5320   1039.7606
     1335.5265    757.4844   1924.2617
      901.4143     20.5821   1943.9110
     2201.1060   1327.0305   2121.7153
      979.7870   1439.2877   1794.4243
      935.0457    154.3187   1301.1548
      343.8542   1393.8009   2124.8293
     1534.4697    342.8361   1219.6567
     1735.0779    679.7251    450.1508
     2023.3209   2111.5413   1244.7013
      499.1844    884.3559     79.3780
     2017.9053   1602.0375   1359.3419
      138.8953    409.1203    503.1441
      913.6312    512.1281   1851.8453
     2004.7961   1626.5741    211.4940
      510.7369    548.6071   1647.9991
     1384.3544    992.7255   2143.1943
      669.9816   1494.1052   1750.3660
     2251.8567   1782.8170   1886.2183
     2021.8826   1785.2047   1745.1696
     1568.6361   1829.8206    750.9535
     1507.8423    923.6553   1863.1595
     1111.8339   1641.8900   1803.4462
     1178.3719    876.0527   1416.1405
     1025.6390   2108.2634   1175.2042
      654.2758   1078.3318     34.6647
     1488.7981     83.7608   1154.1311
     1697.8861   1021.6695   1691.4131
     1514.2250   2209.2390    777.5902
     2126.5452      0.3661    512.6856
      235.8041   2102.5522    559.6560
     1860.6283    574.4395    639.8013
     1742.8011    660.3947    892.7184
     2075.1296   2013.5186   2161.4749
      654.9641   1860.6511   1777.7076
     1124.4615    968.6788    477.9539
     1149.1368   2072.2820   1645.3091
     2139.5037   2011.0691   1923.3394
       54.9546    564.6617   1002.7697
     1788.8947   1790.6919   1612.8369
     1124.7013   1102.1506   1499.2747
     1576.2423   1416.3556   1965.6614
      609.1501   1751.3099    318.8351
      166.7881   1543.4324   2205.2222
       66.4341    932.6463   2132.0110
     1469.6625   2095.6501   1038.8289
     2244.5208   2006.2291    542.6368
      224.2995   1786.8384    263.7466
      396.1069    192.1747   1871.5573
       52.3938   2144.6912   1846.3911
     1948.0515   1036.2084   1751.1714
     2218.3398    874.0845    543.3806
      875.5875    126.4517    794.4538
      312.2767    620.8788   1051.2959
     2069.3716   1757.5905   2246.7114
     1585.5840    835.8094   2073.4521
     1737.0751    934.6238   1068.7401
     1552.1411   1125.4235   1182.1233
     2124.1294   1431.6202    119.0668
     1515.9038    243.3124   2076.4028
     1499.5712    649.6323    497.1664
      817.1780   1633.3641    581.5798
      627.1005   1842.3141   1231.3551
     1645.2560    119.8051   1622.5837
      782.8094    494.1726   1609.4701
     1829.0874   2248.8027   1455.2236
     1615.6567    456.1910    487.6916
        3.5105   1672.7250   1526.5518
      461.5533    936.7305    794.1429
     1558.2731   1853.7917     21.8431
     1510.3716   1571.6102   1010.8268
      353.6460   1688.6808     98.2006
      611.7838   1342.2626    169.4857
     1541.1392    959.7021    105.6273
      370.2318    406.5409   1222.2885
     1116.9651   1180.6500   1715.7598
      125.9355   1534.9314    197.8584
      407.5490   1317.0746   1658.1538
      791.4277    849.9762   1927.8511
     2139.0874    547.3267   1884.9323
     1439.7264   2002.9054   1940.8055
      774.8005    377.8319   1287.9784
     1331.0938    819.2841   1644.9567
     1996.1575    501.4293    204.6389
      465.2945   1749.6147   1901.3827
      844.0735   1713.8657   1105.5070
      199.6184   1675.8955    969.3542
     1986.9521    770.0879   1845.6462
       92.3974   2012.3915    760.4937
     1368.5828    437.2572    825.5302
     2018.2255    171.5520   1573.3561
     2192.1431   1929.6202   1177.1951
      390.7556    208.4084   1375.4093
     1338.4734    606.9326    166.5220
      647.4556   1240.7229    604.8972
      736.3409     82.6543   1784.2195
       49.5355    367.0138   1827.9236
      607.5338    744.3276    619.3202
     2144.5603   1286.9807   1733.2029
      726.7562    466.9279    929.0571
     1287.1097   1751.7949   1316.7058
     1739.5100    774.7532   1830.3909
      293.0752    807.8228    341.5228
      675.8042   1640.2216   2032.6198
     1322.2057   1255.7463   1067.6925
     2238.9871   1605.3649    393.3570
     1446.6260    958.9127   1018.2587
     1353.4799   1535.7933    241.0124
     1812.9679    995.4618    826.6364
     1293.6949    179.5567   2036.6056
     1955.7673   1223.0592    824.3688
     1380.6161    625.1653   1137.7363
       88.1109   1294.1160    114.1957
      692.4814   2075.0891   1861.1359
     1744.9176    874.2960    618.4252
     1658.4916   2005.9789    891.4946
     1126.5780   1020.9020    215.3134
      867.9044   1466.1567   1009.7534
      546.4460   1669.1415   1400.0625
     1601.4880    731.6851   1066.8057
      103.4373    806.8251   1931.8510
      129.4850   1086.0979    232.3768
     1865.6544   1181.2694   1076.7202
     1350.4305   1074.2468   1289.9121
     1599.6974   2036.4540   1499.8022
     2072.4875    837.5729   1610.9055
      689.2914   1005.7023    564.5070
     1854.5793   1602.4902   1826.3325
     1096.6555   1774.7148    302.2191
      878.7031    417.5372    146.9608
     1132.4155   2101.3435    924.6858
     1137.1146   1560.7418    145.2461
     1521.5454    654.6971   1744.4916
      937.0665    258.6184   1764.7324
      295.8407   2185.4453   1850.3987
     1894.9340     65.9558   2189.1162
      918.6635   1831.5020    176.9160
     1807.4337   1714.9351    110.1892
     1728.1583   1132.6959    121.3196
     1161.6116   1298.8606    184.9201
      418.4023   1439.5205    527.9041
     1833.2343   2005.8285   1431.3121
     1722.2012   1648.4055    349.0276
     1450.2579    408.7611    294.6114
      193.9302   1625.9431   1955.1846
      428.9004   1325.3391    787.2943
     1846.9166    100.7730    748.9055
     1137.4795   1785.3459    817.3671
     1298.2394   1802.6724    397.0967
     2044.6093   1183.8446   1906.6228
      637.1795   2132.8167    471.8048
     1050.5016    217.7391   2020.5719
     1702.8972    246.9798    350.0195
     1635.6917     42.7793     41.7285
      729.6024   1583.9103    225.9656
     1584.7017    568.5325    753.9572
      490.7940    239.0356   2072.6565
      590.6932   1556.1003    649.5856
     2100.4734     13.5710   1747.2968
      619.8444   1561.1061    898.7180
      157.6326   1820.0995    520.7293
     1319.0396    140.4700    697.7278
     1276.6625   2160.9597   2204.5872
     1316.0334   1877.7528    623.4048
     2209.5342    224.1866    492.6056
      573.1689    269.8195   1132.8059
     1793.5579    509.6869   1116.7174
      569.4077    488.8195   1350.2174
     1894.0253    941.0900    423.4440
      415.8259    883.7314    547.9466
     1377.8580    152.6069     16.4839
      947.9637    516.2081    535.0047
      951.2726    388.8715    856.9823
     2065.3313    496.1391   2230.7175
      715.4442   1679.6293   1583.2902
     1602.5670   2157.8765   1287.5289
     1530.7427   1772.2703    500.3011
     1296.8184    800.9789    356.4747
      227.3371   1587.7491    402.9268
     1149.9025   1091.0990    734.7781
     1353.8981   2162.6553   1318.7173
        2.6546   2214.7766   1159.9268
     1287.0334   1612.6670    573.5001
      403.0383     91.9442    908.4012
     2134.5173    107.8180    777.8740
     2040.6487    306.7661   1772.3301
     1820.3323   1866.8635   1878.6479
      740.4675   1336.5973   1279.0853
      177.8423   2022.9431    324.8774
