       75.4362    197.8594   1630.8586
      775.7142   1126.9189    354.0295
      216.2115   1637.3430   1451.7816
     2222.8213    886.4284   1073.4080
     2141.8242    118.8200     93.2398
     1477.9346   1482.9539     19.7353
      747.6506    205.3538    573.2530
     1640.7838   1093.3486   2095.2659
     1861.4290   1262.1971    346.7833
     1713.0637    795.9907   1619.8163
     2149.2659   1727.2278    261.2534
      365.7103   1882.8156    751.2556
     1497.2083   1734.9993   2250.1699
      643.5335    503.7669   1903.8239
     1298.9843   1402.6672   1200.0571
      111.3718   1339.1539   1985.2036
      550.0817    873.4225   1799.7521
     1248.2697    397.8426    723.2278
      591.9053    600.8597    928.1153
     2013.4576   1928.5869     88.5264
     2122.7537   1189.7146   1017.3268
      867.4528   2204.7336   1099.3828
      738.5869    437.6281   2254.1003
      178.2757    784.0464    960.2060
      650.7941   2075.7131   1081.1700
      949.0236   2086.4006    211.2096
     1622.0437   1883.2635   1796.9907
        8.3103    119.5160   1402.0607
     2117.8904   1311.2635   1311.5319
     1612.7834   2192.8916   1819.2684
      437.7430    337.8959    957.4863
     1073.4891   1559.5852   2102.1484
     1049.2595   1523.8550    471.7499
      828.3050   1147.7211   1093.1250
      580.6937    284.2731     86.5917
     1397.4890   1889.5177    185.6208
     1181.3284   1217.4730   2080.8176
     1907.7058   1261.3925   2172.0466
     1636.0363   1878.4098    331.6787
      480.7040   1501.5546    246.3179
      363.5833    450.9220     37.0095
      979.4536     48.6658   1539.6180
     2137.6013    564.7264    416.4810
      681.7300   2223.8030   1545.0427
      123.0282   1863.3015    656.4244
      940.8839   1107.0415    168.5940
     1526.9166   2016.8483   1202.3809
     2192.3628   1307.2222    338.6362
     2251.7861   1177.6683    589.7720
     1522.0255    622.5864   1053.6998
     1030.2648   2261.4016    386.0978
      189.9306    686.3304   1456.6902
       53.1969   1275.3217   1241.7802
     2004.7546    527.9711    921.8677
      984.1857    579.6423      5.1662
     1948.8284   1059.5900    252.7653
     2227.4001   1047.6753    339.4676
     2032.8525    101.0264    326.6688
      184.6223   1138.9639    754.8545
      401.9259   1655.9641   1241.9717
      762.2295   1362.8793   1805.3380
     1966.0394   1724.3700    465.6612
     1730.1521   2130.4141    726.2014
     2137.7864   1079.4482   1255.8722
     1525.5530   1784.5447   1588.8684
     1267.2678   2242.1045   1451.3473
      987.2476   1887.0286   1791.7087
     1807.0754   2058.8184   2192.0461
     2085.0640    820.2875   1316.2771
     1215.4265    195.6811    926.3348
     1243.4531   2201.6433    864.7055
     2072.7275   2233.9778   1292.4503
     2026.4012   1169.8694   1752.5702
      246.0469   1826.6475   1263.1190
     1211.4524    251.8469   1588.9675
     1038.8519   1682.6038   1620.7992
      675.6155   1836.8173   2221.9827
     1975.9432   1456.2173    325.8427
      877.3875   2241.6150    640.9680
      921.1252    878.2673   1172.6852
     1809.6124    914.7538   1349.6553
     1837.1156    811.2554    185.4707
     2244.3296    352.9023   1266.0222
     1144.2285     43.2776     75.8417
     1728.4327   1345.2710    763.4849
     1028.0413   2172.5608   1341.7538
      524.5223   1898.4523   1686.4351
     1651.7773    315.1556     35.0621
     1735.0021   1387.8999    533.4581
      534.3091    240.7147    733.8469
     2257.8765   2133.6729    944.5252
      713.4156   1449.6335    773.2827
     1970.5569   2094.3740    792.9689
      440.7208    501.6907    412.4170
      465.2254   2061.8699    891.4136
     1848.6127     41.9751    861.7325
     1375.5669    494.4353   1645.4122
      484.1355   2175.1675    316.9572
      397.8602    131.2176    282.6214
     1630.7654   1586.5564   1777.6221
     1845.8835   1446.2795   1363.0193
     1653.2827    152.4639   1323.2544
      376.6610    794.9618   1589.1296
      215.1561   1896.6083    939.4059
     1137.7771   1336.4054    649.2470
     1538.5273      4.3724    303.6194
     1272.9249   1861.3752   1708.6206
     1087.7848   2047.4250    545.0063
      394.4607   1136.2732    579.1550
     1267.6243   1114.8638    843.8333
      518.1202    823.7791   1029.2942
     1313.7411    870.1716    922.3018
      538.6971      5.7957    534.3187
      449.6849   1613.3268   1603.7578
     1058.5404   1720.2063   1268.0210
     2120.9893    997.3873   2186.2559
      552.3643   1071.8774   1073.9082
     1916.6025    711.0835   1488.5237
     2150.5190    359.5442   1501.0673
      602.2416   1250.7760   1227.2861
     1806.9783    426.3041    708.8494
     1434.6023   1281.0486   2149.9016
      658.1501   2064.1541    650.9509
     2109.3137   1683.7703   1143.3505
     1806.9111     51.3868    537.0056
     1849.6194   1607.1335    848.1232
     1117.8955   1757.1487   2224.4387
     1864.4850    621.0786   2205.2371
      212.2357    153.8083   1273.7919
      118.6335    801.0753   2231.4326
     1921.5079   1869.7605   1014.5755
      232.4033   1467.8556   1070.4399
      133.8568   1162.6600    997.9115
      652.7433   1085.3777   1740.6885
     1758.5377   1270.0382   1109.0721
      651.2100   1897.2372    883.0458
     1551.4406    837.9075     66.1766
      242.4698   1195.9517   1718.8438
      641.0469     33.8943    142.9080
      387.4756   2062.8088    602.4929
      124.5652   1022.2874   1203.2994
     1333.1372   1051.5780    344.0970
      693.5731   1965.4452   1516.2941
      908.1981   1451.7313    659.0118
      235.2117   2093.9705   1340.8131
       14.3893   1934.3447    150.6515
      993.6060   1428.9052   1634.3571
     1720.9961   1681.5436   1399.7986
       38.1924    483.3543   2059.1365
      129.4835    702.2152   1778.2305
     1348.7854    360.0797   1165.5428
     2203.5959    777.4210   1583.1906
     1975.8815    838.5342    628.3782
     1037.6958   1987.0900   2056.6267
      316.3134   1356.4030   1537.5195
      835.7579    557.3394   1320.2797
      278.1312    662.8518    183.0674
     1127.7699    298.8467    523.5290
     1606.4946   1175.5430    355.7636
     1551.0951   1301.2888   1936.0393
      294.1494   2181.3457    105.6849
      281.9146    884.8562   1856.9355
     2194.8865    323.7770    948.5494
     1742.2527   1105.0958   1524.0339
     1862.2671   1585.3915   1583.6478
       34.6112    106.1922    674.8012
     1261.5446   1192.7123   1370.7679
      985.5115    973.0017    506.8575
     1457.8784    412.3078   1410.3578
      393.1566    517.4159   1452.5068
      232.6335   2147.6350    993.7416
     1342.8044   2169.3140    200.4298
     1204.9830   1965.2275    885.7300
      120.0562    755.7847   1209.9243
     1648.4979     41.9537   1060.7284
     2261.7505    974.1616    855.2797
      910.0457   1888.9586    941.3844
      607.8456    819.1879   2146.7532
     1623.7262    596.6349     38.2234
      210.8271   1212.2843    352.2497
     1496.6425    455.4906   1929.8138
      614.5677    812.4703    790.4967
     1682.1078   1303.1049   1681.7783
     1936.4626   1761.7699   1318.9458
      908.4887   1940.1660   1203.1418
      606.0696   1296.0460    959.7635
      728.3931    398.6357    277.6147
      887.9443   1209.5547    560.6810
      434.6927    376.2340   1897.9460
     1306.6744   1418.1057   1967.6741
      608.4824   1819.3845    610.8653
      945.2929    211.3548   1039.1429
      405.9335   2025.3289   1136.5367
       51.7322    516.1766   1647.5162
     1269.9473    432.2546   2039.9108
      870.7253   1575.1589   1832.6929
      608.7177   1589.8666     58.7164
      523.1768    527.2621   1152.6090
     2048.2463   1615.4088   1939.2655
      874.8784   1801.7291   1433.8024
      143.3293    107.1493    200.4093
     1868.1820    119.1039   1112.9559
     2061.1770    413.2549    241.2410
       53.3420   1546.3082   1276.9467
     1191.4323    689.6365   1490.7822
     1027.4999    211.3254    758.3611
      903.9807   1168.7903   1805.1210
     2089.5872   1177.4167     86.1795
     1100.5623     53.7597   1781.1226
     1319.3848   1703.8217    780.8156
      453.2220   1483.4701    984.9266
     1124.2378   2252.7290   2017.4126
     1773.1384   1907.4796    836.6074
      221.3972   2033.9261   1689.1155
     1378.7155   1998.5713   1409.0184
     1968.2008   1337.7205   1535.7667
      430.7614   2158.9912   1759.4509
      296.3847     56.6054    695.0010
      213.7922    293.4749   1090.4159
      161.4776   1097.3409   1942.3390
     1312.3582   1582.9882   1619.0305
     1379.1445    201.4524    413.8704
     1683.2161    993.5568    235.2986
      283.7270   1964.3527    382.5874
      723.0919   1437.4462    475.1270
       31.5202   1417.9467   1496.7181
     1778.1974    362.3325   1313.0007
     2052.7363   2226.7683    585.2380
     1256.8540   2046.8359   1911.2891
     1238.9644   1970.1151   1211.1987
     1277.8461    182.4217   2100.9541
     1096.6758    450.9784    956.2576
     1661.6284   1429.8695    258.2736
     1402.3939   1460.2611   1400.7388
     1392.5432   1526.2831    981.3015
      859.0871    419.1684   1138.2699
     1755.1438    126.4919    254.9821
     1192.8583    426.0497     31.2981
      537.1420      5.7427    794.5502
     1171.2646   1539.9412   1377.4717
     2260.1389   1817.2908   1303.8076
     1254.7913   1347.4113   1622.8549
     1048.5526   1024.2294    974.5297
     1521.3907   1267.8269    608.3223
     1583.4696    600.2913   1507.5596
      827.5665   1994.9187    426.3983
      898.3058   1373.1953   2014.6202
     2215.6179   1536.4393   2152.4819
      702.8934    658.0831    378.7040
     2193.0483    583.0551   1408.1709
       75.9327   2080.9094    523.8220
     1709.4000    822.4058   2136.7751
     1151.7770     55.6690    636.8170
     1290.7072   1098.7585    605.0740
     1535.7015    526.9101    811.2976
      630.7162    880.5936   1535.9648
     1007.9163    840.9165     29.6844
     1326.7019   1285.6442    450.4324
      153.1497   2047.9221   2146.0996
     1082.4467    886.9540   1555.9749
      557.6462    546.4729    172.4605
      336.2938    917.1180   1145.9382
     1992.4949    883.3561    932.4634
     1397.5963    770.0316    328.1042
     1921.4736   2191.4741   1941.6458
     1897.0900   1913.3840    304.5155
     1354.4073      9.0797   1703.8147
     1160.3008   2008.8199    329.1367
     2224.6694   1681.5298    858.2501
     2043.9170   1353.5793   1973.5465
      723.1382   1539.4594   1595.2892
     1980.4130   1086.7911    759.4216
     1795.8778   1582.2931   2024.8793
      428.3305   1798.8768   2140.3850
      870.9943    118.7180    186.8818
      906.9999    330.3774   1378.3699
     1400.4268   1703.6425   1881.2723
     1995.5034   1566.5916   2194.9700
     2017.1207   1095.0061    499.4864
      884.9415    786.2416   1408.7161
      342.5965    199.9169     54.9561
     1011.5126   1774.3734    426.9485
     1096.6932   1930.4969   1438.5269
     1496.8108   1990.1688    858.9099
     2179.5190   2016.8809    708.3720
       17.4009    928.9529   1419.1892
     1338.9658    878.7227   1804.0336
     2261.2080    650.2709    196.2704
      286.5948    346.5620   2076.4133
      826.3909    583.3701   2055.5383
     1624.2175    689.6265    285.1025
      420.3566    711.2205   1254.9810
     1520.5955   1286.7897    902.5851
      713.5864    772.6333   1191.4332
     1065.1012    627.7164   1272.0084
     2170.3142   1902.9636    964.3655
     2242.0227   1933.2593   1693.9933
     1001.3988      5.8056    891.7977
     1545.3658   1518.3375   1235.8958
     1577.6251    790.8625    850.9301
      930.0162    694.5049   1650.5194
      455.1974    718.6702   1930.1161
     2021.0796    639.7654    184.1363
     1738.6024     98.4708   1979.4332
      994.4113   1279.5798    894.8002
      603.8010    630.9435   1653.2225
      335.4783   1234.5931    127.2743
      923.6783    599.7714    308.5151
     1687.6132   1618.2034     18.6255
     2073.4106   1500.7015    873.1062
     1058.0253    747.3963    989.2800
     1923.8645   2150.4338    391.8494
      866.5620    848.3425    259.6273
      201.0676    512.7587   1222.6429
     1930.2262   1049.9059   1998.5931
      462.9803    270.2179    517.1130
     1918.6964   1048.4246   1109.7896
     1226.0045   1399.0750   2238.4282
      545.3324     60.3002   1339.8539
     1650.7654   1776.6962   2061.7178
      242.1124     43.7233   1533.1375
     1654.7196   1307.9678   1353.6442
     2151.7268    287.6124   2126.9260
      418.6014   1762.8755   1020.4384
      877.3477   1564.1261   1411.0161
     2079.5601   1854.0515   1493.2070
     1579.3223   1531.5099    712.9473
     1347.2935   1407.6097    713.2961
     2118.6853    747.7634   2158.5244
      489.5939   2020.2830     54.7935
      931.0109   2199.9341   2247.4084
      793.3063   1024.9980   1344.3420
     2040.5469   2066.3130   1707.5415
      549.7061   2046.9362   1329.8453
      195.0928    667.0107   2011.4659
      570.9255    558.7860   2123.6687
     1317.7313   1622.8010   2105.2261
     1469.8721    722.9325   2107.8218
     1526.8867    423.1535    243.4383
     1553.2710   1039.4742    987.9890
     1499.0121    270.0916    900.6048
     2179.7546    576.8224   1169.4977
     1380.0248    175.1879   1345.3917
      623.2811    908.8472    299.0326
      138.8812   1788.3705   2173.9619
     1095.2147    356.8551   1186.3984
     1390.0316   1133.2845   1856.9489
     1284.1583   1464.4611    277.6100
     1439.8373    435.4237   2194.0076
      799.3334   2123.5942    880.9047
      279.3887   1924.8224   1952.2544
      511.8832    109.0568   1674.0529
      103.4797   1994.9707   1150.6588
     1145.1237    197.7084    272.7165
     1939.9550    886.1589   1748.2628
      968.9192   1349.8442     22.3433
     2211.4507   1453.3977    669.8536
     1139.8230    752.0374   1758.0508
      725.2455    187.2679   1508.0762
     1714.7878    577.1300   2026.5325
       56.2105    355.5150    194.2643
      959.5532   2107.5525   1871.6183
     1531.3853   1068.7921    733.9116
      270.0272    624.0334    557.4965
      458.7006   1645.1796    780.5450
     2157.5940   1254.8099    790.5438
     1184.1263   1785.9952   1943.5879
     1595.1001   1950.0038    600.5216
      173.4877    409.5059   1452.8990
       35.1989   2186.6333   1608.6102
       78.7121    110.6099    960.0314
     1964.7240    249.0169    893.6265
       48.3825   2202.8748     17.0767
      600.3656   1274.4474   1976.4767
      219.7516    268.8726    793.0464
     1051.9457    429.6060   2078.7676
     1892.0325   1217.6532   1316.7260
      841.0146   1901.0916    673.7224
      432.4160   1829.4989   1428.7573
      110.1907   1637.0177    151.7064
     2009.7637   1796.7147    762.0873
      789.4980    639.7897    680.8560
      139.7531   1913.1459   1467.7303
      912.5259   1770.1190   2022.8722
     2015.2993    226.8685    654.3666
     2162.6155    714.1924    870.3772
      192.0248   1536.1862   1687.7994
     1795.2900   1255.9362   1953.4061
     1027.1373    623.9430    765.1024
     1014.6752    721.6412   1976.3562
     1277.2021   1660.7374    112.9196
     1981.6152    534.7562   1309.4370
     1961.2766    700.3751   1137.0059
      149.7207    945.2352    174.5280
      699.2775    454.0285    494.3838
     1710.0942    339.6278    949.6609
     2249.0217    660.3141    638.7039
     1581.4277    213.7568   1799.5977
      313.7556    260.7700   1701.9274
     1897.3616    256.6622     98.4750
     1754.1481    335.7698   1938.2505
      773.3181    941.7652    963.3620
     1870.5970     65.8723   1726.2455
     1438.9414   1103.5704     90.2184
      645.9834   2224.7869   1955.6998
     1767.1908   1709.3423    624.5952
     1985.7266   1543.6862    624.0140
      377.9396      6.0102   1211.8781
      700.4832   2065.0322    198.7765
     1204.2665    658.2330   2153.3354
     1792.1989   1147.0370    586.5072
     1577.8544   1520.8096   1559.4839
      528.2411     66.7013   2220.4014
      295.8766   1403.3845   1287.5686
      587.2904     76.1364   1078.0074
      344.7032   1197.9264   1218.3230
     1276.5818   2237.4104    459.0858
      614.4456    212.1449    344.2403
     1771.8049   1996.6885   1978.1272
     2262.6477   1538.8763   1873.4814
     1968.5433   1439.7366   1117.5170
     1663.2218   1830.7834   1060.4260
      384.6765    920.7987   2117.3018
     1029.4152   1315.7197   1385.9906
      429.7479   2127.2847   2064.9668
      208.6422   1156.6650   1454.4631
      775.7443   1240.7557   1520.1307
      144.0544    506.2635    378.0962
     1821.1356    481.7654   1516.5546
      918.4868   2060.6023   1591.6748
     1425.6381   1425.5813   1759.3074
      145.3893   1348.1180    566.0006
     1193.9718    877.7693   1168.1346
      774.8535   1831.9203    228.5015
      880.8466    945.7275   1841.5127
      132.0150    947.5165   1661.3304
      704.2350   2109.9509   2208.3486
     2187.5933   1739.9105    604.3443
     1962.2811    307.7462   1670.1890
      984.7719    728.5685    521.8121
     1293.6996    870.5521   1376.7089
     1375.2467   2243.3098   1934.0005
     1361.3907    245.6609    168.7467
     1695.3464    664.5941   1273.9880
      514.3989   1808.5741    166.5243
     1887.6660   1966.1394    591.9382
      268.0996   1784.7783   1655.3433
     1248.9379   1295.6111    981.2934
     1330.8541   1889.8182   2138.2197
     1222.6000    579.0352    516.1705
     1149.4688    669.5780    236.9621
      371.9629   1235.4248    941.1522
     1386.9414   1806.0667   1020.3638
      764.2657    665.8881     82.0228
     1142.0273   1057.5231     23.5090
      566.1378   1474.8890   1398.4581
     1892.3756    969.6185   2254.5320
      387.6004   1035.8416    323.4421
     2255.6357   1162.8209   1522.1039
      399.4611    984.8690     89.1048
     1083.3909   1743.9705    934.8576
     1781.2354   1941.4427   1240.8241
      377.8228   1740.0471    519.9058
     1688.1632   1397.4849   2174.7773
     1167.4204    458.3538    310.0749
      799.3489   2135.5281   1345.8136
     1969.5037    203.2080   1928.0568
     1997.1157   1312.2079    627.5364
     1154.9575    936.6174   2024.9056
      413.4915   1035.3894   1609.4819
     2106.8557   1488.7906   1680.3070
     1257.3658    646.0633    788.6035
     1670.9686   2114.7441    432.8341
      141.2582    542.9271     27.5385
      357.6730   1419.8164   1881.6658
     1242.5602    633.2247   1079.0879
      708.6302    248.8201   1779.0795
     1060.8557    481.3072   1573.6261
     2244.5662   2094.9395   1390.0216
      297.8938    351.0681    263.6911
      210.1527    200.0938    469.3573
     1353.5898   2116.3271    676.7701
      244.3122     30.3784   2094.4675
     1511.3494   1779.4388   1281.3947
      399.2312   1110.6913   1906.6973
     2209.7686   1462.0428   1072.2155
      873.6252   1674.2773    800.0662
      566.1362    945.6819   1303.4830
     1981.3466   2172.5710     78.3278
      704.7266   1045.4960   1973.2136
     2040.3230    599.6887   1647.0634
     1834.1617    589.0371   1772.8403
     1085.4528   1181.9215   1173.2865
      342.9720    548.3099   1703.3885
      726.5301    866.4915    530.0655
     1452.0823   1240.8160   1580.9038
      910.9863    262.1859    389.1236
      947.4822   1335.3339    330.0504
     2120.9778    882.1486    141.3713
      340.9522   1260.8057   2100.7249
      158.1564    837.8849    694.4440
      657.2502    409.6728    777.6093
     1039.5002   1459.6411   1153.1730
      119.2801    770.6953    391.2314
     1394.9052    853.4188    663.3532
      521.0355   1164.4142   1462.0938
      742.3561    148.8643   2195.3887
      338.9289    688.4125   2194.9197
     1000.3698    212.4908   2211.1365
      114.5182    212.8492   2215.8552
     1518.4315    393.2714    637.9581
      181.0067    994.5845    491.0540
      695.6133   1501.8053   2097.5525
     1818.1688   1629.3473   1127.5693
     1915.4821   1795.7124   2156.5745
     1874.8920    336.3067   2136.4758
      401.7654    438.5170    707.8039
     1769.3250   2058.8069   1690.4750
     1030.9954   1120.4735    743.7156
      120.4737    218.6943   1931.0836
     1613.7767   2167.5417   2074.3391
      764.0060   1251.8660   2207.0142
     1185.3224   2002.0354     53.0417
      439.4679   2144.1353   1541.8899
     1978.0740    191.1323   1374.9214
      776.4647   2258.1636    420.3293
      462.7634   1555.4347   2068.4685
     1235.1652    440.5938   1416.7377
     1866.6855   1430.4082     94.5749
     2200.6919     30.8190   2056.8984
     1062.9281   1148.3903   1621.5880
     1552.3734   2185.7395   1540.1951
     2045.4028    515.8884   1950.9966
      548.3127   1102.0206   2159.1863
     1555.2374    972.5774    514.3298
     1947.9132    373.8663   1112.4072
     1195.9976    464.6230   1782.1267
      215.0091   1629.6106    830.5356
     1563.0908    837.2385   1403.5929
     1483.9436    205.4309   1560.3937
      842.9158    819.4234   2092.5381
     1437.9735   2039.4989   1681.6471
      900.8962    868.6005    744.2491
     1646.0255    420.3480   1687.8771
      837.3527    641.6830   1005.6978
      875.3792   1640.2131   2255.0935
     1738.2551   2110.2227    167.8281
     2131.0422    136.8927   1138.1360
      257.3579   1900.9210     72.6275
     1417.0979   2030.8278    422.0266
     1171.0195     10.9369   1142.3228
      798.4645   1153.9983    846.2350
      954.4443   1100.2734   2046.7235
     1489.5566   1312.1047    184.7664
      840.1061    978.4678   1600.5614
     1505.4908   1470.2220    454.5809
      169.9980    558.0625    795.9990
     1882.3905    295.4975    424.3746
     1112.3235   1533.8301    816.2470
      100.4043   1382.3501    868.6812
      543.3884   1228.2324    343.8429
      523.1655   1097.8004    820.4334
     2165.7209   2134.1995    240.5605
      905.4925   1923.6042   2244.6394
      628.8917   1570.6742   1162.5122
      272.4370    917.1899   1415.2667
     1522.0725     15.2053    563.5305
      374.1227    725.0609    806.0948
      799.1996    300.1070   1991.6564
      523.8511   1937.3383   1950.9493
     2175.7012    420.2142    741.1877
     1243.0543   1684.3501   1156.9207
     1332.1361    654.8540   1897.2712
      869.1214     49.2977   2022.5524
     2246.1167   1292.8027   2176.4873
     1125.2172   1303.4006   1836.0582
     1100.1267    158.5653   1348.2462
      537.7050   1359.1267   2256.2249
     1592.2491    389.6170   1156.5762
     1916.7435    657.6154    419.4671
     1984.2354   2144.0286   1046.0905
      520.5291    764.3247    107.6669
     2081.5659   1565.2253   1419.7772
      151.5149    389.6241    602.5258
      936.3365    505.6162   1835.7239
     1897.0024   1679.9625    204.4075
      548.5462    388.1658   1629.8540
     1397.3949   1022.0077   2110.4551
      597.5688   1529.6709   1843.1464
     2221.8135   1801.4221   2008.9958
     2021.5659   1770.0938   1723.5375
     1591.9833   1750.7406    825.9495
     1555.7048    978.4993   1663.7515
     1154.0338   1560.5021   1793.1316
     1056.1245    992.7523   1351.0767
     1059.5701   2077.4763   1065.2860
      792.0368    955.0923     44.0756
     1400.1508    126.2970   1070.9841
     1741.3341   1063.0597   1793.1289
     1529.8258   2247.8750    856.6484
     2262.4500     60.8432    433.8056
      272.4424   2239.1084    461.0970
     1986.1782    589.5215    631.7289
     1774.5371    663.0725    822.0522
     2125.5281   2061.9470   2126.9180
      691.3875   2050.7312   1771.0074
     1121.8993   1193.4044    405.0696
     1146.5739   2089.5601   1682.0220
     1990.8322   1934.7632   1960.5604
       65.8211    529.2783   1000.3380
     1795.7000   1831.7228   1589.3120
     1304.9152   1055.3837   1601.9266
     1551.1807   1547.7802   2040.6205
      626.2194   1674.7172    374.6633
      197.6824   1614.4076   2035.1780
      160.5798   1067.0663   2213.9985
     1378.3083   2104.3284   1056.8149
     2120.7678   1975.3038    430.3255
      328.3968   1716.5201    299.5814
      417.4120    115.7688   1924.8474
       12.5289   2095.0608   1891.7786
     2158.4922    962.5956   1740.7400
     2195.6619    943.7274    615.6899
      769.9252    148.5582    838.6004
      310.5323    582.3214   1010.4780
     2164.0190   1770.9520   2242.5667
     1529.7422    929.7939   1935.6499
     1729.3998    830.9642   1056.6100
     1673.2318   1021.2456   1219.1660
     2171.2297   1475.2616    134.9085
     1523.8311    194.8373   2088.6418
     1457.7841    666.6223    551.2382
      811.6711   1689.3500    543.6388
      700.1178   1839.7239   1177.4122
     1724.3280    216.1655   1550.2644
      799.5901    489.6748   1621.5406
     1821.5746   2232.4937   1490.1715
     1710.5109    469.3709    471.7996
        4.1831   1702.8467   1600.1270
      327.8990    982.1163    860.3256
     1544.0524   2033.9891     28.9792
     1644.4524   1503.6216    985.4728
      365.6659   1583.5699     26.9551
      620.7106   1125.2234    126.7663
     1287.9285    834.1589     60.6434
      455.3556    276.4528   1197.7419
     1151.4957   1034.8649   1821.3224
      216.9588   1439.5596    295.4963
      537.0717   1289.3691   1669.7139
      743.1023    724.8972   1847.9895
     2152.4126    704.5354   1849.8540
     1487.3553   1954.7446   1951.3500
      775.5946    129.1926   1250.4915
     1397.4061    770.5157   1583.2677
     1792.9429    486.2142    226.5910
      364.4940   1697.6962   1848.1456
      868.2559   1667.8687   1090.9084
      148.8436   1668.4348   1097.7786
     1951.5292    795.9946   1979.7648
      165.7514   2109.1216    750.7276
     1354.5122    464.4931    929.1077
     2063.6975     27.2602   1544.6373
     2072.6470   1970.0021   1211.6019
      390.8347    234.7555   1437.6621
     1386.9025    591.8559    134.4031
      574.8800   1292.5802    618.9896
      856.6157     32.2393   1745.6150
      177.3180    472.8796   1868.1825
      560.2353    643.3534    609.0575
     2261.2905   1286.7867   1764.9271
      686.7845    298.5652   1024.9197
     1292.0275   1754.3156   1432.7340
     1740.9362    823.6643   1871.1748
      367.6455    755.8539    374.5226
      695.9146   1738.1464   1960.8511
     1498.9915   1273.8707   1150.6624
     2258.6462   1528.2427    403.7955
     1330.0148   1076.1519   1092.8362
     1499.7290   1665.5168    268.4148
     1755.8132    910.9364    759.1620
     1343.7688    252.8444   1827.6086
     1919.8601   1307.3801    915.5730
     1371.9508    611.5795   1281.1949
      193.2171   1399.7017      9.0401
      766.9489   1976.2522   2003.1112
     1802.2510    913.3364    469.9223
     1707.1367   2065.7634   1010.7612
     1113.6101    946.3681    280.5645
      843.4735   1432.0295    994.6137
      655.6313   1700.5914   1407.3000
     1450.8568    838.4449   1176.1691
       11.6084    889.5643   1978.5592
       63.1989   1246.6962    150.5840
     1752.2153   1115.2312    919.1685
     1478.0468   1077.8864   1388.6964
     1642.3062   1962.1405   1455.0829
     2013.2856   1030.2689   1498.8575
      693.5991   1061.8278    645.3193
     1867.4458   1439.0862   1802.6748
     1014.1813   1810.6830    180.5125
      965.4338    373.0241    151.5156
     1019.7021   2074.4961    773.5033
     1056.4340   1530.8325    205.0787
     1553.1174    692.5054   1817.0895
      955.0669    289.1582   1629.4946
      182.5023   2258.9756   1810.8734
     1949.3715    121.2137   2156.6123
      829.5015   1601.2566    272.9430
     1737.4901   1843.4884     83.6558
     1761.6726   1193.8109     54.9365
     1221.9542   1249.5607    177.3554
      363.4829   1404.7228    466.4471
     1907.6464   2018.4515   1430.7721
     1739.3727   1627.8684    389.6138
     1393.0433    468.2823    413.1014
      117.8574   1751.5096   1851.6477
      335.1376   1397.6232    737.4874
     1700.5142    189.2491    703.6365
     1102.0735   1784.6716    653.0643
     1266.7529   1739.9862    379.1530
     2164.5715   1135.0057   1973.4578
      560.6097   1932.0524    387.3896
     1074.4802    268.2421   1903.3939
     1616.6815    229.0706    448.8284
     1728.3815     48.4762     14.8386
      718.0154   1361.9830    188.2649
     1682.9186    718.7933    572.0529
      569.4025    295.1503   2095.4299
      534.1577   1533.0896    575.2463
     2169.3486     71.9085   1813.3435
      647.0730   1664.3280    918.4741
       95.7623   1801.3633    375.3367
     1377.0819    166.7567    712.2847
     1350.5667   2165.2354   2192.4182
     1334.3187   1868.9108    608.7509
     2188.3313    306.1129    481.9215
      626.8925    353.2862   1336.0754
     1781.4597    557.7830   1059.7227
      620.6023    605.6066   1403.1858
     2122.1853    837.4169    386.5380
      451.0310    891.6525    587.0742
     1498.9685     77.1240     61.9311
      954.1554    451.0379    565.7198
      890.5680    412.9145    829.9382
     2108.7583    513.6839   2253.3088
      775.7101   1780.5637   1695.6227
     1757.6849   2198.4507   1271.4580
     1490.7415   1720.3506    526.2828
     1184.9224    852.6562    474.6091
      178.6944   1595.6381    570.3133
     1147.8796    898.6559    735.5530
     1480.9368   2245.0464   1257.9731
       58.0494   2249.3662   1181.2556
     1270.9891   1579.0182    555.4041
      366.3395     82.6301    956.2496
     2109.9146     50.0585    864.9615
     2179.0735    343.1880   1793.0846
     1824.5131   1735.4889   1850.7252
      792.3248   1361.6255   1258.9829
      142.0076   2118.1697    265.5123
