       37.1087    255.7737   1699.6145
      773.3495   1131.4269    351.5037
      268.9991   1538.9243   1431.3164
     2168.8135    887.8293   1098.1903
     2148.0891    166.0903    175.5148
     1464.8986   1491.3521      8.9351
      814.7518    216.8179    656.4454
     1708.5703   1105.1743   2142.6499
     1825.6176   1228.7399    286.0012
     1715.4895    878.7620   1671.0940
     2136.8523   1860.5437    267.6058
      341.0348   1861.6343    818.9020
     1552.2640   1765.1388   2242.0110
      701.3746    532.8681   1996.6885
     1289.9055   1376.4575   1259.1083
      111.1832   1356.4545   2020.2754
      598.7825    949.6315   1936.7566
     1231.2690    507.5424    775.1072
      740.9886    697.8525    942.1000
     1955.1398   1979.2676    109.9833
     2155.0696   1135.4816   1104.2045
      859.4763   2229.4983   1110.6222
      840.1496    372.2457   2240.8936
      151.1640    713.3215   1029.5869
      623.2506   2119.4976   1128.4449
      901.5483   2057.1062    190.3714
     1628.4432   1965.7957   1771.9114
       49.6756    136.6347   1406.7301
     2172.0029   1258.7407   1333.7593
     1615.1287   2197.3579   1838.7655
      395.5573    306.2641   1024.0841
     1098.4877   1542.8173   2032.4985
     1078.0542   1534.1588    424.2477
      887.1254   1059.3164   1057.1536
      638.5074    276.9281     89.0781
     1325.8400   1893.3839    144.7211
     1207.7158   1183.0787   2009.4351
     1921.2175   1266.6637   2191.5691
     1594.9203   1916.9642    268.7336
      493.6129   1461.2129    262.5916
      376.3566    354.1451     38.0447
      962.5388     28.2624   1548.0361
     2236.5845    546.5759    401.3778
      602.2030   2166.4241   1615.8860
      139.2826   1897.5485    614.7886
      923.4958   1105.0067    136.0406
     1560.4576   2164.3450   1281.9891
     2230.9812   1332.6765    386.3660
     2211.4536   1215.3259    591.6163
     1615.8855    607.0916   1054.4985
     1000.9084   2248.9023    374.9640
      223.6069    629.4287   1509.9624
      137.0095   1218.0881   1253.8846
     2083.6892    503.8802    861.3067
     1037.2316    593.8638     78.4385
     1913.2845    967.8225    240.4705
     2183.7173   1024.9669    399.0359
     2011.0463    100.5533    380.3127
      169.2372   1111.7352    727.0727
      398.4287   1576.4928   1209.6957
      806.4600   1357.0082   1832.5613
     1995.0000   1745.8983    425.0153
     1691.9370   2116.3149    668.3671
     2041.3026   1036.4812   1355.4502
     1554.8251   1790.8605   1620.8423
     1198.9125   2219.6660   1502.7725
      963.7238   1867.5493   1750.9749
     1873.1453   2140.4949   2210.3477
     2117.7378    752.7642   1347.4858
     1188.6381    231.3707    894.3204
     1280.1890   2249.5366    916.0621
     2111.7156   2198.2883   1262.2919
     1999.1664   1225.8661   1823.2479
      226.0375   1763.1342   1240.6145
     1155.0138    228.3018   1586.4847
     1060.3687   1674.5876   1570.7009
      674.4410   1799.7546   2217.2356
     1958.9641   1466.0581    356.8719
      892.3054   2231.0503    627.8559
      935.5830    784.8459   1064.1240
     1863.0504    898.2580   1303.7628
     1783.2209    773.4965    162.7035
     2250.2043    336.0444   1249.6115
     1187.9342     25.2360    110.0529
     1786.7152   1438.1115    783.2904
     1020.6977   2164.1062   1322.3058
      528.5975   1838.3146   1702.8185
     1599.5676    310.3731     41.1496
     1752.6361   1424.3182    502.1520
      592.1893    280.2140    847.0026
     2238.8572   2113.0408   1051.1345
      750.8331   1363.4845    726.5607
     1943.7819   2024.6226    856.6823
      469.9385    380.4983    414.5785
      480.1284   2070.5669    892.5061
     1836.4507      1.0971    793.8323
     1373.7765    564.0613   1606.2043
      427.9460   2163.7007    269.4016
      435.6834    171.3871    282.6904
     1692.6855   1645.5579   1792.2440
     1798.3062   1477.3601   1388.7003
     1619.8984    162.1180   1213.6427
      402.3930    834.5864   1495.0530
      129.8631   1909.2651    989.1103
     1105.0206   1338.8146    645.7604
     1522.0940     72.0062    275.7877
     1275.8849   1793.4274   1688.2438
     1058.6268   2033.2076    535.4661
      365.4634   1181.5724    604.2779
     1277.4135   1056.2338    747.9708
      476.9518    821.0748   1051.8318
     1329.8782    941.7584    964.8761
      500.9751     32.2712    493.1025
      475.9091   1582.9827   1593.7756
     1004.8601   1658.3479   1254.3026
     2161.9417    950.4871   2159.1091
      634.1567    995.1409   1210.1819
     1886.4966    749.6198   1516.4332
     2144.6099    317.0807   1491.9530
      586.9432   1289.6072   1185.3474
     1787.1246    425.3702    709.7449
     1453.5492   1269.2290   2176.2419
      659.2969   2126.9028    596.1661
     2066.1392   1665.5026   1007.8027
     1812.3158     10.7973    534.6844
     1872.0398   1598.0306    916.8621
     1103.6267   1767.8488   2177.5486
     1820.1849    602.3882   2202.1299
      258.8008    247.9732   1271.9993
      154.4606    845.2299   2197.1501
     1883.4482   1851.8513   1077.7236
      194.6974   1407.1807   1081.9353
      162.0475   1174.8770    992.1794
      716.1419   1109.9231   1738.1721
     1731.9750   1377.3809   1071.6979
      670.0984   1935.7283    936.4712
     1533.7289    819.8524    130.8446
      217.2024   1245.1147   1783.6917
      616.5435     13.8904    136.6561
      402.9609   2040.1919    589.6117
       30.5872    964.7689   1330.7614
     1403.2228   1019.7696    321.9931
      655.3398   1919.9863   1523.4952
      905.0978   1514.1681    578.9628
      273.6458   2022.0688   1342.1246
       48.1491   1920.3239     79.2783
      985.5623   1417.0137   1627.1167
     1621.9248   1741.5476   1375.5372
       16.6154    489.0821   1909.6793
      128.2484    749.2235   1732.6277
     1301.9976    302.5766   1159.4451
     2137.9187    795.6604   1605.9441
     2012.5941    771.5082    668.3680
     1065.4408   2008.7095   2058.2234
      344.2474   1291.2532   1535.4198
      812.4453    585.6642   1361.1079
      246.8224    722.2663    124.2765
     1174.5996    346.6530    530.0703
     1583.1885   1229.3033    357.0970
     1528.1569   1200.2235   1956.7000
      252.8382   2077.6975     70.2780
      318.4317    892.3410   1781.7764
     2259.0876    294.0482    922.9218
     1767.5626   1064.9135   1494.1300
     1956.3101   1611.5884   1554.6418
       95.8064    162.3035    669.8051
     1314.1755   1210.8772   1440.0974
      979.6470    993.3110    411.8926
     1576.4254    378.0625   1414.1915
      457.2064    518.5390   1539.9727
      301.9291   2116.6360   1093.5125
     1390.5029   2162.7671    164.2728
     1307.9679   2002.0176    857.7225
      139.1666    719.5859   1301.7611
     1635.4255      6.2611   1017.9372
     2217.9822   1009.1318    886.1442
      976.4900   1942.4419   1002.5722
      613.1760    786.4203   2157.7957
     1564.4406    560.3893     43.1261
      236.8603   1234.7162    381.8134
     1489.2163    463.3904   1853.5217
      625.0140    826.0327    767.5621
     1774.2734   1330.5692   1610.7572
     1902.1180   1731.9865   1313.7999
      888.2018   1968.3188   1236.2522
      674.6288   1242.8291    930.3387
      718.9908    453.4809    229.3676
      877.0291   1215.4937    566.1346
      447.1964    476.2089   1985.6957
     1322.9143   1405.2654   1982.7260
      591.4872   1887.9142    701.9879
      932.3307    282.3778   1043.7909
      397.1722   1885.7017   1088.4187
       49.5598    522.0060   1658.9901
     1240.4811    437.9008   1968.1674
      959.0451   1602.2562   1795.5472
      634.6480   1569.7307     74.6696
      546.5800    547.8652   1272.4623
     1959.6949   1680.3182   1993.5649
      844.6533   1804.3151   1424.0228
      172.1218     16.9838    239.5830
     1843.3417    168.4367   1041.8055
     2042.9111    504.3326    241.5886
       57.2380   1483.7902   1286.6842
     1285.9196    676.9402   1398.9777
     1027.0575    330.0552    755.9173
     1018.8439   1138.9307   1814.1162
     2034.8965   1196.4880    129.9171
     1124.2135     61.3870   1777.5112
     1316.2065   1711.5787    762.8013
      458.9122   1419.9496   1007.0172
     1149.1588   2241.1838   2073.6353
     1793.2312   1822.3857    805.7507
      152.7709   2039.7223   1643.7700
     1353.1851   2001.2526   1470.2272
     1983.8899   1216.0782   1553.6602
      427.9728   2062.8936   1807.9668
      336.9777     60.3298    691.2625
      177.2013    122.0704   1050.5330
      129.5080   1069.7794   1994.8776
     1441.6929   1543.8357   1718.6105
     1412.4606    222.4208    462.8379
     1666.0048    992.1844    305.0802
      364.4272   1936.7135    364.9219
      689.2937   1422.7794    461.4273
       75.7711   1318.8696   1528.0712
     1799.8752    372.2513   1221.7339
     2077.1262   2216.2727    635.8208
     1266.9852   2066.2131   1899.7682
     1158.5388   1886.9052   1210.8715
     1329.1068    232.1169   2106.1753
     1104.7075    468.0980   1011.3297
     1604.8212   1411.0040    188.2085
     1445.7229   1570.4415   1426.9611
     1323.7748   1528.2158    951.9722
      775.2245    328.4989   1278.1406
     1765.7491    103.1892    255.4554
     1154.2991    359.0824     13.8622
      557.9156     17.9646    775.4289
     1154.4756   1511.8046   1410.1034
     2195.2625   1714.3192   1305.4955
     1255.5564   1424.4408   1597.9386
     1088.2555    990.4769    926.0887
     1607.3120   1287.2858    635.6691
     1675.9391    620.5045   1539.0707
      855.7878   1973.3574    431.2689
      959.5608   1331.8689   2002.0784
     2261.4666   1576.6533   2137.9360
      662.9177    656.3563    404.9572
     2260.3599    515.3796   1417.1102
       77.0664   2143.5657    620.0184
     1662.1534    856.7437   2173.7256
     1106.8362    105.8409    606.5818
     1476.5634   1078.6465    549.3675
     1625.1415    617.1055    762.3304
      600.3508    863.8040   1704.4299
      981.8729    843.2037     48.1078
     1368.8622   1306.1698    452.9706
       98.3428   2035.5585   2080.1746
     1078.6963    852.7056   1476.1934
      461.6801    537.1620    208.6554
      215.9060    956.5566   1147.5931
     1952.0951    911.6606    919.4233
     1413.9641    741.0571    364.6068
     1987.5161   2179.4575   1904.1818
     1835.7297   1902.8884    335.5126
     1393.7745     21.0340   1648.9504
     1165.5710   2064.6848    311.5039
     2256.1599   1750.4177    828.7682
     2073.3181   1392.0758   2010.1025
      766.1376   1573.8285   1559.1710
     2039.1306   1051.4741    715.5630
     1798.9771   1512.7816   2034.6257
      413.7409   1765.4988   2181.2773
      873.6852     73.8145    191.1788
      934.0983    312.1960   1489.4349
     1454.4326   1752.6804   1863.6156
     2014.4214   1572.9259   2221.8381
     2009.4221   1226.3586    470.4460
      889.7411    873.2643   1285.9633
      289.1966    101.5975     30.3546
     1059.4454   1762.5405    503.2836
     1066.4156   1923.1104   1436.7706
     1467.7688   2016.1980    654.9093
     2163.9197   2001.1866    738.6021
      100.1687    831.6769   1503.4519
     1441.6725    919.5020   1837.0048
     2256.0691    681.8510    146.6130
      207.9833    349.3816   2095.3269
      838.7191    647.9177   2168.3301
     1634.9167    634.6326    323.6224
      413.6465    780.5682   1267.1499
     1576.9248   1309.9401    900.1090
      692.8530    765.7868   1202.2111
     1061.8981    642.4852   1260.4800
     2131.2537   1898.6957    988.1589
     2251.0940   1833.0299   1701.7969
     1013.5574     54.4066    838.9642
     1511.4131   1559.4541   1148.0532
     1604.4309    858.9399    867.6068
      864.2194    765.3176   1554.3038
      520.1646    710.2653   1901.8435
     2019.0062    750.1237     78.9249
     1764.0063     94.9005   1997.7422
      975.2039   1275.3285    865.0930
      671.3112    558.0336   1753.5802
      338.0627   1269.9078    126.0880
      946.2332    583.1656    334.1361
     1753.4791   1617.0869      6.4622
     2108.6521   1504.9120    839.7322
     1153.4073    708.1005    971.2949
     1957.4989   2095.9595    382.6373
      860.0987    829.3860    281.8712
      306.5910    484.0671   1297.3745
     1928.3519   1028.7548   1989.3663
      482.2018    287.2867    630.1962
     1916.1156   1045.6017   1109.6525
     1197.4767   1417.8997   2219.2676
      633.4667     87.2869   1418.0038
     1662.4076   1760.8788   2039.9200
      297.4857     15.1082   1503.5441
     1568.2214   1366.1539   1328.8197
     2166.5642    317.6460   2072.8259
      296.6194   1647.7446    986.9500
      834.8052   1459.6576   1329.2838
     2082.4041   1880.7388   1537.0566
     1479.6853   1504.0823    754.4734
     1344.3259   1340.0140    713.4107
     2231.9487    660.2250   2148.2278
      486.3868   2002.1685     34.0054
      937.3591   2164.5391   2243.9309
      826.6031   1183.2000   1338.4290
     2069.3206   2112.5723   1670.1332
      525.5860   2109.0559   1365.8207
      246.5555    636.6747   2001.7526
      606.3614    526.9882   2211.9724
     1338.8040   1662.5166   2056.1362
     1474.1270    713.1003   2072.6619
     1604.0421    358.0027    272.5398
     1618.4266   1039.7444   1061.9685
     1465.7714    184.4802    930.8845
     2224.4329    568.0547   1152.0347
     1438.1729    120.6397   1415.3439
      645.0580    907.5536    337.0271
      187.1042   1784.7938   2091.2610
     1045.1362    389.4321   1275.5049
     1340.0494   1203.2737   1775.8140
     1376.0841   1500.4546    252.3030
     1379.4475    468.5833   2180.1350
      814.3934   2162.1350    883.4156
      231.3006   1906.9491   1864.2360
      537.2687     76.7881   1828.0557
       31.2098   1926.9517   1213.4257
     1164.2089    189.3887    319.4426
     1926.1570    800.7122   1802.7034
      945.8179   1348.2334     78.3979
     2222.7104   1473.2161    617.8054
     1176.9182    735.4507   1654.2576
      713.0454    190.0187   1629.4841
     1650.0781    493.0314   2044.0620
        9.3560    413.8446    195.8425
      996.6434   2109.2903   1853.1283
     1526.7142   1097.2782    820.8941
      210.5868    709.8325    553.4097
      664.6970   1518.5178    859.5022
     2205.8208   1272.8909    872.2783
     1200.5441   1825.4276   1919.5818
     1705.4406   1882.5315    542.4719
      223.5853    357.5129   1563.1926
       72.5703   2259.9214   1615.8175
       39.9513      1.1473    865.6783
     1950.7983    307.4366    858.8005
       31.7810   2256.4934     24.1559
      602.7177   1288.0598   1989.6676
      238.3318    242.2804    849.5606
     1076.7220    541.6920   2107.6936
     1923.2260   1288.3167   1305.3684
      849.9519   1957.8821    746.8532
      406.8691   1778.1528   1407.3524
       51.8046   1661.8158    114.9087
     1994.0596   1745.3055    739.9914
      777.1803    661.8813    640.8340
       99.8391   1819.7585   1457.8942
      927.2168   1779.0162   2012.0973
     1986.4080    221.8758    624.0164
     2155.8013    694.1149    924.5117
      209.4822   1483.3196   1685.4387
     1771.2434   1272.1024   1983.2716
      978.1052    595.3358    838.5222
     1030.7423    778.9690   2018.9443
     1272.6495   1690.7893     62.9434
     2005.1335    540.9305   1305.5648
     1964.2284    741.3363   1125.9906
      180.0372    962.1229    189.9269
      699.2391    440.8556    538.5809
     1699.0979    342.7202    961.9462
     2234.5667    665.1402    625.6797
     1571.9117    159.3671   1750.9224
      276.6359    157.9194   1685.8054
     1945.1259    317.3025     79.4693
     1756.2421    317.5180   1834.6196
      687.3171    955.7285    955.1342
     1817.0905     46.2932   1688.1930
     1531.4489   1053.0648     49.4978
      598.0667   2181.3677   1979.1021
     1704.6521   1633.6869    664.7687
     1953.0747   1580.0500    606.8183
      404.9306     23.0323   1273.1539
      664.5765   2010.4813    230.5002
     1257.0746    699.2504   2182.3472
     1771.9844   1147.1508    543.4149
     1692.3672   1595.3264   1579.2911
      498.4077     23.4636   2160.2632
      378.6905   1337.8245   1266.3682
      621.2300    146.6298   1135.7697
      455.3545   1139.9320   1048.0471
     1300.7003   2258.7383    411.9178
      678.1003    229.3596    353.2933
     1788.1276   2042.1577   1959.1162
     2208.4426   1550.1312   1836.7052
     1993.8320   1466.5709   1144.7780
     1644.1521   1843.4891   1053.6298
      331.8007    941.1561   2026.2784
     1017.0374   1295.3806   1410.2889
      349.6291   2074.2078   2096.8997
      184.8976   1066.8960   1515.6824
      738.1169   1295.0854   1577.4447
      251.2923    523.1617    335.6711
     1841.1580    411.3933   1501.6180
      876.2498   2031.0367   1602.9886
     1633.4391   1398.0217   1814.8939
      173.8037   1335.4708    608.3279
     1190.3940    876.4235   1201.5189
      785.9803   1768.9661    183.9955
      976.6306    874.6890   1776.3522
      107.2566   1016.8738   1758.8699
      691.0399   2126.6719   2212.4954
     2205.6899   1740.2913    561.9288
     1949.0555    272.2117   1632.0929
      988.7697    764.6753    545.7120
     1355.1107    927.5630   1398.4639
     1409.3232   2254.1304   1947.3390
     1367.5876    293.9785    167.6957
     1751.7968    634.2766   1287.8236
      519.5201   1781.2645    185.8420
     1914.6007   2001.3918    580.9990
      270.0422   1735.5695   1647.9954
     1227.5181   1256.5992    945.0201
     1300.9247   1894.6251   2149.1489
     1184.9637    625.1600    551.4464
     1161.1244    766.7197    286.9276
      337.7796   1278.2389    837.7832
     1358.5470   1792.4689   1000.6651
      762.2858    652.9804    118.2664
     1190.8163   1160.8669     21.2447
      577.6534   1431.7977   1404.3885
     1925.9159    952.1753   2230.2400
      417.1292   1002.5851    290.5246
     2208.9731   1049.0610   1550.2338
      373.0763   1005.7767     25.4922
     1101.4207   1714.5216   1014.3060
     1741.1490   1947.4409   1274.0352
      369.2996   1754.4600    556.7589
     1683.2294   1380.5121   2203.9612
     1186.6046    460.6642    299.1732
      782.1373   2123.1909   1389.8809
     1966.6697    206.2998   1924.9092
     1995.9413   1277.5765    721.8642
     1181.9363    946.1099   2136.8936
      444.3894   1032.6727   1626.6326
     2096.8628   1410.9991   1628.2760
     1412.4948    701.0589    878.4651
     1620.8776   2095.7690    410.8342
      140.7456    510.8310      3.7005
      370.4337   1406.3518   1909.5690
     1321.6116    595.2451   1145.1907
      723.7536    245.6569   1908.4491
     1055.6093    605.6413   1526.8651
     2252.6816   2063.6460   1471.0120
      205.3387    288.8129    206.9192
      232.6241    233.7257    444.2881
     1243.5139   2159.8999    654.5200
      187.1836     16.1762   2065.3008
     1414.5472   1875.2452   1255.2577
      439.2724   1147.7352   1867.2426
     2206.2410   1417.3225   1067.9091
      851.3643   1723.6138    802.1460
      670.5093    945.0266   1453.1387
     1968.8309   2252.9353    159.1333
      819.7584   1068.9047   1961.9224
     2050.4041    556.1157   1581.8481
     1805.4882    544.9426   1737.8363
     1077.6957   1208.6749   1132.6565
      368.4626    605.3254   1765.2596
      789.3612    909.7718    567.4645
     1512.9548   1318.4879   1620.5442
      905.6722    222.6751    439.8959
      944.7334   1323.3835    353.5853
     2204.6328    977.9984    114.4245
      317.5851   1247.5132   2127.1326
      117.5434    827.5045    797.9059
      568.1316    555.9344    787.4016
     1077.0684   1434.2212   1114.2245
       58.7113    836.2477    350.6190
     1407.1765    861.6296    669.2703
      556.8339   1173.7041   1447.6698
      771.5156    119.1699   2196.0483
      380.9189    666.1915   2175.0317
     1030.8473    149.1052   2233.0593
       57.6283    230.2763   2233.2278
     1525.0010    370.6694    676.0718
      179.0444    974.4086    507.1660
      768.1479   1501.7229   2074.3398
     1766.0090   1604.0153   1160.2422
     1909.3779   1883.4415   2136.5095
     1830.1521    338.3708   2126.9138
      355.3405    447.6833    803.0320
     1835.5527   2071.5525   1669.9797
     1026.4534   1060.3331    674.4096
       67.1745    200.2964   1927.1289
     1619.8959   2193.2886   2130.1074
      761.3947   1254.0597   2201.3394
     1143.3519   2031.8129     37.6123
      382.7136   2017.4856   1560.4170
     1977.0099    189.4216   1318.0320
      726.6959   2218.7046    384.6099
      522.2680   1557.0406   2099.9265
     1288.7240    433.4158   1379.8553
     1869.9531   1424.5223    109.1184
     2193.2239     11.4849   2026.8994
     1092.3928   1160.3931   1595.2676
     1604.6936   2203.7229   1565.9558
     1941.3167    523.9832   1956.9794
      596.2626   1064.3748   2137.3726
     1614.4727    814.4194    490.4966
     2043.3835    344.4952   1118.8230
     1184.0392    470.3291   1720.1350
      193.8195   1682.9906    730.5842
     1659.5698    841.4167   1396.8340
     1385.0802    303.6077   1589.3834
      813.8555    878.5468   2116.7097
     1413.3149   2020.0159   1717.3127
      899.9025    862.4957    834.4944
     1597.6445    384.9137   1650.7292
      848.3467    527.6379   1088.6782
      876.2689   1614.4622   2236.5435
     1716.6357   2126.2786    167.4443
     2185.6819    108.2379   1123.1681
      266.5478   1840.6689    155.6462
     1390.2388   1993.4592    384.3128
     1093.0740     90.8638   1109.4441
      773.5154   1088.5035    760.2288
      989.9532   1070.5096   2147.2493
     1388.3547   1227.2533    186.7764
      872.5306   1070.9073   1561.0610
     1535.4231   1522.1210    459.0528
      102.4177    520.8565    805.9633
     1866.5750    334.9659    376.0725
     1080.0507   1551.6356    783.4603
      129.1460   1441.5421    818.4216
      498.8432   1246.7899    367.3202
      513.0732   1060.2407    773.0912
     2173.3486   2146.9990    214.8492
      893.6923   1914.0936   2245.5049
      673.9155   1558.4073   1164.7128
      362.0446   1070.2180   1322.8054
     1499.9670      0.9837    565.0758
      353.3139    743.9218    808.2252
      916.4061    368.7377   2008.7981
      525.5130   1950.3698   2004.9548
     2194.7307    397.5975    693.9100
     1299.9858   1639.1152   1194.9581
     1300.5685    700.4358   1881.0754
      850.8322     23.9083   1994.4429
     2166.0369   1286.5288   2228.5359
     1141.8236   1362.3433   1824.0179
     1181.8408    148.6073   1337.7396
      512.7112   1346.6185   2241.7268
     1513.2329    415.5733   1182.7197
     1897.3552    645.7444    395.6330
     2031.8650   2215.4438    991.7354
      507.5353    809.5862    144.0045
     2092.2065   1490.9974   1409.9829
      230.1232    440.8396    586.7115
      998.4041    611.1960   1862.0780
     1966.4846   1708.9886    156.4037
      508.5393    350.9629   1775.5996
     1433.7079    990.0278   2107.2205
      612.8467   1539.3956   1815.4122
     2221.4497   1739.0500   1992.6829
     2053.1997   1715.6454   1766.4598
     1532.3931   1820.7791    836.2316
     1514.4404   1044.5840   1563.4761
     1219.5142   1592.0242   1810.8881
     1080.5583   1069.3671   1342.6605
     1115.1377   2111.0654   1072.2279
      706.1426    925.4455     63.9158
     1388.9226     64.9475   1139.2148
     1683.5663   1126.7612   1738.9225
     1498.2722   2190.7949    801.4761
     2259.3926     24.4650    408.4179
      261.9489   2214.5193    501.9420
     2010.2004    507.4055    569.7531
     1877.8721    692.1337    846.5607
     2130.0215   2072.1941   2180.3293
      693.5357   2000.4612   1810.6919
     1153.3737   1159.9189    486.5199
     1134.5504   2040.1594   1652.7786
     2082.1372   1930.7792   1911.3949
      167.9416    435.9080   1067.1013
     1829.2849   1838.7537   1589.3917
     1274.4470    985.0403   1629.1090
     1547.7872   1522.7169   2027.3160
      605.8395   1657.7574    390.7830
      275.5225   1522.4348   2114.9800
      146.0469   1107.1838   2234.3926
     1471.3418   2053.2400   1074.1815
     2196.0388   2003.9128    491.2614
      332.8848   1646.0197    332.2699
      368.2874    173.2919   1980.4890
       10.3807   2089.7004   1838.3500
     2131.7666    979.1534   1800.8076
     2214.0737    927.3002    636.0990
      765.3428    130.1481    920.8141
      410.0571    572.9826   1023.8340
     2151.1821   1807.6302   2220.9536
     1678.2386    960.5518   1912.6943
     1751.4557    832.4772   1056.5907
     1759.2401   1170.5233   1218.3567
     2137.8206   1454.5511    148.9360
     1558.1272    252.7196   2012.0105
     1450.1588    608.8016    598.5784
      814.1302   1719.3271    490.8387
      625.1987   1891.6907   1248.2057
     1730.3724    169.9000   1423.9818
      892.2638    451.8542   1700.7993
     1815.8212   2243.4204   1307.2091
     1693.8667    486.1923    494.3530
        6.0112   1636.0197   1582.7295
      332.5958    962.3956    894.1425
     1558.7463   2013.7820     12.8701
     1618.7227   1613.4532    928.3514
      349.6660   1603.9546     83.4026
      586.9120   1138.5978    139.8703
     1300.8600    860.0154     94.2356
      547.4272    302.0039   1303.8177
     1194.8486    939.5931   1870.9486
      160.7787   1463.5952    267.6296
      510.8081   1302.3453   1716.1702
      779.9260    753.0639   1882.1522
     2159.9717    690.2432   1828.9502
     1521.5389   1958.7004   2020.5764
      861.6565    120.4362   1293.9872
     1487.7250    781.9088   1606.5039
     1798.0688    496.8797    149.2648
      419.9479   1728.3110   1895.2164
      834.8228   1736.3306   1109.4154
       50.3701   1672.2725   1055.1946
     2002.9004    779.7608   2032.8615
      244.3675   2095.5166    823.5104
     1395.8108    438.3556    933.1265
     2060.0823     60.8953   1505.6904
     2041.9540   1935.4252   1276.1747
      437.6107    224.8491   1517.9595
     1351.6749    565.1757    170.7140
      533.4852   1358.6382    608.9282
      825.1891      4.1883   1756.9779
      216.9982    399.9067   1824.7455
      442.2037    620.9467    570.3797
     2237.9932   1254.8058   1776.5739
      617.5745    413.2655   1057.2629
     1260.2001   1762.6908   1437.4202
     1760.4333    727.8809   2011.1365
      385.7375    762.1337    351.0143
      682.1653   1761.1316   1996.2821
     1462.4839   1282.8632   1102.5192
     2162.7458   1600.9349    328.9119
     1309.0500   1110.6372   1171.6223
     1562.9803   1681.9640    209.7663
     1752.4058    923.8221    709.4139
     1342.4170    255.0521   1842.1714
     1939.2666   1265.4293   1010.5022
     1497.2220    623.9402   1329.7166
      130.4504   1380.4731     38.5274
      803.8777   2014.5076   2023.7195
     1891.7114    935.0781    486.6248
     1686.5852   2037.0963    913.2722
     1133.7329   1012.2129    223.9035
      894.4922   1529.4108    974.0680
      621.4072   1679.5892   1391.1442
     1439.6581    843.9988   1177.1539
       59.6488    824.2356   1964.5121
       59.3247   1197.2498    192.4146
     1799.6315   1149.8250    853.2594
     1532.0837   1101.0049   1317.7645
     1603.3228   1994.5739   1468.7205
     1919.1334    999.6044   1654.6268
      603.8132   1119.2416    536.4002
     1899.5051   1457.8091   1798.7411
     1072.5806   1821.1376    227.2186
      967.3181    348.9989    199.4462
     1076.2375   2094.2114    823.0166
     1091.8247   1545.7172    147.0671
     1594.9276    695.2877   1814.8539
      954.5968    233.4102   1805.8375
      260.9884   2230.1975   1820.1111
     2069.8567    134.2462   2218.2864
      884.0237   1565.4948    258.3168
     1757.4880   1862.8529     58.3288
     1769.2872   1129.4368     97.0848
     1174.9282   1284.4998    285.9938
      372.8075   1471.7737    500.8645
     1903.3538   2073.9397   1456.2595
     1737.7712   1636.7891    329.4690
     1418.6953    452.7770    405.4143
      199.4833   1631.6099   1870.1204
      409.8925   1534.6060    780.1812
     1676.4945    153.5450    756.0363
     1081.1562   1825.9944    782.5809
     1326.7363   1723.7769    338.3416
     2161.9207   1170.0520   2041.7817
      589.0076   1902.9792    443.1499
     1126.5176    227.3355   1965.6399
     1664.5182    226.3898    509.5230
     1755.4557    121.2761      5.7286
      693.0822   1336.0665    183.4548
     1790.3658    684.9383    612.5161
      556.4695    262.0030   2088.8154
      602.3798   1623.7283    641.6155
     2131.2368     96.0400   1784.3923
      564.1564   1721.6897    995.4211
      110.6058   1817.2922    338.5165
     1349.5457    202.1662    690.5530
     1339.9833   2155.4646   2199.7019
     1241.7798   1881.2114    585.6356
     2235.8130    285.7007    444.6494
      670.1367    397.2231   1517.0782
     1863.3488    503.8170   1047.5840
      616.5536    699.7269   1489.4043
     2090.9670    779.1496    403.7053
      444.0997    896.9933    589.8939
     1474.2677     93.8216     10.1830
      971.4435    496.2942    583.9559
      799.9985    421.6964    832.6053
     2092.7913    492.2225   2223.5266
      747.7900   1738.8965   1734.8683
     1822.1442   2135.2942   1080.6930
     1497.5420   1755.9846    562.2261
     1212.5011    910.7219    499.9816
      144.5800   1599.5182    514.1213
     1192.9148    803.6849    760.8543
     1283.7686   2119.6394   1269.6384
      114.4650   2216.1609   1252.5591
     1288.9058   1549.0385    562.1562
      415.8016     49.6152    981.4230
     2121.6750    117.0085    820.6879
     2068.3665    393.9284   1807.2115
     1835.6927   1824.2589   1860.8274
      843.7756   1324.0085   1107.2571
      140.6261   2067.3955    347.9846
