     1411.6096    457.9310   1640.6874
     1656.6536    201.3946    955.8051
      453.1580    951.0488   1138.3434
     1358.6493   1072.9344   1760.3365
     1926.9423   1233.4229    607.4796
      793.0228    569.1288    163.2654
     1754.8499   1450.2234    446.0360
     1493.9539   2144.0811   1646.8712
      276.5468    651.1667    830.2182
      865.7709    878.4318    904.6407
     2187.4370   1770.6561    874.8199
     1535.8475    938.1547   1698.9781
      831.9858    750.2595   1192.4252
      256.1692   1768.0110    239.0957
     1776.9963   2127.5603   1604.8418
      310.6038   1886.2108   1151.7671
      907.9165    329.9626    415.6457
     1344.5892    861.1764    427.9107
      963.0172    649.8881   1023.9089
     2080.4653   1353.9264   1833.1953
       85.8377    263.2019    852.7517
      457.8268     41.9710     53.3058
      755.7650    593.3710    651.5310
     1578.7487    493.0448   1820.4579
     1196.5524    727.7977    637.1267
     1763.8153   1514.9279    977.8079
     2210.8271   1674.0016    499.7105
     2192.2529   1932.6973   1149.8081
      719.8536    236.4033   1612.3057
     2192.3999    153.8524   1733.3943
      136.9225     76.0628   1931.0989
      689.5581   1865.4017    197.4320
     1860.6757   1465.6475   1657.1779
     1068.0336    892.3420    776.9122
     1857.5486    517.7993   1995.8938
      352.2291   2148.4873   1166.1509
     1442.0183    139.4838    923.7047
      680.3916   1307.0070   1278.6893
      844.1392   1908.9799     36.6121
     2080.9841    695.7076   2050.9392
      564.4262   2142.5349   1262.2819
     2035.4285   1774.3024   1307.1846
     1734.9133   1691.0864    502.3465
     1453.3469    754.6720   1523.2639
     1063.1427   1253.7920    241.7868
     1127.7776   1895.8535    418.8532
      262.7416     97.5277    232.4635
     1240.4926    650.2628   1679.5175
      308.8253   2187.4387    436.0263
     1912.1249    155.2680   1699.3862
     1058.3531    603.1875    101.0486
      281.7089    354.7421    270.7969
     1985.3556   1531.2902   1428.7358
     1674.7847    109.8935   1656.7592
     1094.9950    604.2323   1288.7197
      274.7441    667.3698   2092.7219
     2101.1816   1428.1771     83.4756
     2013.3746   1148.4139   1969.0195
      227.8387   1604.0153    847.3914
     1286.3313    672.5925   2193.8364
       60.5186   1225.7179    731.2480
      342.8148    910.2501   1362.0287
     1494.6177    201.0134   2036.0898
     1613.7141    286.3615    637.4592
       71.7503    858.9053   2091.4590
        0.4484    735.6947   1658.2755
     1606.5725     62.1154   1393.0446
       95.4149   1203.9669   1251.7446
      620.5642   1237.6425    827.0357
      197.8731   1049.7380   1964.5687
      140.6451   1797.1163    727.1492
      599.3439   1378.0133    290.1518
      343.9996   1392.1500   1758.1604
     1011.3230   2138.8381   1700.2537
     1607.8988   2163.6060    258.1633
     2120.8225    624.4070    177.8248
      539.3383   1524.3374    496.7492
     2243.8184    603.1005   2193.6160
     1321.3770   1620.8329   1356.7546
     1465.7972   2227.6846    456.0316
      271.8300   1358.8141    146.0154
      804.0779   2239.5994   1584.1193
     1513.4069   1570.7717   1942.0160
     1896.5059    588.2189    696.5073
     1813.2742   1689.9324   1154.3882
     1513.7988   1903.6483   2089.5938
     2144.7166    466.4462   2046.8107
      654.0026    850.7520   1051.2686
      295.1528   1481.3679    550.4581
     1962.4296   2024.7213   1224.5994
     1783.6450   1023.2196    536.9286
      293.0919   2148.8516    138.5399
      135.3586    677.5082    122.4565
     1189.4259   1046.8680   1345.5067
     1878.2834   1005.5171   2103.0957
     1336.2144   1747.7548   2025.7462
      616.7576     77.7859   1428.6528
     2058.4050   1299.8816   1581.4954
      332.1025    577.3599    591.8635
     2261.5608   1175.5316   1844.5085
      881.3705   1925.4503   1246.4949
      944.5090   1995.1042   1468.0481
      966.8214    450.9506   2220.2278
      104.5965   1544.0695    660.1629
       68.6538    976.6569    989.0232
      587.3739   1815.8081   1541.1211
     1640.9686    329.9377   1537.7772
      508.8433    844.3088   1535.4178
      710.1656    406.8807   1047.0338
     1993.6234   1464.9391    502.8762
      157.4050   2010.7130   1277.2794
       80.0465    511.1481    686.8853
     1256.5948   1883.0243   1815.9635
      135.1214   1751.5066   2180.9106
      949.0983    547.3613    328.6383
      717.2559    559.6266   1400.6998
      368.8670   1314.4547    355.2029
      946.6263    148.3971   2235.7258
      522.7855   1899.1765    691.7135
     1624.9152    142.8092    256.1887
     1897.7928    389.1656   1534.8639
     1785.6421    444.8640   1731.1929
     1465.1422    833.1525   1045.4027
      680.4817    317.6701    792.2076
      990.9131   2102.6841   2101.3618
      509.8537    174.7218    271.3995
     1870.3773    818.6218   1127.3260
       57.5277   1558.7174    113.2064
      823.6280   1361.8309   2081.2417
      444.7015    562.6881   1869.6982
      788.2895   1198.5707    542.4697
     1902.8691    207.4247    101.6221
      590.5953   1979.7260   1078.2479
      954.2524    656.3519    762.4600
      704.6361   2136.0920    129.7572
     1777.6456   1789.3009    845.7462
      501.8137   2072.0161    526.7217
       95.6659      6.3267    356.6001
     1402.0892   2210.6104    193.2165
      293.5779    853.3185    958.5619
      955.2489   1179.0305   1964.0093
      502.0479   2195.8489    317.9316
     1748.6865   1182.8983    127.1083
     1486.3131    234.6448   1142.9718
     1599.2684   2235.1118   1864.5884
      492.8349    609.2837   1375.4352
      352.9101     28.8311    947.6884
      874.9307   1619.6660   1044.8641
     1253.8966   1043.5370   1100.6647
     1601.1018   2133.8987    634.9767
     1738.0541   1447.3215   1311.6174
      105.7952    952.4927   1740.0511
      370.8697   2227.7021   1442.9836
     1265.5284    856.2136    914.3090
      720.8463    132.5820   1165.4741
     1389.9340   1079.8613    337.0523
     2102.3569     72.1799    324.3483
     1210.4302   1138.0997    835.9918
     1876.7393   1934.7841   1443.6694
      709.8464   1694.1851   2217.8948
     1281.8232    649.0565   1962.9254
     1557.3257   1794.6815   1869.5648
      165.6264   1506.1208    337.6913
      702.3373    453.3142   2255.2725
     1666.2361   2220.5034    879.1549
     1842.2124   2202.5110    690.0955
      147.1602   2238.4280    835.0571
      437.2450   2008.0625   1651.5874
      322.5613   1158.7201    915.1144
     1976.3070   1578.0233    897.2104
     1747.9370    730.3932    195.7233
       68.7387    152.8120   2159.7761
     2182.3718   1475.3629    331.1629
      391.5701    703.8107   1130.7264
      175.4931   2025.1278    328.8424
     1698.4008   1664.7524   1701.9518
      651.3660    945.2268   1847.8879
       92.0449   1779.4423   1250.9590
       77.3464    314.3820   1885.2028
     1757.3982   1640.6890   1941.3781
     1796.1559   1940.2523   1085.5211
     1680.6284    871.6808    946.1376
     1648.4054   1602.6317    734.3983
      723.9127   2162.6409    578.7401
     1009.8472    195.8540   1563.2151
     1079.3721    520.4178   1545.1748
     1093.6377   1021.7911   1811.2162
     1056.6774     17.6699   1896.0516
     1225.6700   1246.6295   1536.3359
      794.9792   2004.1694   1643.3573
      551.0746   1269.9257   1803.5114
      666.2394   1967.0156   1390.7788
     1186.5428    115.4614   1376.6368
       45.2663   1239.2181   1033.5624
     1938.6378    303.0774   1312.0649
      272.6654    426.5577    808.1763
     2055.4170   2061.0464    978.5726
      709.3579   1295.7523     21.4738
      145.8368     95.2158   1091.2681
      961.6973   1348.8795   1635.4457
     1498.1841   1980.8706    187.8770
      106.3176   1815.6906   1492.0363
     1363.5809    907.0295   2194.3391
     1840.9882   1416.3749     72.4241
     2159.3499    344.8508     20.5905
      453.7181    413.6476    434.8295
     1887.6691    175.9498   1013.3992
      604.6913   1164.8993   1085.7644
     1278.7516    460.8217   1183.1156
        3.2337    300.0298   1424.2753
     1413.7631    658.5845   1219.1013
      617.3079   1726.6097   1755.8898
      803.8000    154.4798    941.8984
      800.2789   2150.6223   1088.4690
     1545.9467   1733.7266   1479.7035
     2204.6724   2079.0884    356.4518
      319.1885   1929.0083    513.1517
     2248.3933   1965.1836   1908.9204
      461.2925   1394.5809    725.5812
      254.1552   1073.0620   1138.6531
      653.0793   1856.4095    480.2479
      530.5983   1277.6361    546.8414
     1853.9517    668.6880   1588.2811
     1611.8613    333.6244    371.9226
     2075.3962    311.9987   1101.0138
     1861.1210     32.1271    289.2871
     1502.1174   1184.9492   1943.4993
     1811.1176    151.0051   1457.5417
     1699.7258    622.3228    939.9805
     1865.5922   1861.5681   1833.6418
     2236.0972   1629.2963   1406.4377
     1664.7732    713.3965   1166.9767
     1227.9042    308.7255   1564.7319
     2009.2317    888.6947    151.3808
      185.6178      5.9754   1300.6520
      428.9996    422.5996   2073.4111
     1426.4384     30.1782   1229.6327
     1428.9528   1778.8029   1200.6968
      945.4971    354.3357   1734.2516
      395.9977    874.2292    699.2665
     2092.1233   1778.9360   1804.6217
      671.3996   1131.7605   1935.7738
     2050.9846   2138.1899   2190.7378
     1605.0132   1160.4637    331.6916
      775.0078   1933.2217    716.4545
     1072.2006    430.0140   1053.6428
     1147.2484    970.6797    319.4942
     1404.1920    267.3563   1367.5146
      854.2453    856.7184   1705.4004
     1667.5140    925.6300   1908.9390
     1053.8861   2044.0511   1109.3615
      287.9626    275.6933   1033.8500
      290.4845   1132.6794   1442.5885
     1548.0682   1930.3462   1046.0680
     1895.5685   1091.3765   1533.1592
      474.3053   1794.5874   1322.8379
     1159.1758   1311.6346   2095.7812
     1161.1442    221.1526     44.5956
     1008.1863      6.8478    956.7003
     1314.4294   1685.6409    999.9846
     2091.9441    454.1486    627.8732
     1636.8262   1041.4828    770.4103
      961.3068   1261.7651     13.6817
      842.3309    176.0683   1384.7709
      158.1831    151.9321   1568.8292
      667.4367   1038.3455   1620.3826
     1253.0477   1572.3937    448.4216
     1855.1523   2055.3701    213.8256
     1926.2898   1054.0687   1300.2351
     1616.2118    566.7970   1584.1522
     1124.0714   1803.1520   1457.2981
       55.5695    340.2509   1138.3237
      760.4167   1014.4764   1203.4227
      852.3804   1936.6304    998.4806
     1336.5424   1604.0544    765.2623
     1104.5663   1310.5948   1124.2373
     1374.4562    586.2410    731.2291
      108.7237   1217.0573    433.9315
       91.5181   2115.6760   1031.9185
      194.6122    917.2082    231.6743
      936.9541    858.8853   2198.9570
       47.8337   2181.6013    106.1401
      841.2051    865.2888    670.8280
     1218.6418   1347.7566     35.4254
      470.1727   1084.2015    631.2731
     1079.2529    740.5965    331.1090
      980.7340   1147.1490    438.8719
     1841.8546   1223.8340    373.1293
     1950.9426   1682.9475    413.8824
      980.0918   2179.8357    307.0287
     2015.8617    225.2439    654.9476
      265.1041    224.3232     16.2236
     1280.7196   1721.6840   1599.3558
     2159.5479    659.3934    757.5869
      597.8909   1478.8613   1676.7708
     2163.8672   1679.3850   1107.2917
     1908.8784     90.3508    517.3760
     1151.7833   2038.7523     24.3169
      541.7040    713.4537    507.8605
     1888.7964    965.9323   1802.5463
     1831.8864    300.0064    318.1128
     1353.2117   1804.5936    617.5432
      911.4575   1776.0898    820.7622
      191.7293   1031.4987    796.0325
     1292.2919   1595.5991   1844.7731
     1499.8990     78.6407    709.7112
     1723.6675    125.1073   1183.8152
     1281.0876    849.4262   1787.5249
      742.4051    267.2322   1900.9889
      507.6696    202.6020   2141.8809
     1151.9598    413.6234    727.9447
     2200.6423    922.2648    761.8670
     2043.5912    603.7737   1458.1124
      296.9378    207.0248   1785.9066
     1792.7064   2168.3850   1325.4113
     1275.4116   1951.9532   1030.9325
      483.5975    317.4901    624.4019
      684.4187    676.3790   1606.2004
     1758.9780    898.1041   1612.8019
       60.0838   2221.8164   1735.8856
      490.5463   1741.4171     94.6085
      779.5219   2169.4148   1826.6870
     2080.0581    329.7879    865.5148
     1659.6267   2014.8284    868.2937
      104.7923   1368.4871   1701.5972
     1066.5229   1295.5674    706.2014
       29.5247   1266.8821    206.2034
      193.7693   1792.8356   1945.8705
     1502.0205    564.7980     25.4371
     2051.2825   1908.0472    411.9195
     1257.2778    436.5909     22.8930
      316.7719   2214.5354   1661.5880
     2013.7570   1019.2893    431.9289
     1165.0798   1734.2590    190.6667
     1413.8967   2054.3281   1250.6832
     1189.2902   1486.0166   1650.7764
     2073.8862   2171.6138    153.8529
     2116.6836   1937.2681    158.5159
     1595.7314   1364.6810   1089.3645
      454.8513   1572.9137   1894.5205
     1713.8038    106.1284   2101.5356
      978.5438   1432.8242    962.1227
     1878.4531    818.2704   1389.4475
     1233.1451   1392.6842    906.0651
     1849.1639   2193.3230   1029.1406
     1438.4788    131.4588   1564.2323
      989.1299   2025.5581   1893.9625
     1565.9274   1665.2604   1043.2949
     1173.4373   1058.3406    559.3167
      923.1341   1434.5012   1213.0577
      568.8821    935.1457    468.0659
     2235.5874    637.5354   1172.9736
     1706.2654    951.9399   1212.1517
     1057.8044    798.4335   1604.9659
     1262.1440   1893.8170    822.6158
     2011.0424    535.2393    428.2981
     1732.5536   1858.1382   2051.5122
      516.7189    581.7246   2231.2214
     1243.6719   1132.4296    153.0018
       13.0121    747.8174   1383.6034
     1119.5237   1522.6985    642.6943
      521.7618    527.7943    724.6561
     2151.4502   1522.2775   1640.3983
     1574.7866   1678.1998   2176.8015
     1126.8270   1609.0875    880.4922
     1417.3352    457.0223   2080.0925
       59.5755    272.3022    370.4316
     1013.3569   1955.6144    190.6234
     1044.5402    665.1000   2099.2976
      182.7324   1726.5137    471.4818
     1923.7194   1456.0691    280.8455
     1847.4137    355.1130    541.0801
      191.6941   1580.6523   1818.4618
      655.0862     12.7505   2186.8833
      332.6994   1091.5868    414.0683
       21.2974    526.4395   1546.8702
     1678.9299   1259.4390    604.0803
      248.6703   2098.5676   1915.3962
     2215.8618    489.6868   1793.5801
     1357.5042   1163.0609   2171.0562
     1345.3127   1464.0217   1162.8505
      257.1745   2222.1724   2176.6282
     1760.8002    942.5078     40.2987
     1532.9697   1416.2692    652.4818
     1469.3412   1092.0559   1208.7042
     2075.7419    338.9766    240.4408
      533.2531     99.8636   1708.8365
      667.2580   1793.2057   1992.5881
      867.4847    415.4104   1503.2782
     2222.5662   1728.5620   2013.0807
     1450.4761   1871.0096   1678.3517
      670.8350    429.6789   1738.0027
     2103.8235   1386.9773   1021.3527
      657.2156    482.2284   2012.5850
     2251.4636    161.6830    156.3650
     1614.3007   2126.4524   2073.6074
      299.9591   1088.5438   2205.2590
      690.3311   1477.6078    915.1096
      992.1973    911.7269   1318.0126
      461.8077   1738.5504    441.7223
     1171.2111   2246.2432   2139.6943
     1658.6025   1128.9441   1020.3809
     1131.1488    228.8038   1797.4017
      939.9916   1622.0596   2097.0195
      168.6642   2006.8010   2106.9626
     2107.9617    876.6277   1004.4775
      498.0470    282.3062   1874.0442
     2125.7844    456.3681   1305.0881
     1431.7825    888.5963   1330.7168
     1484.5377    471.5069    520.8874
      447.8803    638.7464   1589.9670
      813.7689   2164.1404    820.3650
      328.7238    163.1712    447.0272
     1472.3737   1598.1042    565.3765
      153.1808    374.5571   1650.7898
     2116.7317   1034.9391   1665.0765
     1745.7458   1185.0083   1231.0206
      391.1709     41.0364   1985.5481
     1415.9247   1144.4727    581.7253
      498.8932   2058.2058     65.5367
      635.8302    777.2592    288.6321
      432.9413   1589.4237   1516.9082
     1196.5757   2201.2903    434.7301
     1472.7444    717.3638   1791.9823
       93.9067    411.5724     93.7463
      483.9863    458.4539    956.0809
      783.3828   1070.6248    934.7556
      513.1653   1470.6351     94.0178
     1878.0957    804.9242   1958.1998
     1534.1956    741.7254    783.7515
     2189.0269     64.1333    541.4312
     1618.8662   1487.5804     62.5971
     1733.7649    721.3864   1800.1339
     1548.6997    650.9792   2006.1975
     1792.0831    173.5978    751.3763
      824.6932   1782.8678   1490.0042
      730.6683   1414.3879    632.5944
      908.1071   2166.7112     37.8394
     1230.0168   2221.2957   1111.0627
      685.9432    666.5161   1853.3824
     1728.7887    814.1089    675.1525
      948.0691    498.1530   1954.8813
     1428.1417   1140.5144   1493.7538
     1304.3507    557.3522   1408.9374
     1648.7460   1321.4504    850.5768
      236.6649    655.2111   1694.4652
     2256.8870    490.8494    310.1337
      147.8131    988.6407    568.2862
     1871.3137   1233.7678    860.4749
      206.6735    263.6655   1325.0851
     1341.4337   2158.6660   1462.1434
     2229.5278   1527.5632   1897.5598
       19.8030   2177.5190   2129.7317
     1680.7812   1297.6061   1557.3481
      430.3921    971.0206   2011.2399
     1195.0417   2005.9631   1585.5549
      910.6462    913.0704   1947.0696
     1291.0360    621.2343    444.8801
     1869.1714   1307.6736   1079.8018
     1430.8210   1038.5597    913.2491
      983.3458   1078.4965    691.9909
     1310.3379    357.9592    959.4527
      974.3008   2061.0464    554.8008
     1264.5825    641.6113    178.7362
      904.1848    625.9283   1708.5416
     1171.6747    423.7495   2046.5197
      686.5755    526.6196    420.6123
     2205.7078    143.4834   1235.7687
      424.2943   1051.3330   1777.8134
     1015.5159   1647.9342    431.6819
       57.5480    757.2479    340.8199
      377.7132   1677.5007    668.4681
     1065.7950   1804.3220   1015.8691
      447.8273   1472.2841   1221.6504
     1053.7675   2214.1118    697.4481
     1426.1191   1243.3801    810.2096
     1215.2690    214.9178   2027.8063
     1426.5751   2000.3240    473.2981
     1453.8492   1564.7148   1679.9147
      159.8068    765.2870    640.4229
      373.1221   1741.1676   2089.3423
     1195.6213     29.6120   1654.8011
     2026.0536    577.1839    960.4330
     1815.6448    771.5500    447.7511
      971.8646   1124.3265   1198.0481
      109.5123   2118.7837    617.4677
     2094.8574   1125.5435   1131.3862
     1048.4865    553.9891    549.4124
      346.6217   1347.9594   2169.9517
      679.9769    171.4948    111.9425
      857.3532    138.2428   1786.6273
     1446.9723   2048.9893    761.2570
     1581.4502     36.6358     22.5278
      560.1177   1352.2601   2012.1517
     2152.7444   1317.3003   2106.7654
      798.4050   1599.3861   1626.0316
     1014.5699   2246.7246   1458.4174
      662.5250   1652.9905    251.4497
     1883.7866   1351.9196   1966.3960
     1913.1824   1291.3706   1399.5208
     1107.1895   1056.4167   2220.9282
     1373.6451    313.9033    698.3401
      304.8901    827.4392    420.1466
     2133.0396   1229.3859    395.2554
      895.5250   1779.7275    584.4965
     1647.6895   1406.5492   1831.0486
     1549.3777    948.9293    545.1094
     2069.3672   1859.5930    688.8654
      840.0214   2258.9966   2027.8389
     1486.7307    321.3435      8.2206
     2019.5153   2035.4044   1916.0353
       65.0778   1929.1938    108.1648
     1176.9225   1537.9880   2050.0369
     1803.4657   1691.9072   1369.7621
     1344.1616    397.7899   1871.2118
     1183.7710   1803.5564   1239.4545
      555.7179   2236.1653   1028.4817
      407.6344    201.1938   1506.5638
      716.7122    364.1072    270.1045
     1114.9258    184.4538    610.5533
     1668.2537   1879.2898   1293.0884
     1634.0878   1365.1095    245.7897
       49.6799   1032.3066     43.0400
     1004.6794      6.9735   1211.1228
     1816.4004   1456.4380    683.7461
     1607.5441   1869.3927    367.6137
        4.9246   1387.8392   1451.9176
       89.0378    949.8723   1500.5929
      839.6385    678.2571   2078.0942
     1725.7994    555.8052    418.2643
      844.6805   1427.5511   1416.9503
     1258.5928   2157.4380    875.2172
      960.9229    275.7695   2022.7771
     1901.4175   2001.7383    793.8632
     2161.7310   2241.1587   1938.3705
      318.3510   1592.9911     41.5745
     1072.1433   1786.1006   2198.8728
     2253.7693    291.8153    631.3380
      379.0800    741.3657    172.9604
     2234.4531   1104.6530   2072.8660
     1002.6462   1228.3541   1418.6014
      472.6669    874.8847   2225.9458
     2165.5625    128.9492    975.9548
     1349.3079    934.9371    693.9790
     1649.6914    770.2843   1398.1394
     1830.7753   1831.2266    302.5103
     1317.7731   1513.5188    215.2408
      371.2711   2201.2271    714.2153
      168.9905   2072.7332   1508.5834
      881.1417    496.3216   1219.3500
     1517.2595    502.9309   1386.7924
     1935.1017   1694.0746   1597.0442
     1976.7975     25.0299    849.1907
      429.6922   1881.8926   1901.2812
     1304.5964   2252.6404    633.0361
     1165.4564    425.8576    259.0006
       39.7585   1746.9602   1722.7999
     1690.7367   2057.2363     25.1552
     1015.6950   1409.0885   1925.2814
      584.2469   1894.4545   2208.7070
     1034.8840   1054.6578   1582.9449
      886.9828    433.7473    902.9452
      660.5278   1574.8400   1390.1584
      367.1525   1723.1600   1739.2988
     1580.4486   1013.4705   2103.4514
     2159.8843   1999.4568   1399.8459
      399.7758   1838.7782    894.7100
      217.5045    566.2181    353.8761
     1913.9402    297.9356   2113.0247
      182.6429   1573.1686   1581.5117
     1726.7957   1151.7778   1974.1750
      514.9382     62.1274    574.8690
     1287.5214   2009.4844    237.4938
      304.2552    532.1674     73.2889
     2079.7454    915.5397   2131.4514
     1793.8457    429.4925   1118.8506
      686.9082   1000.0511    158.1805
      239.2235   2012.4360    765.6716
     1771.8265    231.9396   1876.6819
       14.8268    680.2141   1932.4237
     1823.2992   2246.4238     48.6379
     1275.2312   1613.1692   2254.5596
     2111.4143    384.8533   1613.5411
     1256.2648   1140.6287   1983.8123
      517.7661   2126.5732   1856.3464
     1571.0066    404.4795    864.3109
      409.3824    428.9814   1197.7528
     1476.3331   1687.3198    131.4941
     1560.8455    254.4387   1791.7295
     1767.7733   1636.6761    200.8582
      624.7814     55.6186   1958.5664
     1301.4541   1355.2682    632.5931
     1372.7455   1447.9047   1503.0337
     1808.6635    393.3735    873.4807
     1017.6880    912.3859   1085.2203
      194.6462    538.2486   1877.6584
      719.5566   2053.4819   2079.4277
     1986.9576   1517.6495   2103.4934
      357.4687   1240.3738   1963.5850
      469.3845   1186.5742   1601.2263
     2153.5410    930.6331   1923.4675
      888.3894    798.5881    204.8134
     1540.9800    708.8904    495.0198
     1992.7725   1821.4554   1004.9330
     1019.0572    248.6800    857.4283
     1500.0262   1810.9437    820.2365
      339.8409   2056.9922    949.7343
      459.4126   1603.3029    885.2034
     1646.5422    410.7471   2061.9578
      229.7821   1410.4741   1316.9697
      232.8322   1170.7642   1702.5706
      239.5268   1347.3198   1087.8370
      522.2815   1025.4053    891.0198
      850.7354   1888.6405    359.4768
      747.9214    257.0643   2136.9429
      609.5880   1134.8071    360.2253
     1997.8260    582.9893   1807.4833
     2097.0688   1126.1978      0.4244
      573.7924    372.8999   1521.5892
      792.7894   2175.2568   1345.7950
     2191.2031     12.1766    783.5220
      803.9777   1186.8984    225.1034
     1976.7937   1991.4592   1627.1658
     1959.8851   1517.2722   1193.3433
      500.3332    349.2075     97.8651
      120.6843   1258.8419   2201.1843
     1559.5000    794.3489     59.8436
     1011.1382   1985.5610    821.9268
      163.9706    120.0435    625.6469
      584.1213   2098.1282    827.3530
     1973.5104   1563.0586   1852.2482
      658.2409   1805.3912    921.4161
     1204.1450    774.8443   1431.4912
     1920.1005    744.0164   2246.7722
      531.8881    238.0377   1030.6494
     2178.1108   2196.1233   1147.9618
     2254.9619   2010.6058    836.4644
        5.6778   1534.1263   2143.9939
     1414.8622    420.2068    257.1050
     1230.6473   1997.7737   2050.8860
      705.7437   1765.3424   1165.4045
     1649.0436   1058.3510   1466.0171
     1246.2228   1286.1390   1302.8666
      616.5760    813.5559   1292.0258
     1373.3345    199.2096    228.9376
     1675.0383    311.6687   1286.1547
       64.9202    723.9894    959.6512
      267.6758   1641.5116   1341.0667
     1976.4812   2141.5576    410.3288
      919.2079   1698.0825    174.4997
      674.4078    772.0501     39.1335
     1385.0181     96.2186   1806.0128
     1059.6760   1514.2422     29.2710
     1862.6748   1663.2683   2227.7783
        2.0839   1502.4218    915.4849
      293.9821    243.5413   2032.0626
     1162.0229    837.7684     56.2945
      332.0510   1836.5210   1536.2775
      910.4987    260.3639   1133.5847
     1679.5642   1817.8708    107.9637
     1439.3647    866.9123   1972.4429
     1629.4064   2173.8958   1173.9819
      452.4063    959.9025    243.7891
      726.6369    116.4372    396.2183
     1356.8706    843.2178    176.2543
     2095.4917    105.0454   2228.4587
      179.2662   1609.1162   1084.8904
      816.4565   1501.3094     18.5288
     1935.8970   1015.9339    743.9048
      554.1971   1115.9790   2182.4058
      217.9610    526.0220   1068.5198
     1524.2723   1300.7472   1346.1497
     1461.5308   2162.5068   1001.1409
      242.0928   1143.7814    199.0704
     1977.5807     69.6562   1220.3282
      778.8825    869.9651   1474.3033
     1915.3112    786.3202    875.2109
        4.1206   1760.3380    261.1234
      525.9818   1359.2819   1452.4146
      454.9907   2064.9478   2084.2017
     1385.9520    200.6099    489.4895
     2002.6935    803.5685    610.8120
     1025.0624   1127.9246    975.8273
     1458.8336   1383.0638    413.4018
      779.1864   1373.1958   1826.3275
      957.1365   1386.2280    469.7574
      335.5910    451.5419   1451.5743
      218.1018    360.9542    544.0491
      891.7936   1881.3942   2054.5203
      825.4716    730.2650    448.2070
     1383.4812   1907.2417   1435.4447
     1894.9525   1680.7509    669.6537
     1442.0728   1294.5911    126.3277
     1616.1006   1879.6471    618.6028
     1489.7871   1489.7170    913.7626
     1236.9187   2154.8162   1836.7919
     1330.5850   1856.2601      3.7225
     1836.4386   1948.2262    581.5292
     1369.0919   1784.6992    350.2924
     2136.0554   1128.2747    613.5980
     1049.7272   1501.3037    261.5575
      382.4384   1560.3931    288.9460
     1692.5737    540.6708    652.6129
     2124.3206   1613.6777    710.2048
     2120.3821   1141.0547    893.8002
      971.8870    305.8192    186.3984
      482.9514   1187.1395    124.3151
     1187.5077    199.0949   1120.9772
     1740.4994    559.0482   2244.3074
     1995.3252   1789.1559   2047.4808
     2124.1116   1798.6974   1525.9456
     1098.1896   1770.8892   1946.5745
     1114.2845   1587.3486   1158.6194
     2150.1340   1098.8175   1421.5488
      506.6888    574.5529    237.0299
     1897.0210   1225.9061   2201.8096
     1884.7163   1201.7766   1758.1553
     2089.4475    846.0518   1492.8239
     1841.5885   2067.2041   2072.1738
      895.5696     95.9307    210.1734
      446.2386   1948.9940    279.0299
     2115.8320   1699.6860   2241.2024
        5.2269    493.6663    934.4727
      688.3957    887.7670   2084.7449
     1040.1006    885.1956    521.3424
      822.7236   1447.2787    298.5661
      407.3647   1215.4153   1245.6453
     1431.3007   2020.1755   1898.7828
      196.1988    435.2494   2119.7146
     1587.4192    902.2915    321.7278
      964.9615   1012.4452    160.6583
      401.6683    395.1519   1702.4977
      441.7514   1671.0850   1108.4382
     1547.2588    455.7139   1119.4169
     1606.6058   1241.7306   2195.2561
      894.4169    390.0130    653.2007
     1179.1332    760.5126   1121.7478
      817.6627    110.7420    672.3190
     1575.2916   1606.8322    354.4443
      926.9760   1548.6577    747.6679
     1681.2792    115.2140    503.4285
     1940.9111   1900.2783     30.1386
     2220.2490    828.6219    112.8510
     2098.1699   1302.2500   1274.4362
     2196.5945   1931.0911   2128.9392
     1233.8024    383.9086    492.5616
     1176.3715   2031.4718   1308.0524
     1356.7302   1245.0895   1043.9854
      127.5099   1869.5847    982.6406
      636.4119   1643.5293    684.9091
      678.9176   1965.7175   1821.5138
     1628.2024   1524.7595   1498.3790
     1010.8412   1620.5210   1546.8153
      143.1349    511.8869   1310.4507
      604.3110    802.5765    733.3570
     2222.6350   1015.0873    250.5278
     1383.0195    610.4489    970.0121
     2089.7520    850.8569   1254.5623
      502.0484    728.1633   2033.7560
     1163.5667      5.2303    141.7168
      251.9339   1523.6567   2036.2955
     2074.2812   1376.9193    749.3972
      856.6985   1123.5381   1749.5675
     1697.6846    771.4598   2134.4106
     2253.9907   2004.2527   1665.3916
     1616.7847   2061.1875   1475.4530
      472.8164   1365.0311    968.5930
     2050.2771    143.2612   1494.9205
     1809.4297    985.1015    255.9378
      594.1566     93.4560    801.0492
     1405.6515   2104.0762   2243.0828
      269.2447    810.1171   1882.8665
     2093.4973    267.8635    451.1830
     1088.4255    343.3269   1313.5448
      171.8521    782.4734   1184.3142
     1268.1576    954.5361   1564.1823
       21.6276   1170.3708   1569.1337
     2248.9995   1472.4542   1188.9727
      821.9433   1104.7985   1416.1887
     2231.7197   2256.8779   1426.2627
     1335.9476   1352.4736   1909.1580
     1500.7092    649.8552    268.8239
      938.9069   1673.7000   1259.7040
      489.7450    790.2382   1779.5865
     1430.2627   1305.6344   1688.3171
      289.7993   1353.7489   1515.0681
     1646.1484    450.7908    188.6810
      674.5970   1493.8442   1139.9143
     2149.6379    213.7499   2008.5875
      678.3110   1051.3468    667.5862
     1684.0049   1446.3801   2080.6199
     1507.1465   1033.8438    110.4605
     2215.8450    897.1382    506.2113
      204.3054   1945.0087   1735.8827
      663.1240    363.3829   1275.8450
     1899.4620   1034.8922   1011.6915
      248.8693    709.0260   1435.6007
     1213.6556   2030.3170    603.1274
      681.3781    279.6009    532.6995
      291.3739    879.1387   1626.5748
      601.3917   2148.4417   1550.9347
     1972.0938   2185.8447   1486.8472
     1127.6167    486.5671   1795.3539
     2027.8999   1700.5500    189.1309
     1148.8373    150.5959    334.5865
      497.1919    707.7763    915.0979
     1230.4619    126.2461    849.7872
      249.5709    849.6125   2248.3818
      957.2589     73.8740    469.8910
      718.9979   1277.2991   1584.3535
      782.2896   1598.3035    483.3938
      301.7547   1898.9568     27.8876
     1688.1313   1871.4248   1611.5513
     1145.0095    922.2430   2044.0182
      562.7461   1061.9919   1377.1886
      734.7986    638.5522    916.1612
     2096.3916   2194.0171   1707.7345
     1367.5352      3.3135   2036.0676
      799.1972   1282.2207   1085.6591
     1415.4797   1428.5098   2132.7048
      621.9261    614.9600   1138.8611
     1734.4537   2114.4990    439.2579
     1813.3615    544.5988   1342.8341
      710.1632   2072.0110    373.9640
       29.2685    976.7084   1242.1930
     2031.7852    799.1374   1715.3517
      464.4746    151.4558   1264.5935
     1168.1725    606.1680    874.6530
     1929.5327     56.1631   2020.5391
     2034.6602    782.7628    344.1028
     1003.0757   1586.7324   1762.2124
      104.5532   1360.8542   1945.6301
     2202.3884   1381.4149    564.4055
     1359.3431    132.8991   2259.4868
      545.6318   1564.7240   2111.7605
      800.7534    984.2814    379.6952
      911.6503    680.2405   1423.6372
     1120.8813   1764.1351    647.8284
      378.9639   2014.3123   1362.3049
      840.0867   1791.9915   1795.6194
      224.7061   1375.1490    833.4053
     1057.6927   1845.1357   1704.8723
     1981.9829    599.5526   1192.3394
     1995.4901    488.9013   2240.0198
     1694.0168   2028.8484   1808.0033
     1538.4196   1548.0009   1265.1068
     1906.9709    528.1547    182.4276
     1037.0903    734.3058   1850.8806
