       65.8244    202.4523   1885.9500
      521.6012   1319.3754    254.1890
      669.1458   1715.8695   1508.9749
     2212.8135    978.8766   1000.1454
     1893.7094    357.4382    326.6307
     1481.1743   1569.6901    306.8720
     1215.0469    223.3440    744.6922
     1687.6793   1018.9475   2045.8031
     1959.1909   1238.7008    183.7190
     1782.9573    966.7253   1719.0911
     1995.0114   1789.9951    135.6161
      413.5101   1644.2798   1038.9940
     1638.8267   1712.9509   2054.0295
      989.2718    238.6643   2127.0022
     1387.0077   1136.7292   1240.1168
      150.8833   1362.3422   2059.2852
      762.5848   1043.4894   2063.6433
     1386.2125    676.0999    868.3788
      765.4991    639.9220    866.2406
     2110.0815   2187.8853     10.1803
     2088.3523   1157.5923   1256.6615
     1043.0302   1984.5497   1142.2617
      666.3015    384.5894   1899.3789
      387.1202   1090.6703    875.5336
      574.8275   2196.2915   1298.4280
      722.9694   2009.6652    352.1166
     1764.9159   2006.8850   1655.8619
       44.3992    185.9443   1461.5363
     2206.7612   1544.3807   1389.8313
     1735.5006   2235.4211   1883.1661
      286.4104    226.5836    711.0106
      933.0099   1445.7074   2228.4895
     1129.3008   1398.3033    159.2077
      685.5605   1320.5857   1210.6097
      763.6982    390.1785    306.9778
     1024.1194   1952.0270    233.0331
     1272.0990    719.2808   1908.3232
     2082.3403   1096.1357   2143.9370
     1549.4514   1829.3837    368.5020
      276.4918   1549.8870    321.3340
      522.7405    315.1483    208.2350
     1180.5013    182.3477   1415.2555
     2096.7830    528.2151    214.0220
      585.3663   2195.5408   1580.5825
      133.5669   1614.4619    554.8990
      686.8892    961.7704    146.9879
     1544.7627   2015.1840   1277.0254
     2045.5907   1496.9731    215.9190
     2085.8167    935.6208    757.6153
     1338.9512    652.4612   1209.3110
      950.9874   2234.6978    262.9961
      139.9393    719.5381   1296.8810
      135.7653   1343.4342   1406.3306
     1898.4188    552.1136    973.6804
     1054.5006    647.9991    255.5046
     2217.5713   1102.1390    249.3147
     1982.2958    925.8975    304.2962
     2148.8955    355.3064    441.6594
      208.5694    820.4717    767.7279
      609.5576   1627.0198   1212.9722
      859.5650   1331.6356   1865.7614
     1992.8071   1518.3634    528.5765
     1873.7689   2198.0652    778.9811
     2155.7056   1113.4991   1613.9900
     1509.8939   1547.4244   1548.2023
     1138.2001   2150.9048   1694.4050
      856.4888   2241.7612   1712.1804
     1904.9994   2196.9275   2100.1953
     2130.3208    874.8705   1303.1460
     1205.3077     69.9878    992.7589
     1367.4125   2108.8413   1136.8585
     1904.6912   2046.4152   1348.8292
     2174.2607   1109.7305   1903.0897
      199.1563   1594.9999   1258.1066
     1501.5142    222.6609   1697.1577
     1221.2260   1810.0991   1478.8661
      547.7654   1732.1187   2191.4155
     1762.1637   1462.2876     56.7014
     1110.3903   2147.3083    463.1042
     1344.6278    838.5521   1377.7421
     1788.0380   1102.2864   1444.6276
     1462.4347    996.4463    210.3722
     2164.1228    362.3255   1248.5521
     1155.3856     97.1653    153.8803
     1808.6504   1346.7501    741.6115
     1050.5052   2091.1941   1382.7717
      529.3461   1766.6980   1919.4269
     1801.0002     29.3835     92.5997
     1554.5582   1467.2592    584.5255
      855.2036    319.3743    895.0103
     2148.7021   2103.1194   1186.8248
      614.0241   1634.7540    826.5430
     1613.6387   2108.9236    683.5497
      427.7817    492.7411    469.2470
      813.8220   2188.9370   1040.2678
     2253.5129     91.6489    631.6302
     1612.8956    514.1088   1191.8898
      248.2437   2257.4062     99.2919
      305.7286    104.2561    432.8747
     1983.6727   1796.3163   1792.2969
     1771.9159   1746.8861   1401.8270
     1738.0320    134.8292   1050.3295
      431.5898   1032.6537   1668.1836
      159.8740   1975.3939    840.0908
      728.3120   1318.7847    658.5895
     1700.2136     82.6109    399.9787
     1278.7239   1912.2932   1707.4447
     1237.8802   2205.8364    746.3116
      307.5734   1345.6439    700.1295
      954.0731   1048.6693    713.5314
      651.8365   1013.4750    775.7543
     1441.2853    956.1964    979.6278
      570.3555      2.3134    497.6627
      606.2153   1469.0048   1760.9286
     1376.2156   1415.5413   1116.4894
     2259.9885    863.3975   2107.9771
      586.2355    775.9901   1059.1219
     1944.9749    870.4365   1499.0948
     1878.4227    473.2205   1614.9131
      764.4694   1323.0188   1526.7783
     1698.5546    601.0541    636.7166
     1424.3799   1230.0541   2061.1877
      797.3049   2182.9836    610.4622
     1697.8728   1779.0765   1136.7449
     1976.7278     71.2185    553.8686
     1972.9219   1784.5542   1006.4929
      718.0330   1623.1011   1993.8181
     2256.3362    494.0289   2257.0386
      137.1745    332.6947   1171.9025
      216.9631    668.9424   2261.6021
     1848.3446   2130.8367   1048.5880
      214.4015   1267.7542    996.4166
       96.4048   1093.2130    774.7175
      857.5365   1019.5715   1751.6621
     1897.6443   1320.4968   1043.9446
      523.7180   1996.5782    525.2041
     1323.4805    723.0374    138.5794
      473.3014   1331.3988   2027.3562
      606.9034     34.0409    225.8383
      238.8411   2109.6313    616.3216
      153.1753   1092.8760   1472.1155
     1582.6034   1237.0687     52.1848
      795.6310   1991.2657   1571.3149
      950.9265   1579.6222    522.2175
      123.0118   2120.2595   1456.8573
      511.1822   1751.0477    319.0014
     1016.4933   1334.7935   1589.1499
     1327.6548   2154.4016   1461.0234
       97.2822    517.0248   1961.4199
      242.7172    776.1271   1995.9115
     1405.7832    239.3554   1268.1613
     2252.9712    729.5833   1847.0336
     1998.7574    658.9829    525.4919
      862.4299   2106.0901   2237.4949
      476.7261   1285.2970   1502.8610
      657.9509    660.2791   1317.7694
      283.6057    778.9869    471.6792
     1441.6270    424.1648    682.0064
     1420.4415   1305.5531    287.6892
     1528.4934    884.7264   1818.4498
       40.2977   1946.3489    120.3779
      200.3632   1002.1896   1829.0187
     2211.0554    332.2282    921.2632
     1672.7062   1203.2925   1061.7583
     2004.9648   1635.3970   1570.5183
      147.0493    487.0989    596.1218
     1343.4608   1223.0183   1510.2596
      986.6450   1044.6301    271.1165
     1663.6511    296.1612   1352.8965
      236.1072    444.4529   1434.6670
      340.9712   2188.3162    997.6930
     1607.3821   1995.5499     49.1537
     1096.7852   1991.3214    826.0738
      267.9747    842.1079   1025.4100
     1624.2440    375.7720    903.1985
     2222.4163   1369.6433   1130.6967
      824.6534   1676.6031   1039.3224
      855.7062    549.3845   2246.3013
     1655.9813    726.0576     29.8598
        4.4319   1034.9332    530.0369
     1802.0786    660.7888   1769.3756
      436.0125    948.9092    638.6494
     1770.7505   1451.9639   1705.6653
     1549.2263   1838.3646   1516.4889
      616.4973   2033.7545   1025.1886
      881.1777   1326.7985    938.2646
      802.1332    680.5458    210.7698
      727.8417   1128.5844    461.1284
      328.7142    548.2184   1705.3583
     1489.9474   1512.5642   1858.9441
      317.9543   1751.7482    775.2314
     1057.9738    393.3282   1204.6462
      450.9680   2021.9888    781.3304
       35.3876    421.5061   1653.7684
     1188.6196    467.9697   1756.6090
     1080.9834   1546.5392   1979.0996
      634.1964   1538.1233    209.1665
      805.9513    501.7042   1131.9053
     2151.1948   1849.4065   2119.2622
      723.1501   1967.8375   1282.7306
      109.3168    235.5547    200.0947
     2028.0516     59.2711   1093.8147
     1842.5282    619.6689    243.0617
      359.7956   1564.2931   1595.3805
     1240.8511    475.0604   1506.5753
     1467.8278    142.8322    633.9574
     1187.1699   1273.3413   1850.9401
     2205.2305   1330.7961     37.5703
      977.7396    255.9989   1679.1987
     1208.7391   1675.8154    736.5673
      539.6024   1392.3232    956.4081
     1015.4099   2233.2644   2025.9607
     1727.1731   1890.3915    799.6220
       64.2059   1963.4080   1890.1857
     1471.0248   2153.3433   1682.8932
     2004.1558   1274.5902   1501.2800
      310.8726   2175.4597   1742.7521
      389.8054    183.3392   1114.9283
      148.8938     35.5863   1228.8029
      173.7259   1069.1750   2168.1240
     1331.5122   1745.3334   1985.0464
     1725.5378    181.3965    752.9760
     1587.3563    687.4305    372.8167
      205.0501   1890.8875    483.8993
      934.6204   1629.3900    270.5639
       28.6782   1356.2339   1673.0054
     1566.8943     21.1296   1368.5004
     2061.8486   2162.9167    295.5681
     1337.9628   2190.1519   1969.2151
     1284.6357   1707.0902    968.9272
     1332.3997    152.6376   2177.2148
     1084.2120    496.0222    883.3729
     1770.2112   1414.6447    380.5639
     1611.2404   1406.8721   1296.3661
     1338.8616   1478.2250    843.9407
      927.3521    425.3760   1480.8105
     2087.3999    202.9535    136.2728
     1083.1829    429.3107     88.1506
      636.1575     98.8818    910.7759
     1243.6979   1478.2065   1375.4598
     2126.0979   1819.1921   1308.8892
     1159.0198   1569.4174   1673.5602
     1158.4897    840.9614    998.7838
     1501.1333   1190.8478    514.2341
     1699.1760    767.3795   1495.5806
      802.9017   1860.8916     91.4391
     1075.7666   1202.3340   2159.1155
     2193.1951   1557.0782   2123.6885
      658.2531    849.5367    399.5436
     2163.7773    565.1284   1520.0156
      103.2635   2147.0520    347.2874
     1785.0573    516.8695   2006.1538
     1415.7738    140.1242    344.7016
     1298.1129    791.3683    383.6879
     1367.1160    352.1941   1010.3638
      630.4591   1151.1108   1803.5254
     1048.8372    832.6251     23.0856
      947.6345   1324.8014    394.7917
      111.5943   2101.4324   2156.3430
     1106.5282   1035.0850   1486.8328
      565.5041    574.3418     42.2986
      144.0522   1001.5242   1176.3185
     1702.5958    845.7692   1005.1296
     1222.4344    613.6030    618.9397
     2137.7822   2182.8401   1963.9052
     1821.0140   1675.7401    345.9762
     1214.5758    159.6147   1792.6584
     1022.7984   1855.9005    562.4841
     2197.9878   1657.0754   1074.2222
     2066.6509   1411.6232   1851.0504
      915.1425   1590.5184   1722.9813
     1750.7211    851.0931    541.8856
     1706.5237   1377.6877   1959.1307
      316.9401   1565.4188   2184.7166
      858.6050    138.9825     73.5257
      886.9808    506.5349   1830.8872
     1551.6653   1969.0793   1933.5104
     1888.7614   1330.8765   2136.7288
     1967.3201   1201.3804    542.0526
      832.2875    890.4169   1196.5970
      354.3233    352.4975     30.9492
     1225.0941   1802.7122    340.5619
     1101.6257   1718.4254   1166.5029
     1457.9087   1999.4329    890.7415
     2166.6426   2075.6333    604.8642
       73.5371    844.6702   1590.8956
     1405.8899    707.1127   1663.0895
     2232.4438    795.8647    193.8188
      359.5950    341.1628   1892.4006
      602.9963    837.1724   2164.6782
     1392.4921    510.2559    379.1870
      379.7835    554.5252   1092.2903
     1522.9307   1256.6266    795.9332
      585.2363    400.4331    885.3956
      985.0031    704.1896   1478.8115
     2108.6567   2041.4509    936.9321
     2171.2061   1883.3824   1589.8693
      967.4293      4.6509    830.6196
     1635.2247   1513.3153    978.7233
     1525.1606    938.6086    622.0708
      691.1885    822.6185   1554.2579
      495.1706    934.9090   1954.1664
     1838.2899   1034.7158     74.4346
     1720.6292    277.7509   1803.6700
     1097.9501   1475.5740   1055.8489
      388.3497    735.2646   1520.9200
      198.1720   1286.7183    187.2226
      955.3131    528.7509    611.6747
     1699.2966   1703.0576     85.5304
     2091.1143   1563.7949    795.0248
      988.9998    687.3761   1168.6145
     1917.8002   2047.9563    104.7506
      943.4245    825.4391    467.0094
      153.9669    568.5628    926.7924
     1960.8324    850.0104   1848.1521
      435.3127     31.8304    759.4733
     1773.4495   1064.7008    779.2744
     1259.6804   1526.9741   2227.0137
      675.1762    211.5867   1542.7048
     1925.8584   1618.9026   2078.1292
      370.8051    113.6241   1413.9320
     1631.7352   1294.7549   1539.6174
     2258.8750    155.3932   2192.6941
      181.7046   1546.1154    902.3636
      844.9401   1509.0057   1356.0745
     2103.3337   2242.4094   1467.9362
     1383.0056   1993.2893    552.4537
     1125.0994   1269.1368    719.4696
     1989.3857    737.5208   2185.6230
      314.5852   1820.7549    134.4395
      763.0554   2164.9456   1978.0393
      691.4639   1053.8882   1436.6788
     1986.0980   2090.9602   1800.6357
      373.4128   2018.5481   1185.2406
      469.5730    581.8386   2061.1025
      655.0054    742.5232   1837.7272
     1530.2617   1505.7424   2195.2893
     1433.4149    921.6002   2121.5662
     1632.9349    305.3202    175.6458
     1583.2280    956.7238   1302.9432
     1457.5789     78.1567    937.9562
     2161.7422    675.2244   1136.7830
     1749.7257     97.8506   1616.7196
      468.1999   1065.7517    330.8322
      192.6217   1760.7617   2054.4910
      961.6837    165.1469   1123.1611
     1270.6095    988.3779   1748.6490
     1233.7090   1488.2814    436.2688
     1546.6597    331.3688   2104.5247
      764.4674   1891.4241    794.1904
      196.3940   1821.1689   1745.0612
      571.3704     72.8893   1855.7083
      104.7590   1882.1455   1122.3918
     1152.7107    331.7610    391.4879
     2081.0935    379.6726   1896.2837
      803.9929   1255.7107    198.8651
     2227.8213   1333.8201    633.1741
      916.0966    741.0537   1997.5060
      640.5752    515.8458   1559.0186
     1564.8621    666.5534   2069.9761
      149.2294    520.7020    292.1605
      830.8614   2262.0574   1372.2666
     1193.8788   1117.0951    491.4342
       14.1024    718.5270    481.3112
      941.4916   1581.6718    768.6552
     2063.3188   1197.8555    861.6217
     1118.1167   1945.5493   2041.2559
     1722.6073   2097.0232    339.5381
      275.2717    189.1934   1686.6379
        9.2095   2249.8137   1728.6390
      126.3236     96.7407    957.0580
     1976.2103    197.5271    829.1148
        8.6746   1741.6279    340.5003
      672.1493   1400.3329   2180.8433
      433.9427    637.9796    732.5897
      631.4109    304.7202   2149.3806
     1874.7795   1458.1377   1350.2444
      723.6008   1711.2212    547.3721
      410.1350   1794.1732   1376.7194
       89.2378   1656.4203    107.6524
     2172.3564   1819.2386    694.2487
      704.2075    608.4959    608.4241
      172.4338   1796.9274   1485.1144
      888.2118   1821.0817   1981.5244
     1680.3601    389.1178    513.6873
     2159.6157    640.0154    772.0748
      270.3253   1578.5634   1837.8181
     1909.9922   1195.5549   1843.7107
     1281.2753    956.0987    720.5530
     1181.3241    627.5971   2160.0789
     1404.7480   1785.0797     15.9619
     1895.3840    691.3964   1198.0647
     1888.5803    746.9812    789.9073
      255.2410    919.5703    218.0108
      676.4016    319.7057    619.8434
     1895.5621    336.5697   1232.6725
     2041.0189    398.9956    687.9051
     1494.0398    467.8723   1866.2050
      283.8519    132.5051   2119.1282
     1912.7061    383.6007     15.0639
     1974.7073    180.4999   2057.7576
      924.3436   1053.8826    997.7690
     1883.8899     73.9702   1345.9071
     1197.3954   1094.9576     80.2852
      603.1920   1897.9330   1743.6259
     1461.1615   1749.0183    687.6063
     1826.5425   1625.4528    741.2287
      488.1171    441.8433   1321.6387
      413.4332   2056.0066    278.4827
     1216.8186    357.7000   2002.5947
     1682.7271   1071.8684    345.1884
     1680.9381   1703.0927   1768.4927
      530.8657     24.3109   2201.5422
      398.4705   1342.2098   1203.8021
      676.4547    185.1758   1179.0187
      475.6983   1079.0116   1136.7529
     1326.9058   2086.5371    280.5081
      946.6832    170.8044    517.0126
     1811.4457   1917.1573   2046.7462
     2212.5479   1638.3027   1845.7739
     1873.5537   1586.3639   1117.8193
     1404.3140   1704.3707   1292.5480
      456.5067   1070.7764   2235.4739
     1006.6183   1231.2396   1252.5211
      433.6286   2063.9241   1980.9124
      352.7939    896.2824   1345.0115
      969.3743   1773.4691   1381.3842
      406.8875    712.1712    251.9040
     1596.1178    515.1572   1625.4156
     1025.2241   1870.6033   1747.1012
     1513.1810   1234.3418   1771.7272
      227.7836   1137.9154    439.7054
     1045.3704    799.8136   1719.7448
     1080.3052   1762.4198     41.8800
     1127.1929    974.0733   2000.8131
      288.8902   1261.9185   1716.5156
      578.3060   2008.2250   2229.3552
     2226.6370   1371.4960    355.8499
     1987.4814    132.4605   1729.3226
     1019.2881    747.6091    761.5471
     1497.6605    953.8704   1533.7661
     1590.3418   2228.5149   2168.1858
     1354.9795    397.4748     86.7153
     1866.1366    995.0671   1156.7749
      523.1015   1472.5284    509.3204
     2011.0267   1914.0085    431.0916
      366.7522   2016.3866   1548.1350
     1203.5449   1176.2872    955.8239
     1318.8312   2038.4874   2248.1829
