       34.1304    221.8285   1626.5382
      956.8654   1320.9716    496.3524
      261.2668   1632.9608   1490.4222
     2193.0825    789.7419   1062.9952
     2255.4680     38.3609    296.7009
     1399.4907   1360.6550    129.3262
      959.6284      0.5566    742.3875
     1716.3042   1226.7206   2149.9526
     1831.0844   1169.3292    311.3904
     1597.4795    910.1094   1531.2178
     2139.1357   1710.1399    598.6570
      291.8596   1816.4835    679.3193
     1577.9126   1661.7206   2221.5889
      749.8392    551.2800   2002.9235
     1417.2568   1722.9991   1277.8732
        0.4150   1504.6691   1930.6780
      562.4203    792.2436   1733.0109
     1217.9576    440.3961    668.0703
      741.3168    571.9937   1070.3849
     1881.5248   1900.2515    145.7967
     2118.9321   1232.7390   1245.4857
      863.3944   2182.2393    981.9429
      805.9332    436.8761   2208.3533
        5.1047    981.1447    926.6200
      652.6997   2097.8618   1179.4871
     1006.4621   2244.7375     62.2328
     1552.0011   1763.2205   1873.6501
       26.1131    155.7219   1421.4934
     2114.5881   1425.7174   1584.8173
     1529.4353   2188.6675   1982.3402
      462.5537    603.2036    932.3373
     1124.3707   1517.6354   2031.7454
      982.5568   1752.9532    470.5768
      846.2946   1179.9368   1065.1930
      530.1612    418.2295    276.1105
     1429.5308   1877.2426     16.1754
     1055.0579   1216.3389   2054.4377
     1919.8066   1305.4819   2067.5515
     1714.6213   1917.4957    282.2641
      393.5677   1530.7504    254.7166
      269.5391    483.0661     60.2775
     1009.7119     35.1162   1592.6147
     2114.5703    737.1195    398.7719
      841.6735   2069.0781   1562.7299
      205.2842   1625.8733    726.2283
      658.8331   1084.5642    330.5301
     1529.5452   2025.2001   1261.4615
     2168.8748   1283.6327    357.8689
     2237.2253   1117.9628    487.7601
     1420.6274    516.9566    997.5034
     1109.5746   2205.5164    472.5152
      184.2333    682.4691   1341.9374
      144.3760   1238.3439   1536.6288
     2098.8796    428.7426   1131.1593
      810.2435    598.6818     68.9401
     2070.6331    930.6152    276.3830
     2222.5508   1081.2933    243.4990
     1972.1528    215.2445    361.1771
      137.0004    835.7649    799.1988
      351.9181   1831.7062   1052.5079
      691.8206   1152.9193   1838.2748
     2087.6350   1479.9882    412.2749
     1605.2988   2072.0310    656.7913
     2065.4346   1060.5580   1474.9147
     1443.1785   1859.3572   1488.1320
     1139.9857   2040.3531   1341.0586
     1085.5262   1858.9086   1655.3879
     1722.6334   2124.3774   2149.1362
     1919.0533    903.2673   1386.3259
     1121.3799    263.4515    764.9551
     1260.1383   2075.4243    885.5508
     1785.5554   1983.0132   1581.6677
     1893.5599   1343.3448   1787.2552
      124.1821   1999.4690   1269.3724
     1074.4314    223.0082   1711.0737
     1087.7936   1578.4827   1622.2426
      471.1284   1825.7003   1921.6123
     1954.0309   1324.2246    483.2307
     1019.9078   2073.8118    642.9383
     1078.3286    700.1758   1114.5370
     1888.1167    854.2916   1142.9385
     1921.5160    750.4777    291.1357
     2236.7734    306.4274   1237.9641
     1222.8119      1.0603     35.1291
     1819.1656   1705.5697    849.0903
      930.8998   1717.2068   1593.2224
      520.4979   1799.3839   1590.2694
     1839.1287    166.0936    193.6894
     1731.4905   1327.5791    478.2920
      586.0621    231.0350    802.2618
     2228.5120   2226.5745    841.7388
      685.5621   1395.0090    731.6966
     1839.3621   2051.0093   1003.5817
      580.6000    586.8456     93.6190
      593.9315   2229.7324    763.1634
     1894.2501    284.0101    791.7708
     1370.6805    620.7682   1702.9587
      440.5291   2185.4270    566.4132
      445.0680    258.1219    440.5445
     1480.1392   1660.3119   1680.6031
     1812.4469   1449.8669   1384.5950
     1487.2471    195.0354   1495.7473
      444.1321    667.9399   1528.3622
      195.5309   1959.0638   1076.8528
     1095.5122   1333.9685    681.8559
     1449.4987    346.8635    275.5216
     1237.7112   1897.3929   1820.0371
     1092.5375   1630.9371    659.2076
      324.0170   1309.9080    547.0592
     1433.3215   1192.4771    973.1188
      520.6603    809.5239    953.4235
     1114.0615   1003.6500    844.1013
      790.3776     72.1036    617.9417
      497.9455   1382.6244   1637.7396
     1105.6796   1730.4227   1448.6364
     2120.6418    868.8669   2110.8479
      642.6574   1237.6094   1091.7793
     1699.1029    843.4787   1327.5363
     2055.6353    283.7939   1349.1931
      446.2649   1351.3801   1428.2111
     1953.7615    219.6465    583.1057
     1483.3696   1295.9725   2152.8083
      557.7127   2028.4233    745.5306
     1945.1387   1644.5686   1015.3332
     1885.2889      6.2705    513.7721
     1730.8306   1602.6356   1063.7758
     1234.7285   1772.4536   2240.3530
     1673.8228    580.7783   2005.6047
      290.5804    105.1642   1093.7196
      196.4354    609.6697   2173.4888
     1814.1160   1841.1876   1030.0814
       58.2186   1349.2385   1094.5450
       61.6318   1195.9956    898.7515
      592.0059    831.6596   1497.6030
     1723.0387   1416.4329   1130.8042
      533.4828   1864.2054    866.8764
     1608.8231    643.0167     16.0748
      166.6025   1148.5577   1748.1166
      654.3642    136.4801    137.9718
      375.0291   1989.6718    633.7051
      210.3575   1128.3973   1071.9695
     1288.2222   1048.3696    335.7601
      634.2904   1984.3147   1572.1279
     1246.5913   1481.2542    691.9150
      228.9066   2175.8015   1193.2363
       11.1144   2033.6250     87.1388
      865.2589   1137.4851   1432.3566
     1699.6854   1621.4459   1305.5367
      112.1760    237.0112   2023.0059
      149.8513    840.9141   1491.6621
     1359.0853    331.6326   1137.9639
     2262.1440    583.9690   1863.4293
     2048.0330    590.0917    586.3204
      950.2798   1793.0446   2036.1514
      282.5086   1418.9913   1564.7212
      889.9724    661.3071   1456.3917
      264.8957    748.5433    219.2428
     1149.4867    137.1736    414.9962
     1494.4479    937.0935    348.6417
     1569.3457    938.5397   1915.9095
      200.2069   2122.9231     51.9213
      313.5855    975.6870   1785.3126
     2158.6438    232.1381   1007.9191
     1597.8955   1119.7667   1584.7941
     1750.2629   1467.2026   1691.5769
       44.4237    360.8506    623.8179
     1268.3429   1293.7518   1347.4159
      947.7544    627.5198    531.3986
     1508.7825    525.9603   1574.9501
      378.2776    295.6863   1472.7555
      298.0847   2152.3418    989.9402
     1546.4303   2114.3979     56.6412
     1414.1754   1902.0320   1106.0968
       22.2854    827.4198   1271.3185
     1772.1567      7.8492    946.5757
     2224.8906    961.4180    698.3948
      807.6862   1653.1643    638.6758
      467.9040    941.0887   2060.3784
     1931.0885    596.4215    142.5673
      240.6202   1386.8051    353.4894
     1264.4089    193.9247   1836.5206
      718.1112    870.7721    812.0521
     1628.8167   1300.0394   1755.5950
     1787.1416   1801.5952   1425.7212
      874.6504   1980.7209   1286.5229
      723.1313   1230.0669    890.4918
      732.8113    501.0782    254.9556
      872.8693   1109.4111    521.7832
      354.2838    399.7469   1892.2030
     1363.6863   1481.0123   2010.1481
      509.6118   1786.7169    652.5393
      974.0714    273.2826   1148.5157
      419.5048   2027.7046   1144.4268
       25.8596    505.1341   1651.8015
     1118.1703    582.1608   2067.0991
      530.8298   1702.4025   2108.4839
      581.3381   1417.1553    149.1571
      861.0096    697.9361   1223.5356
     1947.0618   1719.6531   1846.3861
      752.5772   1875.7554   1457.2327
      145.4220      1.6287    447.1590
     1751.4590    135.1497   1122.3519
     2089.5188    370.8524    480.7076
       78.0938   1437.3300   1529.3423
     1197.7579    538.6407   1579.5444
      920.1443    180.1072    458.1052
      880.0034   1159.5483   1955.3002
     2208.9458   1109.9526     11.5060
     1027.4822     74.7330   1853.8308
     1282.3879   1739.9362    711.0463
      415.7046   1379.8840   1007.3190
      962.3416   2170.6060   1977.3252
     1918.0137   1886.5000    804.0586
      352.8016   2193.7146   1554.6639
     1204.5004   2172.4324   1500.1244
     1732.0525   1069.7172   1413.8965
      478.5455   2136.0493   1716.8429
      201.1001     30.7318    836.6436
      228.3327    318.6856   1118.2572
       32.8065   1246.7706   1909.1012
     1358.1404   1500.2314   1612.3483
     1394.6824    157.2851    374.2021
     1641.1460    964.1465    177.0303
      399.2943   1920.6051    438.0653
      783.9554   1440.3368    525.7251
       27.5244   1522.3599   1714.0972
     1734.2275    182.8524   1507.8550
     1793.2015   2121.5852    791.6830
     1137.2159   1968.3945   2005.1171
     1285.9204   1865.7341   1294.4172
     1159.6438    367.1933   2154.6013
     1228.4398    402.7375    955.0352
     1550.0211   1385.7148    329.5249
     1436.1699   1291.5548   1599.3191
     1081.5558   1414.5316   1257.2866
      803.3503    373.6548   1068.9431
     1667.8198     16.8042     64.1309
     1192.4480    588.4235      6.8462
      745.3475     62.1891    835.0652
     1197.4906   1448.3198   1462.0807
     2107.4092   1715.7360   1150.7745
     1181.3187   1373.3427   1658.9469
      934.3625    861.5074   1086.1957
     1524.9633   1307.5760    593.4012
     1331.9690    649.3603   1425.3320
      998.9495   1971.5431    441.0852
     1041.2581   1494.7709   1814.9130
     2125.0676   1535.4921   2116.6919
     1122.8004    466.7899    191.5097
     2258.7188    646.5472   1450.8328
       36.8470   2260.0112    641.6953
     1805.3923    635.3795   2200.1404
     1134.8831     55.9888    857.1006
     1457.8666   1093.6656    535.3093
     1556.8525     85.4126    793.5624
      681.3508    643.5217   1490.7500
      852.0950    826.6431      3.8094
     1368.9407   1267.9354    392.6866
      293.2721   2121.7048   2126.9048
     1100.2960    897.2917   1798.1572
      447.9182    380.4397     66.9751
      372.5342    954.5984   1015.8934
     2032.3247    937.8497    834.4740
     1538.3291    780.0059    189.6393
     1953.8092   2061.1353   1980.5181
     2008.0996   1692.2458    433.2195
     1201.6322      8.1053   1731.4352
     1141.1267   1838.0002    566.8621
     2145.3262   1571.8157    966.1833
     1974.2450   1480.2717   1951.1077
      948.7004   1396.1981   1616.0720
     2084.0129    922.3840    533.9890
     1740.8026   1671.3446   2106.1187
      314.5237   1647.5933   2114.5647
      853.3282    161.8441    114.8460
      701.3375    168.5615   1488.6450
     1351.3274   1702.1472   1887.7927
     1860.1246   1495.0078   2149.5027
     2008.8365   1124.5446    183.3923
      873.9322    984.2807   1566.0194
      315.7388    120.4167    336.1363
     1277.9783   1652.3171    495.1226
     1067.7139   2075.7661   1624.8910
     1466.7744   1969.8160    860.7812
     2048.2075   1866.6666    961.9148
       77.0822    984.7241   1143.3649
     1126.4113   1101.3007   1895.3456
     2259.7837    601.2897    321.1729
      295.4495    304.2245   2117.7249
      712.1796    681.9716   2177.5122
     1903.9004    392.8372    224.8540
      490.1913    846.1360   1159.8787
     1240.0878   1337.3853    896.6611
      813.7824    871.3602   1402.5718
     1015.9888    324.6751   1345.3197
     2248.8096   1754.0077    966.2794
     1898.7137   1927.3951   1810.5432
      933.4183    135.8519    927.1926
     1395.0037   1467.4413   1404.2745
     1608.4701    789.1165    790.2354
      779.8617    777.6188   1614.0050
      385.8140    632.2709   1748.9885
     2137.0637    709.8683    171.6925
     1437.9961     26.3792   2241.8943
      868.9448   1267.9989    677.8058
      739.8098    694.2010   1825.3439
      325.1125   1351.2297    153.8753
     1147.9264    891.3936    292.9256
     1754.9803   1551.3492     90.7157
     2045.9382   1291.1953    755.0863
      880.7754    704.6075    959.1961
     1858.8805   1923.4930    434.4824
      978.2656    745.3542    354.6646
       96.5047    486.1362   1288.2448
     2052.3757    955.5024   1909.2941
      526.1510    337.3077    616.5349
     2231.7065   1153.3766   1092.7808
     1027.9236   1404.6846   2208.6704
      821.7359    139.7888   1118.0524
     1166.9169   1733.2997   2012.2306
      246.6086    133.0336   1508.4236
     1900.4774   1203.4995   1416.5956
     2120.5293    127.0596   1971.8628
      522.6061   2105.1799    957.8023
      630.6583   1689.2684   1402.5448
     1909.2803   1791.2715   1630.1652
     1637.8156   1436.4554    712.2500
     1309.5835   1591.1702    885.6423
     2102.3777    726.6293   1965.4358
      601.8723   2192.0471    194.8318
      876.6613   1986.4022   2091.5122
      726.2775   1129.7570   1280.3643
     1818.2130   2104.5046   1776.6842
      457.0358   2147.6711   1336.3380
      282.5119    622.8598   1960.2916
      506.5676    346.9410   2029.3163
     1261.1334   1350.0712   2129.3027
     1681.7437    796.6060   2070.8601
     1498.7478    430.0695     85.2458
     1616.5126   1329.4686    955.7753
     1373.1899      6.8287    903.5035
     2055.6611    711.0739   1391.0476
     1274.4983    157.6900   1585.2227
      533.5789   1002.1130    162.0470
       83.8394   1961.4501   2143.9600
     1133.9711    129.4290   1444.8036
     1166.7455   1339.8752   1901.1808
      965.0275   1537.4008    469.4456
     1360.9323    472.0329   2189.5054
      693.5938   2042.1262    931.3499
      258.9215   2111.1682   1751.5823
      393.8943     88.9852   1699.2477
      239.0546   2167.3340   1387.6542
     1228.0741    351.0184    347.7403
     1864.0851    998.3986   1572.1765
     1100.5870   1364.2067    313.6894
     2255.9688   1525.7241    596.5177
      893.7719    812.5818   1790.9922
      525.8886    235.4471   1601.1780
     1514.7504    428.2498   1998.0629
       45.4926    407.7086    378.3203
      875.8018   1912.6519   1666.8634
     1492.1052   1132.0016    782.0956
      375.2286    681.3389    435.6221
      398.6873   1704.8702    856.0331
     2226.6409   1409.5297    765.0524
      910.3619   1608.3433   1956.5481
     1745.0856   1898.0061    626.1277
      396.0607    305.5472   1240.5587
       96.0744   2207.1985   1555.9740
       91.4322    180.6640   1025.4082
     1651.0048    493.8355    984.1412
       16.9660   2256.0347     96.5104
      426.4301   1197.9771   1815.9473
      313.7729    343.4926    631.5029
      947.0779    410.3823   2028.1637
     1674.8297   1237.4634   1292.7076
      816.9091   2009.2692    545.3270
      335.5763   1952.2103   1296.6893
       57.5711   1684.0471    204.7393
     2029.5885   1687.1991    808.1914
      845.7545    497.0258    855.3676
        1.7389   1994.3484   1665.8152
      829.7654   1796.8413   1842.2931
     2110.6931    390.9394    711.4850
     2197.8035    777.3574    859.6240
      178.5962   1377.4462   1768.1573
     1819.5859   1163.1744   1930.6425
     1385.2260    767.2551    879.0101
      853.4432    770.0583   2021.0796
     1454.6014   1581.7042    364.3331
     1712.2687    540.6491   1369.1731
     1859.7164    703.6254   1308.1169
      310.7096    935.0490    136.2849
      659.7901    430.3223    450.2844
     1602.6682    289.3978   1080.2194
     2245.6943    552.9465    526.1035
     1474.2395    235.5581   1913.3964
      314.9612    294.9194   1708.5729
     2072.5168    302.4259    109.7083
     1966.8547    349.6794   1860.3943
      752.8541    929.6115   1216.4084
     1605.4686     69.5821   2119.8350
     1855.0023    953.0699    210.0794
      338.6886   2241.1208   1899.4847
     1739.9160   1726.7968    478.0815
     1851.9164   1349.6772    667.8480
      464.3155     49.9559    938.1319
      939.8079   2116.4182    273.7208
     1220.8590    914.0092   2026.5615
     1675.6851   1231.5356    738.8995
     1560.5698   1468.6017   1572.7379
      411.5497     39.2128   2249.2996
      394.5127   1572.9031   1325.8507
      651.3551    212.8690   1015.1121
      288.2648   1268.9116   1194.3616
     1163.8892   2036.4006    303.8342
      711.7975    211.5244    499.7214
     1716.9899   1995.4631   1977.9266
     2123.3428   1839.7661   1773.9565
     1952.9509   1084.3231   1252.0983
     1608.9561   1779.7748   1170.5168
      341.3035   1071.8525   2005.1472
      940.5969   1034.0420   1251.8846
      472.1393   2087.4575   2256.5510
      253.3151   1022.4229   1545.6600
      485.9226    971.6373   1639.8995
      129.5751    727.7488    447.7160
     1766.4489    767.7550   1518.3010
      637.1837   1883.0745   1760.0333
     1394.5236   1380.7732   1785.9595
       95.9043   1320.1840    522.4691
     1137.7362    960.5875   1188.7759
      602.4985   1882.7794    335.3316
      982.4183    957.8959   1993.7759
        9.4454    916.0995   1913.2230
      668.7280   2010.4150   2228.4375
     2257.2751   1649.8525    773.9313
     1870.5968    341.4261   1447.2789
     1278.2230    632.8129    564.5066
     1253.8812   1201.2584   1759.3005
     1314.8129   2154.4836   2119.3618
     1255.2096    343.0107     93.9047
     1324.1140    571.5970   1200.7266
      564.5113   1665.0697    192.0280
     2054.1074   1917.5278    610.8236
      284.7690   1809.6749   1587.8735
     1054.2264   1329.6206   1040.4155
     1202.9969   1565.9147   2231.6794
     1342.7115    558.1701    388.5121
     1408.4296    683.8002     46.4254
      213.9761   1325.6965    963.8645
     1455.5167   1765.4556    824.9518
      803.3803    745.8511    227.8367
     1462.3883   1152.7155    211.5774
      599.9192   1481.2469   1436.2543
     2036.4775   1206.2002   2243.4919
      177.6367    999.1926    293.8934
     2196.5217   1236.9739   1460.5502
      342.4270   1134.5780     86.4737
     1055.2256   1899.4689    985.8412
     1931.8553   2261.2329   1120.9163
      343.0151   1720.5118    493.1074
     1633.2252   1456.9146   2144.1667
     1108.2570    517.4735    466.9157
      705.1714   2098.4790   1392.1464
     1841.4933    176.2570   1929.4541
     2065.1428   1104.1779    626.2341
     1069.8342   1007.9175   2187.6274
      313.8185    809.4750   1656.9805
     1915.9072   1358.2395   1572.4845
     1511.4467    696.1342    445.2296
     1716.8364   2226.4497    266.6543
       73.6467    405.3654    157.8055
      370.3424   1450.4985   1801.9758
     1238.0157    630.4294   1005.7676
      672.0338    215.9473   1865.2157
      998.4041    503.7171   1481.4537
     1937.5905   1960.6689   1386.3301
      416.0703    576.7130    214.8765
      380.9248    148.7582    757.7947
     1215.1151   2027.0278    511.3901
      133.9958     31.0422   1983.6816
     1868.7710   2112.0054   1240.3920
      261.9090   1277.9968   1927.8632
     2102.1870   1431.7660   1156.6969
     1122.8671   1699.4657    871.6149
      434.9692   1168.8267   1058.5070
     1896.8424   2222.7495     98.2915
      624.1427   1102.4478   2054.1614
     1853.0637    670.4368   1699.7411
     1747.2147    877.0840   1706.3217
     1013.2424   1066.6389   1038.3230
      162.6133    758.8636   1826.5154
      568.4556    598.4684    556.9334
     1689.4697   1308.3440   1495.3241
      825.0201    295.2025    322.1545
     1156.2899   1203.2693    468.5638
     2207.7830    904.0857     95.8397
      272.2052   1236.1759   2153.6211
      162.7828    661.4772    671.3959
      747.3508    348.3323    666.2938
      992.2094   1512.4419   1433.9174
       71.1707    811.7944    241.5246
     1248.1296   1030.8877    604.0630
      477.2673   1100.4568   1459.7057
      635.1982      6.9289   2238.9475
      323.0216    773.3541   2130.7239
      952.4184    265.9218   2183.5874
      204.3155     62.2738   2195.4719
     1580.1284    482.9631    451.3091
      360.9451   1018.5924    562.7478
      729.0806   1289.5834   2008.1565
     1922.8459   1557.7734   1232.2297
     1832.1149   1884.4034   2121.3740
     1711.0507    252.7784   2088.6003
      616.0104    490.6275    763.2953
     1590.9492   2153.4226   1779.9789
      888.4324   1365.1063    889.9849
      175.0456     66.5378   1711.5273
     1250.1689   1994.0127   2211.0955
      639.0441   1282.1210   2221.1353
     1105.2382   2044.6680     95.2889
      575.9673   2208.5706   1531.5818
     2116.8608    127.1736   1199.1226
      910.7422   2212.9465    492.0175
      318.4937   1440.7456   2054.7683
     1135.9265    328.6991   1529.7654
     1928.7903   1548.8973    227.0642
     2233.2166    120.6667   2144.3464
      572.6462   1168.8267   1659.9539
     1407.6354   2226.1399   1620.0940
     2188.9763    360.1812   1946.8209
      487.2296   1258.8945   2016.3547
     1743.7999    795.3079    576.2667
     1960.7294    499.5886   1278.9199
     1157.3595    605.2402   1797.8822
      303.2077   1526.9694    890.9594
     1276.3026   1059.3433   1337.2610
     1431.9836    246.4383   1701.9036
      836.9603   1018.1995   2146.5271
     1448.4724   1888.6045   1721.4036
     1050.9951    884.7606    652.5251
     1733.2308    494.0944   1583.8580
      875.8689    721.6726    731.4293
      803.5331   1447.9860   2156.6711
     1743.3258   2069.0552    103.9119
     2158.6660     16.6226   1020.8878
      408.5632   1771.3292     51.9433
     1549.7487   2108.3589    289.7323
     1211.9083    194.5493   1013.2710
      890.9319   1104.8660    830.0093
      855.4724   1220.0063   2200.4077
     1636.3833   1337.8484     69.9966
      703.1725    961.2646   1717.0612
     1448.2074   1559.9457    705.0211
      175.9853    460.3261    759.2346
     1983.5963    541.8151    377.8076
      997.6756   1602.9546   1209.9473
      177.9929   1036.1831    825.2835
      326.9498   1165.7872    316.0048
      549.5475   1039.7327    894.9087
     2238.0667   2063.4048    664.3075
      847.0858   1824.2620   2244.8691
      683.7859   1353.0516   1263.0612
      246.2534    845.7212   1232.8346
     1579.9287    254.9953    461.8516
      290.0600    703.0999    862.8225
      720.1849    340.9872   2032.9623
      575.8526   2051.7261   1892.2621
     2228.2495    570.5493    759.2183
     1403.3740   1700.1661   1054.4960
     1262.6249    728.9551   2123.7249
      865.7827    166.3505   1994.3311
     2260.7749   1366.9153   2236.4380
      837.2763   1566.6482   1750.7773
     1033.8617     52.5698   1097.0613
      213.9506   1453.0298   2244.8604
     1555.2782    464.8909   1192.5394
     1921.3962    750.4614    497.3691
     2127.4048   2115.4226   1513.9114
      631.8703    787.8178    103.7016
     1944.1830   1586.4448   1494.2443
      410.1332    464.8358    466.0127
      745.2972    444.1765   1832.3602
     2048.4348   1634.0901     35.6484
      604.7073    599.2762   1707.0410
     1253.4388   1118.1189   2097.2976
      613.6878   1560.8292   1696.9320
     2217.7815   1955.5830   1918.2682
     1940.5132   1563.9429   1720.5742
     1605.5427   1755.2329    960.1552
     1344.2635   1008.1764   1890.2350
     1267.9248   1542.0936   1807.6808
     1228.9260    769.4013   1264.7773
     1050.3293   2125.7134    900.2590
      677.2014   1054.0013     17.1471
     1558.0382    200.0717   1280.2195
     1803.3484   1186.2955   1650.2224
     1430.3597   2180.8186    729.3948
     1955.5270      6.6166    303.0441
      225.7719   2159.8577    619.7761
     1790.5981    465.1702    812.8320
     1757.3911    661.4025    906.4896
     2138.0396   2014.7795   2128.1501
      731.6395   1740.2620   1622.6848
     1065.7594    971.7596    468.7910
     1104.7319   2094.2222   1844.2235
     2178.5020   2173.5085   1977.0597
      116.2744    633.0734    917.2315
     1720.1056   1691.2574   1735.9896
     1252.6278    881.6765   1453.7443
     1559.4003   1599.7202   2000.5262
      543.3912   1701.0822    425.1325
      163.6618   1766.8163   2210.2300
       58.3430    951.5495   2140.8901
     1456.6454   2121.1157   1040.5933
     2203.1096   1881.2891    790.5452
      517.4868   1946.4053    147.6250
      464.3386    207.6078   1857.8315
       58.0293   2139.9133   1794.7902
     1931.6440   1053.2850   1773.7374
     2260.6045    910.2707    420.9888
      797.4379    283.4417    867.4503
      242.5271    484.4303    961.3041
     2012.9460   1861.0223   2240.3271
     1797.4817    933.6310   1923.2462
     1733.1353    885.2792    997.6464
     1466.7382   1245.9369   1414.8182
     2258.6875   1576.9225     43.0206
     1484.9479    274.7253   2149.6663
     1560.1024    882.4349    549.3922
      927.7195   1481.1576    701.9615
      517.7006   1768.0979   1210.6599
     1623.0186    100.9247   1899.6711
      567.2339    438.5814   1547.1195
     1741.0802   2193.9038   1585.9636
     1764.7319    576.3204    499.7328
       66.1528   1795.3239   1607.9877
      363.6486    909.5961    800.1200
     1667.7928   1898.7642      5.8250
     1411.0081   1437.7576   1001.6542
      433.3961   1559.1862     27.9981
      751.1134   1181.2571    155.2695
     1552.9095   1081.4319     29.3372
      431.0981    704.2362   1326.6133
      990.3187   1252.9595   1795.1736
      243.3661   1636.5876    116.4719
      354.5765   1207.8577   1626.6871
      756.7789    949.7854   1932.0176
     1954.6425    814.6360   1815.2212
     1500.6238   1993.3851   1911.7073
      794.4006    410.6827   1469.7888
     1235.3097    762.1193   1643.7463
     2112.7566    479.6544    230.1172
      392.6721   1920.4138   1733.7795
      740.9280   1830.1641   1226.7235
       91.4966   1790.5623   1158.2821
     2171.7612    771.1178   1762.2865
      377.9845   2187.8337    780.2063
     1464.8311    520.6594    610.8147
     1914.4259    112.0561   1550.6606
     2121.6011   1991.1506   1318.8892
      543.7523    184.1789   1199.4778
     1347.2207    543.0372    179.1627
      672.6836   1110.7189    711.4055
      653.7328     74.8145   1666.5516
      197.2361    552.6296   1763.3683
      696.4897    671.2845    877.7680
     2237.2732   1253.5668   1690.0365
      623.1162    386.7320   1172.5927
     1326.5306   1671.9994   1475.5651
     1690.0295   1068.3929   1773.2633
      461.4902    802.6936    251.6944
      764.1550   1663.0464   2088.7317
     1383.2015   1159.0100   1209.5354
     2154.2925   1528.9893    225.9688
     1374.1256    986.8082   1138.7775
     1314.2241   1441.7670    309.9653
     1677.5092   1004.1981    748.7632
     1377.5570     83.4481   2040.4132
     1880.8270   1088.2412    782.0591
     1226.6249    429.2828   1352.7977
      123.2509   1448.2683    181.5432
      700.4189   2090.5730   1722.0643
     1849.9434    651.2362    700.2485
     1631.2675   1980.9039   1058.5271
     1180.3385   1032.0756    113.9259
      839.9390   1419.4481   1084.1075
      396.2703   1788.5436   1403.4746
     1380.5977    767.2244   1105.1207
      216.6892    887.0496   1985.3104
      104.0279   1231.1235    277.0929
     1515.8423   1317.8408   1156.6086
     1257.4940   1314.0474   1130.7596
     1562.3591   2260.3958   1467.7167
     2188.6648    866.1469   1480.5925
      466.5717   1159.8500    704.2149
     1776.4095   1571.9778   1904.2623
     1144.7175   1810.3115    345.3676
     1013.9586    478.5619      6.2752
     1112.6886   1933.5393    762.5338
     1118.6571   1586.8177    341.5696
     1503.1785    695.0155   1883.9532
      904.6966    322.7001   1831.2025
      289.2975   1877.8533   2050.8328
     2030.3547    147.8980   2233.0237
      767.3937   1766.0765    188.0142
     1836.7239   1727.9563     33.5292
     1848.2784   1319.9799     65.7836
     1203.2719   1402.6252    106.8032
      540.2889   1366.8440    580.1785
     1558.6450   2036.5228   1576.8801
     1693.4832   1596.7950    313.6631
     1546.5031    564.3541    246.1884
      204.5999   1536.3364   1895.0039
      383.7417   1387.3553    749.9785
     1883.5037     62.4123    749.9283
     1280.9155   1866.1831    907.3458
     1547.0444   1777.0076    368.5319
     2141.1812   1325.4408   2045.7169
      748.3972   2105.0642    354.4606
     1101.2739    216.9406   1984.9194
     1589.3628    134.4393    267.3503
     1667.5775    333.5898    267.4426
      607.0967   1482.9220    370.5286
     1638.1112    615.1937    655.8625
      518.2053    227.9387   2204.8982
      539.7896   1504.9227    862.3645
     2191.1814      8.9729   1708.0880
      635.4150   1431.2269   1023.0332
      116.7349   1729.7900    551.5704
     1307.5179    149.3506    761.7031
     1065.4821   2122.7820   2148.6121
     1325.8708   1987.2196    688.5302
     2119.4788     47.7533    455.9799
      438.0542    443.2474   1065.6749
     1772.3759    467.6453   1159.4094
      498.3015    502.9282   1348.5621
     2027.9641   1121.3815    408.4092
      330.1882    775.5928    631.3186
     1439.4191    206.7453     98.2197
      875.5134    425.5956    484.4833
     1281.4476    602.4895    788.7441
     2038.0836    655.5031   2174.3496
      795.5706   1547.8490   1522.9686
     1677.5245   2175.9019   1137.7410
     1516.0486   1868.5181    662.5801
     1336.0121    759.0456    302.6461
       30.0339   1489.2589    371.4056
     1042.9509   1113.2864    649.9093
     1161.0461   2251.6187   1288.4380
        8.5973   2208.8167   1364.6774
     1390.8563   1445.7507    525.9464
      627.9608    444.4050    957.6927
     2070.5735    155.2972    831.4997
     1977.7544    439.2982   1644.8342
     1668.8827   1936.0381   1770.2010
      822.0003   1348.1989   1446.5876
      150.5258   1821.1132    357.8410
      733.2016   1893.0084    750.1743
     1581.7062   1111.9989   1122.0507
     2034.3696    381.7113    924.3575
      584.9210   1033.8201   1120.4650
     2245.8005   2134.5073   1166.4106
      224.3478   1496.0151   1157.1165
     1847.4690   1281.0101    884.8455
     1599.2374   2145.3418    885.9165
      782.7352   2257.3501   1874.4771
      219.0988    298.3927    445.8932
     1736.6052   1599.7537   1530.0062
      870.7063    827.3750    509.4711
      652.0539    359.7128     85.8542
       54.5178   1715.8951   1800.6675
      108.2211   1392.8947   2056.8279
     1100.4728   1214.4465   2262.9087
     1291.5752     31.5950    565.5613
      760.1017    564.7727    634.8910
     2076.9973   2228.6262    659.3503
      309.0590     92.9633   1295.3724
     1338.7688   1489.9384   1209.9260
      793.9801   2001.0562   1894.7324
      121.4794    353.0656   1805.6484
     1154.7990   2238.1211    238.1193
     1444.8711    235.8527    943.4736
      276.5845    879.3862    422.9250
     1412.5018   1027.2393   1544.8655
      355.1638   1027.3844   1236.8092
     1819.2528    367.5211    426.7767
      234.4101   1406.0410   1362.8203
     1071.2914    217.5008     90.3535
      671.1312   1879.9492   2036.8905
      774.9185   2115.1848    725.4170
      395.5000    802.6853   1889.1660
      289.8251   1183.3055   1416.7742
     1899.9238   1417.4950   1037.2006
     2131.5742   1598.2010   1353.6752
      759.4987   1649.0215    432.2546
       91.3150   1227.1244   1299.4619
     1615.8795   1515.8386    501.2483
     1589.7761    369.6464    841.9376
      255.4490    229.9269     74.8631
      352.2714   1973.3199    876.4816
      588.1904   1999.6553    538.0595
      169.9010   1375.9617    745.7172
      580.9521    645.2636    337.9290
     1075.9147     84.4886   2135.1035
     1988.5145   2205.1382   1646.3911
      819.6272    537.0684   1661.2367
      380.3631    471.5317   1626.4358
      301.9066    370.4466    263.1180
      219.7469    559.6115    309.0582
     1920.0573   2082.6824    644.9688
      694.8750   1235.8237    530.4727
     1548.7065   1523.8868    155.9552
     1731.5709    470.3232     96.6266
     2106.2290    474.6863   1461.3148
      374.7882     99.6982   2041.4235
     1338.5798    226.2912   1347.4972
     2097.9048   2083.1223   1805.2094
      693.0659    792.0093   1063.1234
      317.6073   2137.8743    387.9135
     1596.1293   2238.1787    432.8321
     1422.9631   1490.3418   2234.4539
      103.2716   1899.9750    661.3691
     1057.4728   1102.6495    291.7379
     1082.0322    763.9057    870.8901
      716.8663   1383.6154   1640.3983
     2233.1086   1800.7150     31.9420
     1904.0309   1033.7700   1002.3007
      598.5298   1564.6692   1221.8607
     1560.2589    705.4055    991.0355
     2129.6819   1654.5684   1922.4751
      653.7781   1592.3705     11.6366
     1536.6583   1351.1293   1957.2297
      612.3428    232.3395    313.5221
      855.8609   1591.5760     53.7929
     1767.1326   1398.3854    286.9925
     1534.7179   1551.8550   1146.0781
     2232.2266   1793.2144   1341.8766
     1738.3333    206.1942    624.5764
     1225.1908   2214.8188   1048.1423
      409.9321    383.3574    820.9692
     1847.7959   1529.2919    453.9689
     1409.9766   1680.6703     96.3500
      974.0285   1594.4767    986.4525
     1155.4622    770.0138    497.1078
     1971.2659    749.3180    941.8021
     1281.1345    231.2433    575.3351
     1985.4440   2217.9622    891.7161
     2031.8381    972.4528     13.1408
      506.3331   2161.4111   2070.8196
       31.1895    212.1139     81.6304
     1828.9203    338.3305    990.9827
     2024.9915    587.1708    814.0641
      852.1854     22.0637   2154.8184
     1167.1598   1531.2272   1080.4554
     1323.0963   2127.2075   1220.3761
     1255.0410    992.4131   1680.7628
     1386.1107    945.4959    165.4824
     1965.4135    265.5081   2080.3623
     1575.2601   1437.1464   1323.4244
      161.7095   1871.0356    129.8396
     1587.7626   1190.3517    392.1343
      896.2430   1729.2533   1359.0488
     1627.4966    311.9537   1674.5880
     1370.8517   1973.3445    319.3845
       87.2442   1509.3600    916.3337
     2229.5801    548.3635   2095.5850
      573.4313   1940.1429   1332.9833
       72.6881   1170.0005   2120.6699
     1688.6454    321.0703   1876.1277
     1081.9026    105.3421    629.8358
      119.2230   1032.3760     97.0163
       98.4057   2209.0681   1015.6640
     1432.1576   2106.4443    512.7654
       36.0151   1987.1553   1453.7981
      555.3581    930.9074    694.0304
      978.0106    516.5164   1069.3384
     1518.0463   2257.1316   1247.2816
      680.3704   1040.5695   1505.6399
      372.8327    502.1558   2125.9177
      198.4283    849.0372   1005.9554
      207.6359   1518.0282    536.7494
      597.8198    320.4401   1373.4127
     1528.1149   1646.1252   1445.5710
     1905.3938    537.8066   1020.8821
     2164.1321    182.8254    628.8444
      153.0607    469.2529   1989.4097
      221.3635    602.5349   1552.2723
     1426.4874    841.8329   2042.4603
      868.4730    958.9567    335.4955
      638.3111   1251.0197   1469.3895
     1823.7294    437.1288   2034.6664
      188.0002   1995.4939    473.0147
     2164.9404    342.9295   2151.9558
      322.1672   1990.7887    223.6897
      779.5376   1379.8280     93.3855
     1085.7521    657.2910    679.7373
     1500.3337   2041.4937   2125.5459
     2243.6628   1911.1656    263.3885
     2036.6682   1226.8134   1881.9615
      285.0750    484.7780   1387.7783
      181.8829   1820.2002   1411.2567
     2013.8289   2095.0903    468.5368
     1546.2059     78.4127   1019.9705
     2228.1191    716.8767   2245.1028
     1194.5760   2177.4697    695.9045
     1799.7406   1201.8295   1079.7167
      541.6701    391.5268   1780.5743
     1303.1406   1256.6742    613.5488
       23.9032   1061.2295   1546.9945
     2182.2788   1094.1343   1805.9568
     1648.6779    245.7769     55.5707
      891.9449   1981.1145    852.9753
     1993.9191   1476.5796    855.1794
      774.9217    645.0709    421.7610
     1962.1262    790.1621     71.5719
     1925.4973    280.8211   1177.1855
      504.8076   1157.7190    477.6671
      194.2517    285.6340   1341.2218
     2210.1858   1061.8420   1312.1847
      850.1328    961.6542    664.7125
      407.0327   1593.3506   1076.0063
     2123.6990   1106.2343   2055.3413
     2058.9185   2049.4446    798.2700
       67.0502    707.0964   1644.3073
      369.8026   2037.9591   1941.3358
     1319.3217   2100.0483   1910.0883
     2146.3198   2125.7722    272.3572
      988.0344    451.1376    676.8156
      544.6118    613.8010   1147.9301
      529.8141     45.5527    386.1473
       16.8957    379.5096   1459.3665
      440.1198    190.2767    173.9968
     1421.6465   1356.8970    789.5626
     1241.2272   1194.5785   1527.0159
     1684.2732    780.8755    363.2141
     2030.8553    175.4617   1755.4008
     2185.7859   1312.4530    149.0990
     1267.9863    180.6492   2206.7119
     2117.5613     63.8098   1499.0597
     1344.9910     12.4092   1391.4817
      371.2417   1773.4596    266.9352
      756.0793     56.3811    338.1588
     1058.3534   1706.0854   1813.2228
     1151.5245    189.6868   1218.7445
     1903.2333    949.7238    419.6614
     1228.5331    390.5477   1718.8882
      653.8114    742.3872   1299.8148
      391.1844    563.7042    683.9005
      175.4189    806.8821     27.1925
     2050.9836   1909.6351    348.3241
     1442.7523    947.1572    722.6544
     1342.4952   2091.7036    135.4819
      883.2987   1178.5778    329.0476
      151.2500   2069.7209   1962.6833
     1410.4252     37.6127   1814.0442
      564.1429     17.5986   1857.8374
     2055.8628   1389.1569   1378.1299
      157.2944   2048.6953    813.0996
       62.2707    721.6192   2031.6626
     1090.1562   1181.8406   1224.9528
     1078.5746   1732.8461    121.9217
      584.8469    486.9195   2162.4761
     1047.0277   1882.2623   2236.2026
     1201.2689   1622.1313   1286.3251
     1497.2638     77.9046    583.1031
      474.4716   1119.6672   2210.8894
      435.5648    254.7496   1016.2534
      546.5212    121.5553    617.4404
      781.9043   1554.0239    868.9894
      585.8030   1666.9146   1013.1908
     1752.8839    673.8174   1124.7433
     1697.4282   1180.9049    186.3460
     1075.8573   1041.5187   1418.8632
     1545.9246    859.4079   2236.6340
      288.4080    519.6742   1193.3817
      722.3087   2152.1123   2065.7827
      981.7667   1917.9258   1456.3284
     1504.8843    565.9138    806.3264
     1905.9783   2076.2063    274.9262
       14.2535    171.3240    815.9968
     1538.5391    673.9829   1230.1523
     2206.4229   1903.2040   1125.7466
       14.8084   1429.4253   1326.2755
      337.6778     98.4055    555.5174
     1686.8939   1112.4170    925.0156
     1363.6414    373.6048   1545.9114
     1409.8926    431.5254   1822.0934
     2037.7510   1196.8275   1637.8134
      671.5762      4.1945   1040.1768
      704.3769   1514.2365   1944.1416
     1077.5302    745.0301   1950.4310
      735.0882    316.0058   1659.0341
     1985.2262   1761.7518   1365.1261
     1345.6171   1160.7013     13.4016
     1063.7946   1863.3326   1245.5192
     2161.8965    501.8229     39.5981
     1522.6479    968.7589    964.7340
      183.0175     40.8049    175.8836
      104.3130    366.8392   2216.8484
     1000.9719    677.4279    115.4964
      923.6740   1034.9928   1783.9966
     2183.8472    606.2925   1234.2977
      824.1503   2262.0889   1525.7363
     1332.3673    872.4077    495.0014
      392.5794   2212.0039    171.0241
      471.9908   1328.5480    364.9450
     1357.4381    378.1558    780.4763
      582.7938   1394.8167   1848.4583
     1514.9584    263.3785    665.7774
     1215.9467   2001.3751   1096.9301
     1311.6154   2047.2058   1667.7531
     2087.6025    865.3367   1254.9712
     2067.7993   2202.1262   1301.9557
     1352.1775    106.3601   1156.1354
     1494.1908   1681.0052    557.5072
      738.0406   1003.9263    981.5453
      744.9299   1985.7794    189.2726
      647.3620   1710.9904   1875.4874
      882.3574    385.6235    145.0610
     1739.7748   1024.3420   1193.0167
     1003.9056    689.1062   1669.9694
       15.5157   1194.5532    686.9467
      756.7347   1650.8348   1113.4435
     1159.2981    438.2975   1141.9305
     2050.6785    774.0568    702.6723
      307.8914   1934.1832   2260.5271
      384.4016    684.9707     34.4572
     1382.8811   2066.3042   1418.4811
      105.4421   1794.8287   1996.9775
     2236.9429   1889.2726    489.0182
     1953.4274    476.2164   2240.4016
     1603.9399    702.1923   1663.1470
      506.0797   1192.5397   1277.7032
      788.8887    281.2275   1287.2249
      662.6588    885.2947   2161.8901
      518.8661   1218.0952    164.9111
      810.4864   1364.5383   1819.5325
      878.0312   1411.2177    305.9564
     1039.5057   2101.0273   1144.6216
     2256.7947   1619.6689   1508.6913
     1596.0610     85.3819   1670.2153
      522.6806   2082.4639    348.2680
     1708.8486    202.1901    866.1241
     1834.4034   1085.8585     35.8119
     1017.3372   1507.4879    154.8779
      673.3936    858.0009    365.7075
     1994.5940   1991.0128   1620.0143
      935.1799   1067.7261     90.1546
       78.4770   1607.4713   2087.4844
      198.5501   1669.1438   1007.9462
     1008.0827    885.7299    154.7264
      506.6687    842.3749    523.2200
      805.0600   1863.0404    371.5396
     1025.3964    293.9222    284.2117
     2150.8242    577.6314    988.9091
      553.4872   1468.6011   2094.8716
      455.9676   1392.9241   1218.8727
      464.3001    875.9784      5.7171
     1751.0383    726.9627    159.3674
     1015.2344   1643.9800   2174.2407
      407.9760   1508.3340    486.0823
     2025.8406   1870.3932   1978.8209
      700.4501     79.8770   1308.2638
      897.2682    489.6648   1274.7721
      889.5430   2043.3518     25.8250
      843.5441   2213.1074   1216.8634
     1294.5876    331.0031   2012.1260
       98.0448    673.6874   1122.6807
     1899.6019   1051.1274   2093.3013
      962.9589   1903.9573    227.1426
     2061.1140   2006.9630    128.5190
      103.5426    615.8731    109.7880
     1562.3231   1513.2393   1796.8773
     1567.1560    692.8608   1421.6931
      973.5831     62.7045    284.6759
     1695.6735   1014.2380   2112.0249
      488.1699   1921.3690   2124.5076
      154.6958   1238.4996     70.8766
     1600.5702   1160.6049   1963.6495
     2102.3713   1658.1128   1658.9434
      919.9326   2157.6987   1757.0703
     2164.3398   1351.5958    952.5472
     1472.5583   1125.3882   1767.2684
     1628.9115    449.9765   2161.6899
     1770.9866   1483.9692    869.9436
      625.3563   1813.3439      2.1778
      204.2031   2008.1481   1561.8170
     1112.1364    410.8697   1889.5560
      470.5638   1586.6973   1540.6738
      932.2078    123.6770   1341.4569
     1164.7869    650.5820    277.3393
     1323.2263    968.7542    905.7972
      912.1957   1737.4128    830.1221
     1847.0764    297.2035     12.8246
      891.9830   1299.8672   1230.4003
     1828.6447    849.6900    815.9804
      938.8444   1680.0966    272.5084
     1217.2552   1118.7227   1030.9164
     1239.0479    155.2542    191.4517
      682.4797    774.7413    611.4708
     1595.9354   1961.6949    458.9726
      917.7994    259.7644   1542.0303
     1345.4258   1888.5070   2013.4221
     1612.6241   1747.4290    154.5626
     1759.3536    154.6366    406.7456
      948.2493    530.1449    306.4353
      606.4227   1909.4093   1073.0140
      458.4381   2236.9482   1147.9834
     2112.1589   1411.9104   1805.1195
     1382.2510    368.3504    486.0648
      767.1074    947.4746    168.8100
     1781.7327    874.4866   2255.0042
     1823.5259    281.4272   1702.7523
     1822.0403     97.3776   2191.3774
     1742.7787    282.3846   1272.6501
       96.4882     88.3240   1232.7400
      711.9177    536.2243   1310.5767
     2035.8567   1409.0907     29.3093
     2246.3831    168.5057   1840.9384
     2097.0579    989.0967   1070.4071
     2156.2092    375.6012   1731.7522
     1755.7965   2104.0366    455.2177
     1485.1498    641.4077   2108.2615
     1700.8925   1006.1497    384.1862
     1074.7982   1121.0255   1617.8354
     1594.9930   1855.8441   1367.4541
     1422.2448    853.8382   1329.9329
     2216.0283   1692.9358    384.3212
     1737.1418     34.2606   1332.2869
      693.7078   1810.8916    550.8342
      462.6081   1583.7297   1936.1547
     1423.7300    782.5955   1561.6608
      760.9026   1814.2000    955.5512
      166.1934    191.5811    659.2252
     1702.2986   1915.9705    833.8074
     1896.1550   2175.4268   1444.5159
     1904.2563   1763.4929    603.2673
     1751.2532   1371.3773   1957.1617
     2099.7617   2188.7957   2251.8748
     2112.2295   1830.0222   1531.0137
     1890.6083    654.4766   1966.0702
       21.7178   1561.5471   1147.2668
     2006.8239    685.7344   1149.2218
     1244.7209   1865.2915    165.4815
     1107.7433    713.2841   1461.6439
     1789.2277     61.9168   1752.7939
     1055.1984   1263.6954   1431.5636
     1315.1052    921.5395   2226.8064
     1046.1860    872.3743   1571.1774
     2078.3142   2079.5081   1049.9521
      956.5623   1287.0460    139.6193
      398.9182   1582.2704    679.3026
      271.1035   1729.4989   1879.2880
     1974.8379    795.0729   1580.8075
      339.1293    705.9820   1104.8668
     1385.5946   1683.7429   2115.3557
      431.5662   1346.9403   2227.0422
       95.6707    953.7658   1705.3270
      669.8970   1018.9901    527.6747
     1221.1390   1917.3761   1514.7271
      917.9634    223.8680    701.7794
      520.4643    721.4152    749.8260
     1055.6381    550.7441    875.2628
      226.0658   1604.8119   1688.0408
     1233.7902    828.2135    726.7448
     2163.6611    243.9196    298.2299
      208.0127    517.7577    525.9421
     2095.5483    950.9087   1668.1904
     2037.7255    493.1358   2015.7314
      190.8963    365.5093   1562.9895
     1784.8303   1791.7080   1940.3387
      265.7029   1001.6492   2182.5886
     1832.5927   1571.5460    669.6804
      809.0171   1531.1899   1301.0934
     1906.8695    581.6779   1479.7639
     1459.6689   1062.7783   2098.8877
      289.6113   1733.7499   1224.7902
     1882.3787    949.7839    635.8745
      929.5126    907.9864    875.0765
     1776.5798    553.4515    285.0816
     1979.2572   1341.6536    247.9136
     1687.8595    409.0774    622.7386
     2103.9707   1122.7010    864.7339
      177.4398   1832.2126    872.0326
     1606.7112    362.7414   1434.3002
     2177.6238   1782.4707   2095.8567
      518.4883    570.8283   1926.1067
      930.4785    572.9341   1872.0265
     2073.7773    271.0586   1567.8125
      608.4206    795.2281   1956.2340
     1896.1432    433.0552    618.5012
        5.5398    369.7861    868.3525
     2076.9575   1762.4104    199.0961
      531.7852   1264.6575    864.0193
     1194.2095   1754.8901   1111.5590
     1169.5302   1457.7896    499.8189
     2013.7876   1208.5623   1035.5422
     2149.8721   1325.9249    580.5809
      745.8184   1550.9943    234.2957
     1663.5171   1085.9957    574.8649
     1745.3885   1945.6967   1230.6432
     1815.6530    489.3226   1824.4257
     2040.0341    567.9275   1810.7640
      946.8475   1385.7544   1990.4365
     1970.2299   1931.1377   1171.9645
     2101.1697    625.4398   1612.3903
     1860.1866   1735.6248    279.9951
     2240.8472    750.7356    598.3016
     1575.9333   1837.1003   2082.1384
     1899.4353   1309.1700   1249.0740
      330.3563   1179.4689    861.3957
     1071.1344    318.1079    524.0679
     2233.7178   2117.9788    459.8022
      926.5163   1791.1494   1114.8655
     1782.1099   2218.6328   1969.0065
      509.2074    708.6044   2131.0332
       39.5349    192.8234    476.3374
     1974.0087     11.8605   1872.5519
     1642.2289   1800.5521   1582.6731
       12.4524   2012.3448    954.7747
      602.6810    104.3317   2044.2109
      253.8606    200.3366   1887.7811
      930.4464    612.8970   2139.0066
      228.9922   1155.3575    676.3073
     1573.8298   1557.9132    905.4742
      416.6318   1987.4449   1517.1898
      119.4098   2096.2437    268.9029
     1348.3518   1742.7021    304.8460
     1318.0116   2192.9294    364.6475
     2090.0728     74.9370    164.5027
     1234.1740   1214.7664    209.2347
     1175.1255    864.7625   1015.2731
      479.8740     98.7484   1433.6194
     1283.2778   1136.3542    797.6595
     1576.8838    857.8796   1146.8247
      120.6800   1623.6870   1334.6361
     1923.4550   2055.1814   2208.6848
     1221.9353    797.0231     95.4957
     1946.4871    163.6799   1001.7940
      659.6274   2204.5781    513.9044
     1691.9817   2259.1113    626.3763
     1376.0029   1868.4625    496.1117
      421.7605   1674.4828   1744.5283
       46.9325   2175.1243   2147.4290
      152.9828   1024.3925   1352.8451
      527.1234    989.3738   1865.5548
     1851.5566   1146.9972    557.4734
      569.7123    957.8591   1322.9364
     1988.6890   2249.6648   2096.5618
     1069.4431   1221.8871    855.3351
     1242.4832   1606.8903    175.3976
     1653.0751   1684.9846    714.5699
     1954.8901   1688.8894   2099.8853
      613.4565   1578.5117    598.8458
      648.7719   1703.9397    802.3937
     1430.9390     21.1703    189.2139
     1081.5155   1485.2004    856.1937
      433.8642    985.4685    346.0251
     1259.6782   1732.3322   1676.6708
     1458.9703    890.7361   1736.0900
      803.5133   1188.4625   1639.6914
     1198.5372      0.6127   1968.5157
     1321.7384    563.4915   1966.8810
     1428.9269    745.9185    654.8003
      979.5243   2157.4858   1402.5460
     1515.3508   1931.6566    193.2459
      220.0117   1613.8196    348.7686
      985.2621   1932.4315   1873.4740
      374.2214    889.9898   1433.8529
     1938.9423    112.7991   1330.3169
