       30.8724    169.9445   1616.8541
      995.2330   1302.4580    536.4187
      274.9558   1592.4709   1480.3965
     2161.1289    764.5826   1070.6677
     2225.2908     70.1487    297.6389
     1434.2483   1309.3444    114.1069
      919.3690      4.9961    784.0481
     1704.2246   1228.5779   2070.6519
     1825.2668   1181.1583    242.8307
     1654.9786    894.9631   1528.1368
     2133.8840   1755.7275    575.8422
      279.6852   1777.6436    658.7776
     1625.0381   1621.5205   2258.5615
      757.6980    576.9598   2014.5087
     1431.4877   1658.8654   1331.8536
       36.8519   1508.6774   1906.8063
      604.5659    786.8595   1705.2860
     1242.3866    443.4171    622.7605
      713.8316    536.7241   1035.5999
     1890.3530   1862.1251    227.1596
     2121.6675   1213.4789   1244.4966
      828.4031   2175.4045   1014.9452
      747.4083    401.2188   2165.1606
        0.9454    981.2985    958.5033
      655.1517   2069.5889   1162.5131
      991.2304   2237.8784     59.3684
     1614.7804   1779.0029   1884.7812
       21.9275    124.4017   1398.9525
     2120.9207   1448.8645   1559.9910
     1560.5574   2179.8672   2022.9625
      519.8578    621.3793    942.9299
     1137.8997   1491.9923   2020.1146
      962.4927   1760.3241    461.9657
      842.5798   1267.8687   1043.4988
      526.2702    417.2460    263.1245
     1377.8253   1895.5072     18.1645
     1030.0236   1214.8434   2087.0320
     1896.7465   1321.0284   2038.9055
     1684.1490   1928.6407    248.9119
      371.1466   1587.4779    251.3180
      229.4718    450.2142     62.2175
     1060.6289     34.3555   1612.2507
     2039.9817    698.6326    347.3742
      840.7375   2082.3992   1525.6233
      177.9438   1606.0663    753.2386
      701.3423   1051.8759    305.7689
     1518.9916   2007.2822   1238.6136
     2228.4817   1257.8838    360.6127
     2246.9507   1044.6089    497.2953
     1405.2113    474.4611   1017.5671
     1052.2827   2226.7693    433.6266
      178.6054    658.6696   1337.9319
      191.1735   1246.2286   1512.2395
     1989.7645    445.8677   1075.1660
      822.4766    491.5996     73.0765
     2047.7930    917.0154    262.3253
     2219.0017   1046.9153    274.6816
     1962.1704    202.6039    381.1134
      186.4632    896.0228    791.8892
      346.1559   1814.0449   1018.8237
      735.0139   1164.6755   1844.6443
     2087.8408   1419.8523    395.3737
     1609.6971   2057.4365    635.5515
     2031.8827   1029.9351   1368.4897
     1431.6274   1849.3386   1533.9371
     1110.6650   2006.7751   1310.0345
     1072.1636   1877.7253   1674.6954
     1680.7650   2131.2056   2212.8379
     1843.9049    893.5920   1330.3308
     1158.3992    274.8484    796.4127
     1262.6073   2057.4753    949.7852
     1777.3516   2003.3927   1566.4309
     1888.5604   1336.6459   1782.1743
       96.2639   1966.7511   1254.6289
     1116.4226    229.1674   1714.0973
     1120.9928   1594.7710   1647.3098
      495.5186   1858.5049   1935.9474
     1913.9618   1293.4122    386.6882
     1017.2046   2096.6414    679.5009
     1041.0752    687.2258   1112.2119
     1902.2513    861.9860   1120.6603
     1854.0331    780.1230    297.3738
     2261.9509    274.1290   1204.9429
     1244.6746     33.2524     46.3995
     1802.8312   1690.9425    825.7842
      945.8805   1719.9137   1599.9596
      540.0292   1771.3987   1595.4729
     1813.9543    155.6475    208.9008
     1711.5925   1295.2758    452.5456
      599.1885    183.5668    806.2780
     2230.5730   2201.2861    810.8897
      725.1010   1438.5614    740.0347
     1860.3669   2061.2812    983.7566
      573.3710    609.8918     97.7447
      581.1415   2242.6074    758.4844
     1807.7095    348.6889    801.2217
     1402.2888    596.3802   1704.7960
      423.4086   2171.4272    552.6389
      488.4261    266.8834    407.7423
     1506.5758   1698.1067   1696.6077
     1782.0413   1417.1852   1379.3545
     1506.2500    159.9636   1522.9216
      418.3030    731.1951   1535.7416
      193.0260   1952.7363   1050.0280
     1123.5669   1322.7598    717.4464
     1457.7738    335.9964    257.1908
     1211.6293   1909.7400   1866.4541
     1077.5939   1657.0688    621.7662
      323.5963   1254.4756    518.2283
     1401.1698   1208.5420    980.7222
      487.5656    837.1530    914.8837
     1078.2153   1006.1891    862.2017
      759.6901     82.7016    681.4665
      522.1863   1363.7898   1631.5106
     1157.1503   1735.2273   1490.4824
     2120.8323    929.3768   2136.6121
      607.0665   1203.2006   1047.2206
     1624.9874    847.7493   1334.6924
     2138.5391    376.1526   1339.9667
      481.0949   1336.0126   1418.1785
     1902.6263    253.6085    592.1029
     1494.8385   1265.6056   2147.0842
      551.6861   2032.6600    711.0547
     1910.8600   1653.3217    995.9858
     1888.4091     14.8129    584.4471
     1690.1265   1680.2383   1020.9173
     1202.4620   1752.6226   2225.9731
     1667.3392    603.1580   2043.9812
      245.5105     75.0966   1044.8217
      143.7467    591.5938   2140.1155
     1790.8582   1853.6788   1003.3774
       88.6039   1377.0151   1143.9994
       16.4635   1261.1754    871.7762
      607.6520    869.2946   1503.0702
     1743.1212   1495.7550   1191.2134
      517.6301   1879.5421    850.5350
     1594.7114    656.0987      0.9163
      151.4442   1168.2604   1747.8879
      586.1313     76.5602    132.8710
      329.3972   1987.6989    639.2834
      167.0746   1098.7904   1108.0247
     1251.4308   1044.2838    342.9789
      612.1296   1981.7444   1551.2620
     1236.2834   1522.2747    695.7356
      210.9233   2139.2131   1165.5087
        8.0027   2016.7362     28.8709
      900.0710   1146.0424   1397.6862
     1683.4727   1638.3271   1335.7474
       31.9029    224.1176   2020.1847
      166.4344    851.7082   1476.8835
     1360.4144    338.5964   1187.5741
     2233.2874    715.5342   1801.2552
     2043.5275    673.8361    593.6762
     1045.2010   1809.8239   2029.5731
      339.4492   1400.8452   1562.2526
      863.8875    614.0803   1413.2717
      237.3633    733.4939    236.0067
     1172.4656    117.6836    402.8300
     1461.2418    952.6725    361.6390
     1612.6843    924.1141   1920.4827
      214.5658   2190.2866     16.1469
      329.8774   1034.1779   1805.6169
     2132.4482    291.3341   1041.5808
     1604.2184   1109.6844   1585.3173
     1703.1903   1511.1581   1715.6257
       38.9497    367.9587    605.1660
     1278.3781   1262.7089   1358.3463
      967.7410    617.4995    517.3224
     1540.7487    532.0029   1562.1564
      341.3688    294.1450   1472.9453
      258.5287   2144.4905    959.4288
     1558.4200   2098.9861     94.9731
     1405.2280   1901.4679   1083.7428
        7.5511    766.7787   1308.1051
     1789.2644      1.2092    987.0435
     2245.2554    976.4164    752.3568
      807.3418   1645.7163    640.3079
      460.2784    934.9481   2060.1431
     1953.9127    631.2947    144.9732
      210.2717   1369.3691    368.4905
     1251.3705    184.4004   1885.6996
      699.8139    896.8299    900.8371
     1541.7626   1323.7141   1744.9700
     1806.3348   1805.6506   1394.5764
      889.4965   2024.4105   1296.2915
      720.5753   1237.4867    865.1953
      724.0343    469.7225    254.6378
      877.2742   1037.4769    546.2666
      302.8272    423.7270   1823.4440
     1373.6675   1516.0938   2010.9167
      479.8226   1801.4008    635.4500
      980.9835    269.2473   1151.1178
      410.4891   1995.8225   1115.4926
        8.2981    550.4580   1659.0065
     1172.2812    515.8947   2060.9626
      547.1730   1779.2209   2205.1680
      545.4830   1465.0316    152.2065
      831.9525    690.6311   1197.9176
     1957.3425   1749.5909   1814.1187
      763.8983   1840.6946   1485.5298
      138.1198     29.2821    434.7603
     1758.3182    158.6118   1141.5327
     2085.0471    343.2988    495.5392
      120.2960   1444.5212   1526.5428
     1217.8170    498.5933   1622.5128
      921.1350    143.9668    504.3999
      892.7503   1125.1327   1974.9344
     2224.9648   1170.9937     97.7848
     1018.0647     48.0893   1805.7218
     1353.8654   1730.2883    723.5944
      444.9030   1339.4653    987.3755
      957.8792   2147.5623   1969.1071
     1876.2814   1918.5198    811.3751
      326.2655   2208.9768   1525.8550
     1220.1830   2153.6304   1520.9138
     1678.4171   1062.1084   1391.0718
      476.0870   2126.6050   1700.2444
      161.4224     43.6574    828.3226
      228.5589    276.9029   1118.4637
       19.0555   1288.5804   1883.0085
     1444.5089   1493.4950   1673.0549
     1406.9222    165.2150    393.6844
     1633.8285   1024.8839    180.4410
      322.9019   1953.0780    408.1655
      790.6046   1401.5662    522.7665
        5.4207   1523.2222   1694.0498
     1715.3892    120.9457   1475.5389
     1872.1371   2195.0315    812.7528
     1146.2451   2040.4623   2023.6122
     1344.9865   1865.5629   1299.6860
     1147.3738    338.3307   2157.4680
     1192.5844    408.2485    958.9725
     1517.0826   1373.0552    342.7696
     1384.8959   1300.2817   1609.3706
     1073.6849   1394.1675   1314.9629
      797.9365    322.9768   1056.9869
     1635.3969     49.6211     64.2826
     1167.7373    571.4957     10.3446
      738.2566     47.3740    900.8295
     1196.2399   1444.1133   1476.3389
     2090.8015   1689.6127   1141.8198
     1169.4169   1377.2286   1674.3650
      878.9531    861.9722   1070.0286
     1532.6669   1292.9966    598.6143
     1343.5349    629.9098   1460.7281
      956.1707   1997.5621    453.5625
     1060.6162   1473.8831   1821.8671
     2160.8384   1545.1366   2077.1426
     1171.6400    514.2065    227.7889
     2256.7649    600.0942   1430.4280
        2.7554   2261.7607    609.6637
     1819.6553    686.6783   2219.6448
     1138.7068     46.2047    876.7273
     1503.6135   1084.2809    538.0712
     1525.7531    158.9975    839.9680
      641.0273    670.1559   1486.8845
      840.8452    787.2231     27.3100
     1392.4817   1232.4661    413.6277
      293.7848   2210.5349   2065.6560
     1094.7169    840.3981   1804.9009
      452.5019    448.5269     47.9387
      275.1616    922.3197   1007.5004
     2046.5007    919.0972    930.3860
     1557.6171    802.5000    209.2596
     1921.8347   2064.0803   1941.7369
     2019.3901   1665.6200    424.2470
     1250.9374     14.4205   1744.3641
     1152.6313   1856.4275    598.1699
     2109.5469   1568.8352    933.4491
     1973.4647   1503.5363   1908.2200
      978.1626   1422.5262   1620.3687
     2062.5696    902.1539    506.2820
     1766.8413   1699.0188   2129.1069
      385.1431   1673.2034   2074.5139
      800.0614     53.7939    142.3980
      687.4802    193.5544   1498.5913
     1396.2977   1753.7703   1913.1588
     1920.7931   1513.3510   2112.7466
     2033.4839   1201.4934    202.6133
      888.0767   1001.7184   1559.0978
      352.4425    141.4574    298.0435
     1261.0048   1660.9427    508.5734
     1045.2809   2058.3660   1576.0555
     1440.2964   2016.7832    867.3226
     2032.4363   1852.8987    927.8285
       40.8637    913.0154   1136.0516
     1140.1022   1064.0303   1879.8822
     2257.4026    667.9971    291.1213
      313.2523    284.3474   2188.3201
      714.0129    637.3356   2206.9053
     1941.8700    405.1767    226.0135
      452.6574    808.6289   1153.4211
     1188.6014   1310.6626    935.7270
      807.6952    860.9236   1409.6560
     1021.1283    344.8257   1345.5568
     2248.5696   1723.5114    965.4185
     1872.3732   1944.9900   1760.9127
      951.9880    115.9024    952.5370
     1404.7662   1455.2056   1440.7623
     1533.3378    806.5142    783.3640
      840.6536    764.3711   1574.6462
      331.3736    618.7388   1725.8411
     2151.8667    754.4967    127.0970
     1452.1550      6.2618   2236.2971
      870.7266   1282.0801    703.3586
      713.1378    659.7471   1812.7339
      335.3759   1375.6993    167.9014
     1151.0114    869.6019    292.0180
     1831.0732   1549.9480     48.3861
     2046.6084   1321.4532    783.3341
      867.6437    684.7042    954.4827
     1790.5115   1933.4015    425.9190
      907.0459    763.8797    294.2861
      100.7789    460.1738   1247.2483
     2044.4624    978.5432   1933.4480
      559.5334    331.8126    656.5040
     2235.7600   1172.9213   1068.8478
     1020.5024   1416.5463   2189.1165
      804.8713    119.7356   1111.2484
     1201.3867   1698.2324   2000.1042
      213.0906    126.3282   1510.3060
     1966.8118   1203.0978   1446.4829
     2073.4246    206.2935   1978.3950
      466.6848   2092.7200    944.8794
      627.5478   1684.8396   1382.5471
     1912.2817   1823.0537   1578.7485
     1685.0491   1460.8257    758.3969
     1335.0923   1597.3173    887.4304
     2135.2888    761.7334   1991.7277
      595.9804   2128.4631    166.7250
      889.5311   1972.9977   2070.7117
      753.4390   1126.2629   1232.8296
     1787.3987   2153.0627   1814.8743
      450.3500   2114.1113   1305.4164
      272.2076    628.5288   1949.2211
      418.4723    350.6659   2016.7811
     1291.2728   1330.5012   2143.0081
     1659.1418    806.4222   2110.3804
     1517.0414    440.6854     91.7812
     1578.3739   1309.2086    857.5664
     1373.3738      6.2045    926.2342
     2065.3154    703.7784   1389.7278
     1272.4033    133.6385   1562.0974
      533.7469   1025.1067    163.1668
       62.5458   1926.5101   2050.1401
     1110.1935    135.9557   1423.9062
     1175.3695   1292.9983   1945.9723
      953.4979   1538.4783    453.5427
     1352.7717    432.9014   2203.0078
      688.3183   2019.6805    923.2889
      240.5727   2105.4382   1708.0236
      382.7869     83.7098   1685.6078
      231.0097   2088.0227   1391.2916
     1244.0978    322.9664    360.1511
     1844.0715   1047.4069   1557.3418
     1082.5123   1369.0623    321.8082
     2234.3569   1541.6738    556.9860
      864.0037    816.6883   1763.3508
      507.4128    266.9240   1613.3623
     1538.3016    441.5790   1966.7903
       24.5538    421.5363    376.9187
      850.3458   1913.8163   1679.3138
     1469.1003   1149.2617    767.8563
      362.9468    651.6354    433.1785
      382.1967   1701.2285    833.3877
     2207.8276   1442.5394    740.3749
      932.0918   1619.1283   1956.5067
     1736.4119   1889.8401    659.3561
      365.5401    371.5102   1271.3652
       79.7644   2198.5459   1547.9392
       69.0767    210.2160    978.5800
     1646.1565    539.8386   1032.8717
        9.0000   2223.7649     95.8587
      511.0672   1171.6952   1836.3715
      347.3500    316.1517    628.4977
      833.7503    308.7407   1981.5255
     1658.7938   1231.9493   1275.5549
      741.6959   1993.0557    569.5274
      315.6499   1888.0664   1263.9614
       34.6078   1745.3251    181.1648
     2028.6136   1725.1700    773.9375
      827.9672    494.5853    851.2048
       17.4436   2020.9786   1666.9199
      791.0148   1804.0469   1875.4005
     2114.1309    359.4393    706.9808
     2180.3845    744.2102    850.6279
      186.9643   1394.5835   1747.1796
     1835.2205   1142.3607   1906.4952
     1342.7987    757.3611    895.1070
      836.1521    761.4307   2067.5955
     1431.0219   1583.4303    342.6883
     1711.6141    521.0195   1394.0276
     1825.8916    690.9608   1307.8596
      316.3849    959.0836    202.1176
      667.5353    388.7126    453.4015
     1572.0542    267.0104   1090.1487
     2191.1152    571.6608    497.5129
     1507.7698    232.8187   1908.1434
      285.5284    279.7793   1678.2356
     2095.1501    344.3780     79.5891
     1951.6617    344.6251   1873.2507
      707.7148    924.9434   1199.1599
     1625.5538    114.8482   2119.2834
     1849.6252    974.0959    177.6291
      341.5875   2250.5754   1861.5884
     1657.9556   1737.5435    517.9077
     1842.3530   1405.9927    611.6346
      451.6046     51.9066    946.5903
      912.8312   2135.0146    247.9729
     1220.4729    867.8868   1992.8416
     1705.1180   1227.0964    689.1801
     1621.1520   1408.2172   1524.1520
      382.5490     87.0194   2249.3665
      446.4708   1544.1906   1344.2078
      591.6144    207.7923   1043.8264
      317.3951   1246.7694   1173.9087
     1129.7825   2048.4661    349.9400
      698.1437    169.6622    488.5304
     1699.3656   2018.2014   1959.7148
     2252.3508   1797.9485   1800.4681
     1883.8467   1109.0594   1241.3940
     1567.5679   1765.9678   1162.5742
      389.4492   1110.6125   2013.5609
      938.1184    963.8049   1245.9591
      404.9957   2108.6221   2252.6709
      279.2264   1053.3805   1567.6945
      503.5021    980.7197   1658.3398
      122.0393    708.2871    450.2025
     1798.8492    720.6859   1509.2975
      638.6122   1909.7290   1768.1709
     1340.2070   1393.8730   1842.1160
       70.3097   1352.5503    539.7778
     1140.1215    900.3255   1225.7863
      542.7870   1888.8224    304.1555
      979.8137    920.3132   1976.0808
       13.3766    916.4095   1888.9137
      614.6996   2029.2745   2207.4661
     2237.0112   1673.2157    756.2936
     1901.9431    316.0276   1443.5754
     1263.7460    621.1238    469.0285
     1260.2677   1190.5563   1772.8613
     1338.8445   2157.6292   2050.9609
     1256.7969    346.8356    108.9329
     1376.6409    591.6887   1190.3844
      549.4737   1707.4263    194.8996
     2037.4810   1948.0057    635.3795
      309.9780   1768.3423   1611.7280
     1032.2531   1377.4089   1088.2031
     1225.4623   1545.1486   2191.1389
     1362.5898    506.7898    308.1395
     1424.8867    770.0369     12.5132
      213.3209   1311.8364    990.9926
     1480.9020   1745.2496    939.9396
      760.2982    666.0887    197.6297
     1422.4135   1126.0211    214.3179
      644.8729   1461.3951   1407.3773
     2062.0532   1255.7505   2226.5718
      149.9516   1002.9277    337.7852
     2182.8081   1204.0402   1460.3901
      359.5919   1160.0813     74.4829
     1028.8383   1857.8304    971.1541
     1949.2546   2262.4548   1167.4742
      316.3448   1736.3656    457.4163
     1706.7714   1453.9623   2085.9280
     1110.0002    464.1902    438.9761
      680.2015   2061.0208   1380.3146
     1861.3059    160.9275   1981.0985
     2070.2153   1077.2255    657.1149
     1094.0410    968.0535   2145.5356
      317.2222    859.0082   1642.0950
     1855.6068   1405.7285   1585.8077
     1479.4199    657.8001    479.2753
     1706.2649   2204.0154    251.8953
       55.9855    385.7578    168.8986
      402.6552   1351.5422   1812.8585
     1226.5153    617.2950   1034.6986
      686.9216    205.7673   1824.4464
      995.2815    454.0702   1534.8219
     1958.1954   1972.9908   1446.3221
      369.8509    559.1536    226.9836
      349.4856    130.4846    760.9303
     1191.9202   2080.3008    555.6364
      114.7552     40.5120   1958.4220
     1887.0428   2064.3386   1232.3640
      267.0207   1261.7051   1912.1401
     2121.3044   1419.6611   1169.1895
     1155.3804   1715.4464    809.1492
      382.6015   1138.7220    988.9496
     1877.9613   2219.5547    112.6242
      658.4467   1091.0515   2043.8146
     1854.2742    627.2975   1733.4761
     1855.4385    827.6325   1689.0017
      962.8558   1072.6213   1051.0780
      170.5154    737.6631   1776.0339
      552.9543    543.4340    543.9345
     1752.5696   1238.5817   1472.1882
      837.9980    293.8304    351.4366
     1191.6396   1252.2147    463.9137
     2220.4014    954.3760     60.6856
      263.2856   1235.9911   2129.9839
      133.4821    699.4526    673.9214
      783.3947    333.4614    667.3670
     1008.4443   1557.8672   1444.6327
       94.1097    867.3057    212.1537
     1288.7515   1046.7595    567.5355
      504.1343   1124.5193   1471.7957
      600.4182      3.2669   2185.6592
      287.9368    777.0399   2108.6777
      944.0709    277.5828   2166.0686
      165.5258    124.1192   2172.6799
     1606.3363    493.9441    416.3944
      339.6393   1008.4630    525.5297
      744.5259   1318.7333   2018.9015
     1936.2837   1572.1857   1277.0702
     1753.7766   1931.3331   2155.2368
     1706.7976    303.6334   2047.4143
      630.1702    530.3952    753.4456
     1573.4397   2136.2085   1774.5140
      897.1918   1425.3545    889.9155
      177.1998     96.3802   1761.5397
     1274.0471   2106.2024   2240.9268
      644.4402   1327.8241   2206.7747
     1088.2305   2046.7062    138.0258
      554.5189   2195.3535   1508.8455
     2093.7935    170.1153   1289.1754
      868.3490   2194.9026    552.0892
      363.7143   1424.3984   2079.5344
     1182.5590    323.7080   1536.9845
     1907.6948   1632.6536    222.7741
     2220.5942     52.9838   2146.8086
      643.3576   1160.4731   1630.6381
     1410.4479   2209.0471   1618.5535
     2194.0208    379.7121   1912.1643
      527.8150   1285.7559   2026.7096
     1730.8732    852.0397    584.7571
     1985.7739    497.7858   1312.1624
     1123.8312    607.4218   1808.3789
      298.6437   1471.5802    860.0324
     1265.5790   1046.8549   1320.8103
     1389.8237    196.6172   1735.1857
      854.4421    979.2520   2154.5364
     1453.4647   1909.0227   1745.8652
     1003.3897    912.3040    665.7728
     1728.8308    491.7556   1621.1606
      911.4713    686.7604    729.6058
      809.9032   1507.7748   2144.0261
     1797.3828   2016.7310     98.5750
     2149.6438     80.6019   1110.8906
      346.2941   1832.3922      1.9129
     1530.4760   2121.6526    320.3842
     1176.0753    201.0377   1023.4476
      860.9731   1070.8745    784.2405
      847.0048   1252.0453   2202.6233
     1666.4268   1383.1406     21.5313
      714.5536    984.9504   1699.3126
     1470.0547   1493.2937    702.0247
      181.9811    468.3737    726.7420
     1975.8414    515.8050    421.3936
     1022.6310   1600.3401   1201.7751
      164.9421   1110.1202    895.0129
      356.8686   1140.9838    323.2281
      550.5896   1068.4968    866.9244
     2213.1760   2070.2275    624.7095
      959.2449   1804.8645   2234.1038
      684.3163   1347.8069   1213.2318
      234.0279    824.3770   1218.3622
     1582.7368    277.2839    471.7427
      316.6293    698.0287    840.9034
      609.3811    343.2191   1975.6852
      582.4811   2060.2212   1884.5834
     2223.1589    572.3365    704.4061
     1342.5253   1676.4801   1130.5634
     1251.5078    709.7967   2124.1536
      910.4668    107.3566   1970.7565
     2260.3369   1400.1163   2213.4573
      854.2327   1569.0665   1766.2825
     1009.3458     45.9364   1176.4097
      252.0484   1464.5189   2252.1655
     1576.8668    440.6504   1216.4121
     1897.6924    780.8788    492.2931
     2113.6533   2080.5151   1519.7681
      611.0893    836.5138     89.2110
     2006.8082   1644.9855   1490.0876
      388.8459    439.5562    455.3509
      746.6053    446.2031   1824.3762
     2020.4072   1684.7355      5.9832
      533.7058    595.1784   1669.7734
     1254.3392   1120.7982   2059.3926
      644.1924   1533.3661   1717.4379
     2225.3662   2003.1602   1886.1542
     1941.8636   1578.7344   1703.2523
     1645.9304   1841.3889    859.5242
     1373.1957   1004.4755   1897.6365
     1269.3682   1592.2772   1807.0063
     1203.2715    682.9396   1269.6083
     1038.7380   2116.6199    917.8540
      706.1030   1101.4940     29.1208
     1565.0065    188.7640   1292.1713
     1741.0411   1214.5253   1707.3953
     1459.4105   2205.2080    722.6760
     1924.5961     12.1623    350.0095
      214.4344   2218.6118    624.1088
     1676.0342    518.1024    790.3159
     1692.0603    722.5479    883.8255
     2123.3691   2037.2399   2110.1912
      725.1554   1732.4845   1674.6112
     1092.2588   1018.5178    463.1762
     1124.2461   2114.4624   1787.0360
     2177.1785   2210.1721   1966.4337
      123.3872    599.0635    885.9761
     1769.8621   1726.0389   1741.4900
     1225.6465    856.2463   1435.0973
     1563.8737   1611.9730   2046.9050
      520.1755   1693.2087    424.3614
      137.4695   1773.2589   2199.7136
       68.1849    941.2061   2109.9219
     1448.8480   2143.6118   1068.7899
     2193.3020   1887.5951    784.4956
      546.0029   1916.2723    105.9276
      447.3042    217.1555   1846.8658
       44.8987   2198.6169   1766.9197
     1942.2957   1037.5835   1747.8154
     2230.0986    845.6642    409.1295
      782.8877    267.9377    864.3989
      273.7616    459.3474    966.0920
     1992.5767   1876.8544   2139.2822
     1829.3361    916.1953   1913.6215
     1693.6021    928.9684    966.2686
     1478.0985   1219.1407   1441.8656
     2247.0186   1608.7020      4.4035
     1480.0038    279.1830   2138.1316
     1516.4968    850.6620    549.4020
      965.6462   1490.2749    680.1286
      487.1231   1748.7715   1187.4441
     1664.5010     77.8417   1889.5084
      619.2721    440.6458   1524.7808
     1717.4703   2201.3037   1603.0918
     1792.6195    582.6357    513.6934
       64.9485   1796.4218   1590.7408
      373.5520    991.9317    787.9795
     1614.8107   1859.9601     39.1382
     1392.4818   1444.3151   1044.8723
      409.2562   1601.4912     10.6203
      815.3956   1190.7841    179.5052
     1597.1544   1163.0876     21.3189
      383.3688    686.5977   1330.8859
     1020.8160   1254.1140   1784.0396
      215.5897   1653.1724    100.4325
      380.4798   1200.7659   1660.4135
      762.4223    913.4525   1944.1029
     2007.2799    741.7836   1839.8313
     1484.4656   1989.3923   1957.7202
      807.1744    382.5486   1422.0990
     1220.3536    720.6039   1648.7504
     2122.3721    516.5193    243.5884
      421.5632   1923.9818   1724.8362
      731.1578   1842.5234   1225.3956
      141.0183   1774.7120   1155.7513
     2114.2671    884.9955   1723.4562
      362.0266   2184.9829    765.9675
     1459.0122    542.9418    653.4697
     1919.8365     95.6924   1550.8251
     2123.6697   1965.7852   1283.4496
      427.2365    174.2275   1182.8213
     1367.8313    566.0133    103.1278
      672.3549   1114.8390    691.5554
      614.6531     85.7240   1659.5681
       73.8349    528.1419   1878.5286
      694.3727    709.9303    825.2043
     2259.5964   1282.0114   1647.4407
      594.7727    380.6962   1182.8258
     1328.2448   1621.2938   1545.3594
     1708.3685    980.4749   1727.0397
      465.7460    784.7314    246.8396
      815.3068   1754.0093   2073.9971
     1447.7117   1265.3075   1198.3987
     2144.3308   1580.1637    200.3222
     1350.0940   1033.0078   1126.6515
     1295.2239   1417.1866    298.0522
     1639.3619   1009.9976    725.0995
     1365.6149    106.3244   2042.0757
     1895.9972   1087.3094    795.1508
     1240.1964    446.6281   1369.8254
      108.4857   1477.8320    171.4696
      704.4362   2139.3447   1676.1959
     1848.3308    688.2831    713.1821
     1617.5564   1979.7050   1028.0208
     1181.9402    994.2787     89.1355
      842.6924   1464.6332   1101.5990
      406.9211   1765.4215   1416.1499
     1303.7645    824.6887   1095.2666
      237.7499    894.5740   1936.5698
      129.1481   1220.0895    261.2662
     1614.0887   1343.6167   1070.4636
     1229.2454   1292.3306   1145.8813
     1578.9788   2215.1521   1452.6637
     2208.6982    905.0181   1459.5958
      469.4126   1126.1461    629.9643
     1764.9222   1592.3810   1917.9838
     1145.9994   1839.0408    390.2009
     1028.3470    418.7103     85.2276
     1111.8099   1947.4412    790.1693
     1160.7645   1593.1730    328.0163
     1534.2472    702.1416   1911.9639
      909.0441    241.1705   1780.6324
      260.7792   1845.2230   2007.7451
     2064.7561    165.2890   2213.1907
      771.1418   1753.4680    187.9598
     1846.7505   1794.6858     35.1144
     1881.6606   1341.8695      7.1156
     1235.7600   1378.2056     84.2018
      567.0108   1332.5892    574.3384
     1551.2161   2015.4143   1565.5558
     1639.6138   1574.3481    356.9022
     1555.4070    612.3217    235.1750
      253.8253   1519.6329   1933.0588
      362.6457   1380.0543    678.3453
     1918.4351    137.3427    782.9626
     1293.1980   1845.1351    910.5577
     1556.4380   1770.9702    344.3326
     2117.2373   1331.0135   2031.7456
      695.4667   2089.7764    363.6873
     1077.1797    264.3204   1950.2903
     1602.5874    157.6240    279.6610
     1681.2340    360.0894    256.5085
      606.9562   1477.8282    381.9536
     1644.1442    664.7520    640.9891
      535.5846    267.3696   2184.1909
      533.1304   1503.0052    829.6758
     2130.0317     12.8259   1654.4730
      648.0244   1442.1904   1004.4532
      122.9523   1705.1735    534.0092
     1310.8676    134.6759    763.2776
     1075.7875   2181.2458   2160.6250
     1325.2823   1958.1836    691.2277
     2095.5557     25.8316    467.3948
      436.6194    424.1402   1052.5088
     1788.6309    518.7723   1191.2452
      462.7194    521.6880   1377.8480
     2058.2300   1126.0583    425.1956
      342.2528    809.1402    629.3260
     1487.6827    208.7017     72.9016
      907.3149    407.5045    511.2982
     1274.9244    567.2534    804.7412
     2046.7911    694.1616   2169.9397
      780.1368   1582.6423   1533.9760
     1698.1033   2141.6392   1140.2571
     1508.6304   1862.8566    687.3771
     1355.3287    722.5079    267.3219
       29.6262   1493.6066    365.3138
     1069.4724   1124.5524    658.6976
     1194.3402   2229.7146   1315.1332
       24.9249   2164.2209   1345.9957
     1392.6667   1448.2642    507.5749
      602.6693    398.8049    906.9140
     2113.3281    153.6257    870.2188
     1947.1542    402.1614   1656.2684
     1664.5819   1953.3861   1775.8428
      877.9824   1356.2649   1446.6471
      155.4264   1850.1143    351.1989
      744.8347   1853.9698    738.8273
     1586.6672   1103.8318   1107.2500
     2015.7800    357.5207    882.6970
      547.6885   1005.2341   1072.5244
     2254.8704   2106.8137   1130.9629
      257.5839   1486.0068   1128.1882
     1839.8119   1303.1456    869.3462
     1588.0502   2206.9221    887.8888
      767.2385   2259.0791   1864.2570
      224.1839    293.8315    471.2622
     1799.5697   1614.0256   1521.9961
      866.4254    810.1713    497.9194
      641.5767    368.5461     69.5733
      170.1034   1641.9486   1725.1538
      112.0661   1364.7507   2053.3708
     1146.7604   1197.7937   2260.1423
     1318.6053     27.2901    576.6230
      779.6092    549.3840    626.1451
     2052.5203   2216.8567    671.3736
      295.5398     54.3474   1311.7227
     1320.6553   1467.8076   1248.9847
      790.1639   2037.7042   1873.4989
       99.2296    315.4416   1811.7085
     1139.7719   2234.6257    227.4175
     1365.2815    243.6624    982.3461
      278.1985    845.4612    406.2162
     1445.8906    972.0869   1494.8628
      358.1599   1015.3382   1187.3330
     1814.1333    348.9837    424.2441
      257.4459   1404.9874   1337.0991
     1055.4650    193.5415     84.8710
      672.2895   1924.0809   2052.2039
      771.6299   2128.9985    747.2684
      417.8103    795.7163   1863.1355
      329.3266   1153.3324   1367.9877
     1933.0221   1456.6625   1083.6541
     2143.5288   1563.6672   1329.7870
      768.1867   1638.1006    403.6656
       96.0070   1206.1228   1296.1006
     1631.2917   1484.7965    541.4098
     1576.6482    362.5672    898.8043
      201.3179    207.8444    107.4572
      321.4539   1958.8036    858.1434
      539.9288   1962.3463    501.4588
      156.3158   1357.2083    730.7988
      564.6124    619.1863    339.9801
     1117.8303    123.0993   2136.8384
     1929.9603   2138.2749   1651.4399
      791.6501    541.0304   1623.3152
      400.4308    497.0499   1575.9644
      286.5758    363.5875    266.1092
      165.2986    544.9069    288.5698
     1866.3564   2061.0083    615.0243
      751.2892   1195.5249    519.7208
     1534.2738   1505.2570    172.7787
     1773.2556    497.1111     89.7075
     2103.3953    478.8168   1515.7015
      425.8065    117.4832   2048.7107
     1388.9938    275.5775   1378.6355
     2075.5208   2127.4021   1784.1592
      669.8679    757.1243   1066.6407
      283.3572   2168.8333    377.8475
     1568.2793   2250.5259    463.7963
     1451.3096   1486.7911   2221.4824
       80.1117   1861.6471    655.8791
     1046.0254   1092.9152    231.6487
     1123.6265    765.2748    860.5205
      732.3574   1373.3911   1605.4576
     2159.1387   1840.7781      8.0152
     1879.1808   1049.3973    991.2076
      635.6999   1567.2271   1191.1998
     1518.3245    709.8049   1033.2146
     2133.6096   1650.0516   1875.6434
      643.2514   1615.5525     11.2976
     1513.6746   1373.8865   1983.0518
      650.6700    220.9713    251.1122
      867.1258   1609.3978     47.4106
     1766.3939   1421.9189    229.7447
     1532.3826   1556.5945   1150.4578
     2238.5964   1768.3090   1303.8823
     1697.7463    189.3928    669.4142
     1200.4667   2227.4917   1071.0249
      422.9616    442.6139    793.7856
     1841.7667   1500.4899    411.0414
     1451.5334   1709.2922    119.9330
      982.8661   1616.2170    979.6661
     1077.8761    816.4470    494.1219
     1960.0497    741.1964    933.0002
     1288.1722    243.4617    581.9221
     2027.2234   2234.4197    961.6561
     2023.5247   1041.9402     55.3447
      495.3054   2162.6716   2048.6611
        0.2671    187.4610     72.4116
     1786.8547    352.8363   1038.4706
     2014.5319    570.4028    814.6442
      867.2971     38.3557   2157.0027
     1192.5476   1502.0363   1067.7040
     1295.7590   2079.1799   1228.8960
     1271.7465    940.2323   1678.2786
     1377.3361    922.8071    152.4735
     1916.6683    308.7662   2093.4585
     1561.7477   1433.6392   1307.6891
      166.5320   1907.2053    117.8941
     1593.4456   1130.4166    359.7109
      869.4131   1723.2512   1360.1801
     1572.8529    328.0999   1713.8157
     1327.7762   1997.0348    363.6094
       82.2683   1485.3617    931.2286
     2213.3740    558.4818   2037.5569
      537.8774   1914.2694   1320.9327
       52.4070   1180.9595   2166.6482
     1730.8275    317.9534   1833.9023
     1106.2827     69.0772    649.2692
      165.0231   1052.6798     94.4120
       35.1259   2245.9695    994.3978
     1411.3384   2090.1807    539.7584
       25.1658   1981.0596   1453.3605
      551.4488    899.3723    695.5934
      989.5717    500.8057   1048.5098
     1510.9102   2225.7825   1262.9441
      718.6578   1048.5980   1446.0475
      352.2360    543.9263   2124.0337
      103.0562    782.3959    966.1901
      202.4090   1506.2365    551.2762
      538.9304    286.1586   1369.7418
     1573.8507   1620.9614   1513.6344
     1842.5314    561.9120    954.1163
     2089.4978    170.0336    625.3039
      171.4089    404.7868   2004.4324
      206.1147    652.1440   1553.4241
     1427.3033    828.0196   2043.4575
      887.8398    972.4913    348.5624
      671.3356   1241.7302   1405.0375
     1816.8608    481.5863   2117.7993
      148.3040   2021.7714    529.2599
     2142.2202    375.3476   2137.5293
      336.4128   2029.6628    179.4381
      775.0912   1399.0052     87.8020
     1141.6378    686.1784    657.5162
     1489.1802   2037.2931   2167.2957
     2200.7502   1940.3649    239.1929
     2041.3683   1205.4534   1861.4608
      224.6734    470.7578   1428.9747
      159.0468   1793.1791   1385.6569
     2035.7338   2094.6672    455.7274
     1564.0958     42.5590   1065.0016
     2257.3674    746.9016   2206.2668
     1237.9559   2156.8281    751.2718
     1801.0443   1252.7277   1078.3431
      508.6764    394.6480   1776.3030
     1323.5190   1275.3663    620.9391
       56.0957   1071.8226   1529.3610
     2205.9512   1104.3291   1759.4371
     1684.2252    267.7284     32.3082
      897.3657   1979.0668    843.1723
     1934.0145   1518.1942    786.8561
      771.8894    605.0401    413.7933
     1967.5139    828.4746     67.8923
     1956.8315    299.5503   1210.1692
      562.6733   1170.0426    428.5446
      196.1209    246.9858   1330.8838
     2206.7615   1003.9705   1280.3076
      768.6754    895.3675    698.1211
      428.3631   1574.0927   1049.4650
     2178.4050   1112.4397   2004.3970
     2077.4255   2054.8372    857.6678
        9.0782    762.8594   1590.8345
      360.8764   2027.3380   1898.6028
     1339.6974   2078.0459   1830.2084
     2088.3132   2153.5452    223.1897
     1003.4017    449.9880    691.4265
      516.4501    597.7744   1154.8519
      535.3953     58.8344    351.0051
       48.5371    345.3653   1457.9049
      447.2605    233.2361    133.4519
     1363.1122   1380.5697    824.4636
     1275.0717   1114.2113   1534.9264
     1665.4003    720.6398    390.8852
     2025.0465    207.2647   1720.1508
     2183.2107   1351.0532    177.9814
     1308.8381    207.3945   2215.7378
     2095.4282     21.3108   1457.0632
     1370.5465     49.8617   1390.0669
      343.2257   1801.6543    228.0951
      779.9588     20.2280    361.5649
     1054.8853   1714.6780   1814.0106
     1198.2290    201.8814   1243.4453
     1895.7362   1020.7755    396.0224
     1181.9688    409.4933   1834.1096
      607.6378    759.2271   1287.2094
      334.6701    580.3517    646.9623
      179.9449    841.1799     11.8539
     2018.0282   1892.9550    399.5111
     1407.3522    953.5710    711.2460
     1340.2771   2103.3967    175.7586
      925.7295   1187.7159    370.9746
      164.0594   2085.7356   1935.6150
     1443.2537     19.4633   1866.6580
      557.3658     23.4463   1879.1421
     2029.8162   1401.5267   1385.6787
      136.5165   2051.2661    766.3681
      102.8740    754.4844   2002.7030
     1064.5985   1153.6543   1232.9874
     1083.3708   1732.6235    144.5096
      560.7202    518.4353   2117.2671
     1127.9573   1945.5681   2209.0161
     1195.9281   1629.8007   1325.7938
     1493.2032    125.6877    602.1302
      508.0901   1107.5164   2214.1670
      404.4766    251.4030    928.0812
      504.8569    118.6164    598.2797
      771.9399   1609.2466    886.0215
      584.8372   1695.0830    973.7182
     1741.2515    742.7868   1111.0272
     1641.8434   1267.1460    210.6388
     1074.9188   1025.7029   1421.1228
     1544.4628    937.2476   2254.0046
      293.7026    535.0690   1178.3569
      737.6544   2147.6414   2055.1357
      989.0449   1885.2362   1436.7968
     1484.0840    577.7189    852.3610
     1902.4993   2059.1790    277.9258
        7.8361    198.9952    777.4717
     1585.0438    650.1782   1236.6432
     2218.2593   1874.7762   1080.9385
        4.2662   1389.0278   1371.0991
      335.4684    110.1012    502.3163
     1690.2892   1152.2507    927.0037
     1402.4692    354.5957   1568.1765
     1379.1791    403.2367   1771.0656
     2023.1815   1272.4097   1648.7246
      602.4537      4.3414   1068.3898
      729.3348   1529.3182   1929.8258
     1067.0437    690.7264   1988.0271
      739.9949    325.2576   1654.2687
     2015.1483   1783.7911   1309.3448
     1352.8636   1136.1173     17.0344
     1138.1832   1795.6040   1275.5044
     2202.6328    536.9319     27.5792
     1483.8871    985.2184    936.5985
      188.9754     24.1015    221.2622
       82.0355    351.1414   2190.6804
      993.5182    644.5473    119.8276
      921.7516   1028.4857   1778.4136
     2179.8013    544.1789   1201.7767
      763.4744   2260.4575   1430.0161
     1304.6151    844.4355    461.7616
      396.7717   2235.0728    159.4074
      455.9427   1328.2686    317.3401
     1350.9097    355.9441    802.0184
      624.6672   1375.6018   1844.0938
     1514.5902    337.2303    673.4406
     1170.6610   1938.4368   1111.2732
     1282.2539   2010.2933   1645.5199
     2066.1104    849.0964   1226.7812
     2080.4270   2162.7656   1288.3174
     1366.6763    106.4179   1157.8895
     1464.0920   1652.8219    545.0811
      760.3795   1054.9045    997.0555
      750.1903   1965.8225    189.0282
      623.9088   1688.7972   2018.7449
      847.2702    276.4047    122.8035
     1725.8616    980.5873   1179.7831
      995.2297    632.7366   1652.1388
       13.3838   1189.1675    669.0475
      798.5021   1682.7269   1119.8560
     1156.3418    428.9010   1177.4077
     2028.8978    859.5877    722.5306
      216.4243   2006.2573   2197.0854
      340.4524    667.7604     26.3860
     1403.0421   2065.7119   1419.5365
      103.0980   1711.4150   1956.5034
     2229.5471   1948.6130    454.7625
     1980.7321    504.4666   2244.9084
     1631.9508    712.3857   1672.0333
      519.6429   1176.7850   1251.3342
      728.6507    240.3815   1256.3383
      653.1083    889.7684   2161.5959
      566.6170   1237.6929    155.8056
      835.8511   1355.7249   1794.4509
      866.1118   1421.1735    288.6789
     1025.2379   2111.4236   1132.8320
     2262.1582   1623.7192   1489.7654
     1575.0983     96.3206   1696.7440
      482.6325   2112.3955    348.2042
     1718.2307    172.2646    911.0402
     1817.2714   1136.8693     15.9666
     1058.8828   1527.8599    135.5426
      678.3475    839.9822    344.7643
     2083.0874   1929.8049   1698.2410
      966.7861   1087.0144     30.4824
      147.7394   1582.7761   2126.5044
      215.3389   1645.0199    996.3390
     1005.2391    875.2523    121.6395
      503.2647    790.4636    510.3789
      785.6115   1881.0916    378.6738
     1045.5554    306.1524    290.4396
     2148.0840    555.4292    973.4850
      577.6570   1508.8644   2108.7061
      470.0031   1387.8716   1187.9316
      413.5660    900.0135     23.6735
     1737.5090    739.8177    133.3764
     1015.3154   1616.3134   2153.0645
      409.9331   1498.4197    452.2728
     2038.7742   1908.3341   1939.8147
      596.0132     52.7850   1289.9431
      845.9791    460.9606   1217.1477
      924.6414   2017.5896     16.3344
      797.1251   2206.9756   1232.4595
     1324.6776    369.7241   1994.6029
      104.7188    667.2137   1143.3097
     1940.7316   1106.2921   2101.1968
      954.5750   1892.2504    234.4149
     2037.6582   2002.1802     78.7107
      114.2534    628.1020     94.1035
     1536.3807   1552.0240   1846.1163
     1541.1654    702.3116   1435.6929
      967.1921    112.4998    273.1788
     1719.6493   1020.1557   2075.1016
      436.9571   1964.5760   2107.0847
      160.8789   1291.1285     72.7698
     1587.6536   1123.0151   1853.3091
     2134.9651   1687.5601   1654.0438
      918.9478   2140.7581   1731.7214
     2149.2280   1385.6338    978.6735
     1438.2677   1091.8322   1710.2869
     1610.6080    451.7100   2171.2625
     1760.3621   1497.4160    963.3649
      747.3149   1860.3264      0.1000
      229.2705   1952.5854   1560.6193
      978.2532    462.5134   1963.6445
      517.6855   1577.5569   1549.1755
      912.6581    148.6949   1351.2711
     1110.3851    658.9600    334.6129
     1288.5123    959.2117    924.5330
      946.2692   1716.3103    809.4724
     1881.5881    283.4613     37.2509
      903.2704   1301.5775   1258.8826
     1802.6895    886.1712    788.0544
      942.7394   1650.5142    265.6141
     1169.4512   1116.2103   1028.7239
     1281.8574    159.3158    207.1489
      679.2422    732.6890    576.0847
     1584.9916   1964.8801    451.2791
      937.0025    238.0215   1552.0712
     1318.8064   1900.8378   2075.0027
     1695.1493   1705.4583    174.4500
     1740.6608    134.3327    456.5672
      942.7146    513.6780    298.7521
      606.7759   1901.2507   1066.2482
      407.9721   2230.4880   1137.3380
     2118.8384   1400.5986   1795.4402
     1400.3898    398.3250    496.1493
      816.8189    954.7473    133.4352
     1767.0055    917.6147   2258.3459
     1787.4362    258.1484   1628.0446
     1842.8649     81.9394   2223.7832
     1754.3097    315.9669   1300.4249
      109.4730     75.7861   1195.7908
      679.7255    531.6208   1305.3971
     2074.1619   1470.5410     10.4316
     2201.7520    151.3021   1818.6436
     2055.5483   1060.6543   1115.2108
     2183.5420    355.4651   1663.6132
     1751.4513   2152.7278    453.1885
     1453.8260    608.1801   2110.3918
     1690.7192    927.7749    371.9509
     1093.2870   1079.7927   1649.1378
     1561.9210   1868.6610   1369.2762
     1392.0327    811.7321   1292.8319
     2225.9492   1735.1575    389.5159
     1729.0587      7.1160   1304.5232
      669.1240   1795.6134    544.2348
      469.7379   1537.2765   1921.3466
     1417.5034    792.2541   1584.7941
      786.8952   1822.0245    953.9549
      157.3799    161.8165    630.9987
     1703.0820   2041.1703    832.0272
     1881.2089   2169.4373   1435.0864
     1905.3965   1783.6111    579.8923
     1710.7343   1373.1598   1896.5903
     2084.5618   2204.6028   2261.6777
     2128.1704   1833.2535   1497.6893
     1878.1937    669.0641   2021.7068
       18.8744   1591.3120   1134.6626
     1978.9714    649.0344   1131.0145
     1213.2048   1904.8927    164.6447
     1119.1813    637.0154   1471.5776
     1814.9995     99.3395   1737.0767
     1094.7168   1237.3556   1499.7142
     1301.7285    932.0207   2192.3267
     1045.1969    858.1714   1579.5258
     2068.6350   2057.3806   1076.4331
     1008.5555   1306.5226    122.4712
      406.0983   1580.7632    644.9760
      327.9727   1710.8756   1838.6781
     1979.4630    851.6238   1511.3669
      306.8776    676.4347   1042.2645
     1400.2627   1695.0177   2151.6304
      443.0737   1338.8868   2247.7180
       99.3790    950.2326   1701.1217
      647.7800    980.3504    524.8584
     1227.4124   1933.6582   1468.7063
      946.9745    216.5078    720.8262
      505.3952    694.4801    713.6967
     1056.5815    560.1564    856.3434
      390.1911   1558.4728   1712.5074
     1212.4895    896.1351    693.6624
     2150.3145    277.3304    284.8150
      186.2936    509.1142    511.0192
     2100.2588   1056.7155   1591.5916
     2011.5172    518.6970   2009.3934
      162.2622    422.9595   1637.1473
     1812.7614   1834.4775   1961.9065
      268.6543   1013.1394   2166.9343
     1784.4706   1625.0492    604.2202
      838.2669   1515.3171   1301.4265
     1910.1188    548.3256   1510.9707
     1504.6096   1061.4033   2073.5830
      301.0905   1664.1544   1233.9026
     1886.3372    987.0266    611.7541
      916.4582    873.2990    872.3177
     1794.5516    566.2482    285.5899
     1973.0348   1416.7734    201.5775
     1703.9495    410.2250    612.7376
     2109.8167   1131.7339    873.3949
      154.0211   1835.7856    859.0756
     1644.2306    332.3815   1484.1129
     2173.1809   1756.4934   2057.1763
      507.8188    562.4793   1913.7283
      907.5082    648.1099   1880.7521
     2100.4568    233.7966   1511.4836
      612.4676    763.4068   1974.6003
     1933.1263    467.7674    653.2798
        4.2590    415.1769    841.9863
     2073.4421   1779.3585    223.6573
      542.3852   1296.0648    777.1918
     1161.7468   1731.6389   1057.3672
     1165.3901   1451.3254    512.5384
     2000.0314   1248.8794   1024.1283
     2105.7517   1307.3984    564.1940
      705.6482   1556.3499    209.1989
     1725.6262   1092.1150    530.1356
     1749.3822   1924.5808   1199.1932
     1804.3384    504.3453   1883.6512
     2075.5872    536.9280   1780.0945
      948.6917   1378.4012   1991.8914
     1955.4153   1884.5974   1133.6888
     2059.0376    687.6101   1628.1675
     1811.5844   1738.3116    383.1546
     2226.4265    800.1540    631.3956
     1577.7904   1823.9546   2086.0583
     1909.1691   1319.2933   1247.5226
      323.8804   1229.6646    811.7438
     1084.7910    267.7308    559.2372
     2251.4844   2129.6892    384.5916
      953.8416   1835.3333   1175.7115
     1773.2297   2223.5181   2035.3757
      502.7640    713.8049   2155.7842
        0.7177    195.3082    479.1282
     1988.2944     35.7176   1846.2557
     1667.4227   1826.9320   1579.1807
       24.0738   2015.6626    935.8276
      684.7218    122.5564   2035.0374
      246.9081    217.9705   1933.9889
      929.7164    560.1585   2149.8826
      207.2272   1115.5853    668.9037
     1552.2279   1536.7877    923.0436
      409.9901   1988.9143   1479.3806
      129.5221   2071.8298    246.8802
     1334.3584   1773.7767    298.4565
     1317.6310   2231.3904    374.4302
     2034.6943    116.6902    161.4817
     1213.7040   1205.7000    228.8154
     1090.8215    883.5883   1027.1777
      460.3316    108.7131   1449.9634
     1230.0327   1136.2865    783.7327
     1523.6306    885.6301   1122.9010
      130.6181   1580.4697   1321.2651
     1909.2502   2095.1250   2183.1431
     1204.5649    754.5262     87.6597
     1941.6272    189.3148   1007.2474
      631.1934   2207.5747    531.6453
     1698.2582   2236.2913    698.3588
     1383.1132   1855.6000    500.5551
      547.8798   1715.2842   1792.4805
       59.4889   2141.3154   2114.9739
      156.7217   1022.3563   1338.2104
      571.3763    963.0637   1869.4501
     1924.9513   1220.0192    607.7384
      571.1598    977.4875   1317.0310
     2009.2615   2257.5942   2062.5461
      990.8647   1216.6827    867.9746
     1281.4054   1590.4253    127.8407
     1612.9951   1670.6765    732.4835
     1963.7273   1699.2471   2053.8533
      607.6368   1566.2734    592.6252
      616.8709   1688.5389    771.6990
     1449.6444     31.3808    203.5004
     1118.3324   1490.7352    862.1146
      483.3130    977.0886    362.5460
     1285.4231   1778.7543   1688.3298
     1527.0095    889.3994   1742.9451
      860.5176   1203.5717   1618.0131
     1143.0487      3.3491   1967.2717
     1308.4434    609.5485   1925.7261
     1353.9552    717.0255    677.3652
      983.2694   2190.3887   1398.8268
     1481.8589   1931.1921    205.4211
      172.3072   1628.1484    331.5717
      975.2706   1925.8827   1863.6857
      374.7611    912.3372   1406.1838
     1893.9590    126.4444   1326.6451
      140.6151   1101.9144   1969.4664
     1827.4414   1727.8467   1188.6077
      180.8962   1887.4630   1795.4263
      853.4183   1980.6523   1075.1078
      992.5507    334.6419    905.2117
     1915.4480    869.2430   2110.4055
       60.8031    432.3089   1041.7401
      204.9908    286.3595    809.0865
     1589.2612    532.9418   1793.8484
     2018.8491   1546.0992    610.1654
     1481.4984    451.1427   1377.1462
      839.4136     69.4222   1623.6053
     1391.0463   1213.9614   1940.9778
     1705.9708   2034.7582   1366.2289
      959.0758    441.5027   1749.8331
      123.1664    228.7262    307.6270
      144.0434    919.2095    562.6517
      731.6916    175.3444   2243.1792
      160.1440   1163.5018    472.5137
     1000.1639    783.1734   1352.1132
      687.2001   1296.4452    324.7120
      766.3491   2141.2375     40.4127
      946.3418   1873.1592    644.4877
     1345.8203    793.5400   1837.1108
     1745.0343    740.4190   1861.4623
     1487.9132   1043.7380   1307.1697
     1040.4048    761.3975   2187.6775
     1035.1825    563.3861   1302.5619
