       16.9443    192.4753   1618.3628
      958.0739   1316.6390    511.0710
      249.7057   1614.4197   1497.7230
     2165.7698    784.8364   1044.9822
     2158.4158     70.3057    242.6085
     1401.0652   1385.8755     99.6871
      898.7575     10.7817    802.5829
     1665.6143   1222.5447   2056.4492
     1756.7892   1202.1862    241.0769
     1611.7058    887.1700   1540.7338
     2144.2427   1763.7109    642.4999
      199.6509   1760.0244    776.1208
     1638.0070   1675.2115   2251.5422
      752.9827    552.4154   1997.1775
     1456.5936   1686.7916   1359.7570
       21.0308   1496.4905   1978.0459
      578.3354    819.9290   1764.3354
     1255.8379    467.0001    657.3007
      707.0745    561.6175   1003.5883
     1897.3400   1838.7640    248.2302
     2140.3604   1242.9985   1256.2618
      820.0237   2195.0723    997.8641
      710.6764    385.1861   2185.0117
        3.7798   1024.1752    911.3159
      662.9438   2085.7644   1167.6538
      995.4891   2236.0979    110.0503
     1626.7101   1797.6472   1869.0363
       21.4596    138.9641   1412.4340
     2133.9565   1460.5579   1589.2017
     1526.9413   2197.8059   2013.5104
      514.4464    660.0876    957.1605
     1138.7018   1480.0187   2033.0508
      939.9445   1767.9713    497.1731
      824.5317   1262.9264   1064.3015
      495.8376    399.2547    274.8952
     1391.5887   1895.8864     33.4942
     1069.9808   1135.9874   2128.0168
     1870.3536   1304.0311   2083.9338
     1673.0320   1930.8834    261.8494
      397.5761   1582.7327    210.8676
      249.3114    449.8311     47.3216
     1048.7225     62.5793   1571.2936
     2038.5400    715.6013    326.2980
      846.5859   2054.2051   1545.2892
      145.2499   1535.0200    721.5930
      655.4884   1085.7174    280.2660
     1522.3824   2064.9534   1259.6737
     2186.9202   1273.7428    343.6441
     2257.8489   1063.7029    515.9526
     1408.0341    451.0223   1027.6472
     1071.5349   2207.2466    453.7280
      195.7244    681.2640   1347.9534
      194.8633   1276.5326   1512.9298
     1980.5795    495.4225   1084.1082
      798.6165    503.2314     69.3757
     2029.5702    941.2646    271.0733
     2220.4360   1061.6312    250.5526
     1952.5645    223.5582    362.1705
      176.3180    909.9924    768.6170
      377.7652   1804.2842   1056.1597
      700.7976   1169.6569   1862.2708
     2119.3765   1459.8352    429.0927
     1626.1881   2082.3469    625.6382
     2021.1053   1058.3074   1325.2551
     1415.7637   1826.0966   1530.2246
     1134.2540   2038.7233   1329.6996
     1117.5017   1888.2554   1676.3933
     1697.6986   2161.3708   2222.4673
     1884.6173    925.6279   1290.3319
     1161.5732    300.6174    780.2098
     1267.0564   2081.6348    954.0635
     1732.1996   2031.7527   1560.8628
     1896.0439   1362.8488   1746.3534
       85.9722   2005.9144   1270.6886
     1126.4923    207.6398   1744.1552
     1127.5784   1570.1521   1651.8783
      402.7886   1801.4534   2024.1982
     1942.7021   1282.7051    396.4961
     1001.1589   2125.2236    688.2407
     1038.1521    695.7122   1133.0226
     1919.3455    885.5761   1082.0312
     1849.4932    825.3531    356.6878
     2241.9878    295.4506   1254.6454
     1259.5885     56.8033     24.7814
     1780.0537   1663.5444    758.2139
      973.0133   1703.4559   1624.6838
      529.5614   1789.6991   1616.8408
     1772.4860    182.4874    180.9779
     1720.6531   1326.2412    443.2945
      557.5698    185.7889    803.1475
     2221.2612   2237.8508    826.1938
      727.4162   1477.9426    747.2161
     1853.5669   2053.7588    989.6844
      569.7659    558.1953    117.5819
      537.9306   2217.0161    728.6907
     1816.8331    350.5177    783.3978
     1417.3646    597.2794   1705.9880
      438.6525   2162.1228    537.5202
      464.1977    261.2543    446.8748
     1493.5358   1676.0148   1700.0018
     1733.5968   1457.5331   1409.7766
     1478.1018    151.5713   1512.3140
      433.7891    653.0762   1505.6456
      232.1373   1981.0571   1090.3579
     1097.6884   1305.4904    711.9158
     1446.9257    294.4615    273.2363
     1212.4091   1876.8141   1892.4058
     1076.1318   1642.9729    639.0778
      336.5884   1256.2068    538.6295
     1400.0103   1225.4199    985.6259
      467.2187    864.1088    867.1001
     1060.1509   1007.3652    864.6556
      745.0493     84.9909    675.5690
      526.1612   1367.9447   1624.0613
     1164.3391   1736.4504   1522.0001
     2139.1428    999.3206   2106.1399
      586.0664   1209.5961   1072.6931
     1676.4664    840.5999   1337.1239
     2094.3467    421.0659   1348.5820
      473.6487   1323.4657   1420.3132
     1905.7903    241.0128    604.4282
     1505.9813   1259.8628   2182.3657
      553.6945   2001.3779    731.2325
     1867.7393   1662.0165    965.9830
     1877.0599     23.8866    551.3224
     1658.5331   1648.1011   1024.7720
     1214.0358   1738.9739   2244.1460
     1720.3715    583.7040   1975.6813
      282.4612    130.2156   1108.2578
      154.0372    608.1796   2183.9685
     1859.6208   1865.0615   1051.1823
       61.3241   1360.6598   1140.0902
       25.3220   1264.8590    899.4357
      573.7914    869.1281   1537.0667
     1726.6376   1501.3293   1178.0461
      543.5978   1873.6132    889.8901
     1576.4604    660.3468     44.3680
      136.8696   1156.9274   1714.4913
      602.4111     89.2223    148.2116
      341.1623   1925.9673    653.6412
      176.0267   1090.0884   1066.5381
     1233.2609   1063.0634    338.9905
      609.0013   1991.3744   1562.0381
     1229.4344   1528.2867    697.6447
      194.1446   2163.7297   1181.5493
        0.7833   1967.1554    111.0054
      878.1116   1165.7987   1449.4598
     1665.5222   1659.3147   1328.5013
       76.9567    266.5960   2033.5520
      153.6763    884.6169   1420.4403
     1383.1273    300.4523   1164.2563
     2170.4858    749.8635   1800.6698
     2002.6715    669.5849    545.5145
     1049.2906   1794.6575   2061.9529
      351.2264   1448.9865   1550.8912
      847.0792    626.3239   1411.0421
      253.1693    764.0204    194.7406
     1168.0950    130.6148    417.1128
     1422.4945    967.3588    355.6637
     1630.2034    900.1606   1950.8461
      225.2758   2147.2288     40.0779
      281.5795   1049.4443   1792.7186
     2137.2310    338.7516   1044.2574
     1624.5774   1105.5431   1589.5032
     1729.9907   1500.6704   1660.4266
       36.7130    364.9441    621.2089
     1258.9537   1276.8629   1389.8214
      959.6823    591.3141    530.6078
     1527.1943    504.7912   1556.9672
      338.7769    299.9769   1458.2754
      274.5123   2152.1982    973.1084
     1541.4741   2093.7766    102.7657
     1406.4863   1928.5361   1108.1990
        9.2474    755.4368   1285.9646
     1836.7207      9.0515    981.2576
     2218.3984    953.8774    719.0606
      812.4366   1660.6582    633.5281
      455.1040    861.2457   2098.3943
     1973.6732    608.0226    139.5080
      239.9624   1379.8274    363.7304
     1250.7941    192.5648   1924.9565
      667.9183    954.3860    838.3649
     1537.9297   1271.7781   1769.9467
     1805.2870   1862.8245   1419.7450
      905.7628   1998.7822   1305.0447
      728.3917   1212.5414    880.0173
      729.9935    463.3076    272.8357
      927.3639   1111.0964    600.5115
      287.9294    410.7859   1850.1810
     1374.3793   1538.4867   1986.8883
      512.6029   1785.0127    653.3535
     1059.2990    252.7780   1042.8392
      458.5763   2006.7362   1099.7374
        9.4573    564.5253   1664.2285
     1148.6335    531.9897   2041.6088
      586.6420   1773.5188   2208.1077
      575.5590   1447.5399    154.8439
      775.8958    680.6801   1207.5760
     1927.7255   1724.2676   1826.8247
      759.3730   1846.6857   1501.4255
      110.1074     47.8805    422.5313
     1753.4830    127.6661   1159.4059
     2082.2224    359.7720    524.0917
       97.7452   1474.7600   1552.4132
     1225.1263    519.7438   1606.3972
      921.6989    145.0250    499.0909
      914.3158   1163.4265   1978.2960
     2188.6082   1223.5664     89.1918
     1013.4518     29.4459   1818.4271
     1345.9639   1735.7961    728.1546
      448.2613   1363.2655    973.8781
      972.7408   2173.0164   1991.7410
     1880.2318   1904.9225    799.1306
      318.8306   2190.4910   1537.0522
     1220.5452   2160.3398   1501.1449
     1697.3805   1040.2190   1386.6620
      451.9483   2108.6604   1709.5835
      174.1983      0.9536    791.5789
      203.6624    325.0085   1081.6924
       50.6779   1306.9733   1879.4227
     1377.1213   1467.3724   1665.9879
     1378.8649    128.0369    411.1051
     1570.2914   1026.2579    181.2744
      300.8112   1992.5040    450.2627
      762.9530   1436.5857    514.5515
       18.1731   1508.1356   1777.0471
     1681.3759    148.4122   1439.5011
     1873.3989   2140.9207    796.3250
     1128.7256   2026.4362   2027.5150
     1341.8417   1860.5216   1287.8715
     1124.3383    377.0434   2146.9580
     1207.2219    407.3497    973.0380
     1525.1936   1356.3151    333.9392
     1392.5125   1226.7676   1604.0283
     1068.1199   1416.5964   1291.5760
      836.0975    385.4377   1021.6766
     1638.6936     51.1470     99.1425
     1165.1222    584.0649     19.0490
      661.1506     37.5729    878.2781
     1191.0339   1450.5277   1486.7522
     2040.0120   1653.0206   1119.5380
     1217.5369   1324.3480   1681.0043
      874.2414    865.6683   1114.0215
     1540.0961   1294.3655    611.5350
     1338.4675    614.0516   1443.5671
      986.3965   2012.3822    504.5164
     1105.1711   1472.9086   1825.6907
     2131.1626   1599.7028   2129.9585
     1173.4364    535.2278    239.6046
     2261.6733    585.9772   1450.9792
        9.3836   2253.6616    597.4970
     1804.5637    659.9437   2250.7510
     1077.1432    101.7902    861.7696
     1527.0930   1069.2809    566.3387
     1579.1929    123.7066    830.3981
      655.3818    684.5000   1581.4645
      841.4229    855.5052     37.9326
     1392.3350   1188.9132    453.6230
      322.3231   2181.2888   2089.8005
     1045.7355    860.3066   1761.2230
      438.9509    410.0917     14.8379
      311.8809    930.5881    979.0676
     2043.1774    940.1784    883.9662
     1501.1862    806.7791    221.0913
     1946.2119   2061.3928   1972.7590
     2038.7283   1683.2336    433.5534
     1197.6818      0.4410   1715.4294
     1161.7284   1844.8121    605.7977
     2118.0732   1575.8179    935.6410
     1923.4703   1465.9503   1936.2992
      982.0154   1415.8824   1640.4897
     2029.3503    887.7668    503.7925
     1754.4080   1698.0684   2070.4351
      285.5977   1670.3999   2121.1270
      806.2833    100.4821    174.9178
      682.1034    171.0381   1464.4086
     1409.6827   1765.1771   1905.9749
     1938.0745   1505.7391   2156.8101
     2000.1089   1201.4492    227.0704
      854.8662    976.0174   1568.7032
      317.9073    154.7315    316.3455
     1189.0812   1658.7147    489.6532
     1078.1249   2077.2686   1588.7260
     1464.1195   1982.4159    881.3047
     2044.5459   1835.3557    955.0807
       32.0694    938.4905   1128.6051
     1096.6686   1063.6554   1904.8290
     2241.8237    688.4927    323.2333
      293.7066    262.9362   2169.7375
      774.3986    668.7321   2215.0842
     1932.5045    395.1721    207.1322
      490.8783    838.3236   1131.3408
     1192.1354   1263.7843    916.2254
      777.3622    825.4941   1405.6202
      989.3462    342.4680   1244.7172
     2235.2070   1746.6278   1011.0257
     1897.2004   1959.9126   1758.0806
      984.3026     61.1862   1044.2500
     1403.8674   1400.4568   1469.3506
     1638.7498    780.6490    748.6202
      858.7055    748.0463   1603.8518
      258.3379    580.3884   1762.7361
     2152.3000    757.2037    124.9192
     1486.4550      1.9790   2244.9658
      823.0316   1284.5209    686.9439
      675.8015    628.9688   1797.3414
      356.9964   1369.5100    162.9008
     1158.0704    871.9639    317.9972
     1799.2469   1567.2710     42.4784
     2035.3398   1291.2478    760.4467
      897.3284    659.7258    986.0876
     1776.2159   1924.8351    452.1328
      888.8287    799.9905    297.9173
       89.5245    483.4789   1264.9014
     2041.2141    987.4057   1905.4285
      543.5191    344.0351    649.7530
     2247.2605   1174.9092   1078.8492
     1036.9275   1370.8751   2220.7344
      863.8048    199.1131   1129.4098
     1235.1436   1699.6211   2027.6646
      212.8789    112.7697   1507.0087
     1963.7798   1239.9297   1411.7509
     2061.1428    164.2624   1964.7668
      509.0905   2140.2422    932.3853
      654.8627   1690.5491   1369.9814
     1907.0571   1785.5675   1612.6674
     1664.1136   1481.4460    727.0602
     1294.8652   1612.6207    911.2198
     2087.1138    808.1071   2012.0543
      593.0415   2155.8276    188.2912
      903.7427   1975.3274   2096.1292
      746.8092   1126.5266   1237.5864
     1779.2998   2153.5530   1808.3022
      465.2056   2108.8933   1314.2577
      249.5711    641.1789   1956.2533
      419.2325    381.7306   2041.0746
     1344.3480   1348.9767   2097.0991
     1639.0363    754.8427   2128.9417
     1498.0380    441.0160     77.0446
     1543.6993   1375.7406    870.9429
     1390.2050     10.6086    935.5408
     2084.6711    686.2657   1394.5325
     1250.2551    111.7903   1537.3231
      489.7758   1023.7904    150.0065
       58.1655   1973.9652   2180.6741
     1080.1599    189.9139   1407.4126
     1141.6578   1278.2592   1977.6501
      980.9390   1530.9305    447.1562
     1320.7262    490.8535   2203.3730
      695.6208   2030.1587    922.4921
      239.5443   2136.1418   1739.4381
      395.9857     63.4773   1692.1006
      264.2985   2085.5398   1360.9592
     1244.1677    352.0527    394.7548
     1864.6246   1039.3384   1533.5087
     1087.2446   1355.0148    307.2179
     2217.9839   1573.6625    596.1099
      791.0109    826.4910   1798.2178
      495.7646    266.0518   1621.2914
     1516.8643    439.6768   1955.5240
       32.2782    404.7839    394.1694
      904.1613   1894.5043   1685.2269
     1507.2482   1148.7312    777.7233
      345.7947    640.7350    492.8365
      391.0615   1714.0427    854.6893
     2199.4949   1431.3950    772.6540
      961.4505   1603.3119   1970.9167
     1734.2402   1842.5514    660.6470
      367.7370    332.0869   1215.0972
       86.2858   2199.2253   1564.6808
       60.1300    194.7698    995.6102
     1592.4712    536.5191   1023.1603
        0.8645   2168.7788    100.5886
      469.5194   1196.4377   1802.1136
      336.1226    309.6013    635.4329
      837.5080    321.9937   2007.7617
     1660.9584   1270.4497   1319.5343
      774.5318   1980.2574    578.7847
      347.2898   1906.5674   1265.6835
       75.9483   1738.8232    202.8406
     2005.2279   1707.1289    785.2885
      852.8999    514.1968    832.5961
       13.3926   2009.8444   1695.1306
      815.7349   1772.7527   1862.4435
     2110.4473    375.9047    729.8655
     2217.3877    769.6441    828.8848
      201.6208   1373.6392   1721.2396
     1817.8785   1132.8140   1891.4224
     1472.7982    800.2971    899.0026
      817.6391    767.5249   2040.7146
     1412.8427   1542.5480    301.9820
     1707.1448    540.7243   1391.4277
     1852.6554    715.3312   1347.8566
      299.2165    965.4877    231.6807
      652.1643    409.9759    459.2545
     1583.3635    307.8306   1101.1427
     2194.6206    566.7487    501.8969
     1474.4205    236.4836   1910.5692
      281.9532    248.1880   1680.2581
     2137.8308    323.6960     96.8056
     1879.8610    292.8110   1858.8733
      693.0771    919.6671   1220.5542
     1616.0712    115.2376   2122.2769
     1803.8821   1009.2429    181.0460
      336.6393   2260.2986   1890.2805
     1597.2090   1704.1975    572.4070
     1848.6636   1391.9910    625.1545
      406.5552     66.8277    944.0148
      898.1754   2152.2886    297.0459
     1193.3503    865.4383   1952.9398
     1714.5641   1270.2849    745.1788
     1586.1342   1339.1193   1583.6586
      377.0384     52.2291   2249.2905
      456.3804   1525.8156   1325.3751
      656.9034    205.8112   1035.7601
      261.1539   1245.0757   1163.1121
     1087.4568   2058.8335    288.6366
      716.1835    215.2075    515.0068
     1671.1056   2019.6442   1959.0050
     2254.6917   1800.0023   1829.8402
     1825.5649   1137.0110   1244.8424
     1562.1001   1771.3922   1160.5311
      353.7188   1052.5837   2008.0529
      916.9557    989.3729   1307.7595
      477.3001   2128.0837   2261.1865
      262.9500   1050.4597   1539.1234
      472.2181   1003.2523   1689.7600
      129.7566    699.3790    468.2061
     1793.8983    773.9279   1582.2428
      699.2055   1942.8051   1760.6072
     1325.3854   1373.2223   1867.0753
       56.7620   1368.3029    573.0627
     1127.9883    963.5456   1246.9890
      580.5863   1914.1722    293.6672
      953.5088    927.9156   1946.2157
        2.5356    937.5619   1845.2360
      690.6937   2046.4639   2165.6516
     2252.3298   1669.1752    800.3479
     1894.7703    359.3972   1470.5763
     1234.6360    581.8765    462.4520
     1249.8302   1145.3809   1808.8583
     1318.5364   2129.9783   2042.7321
     1273.2916    383.3017    129.9758
     1367.1475    601.8253   1241.7067
      569.3758   1723.2323    153.9955
     2033.4460   1938.5385    663.1157
      315.6041   1789.4691   1586.5776
     1033.2690   1341.5465   1062.5804
     1281.4703   1520.5223   2184.3259
     1391.2729    494.3646    310.7908
     1360.9875    762.7969      7.6995
      206.7628   1319.6858    961.6336
     1480.3508   1777.6533    965.6155
      731.1093    692.4101    184.2114
     1394.3070   1163.6174    228.3778
      654.3537   1444.9694   1418.4062
     2063.8008   1214.3090   2188.6450
      151.6918   1047.4668    361.8796
     2196.8979   1241.6227   1462.0526
      322.1873   1154.9819     99.1879
     1008.0839   1849.9189    955.3243
     1967.6923   2261.8401   1171.2831
      345.6722   1782.8059    491.2601
     1731.6809   1472.0543   2077.5393
     1074.9760    453.5966    445.2319
      707.1836   2065.0159   1375.8741
     1834.3422    134.5181   2010.7441
     2086.1880   1090.6726    669.1724
     1090.0858    910.9838   2155.3904
      322.9335    825.6392   1699.9481
     1907.9518   1443.8065   1515.1626
     1425.0221    678.9337    407.3283
     1711.0767   2186.7744    256.2835
       60.4174    410.5359    180.2160
      386.7606   1429.5212   1786.8770
     1207.1920    646.1602   1041.2357
      696.6149    208.7653   1801.5499
      979.8225    447.5235   1475.0645
     1974.1031   1968.3032   1534.8970
      371.7523    567.0042    265.6091
      368.1883     92.4886    737.3491
     1179.5150   2069.8035    568.3045
      130.2984     50.3771   1971.5715
     1908.9980   2027.1329   1230.8398
      281.4199   1249.4227   1901.5199
     2113.1189   1437.7229   1166.3137
     1134.5625   1718.3422    826.9481
      382.2260   1154.1984    979.7598
     1890.1798   2245.3701     85.9126
      650.0041   1110.4174   2097.9358
     1879.1692    603.9155   1705.4709
     1935.2902    883.3931   1706.9900
      982.3391   1092.4916   1104.8646
      129.9635    755.2436   1784.0948
      532.2115    547.5156    571.7450
     1776.3745   1251.5933   1508.2039
      862.9797    268.8120    325.6871
     1134.4254   1200.5210    469.1105
     2204.1582    942.9776     26.3444
      288.6110   1200.1102   2149.4351
      150.9021    700.0660    692.3839
      743.9411    343.4678    723.9790
     1017.6790   1574.0100   1442.0593
       69.7323    879.3465    228.3828
     1310.8811   1023.2133    571.6526
      487.5294   1094.6967   1490.6316
      596.5128     15.1524   2212.0989
      260.2220    786.4211   2104.7046
      939.0117    296.4432   2192.5952
      159.8861     83.5177   2198.9336
     1602.1475    464.0890    435.3531
      345.1957   1021.1833    504.9264
      725.2674   1307.1234   2016.2281
     1934.0464   1573.8671   1313.3712
     1759.3309   1939.1272   2148.9180
     1705.8929    323.6647   2068.3071
      571.1714    515.5259    798.7627
     1551.0737   2125.2166   1781.7029
      892.7841   1397.0083    884.9312
      174.4990     81.8202   1735.2164
     1341.8538   2107.5786   2241.2402
      641.3552   1286.1779   2256.8767
     1141.4110   2082.7219     90.8385
      536.6503   2164.8962   1487.4707
     2091.3630    145.7310   1284.7739
      859.9766   2201.2346    541.4293
      387.6696   1414.0693   2026.7501
     1151.1433    328.1639   1577.4352
     1915.2098   1625.1678    253.7913
     2206.4092    102.9856   2103.0061
      644.7852   1190.3646   1648.1202
     1405.0300   2223.8757   1616.8776
     2147.0020    353.2953   1915.2361
      507.0035   1232.2794   2006.0200
     1679.0907    913.1715    551.5255
     1903.5090    500.4782   1294.3434
     1150.3284    671.9903   1829.3403
      297.7858   1490.6638    856.7727
     1290.1652   1072.1742   1320.1448
     1364.7111    189.8044   1699.3800
      869.1221    990.4409   2130.3757
     1470.4978   1915.3899   1739.2432
      999.8155    903.0286    684.0039
     1733.2484    463.4265   1587.6871
      913.3267    698.1665    717.8411
      840.6322   1511.0129   2135.8987
     1815.3458   2031.1189    116.1270
     2147.3530    101.1464   1057.8812
      384.6463   1808.9844      1.7019
     1506.9482   2123.8430    319.9996
     1246.0878    192.0263    988.4465
      866.6432   1062.2670    815.2889
      839.6411   1235.5472   2194.2488
     1711.6700   1363.6184      5.0334
      681.7988    991.3334   1698.3329
     1456.6896   1503.8810    693.8594
      195.0672    401.0828    771.0847
     1989.7946    498.2942    397.6385
     1017.7952   1621.5448   1200.7675
      183.1164   1114.8867    848.0521
      333.0451   1178.8640    317.0232
      550.1506   1118.6794    851.4791
     2226.5295   2061.0278    660.3845
      999.7409   1832.3035   2259.1121
      690.9031   1342.0769   1233.7448
      223.5146    860.2885   1197.5187
     1574.9198    235.4532    465.3814
      292.8492    726.5409    857.2476
      611.7216    391.0626   1963.0624
      568.2084   2017.7836   1883.0709
     2234.8398    557.0937    713.3081
     1352.5205   1677.4718   1141.2220
     1219.6793    734.3442   2108.1965
      905.1788    124.8689   1970.6831
     2247.1855   1359.9293   2195.9563
      901.1218   1583.7391   1761.4891
     1009.9161     79.8839   1253.6257
      287.5225   1463.3737   2239.5195
     1558.1312    479.2802   1232.9993
     1825.9946    788.9717    565.6663
     2153.3704   2100.9875   1534.7957
      634.9343    877.8453    122.3021
     2032.2290   1665.3116   1519.3636
      386.6582    450.5210    455.2242
      764.8367    416.0406   1821.8761
     2006.5464   1657.5566     35.6274
      466.0629    643.0546   1700.1033
     1286.8854   1109.7778   2044.3258
      605.4783   1594.2727   1757.6399
     2235.4780   1992.7906   1941.7039
     1967.5758   1540.9867   1713.7327
     1693.3271   1819.4615    894.8616
     1368.6902    979.8450   1891.8484
     1285.5134   1610.3608   1810.4744
     1200.1053    716.5255   1277.6531
     1069.5107   2149.5698    928.6736
      695.4941   1081.5510     51.0439
     1540.2987    205.1030   1292.2748
     1742.6774   1207.3269   1712.0916
     1460.9528   2167.6990    759.1629
     1891.2571     29.3699    306.5499
      226.3642   2145.0527    608.3127
     1665.0129    543.5479    735.3847
     1689.6173    712.2076    934.3802
     2137.5178   2073.0854   2167.5168
      725.0112   1721.1589   1674.4323
     1082.1552    995.2843    499.0919
     1099.1083   2056.5510   1809.6392
     2149.6794   2188.2302   1970.4905
       99.2888    612.7255    868.7205
     1729.5917   1731.6174   1706.3036
     1249.5334    864.1962   1450.2795
     1557.5356   1618.5107   1973.7969
      516.0091   1739.1980    379.5680
      117.0230   1772.6676   2200.6934
       39.1091    903.0007   2060.2734
     1490.2651   2142.2195   1039.9863
     2210.7607   1888.9058    818.1149
      575.8332   1942.4756     78.9852
      480.1765    232.3660   1852.8702
       26.4654   2185.9402   1800.5332
     1953.3977   1095.5708   1726.4774
     2213.6826    895.8310    393.8359
      821.5598    191.3752    908.2885
      267.6255    513.8115    950.2715
     2019.9990   1884.1763   2153.3269
     1836.4174    915.4236   1928.6194
     1670.6807    932.9630    976.1701
     1506.1989   1181.1541   1452.8599
     2262.9202   1585.2802     43.2059
     1477.4346    309.1423   2136.2830
     1503.6790    840.2728    540.5674
      951.5106   1488.8376    691.3698
      520.9380   1729.8702   1192.2681
     1638.7412     74.8578   1905.0145
      573.1899    489.4227   1553.7886
     1730.7438   2249.4146   1589.0049
     1797.1786    580.8533    487.7121
       88.4588   1804.1188   1599.4778
      361.5721   1011.7450    768.7589
     1617.3774   1885.5521     52.0338
     1344.9175   1445.3245   1053.1104
      445.5799   1591.9336      5.2858
      791.1299   1233.1318    166.8609
     1639.9119   1120.2771      6.2413
      389.4423    722.3138   1285.8109
     1005.3282   1247.2213   1793.0179
      237.7756   1677.2156     84.2925
      372.1699   1218.1836   1619.9563
      735.8744    969.3553   1958.8335
     1956.4026    723.3138   1862.3237
     1454.0507   2001.4838   1930.5991
      758.8795    376.9031   1412.2506
     1228.4746    730.4640   1642.2086
     2150.8953    509.8503    231.7291
      385.3564   1908.1185   1748.6198
      759.7205   1869.9019   1259.4792
      153.2724   1786.4481   1160.0992
     2148.4961    909.3920   1656.6438
      353.3524   2127.5015    779.3356
     1453.4523    529.0235    644.8137
     1885.0966    140.6267   1555.9934
     2103.3882   1981.3552   1331.5410
      485.4909    140.3736   1206.2993
     1385.7574    605.3434    126.3693
      692.1299   1125.0203    668.0552
      609.0169     63.1909   1632.6213
       58.5230    507.6983   1862.5338
      699.5670    707.1381    827.5734
     2254.0051   1304.6968   1663.8076
      605.3020    409.2838   1178.3485
     1355.1278   1610.0897   1519.6362
     1741.2021    987.3832   1729.8065
      467.7666    760.7935    211.3246
      833.9858   1742.0151   2077.4128
     1421.0787   1279.4873   1245.1989
     2152.4329   1583.2247    236.4226
     1359.4391   1065.5181   1129.3795
     1304.3534   1349.2168    302.5655
     1675.7031    998.1339    755.2097
     1366.7128    109.0901   2092.2698
     1869.3066   1106.0045    815.0683
     1171.3562    417.5729   1384.1263
      165.6870   1494.6910    184.0585
      701.9000   2146.0620   1689.2211
     1827.4387    664.6506    732.7284
     1637.5149   1976.7031   1034.2896
     1153.8290   1030.8053     59.9314
      885.5784   1477.2837   1108.9174
      423.5866   1722.6282   1412.2494
     1283.4817    853.5967   1140.2920
      221.3959    880.2405   1932.4973
      121.9710   1234.6537    242.2489
     1554.8396   1356.4434   1074.7877
     1223.6450   1269.4031   1156.7124
     1571.2606   2224.6584   1462.0107
     2194.3079    900.1125   1442.1713
      486.8212   1128.4335    624.3629
     1750.7366   1593.6948   1870.8882
     1083.2335   1840.0929    382.2430
     1051.6520    406.9510     91.5872
     1120.7135   1965.0444    799.5801
     1168.9247   1545.3787    308.1505
     1543.0437    668.0231   1882.4835
      907.9009    257.9887   1788.3219
      198.3598   1880.2029   2019.1389
     2009.6786    187.0645   2193.3110
      753.4905   1789.3470    235.7346
     1841.2341   1805.5321      8.7614
     1918.8162   1313.5397     47.4887
     1188.2119   1449.6759     99.9897
      592.2837   1351.3572    540.7392
     1508.8975   2025.1763   1560.7201
     1665.5146   1542.9264    327.5779
     1602.7638    565.9059    234.9958
      221.9603   1508.5386   1904.3473
      430.6269   1436.5029    632.7004
     1906.7104    121.9318    777.5153
     1278.4467   1859.8561    915.7899
     1514.2223   1725.5917    361.1515
     2108.9922   1392.7719   2047.0657
      684.6813   2082.2458    386.7830
     1059.9735    283.5506   1954.8289
     1593.6196    116.6753    288.2552
     1671.6881    362.6497    246.6753
      614.3306   1534.9276    361.9569
     1611.8976    643.2413    570.5428
      539.3428    252.0305   2191.6287
      496.3280   1529.8499    824.8596
     2131.6692     31.2929   1633.0878
      654.7940   1414.8119    979.7281
      139.2939   1715.2930    561.8694
     1326.0754    129.8586    773.5048
     1125.9515   2197.8025   2176.7065
     1312.2743   1993.3400    722.2285
     2061.3584     74.8099    451.7875
      454.4713    473.7017   1043.5568
     1760.3971    548.4173   1146.4644
      426.5271    491.0681   1343.7567
     2083.9404   1111.5269    420.6439
      334.1057    808.0983    632.5938
     1466.8495    204.6828     83.8934
      866.3089    393.7062    518.2859
     1288.5161    656.1602    857.3930
     2018.4030    695.8514   2213.0449
      793.7487   1595.7567   1534.3583
     1718.2009   2149.8828   1137.3767
     1508.4940   1908.7590    694.9015
     1288.7987    737.2806    257.7842
       65.2736   1499.3827    384.8152
     1119.8329   1098.0939    688.4031
     1197.8027   2257.5935   1307.3621
       69.7185   2198.6282   1363.0135
     1345.4490   1393.1152    499.7313
      648.8329    371.4207    912.5103
     2083.1311    210.1984    861.0006
     1920.9470    401.4007   1691.2063
     1687.4617   1949.5297   1735.4991
      877.3479   1384.9456   1450.4547
      147.2761   1864.7928    372.3421
      764.2988   1876.6995    753.6991
     1570.6946   1153.7714   1148.5411
     1986.3567    411.6501    898.0978
      558.2765   1006.2305   1039.0376
     2234.7397   2166.6672   1151.2266
      221.1122   1508.7847   1134.0314
     1875.8801   1299.3678    925.6754
     1644.0300   2212.6252    909.1732
      774.3599   2258.1023   1865.6838
      217.2579    293.2294    459.2466
     1797.3551   1654.6497   1493.6364
      867.8833    798.4310    504.3479
      664.3969    318.9668    115.9658
      173.0073   1650.7351   1704.7834
      157.9512   1347.6875   2050.9150
     1204.3882   1259.2134   2217.3704
     1300.5134     11.4508    581.1992
      736.6379    545.3018    640.9559
     2058.3286   2204.2051    679.2443
      304.5814     63.9728   1303.7529
     1312.1473   1465.4608   1267.4291
      788.2207   2058.8457   1920.5409
      103.4565    287.2166   1813.4415
     1189.3052   2248.8787    247.7323
     1441.0192    244.2026    936.3842
      278.8021    830.6678    373.4878
     1417.5160    979.1136   1519.7662
      373.7536   1036.6824   1168.6663
     1811.5602    371.5535    401.4395
      264.2076   1405.6761   1333.8264
     1071.2769    189.9824     97.4823
      682.5386   1891.8641   2028.4631
      747.7720   2105.4265    725.6398
      405.8622    797.0876   1877.2316
      332.8989   1177.9338   1352.6969
     1923.8295   1477.0105   1066.7111
     2135.3354   1609.1781   1339.2788
      782.4535   1659.3765    417.8191
      110.7562   1221.2585   1307.8612
     1577.5146   1485.9083    502.4329
     1621.0973    373.0146    869.7033
      217.5296    204.8753    111.4451
      338.1224   1938.8632    873.2816
      528.0766   1959.0020    496.3843
      186.1347   1323.1498    742.8972
      568.9981    609.1429    339.5261
     1132.3754    148.1681   2121.3984
     1934.6282   2174.2715   1642.5258
      790.3267    518.4551   1630.5637
      378.2856    461.2969   1621.1781
      270.0402    368.9039    249.8568
      181.9183    541.8740    344.9074
     1854.7653   2045.5778    609.0701
      750.5355   1191.3252    468.8397
     1559.4537   1516.4592    136.0011
     1757.5957    489.4341    106.2897
     2083.1960    481.3919   1561.2869
      448.4330    112.4637   2054.3569
     1316.4293    242.1301   1379.7885
     2082.1821   2095.0806   1786.3615
      678.2157    805.9539   1039.1661
      267.9806   2189.2847    387.1543
     1575.1423   2243.7739    471.8254
     1521.9568   1488.4537   2185.2925
      119.5402   1919.2200    618.2021
     1032.5238   1076.6522    287.7479
     1074.1333    743.3411    854.4716
      736.3365   1416.1526   1640.9695
     2164.9673   1796.2322     23.0092
     1875.3213   1083.2174   1029.1354
      618.9300   1512.8242   1176.1451
     1422.7355    671.8615   1054.2201
     2108.3833   1598.2036   1898.5281
      667.8417   1578.8135      5.3057
     1530.4896   1390.8223   1986.0883
      632.5529    221.1069    320.8228
      869.9328   1671.6982     35.6009
     1783.5729   1421.1797    207.6465
     1508.0616   1559.1029   1137.8606
     2235.0918   1793.0103   1290.5814
     1706.5741    186.4560    662.9811
     1181.2274   2247.3889   1072.7236
      413.6668    362.1100    836.0699
     1894.3080   1476.7979    403.4328
     1487.2164   1728.0978    143.4888
     1004.6522   1612.4164    980.3417
     1090.7161    785.2977    515.4286
     1947.8680    700.6188    970.5394
     1291.4886    243.8628    589.5725
     2038.0170   2244.4026    920.2361
     2040.7678   1046.6606     73.5805
      563.2956   2183.6064   2027.2322
        6.7409    133.8415     71.3362
     1791.8428    371.7058   1055.0604
     2042.5930    595.9291    760.8045
      944.9942     71.8732   2184.4304
     1162.3883   1520.3674   1087.9882
     1320.7440   2117.7510   1179.2478
     1232.1879    940.3499   1704.4226
     1322.7587    942.7983    145.9238
     1954.7200    345.5476   2050.4805
     1533.0077   1467.1011   1329.3905
      193.8242   1887.2714    127.7005
     1602.7584   1166.7819    356.9229
      892.9937   1744.3223   1367.1771
     1546.7502    346.9231   1697.1801
     1276.6912   1944.3794    405.7525
       73.6125   1507.6753    932.9694
     2252.6389    492.7806   2066.1343
      569.4979   1894.6155   1358.3457
       52.8719   1160.0573   2167.5332
     1676.7328    283.9505   1871.0118
     1087.7910     62.5014    648.3752
      122.1311   1051.4335    109.9730
      109.3501   2261.9329    988.9722
     1420.9940   2067.8684    524.9401
       55.7579   1980.1483   1470.3750
      543.3947    914.1559    677.7417
     1016.3643    491.1572   1066.6357
     1569.3469   2262.7966   1245.1244
      680.9854   1030.9069   1430.4376
      398.0599    599.3026   2120.2065
      123.5254    823.8405    960.9863
      239.6490   1479.3502    551.6217
      543.4161    309.7580   1387.5780
     1561.0707   1564.2822   1520.1901
     1809.1270    548.1722    911.6337
     2108.9341    161.1928    643.1270
      198.4484    439.0486   2056.9402
      221.7275    665.8085   1569.6732
     1441.4774    814.3132   2046.0399
      874.3038    992.0488    420.4851
      685.3377   1249.6520   1442.2759
     1822.0614    499.0020   2139.3545
       90.8058   2068.9404    455.1386
     2156.1641    324.8834   2148.0059
      366.8706   2000.6637    162.2877
      811.7499   1420.6914     71.3290
     1133.0533    653.1641    662.3311
     1542.5360   2042.6306   2147.7878
     2184.8098   1988.6750    288.3335
     2004.7717   1234.3016   1901.1754
      222.6531    485.3062   1433.4797
      188.9737   1830.1270   1398.1826
     2030.8435   2105.0491    473.4675
     1573.7869     94.9574   1051.5966
     2231.3259    734.7212   2187.7676
     1245.5020   2203.9744    775.4635
     1746.3850   1290.8617   1111.0349
      545.6316    426.6202   1759.8129
     1326.4806   1236.8296    658.0227
       48.1044   1075.4667   1508.5454
     2175.5850   1129.7412   1759.5981
     1654.5530    283.3650     25.5402
      906.8681   2007.6481    857.8997
     1943.1644   1494.5184    827.6033
      780.5223    596.9616    412.4603
     1934.3774    812.8983    121.6143
     1970.3186    297.9997   1193.1016
      510.9642   1170.5580    421.2268
      183.5699    270.3816   1320.1138
     2239.9519   1048.2419   1305.8667
      779.5114    931.4640    654.8779
      409.2792   1551.8672   1081.9673
     2183.2734   1156.9894   1981.3473
     2064.3625   2031.5116    863.1052
       20.3755    763.1937   1570.3418
      363.4054   2016.4565   1929.9148
     1315.8328   2117.9807   1839.7526
     2057.8103   2149.4731    189.1646
      996.1335    447.3605    682.9817
      574.9583    625.7459   1167.3890
      528.1370     34.0043    384.4057
       19.2684    360.0969   1469.3577
      443.8772    228.1113    144.7212
     1343.6813   1375.9536    825.7862
     1242.1968   1102.1671   1521.7922
     1650.5554    720.0903    363.2747
     2030.3687    193.2837   1729.8674
     2253.1052   1395.0795    180.6637
     1272.8201    265.8498   2231.9460
     2021.6288     29.2421   1457.4095
     1392.4020     11.3559   1368.8958
      349.3536   1817.7780    266.5152
      751.1035     33.1778    364.6115
     1086.6085   1713.0449   1833.8881
     1178.4373    229.1362   1210.6912
     1850.3463   1068.1324    413.5866
     1158.8235    432.1875   1828.7982
      597.8901    754.9462   1354.2646
      335.6653    547.0114    695.0897
      138.7776    830.0945     26.5852
     1996.8431   1892.7152    435.2036
     1458.2954    927.6130    735.2161
     1314.6580   2066.1851    201.1801
      900.5464   1211.8446    336.8250
      169.5692   2090.8032   1959.7239
     1413.5618     34.7088   1851.2585
      562.8389     23.6338   1855.3452
     2081.6140   1417.8928   1386.3495
      166.1382   2035.6848    808.3970
        5.6613    680.2349   1965.9983
     1076.3496   1179.3188   1307.9033
     1100.2773   1708.5684    173.1087
      599.2725    556.2753   2144.5596
     1177.9189   1944.0007   2207.3403
     1216.3916   1640.0919   1328.8965
     1493.3837     82.9790    645.8266
      483.7387   1072.3153   2204.3494
      452.4443    258.3163   1017.4268
      524.0390    124.4544    592.3904
      777.3766   1581.1191    929.1906
      576.6138   1647.1665    993.4274
     1760.3551    753.0852   1128.9771
     1570.1752   1271.3884    134.1111
     1060.8618   1010.8768   1452.5023
     1511.7643    919.8689   2251.3857
      296.1726    529.5027   1174.6199
      777.9747   2227.0256   2080.0264
     1001.5881   1877.4451   1479.2689
     1483.0485    587.1865    844.0503
     1899.4714   2071.2874    307.2532
       20.4485    187.2834    775.1647
     1592.3602    680.7614   1215.9841
     2227.1077   1940.6335   1096.6165
       35.3376   1424.6300   1356.6749
      331.0571     90.1988    529.2247
     1670.3884   1177.2408    941.6785
     1367.8385    352.4366   1574.3496
     1359.1305    398.2297   1795.9913
     2015.1250   1258.4753   1615.5751
      643.8423      1.4101   1095.4565
      750.9492   1545.4556   1937.0397
     1019.9347    712.7239   2011.7028
      721.3246    304.4108   1619.2050
     1983.3040   1785.9075   1333.2985
     1385.8804   1116.7870     25.5028
     1102.6118   1824.5123   1301.5508
     2211.8357    553.0856     14.7387
     1477.0956   1022.3729    951.7120
      147.3526     19.4354    215.8076
       71.3837    352.4284   2246.7786
      985.2225    639.9498    139.2119
      880.2866   1052.8231   1775.8300
     2159.9050    569.8289   1184.3223
      799.3651   2240.8416   1471.0491
     1288.0479    832.0509    492.2345
      374.4646   2257.0127    184.5619
      452.6937   1377.1555    355.6167
     1366.8633    388.0815    813.5637
      590.5598   1402.4020   1856.5159
     1510.0352    297.0801    681.7175
     1155.6592   1956.6089   1102.7683
     1302.4619   1996.7150   1660.4684
     2089.5173    862.4395   1240.3328
     2117.5447   2200.4658   1314.5494
     1377.0887     77.3618   1157.7601
     1398.9822   1612.5295    530.1938
      789.5601   1031.2173   1028.7201
      756.5319   2021.2535    166.3726
      633.5981   1687.7434   2034.7606
      874.8439    273.2679    121.1117
     1713.8223    991.1628   1163.8965
     1016.3212    631.3043   1660.8401
        4.4417   1187.6237    708.5132
      760.1938   1682.9670   1128.0013
     1222.9150    453.1107   1171.3428
     2015.5049    822.3621    720.7698
      284.9637   1971.1744   2195.3428
      327.4344    632.9329     46.0267
     1389.0996   2043.6921   1402.7241
      105.3630   1685.6222   1980.3839
     2190.4612   1913.5231    488.3493
     2017.4788    470.6744   2239.8730
     1634.6681    660.5731   1651.0242
      536.3172   1157.6340   1270.8038
      685.9767    224.8158   1239.0012
      655.2733    895.9016   2162.8174
      519.1391   1233.8220    179.9582
      830.4119   1388.3320   1815.5098
      861.6176   1429.6926    312.1245
     1024.6731   2126.0808   1154.4801
     2250.6240   1642.0189   1508.9283
     1567.4906    107.8781   1702.8876
      455.3574   2076.0188    316.8461
     1749.3861    203.4024    934.0266
     1858.4402   1123.3542      0.1611
      986.4064   1507.5425    156.1453
      672.8054    820.6407    353.9155
     2100.5112   1890.3846   1697.6444
      953.4974   1087.7462     58.2001
      121.6027   1542.1703   2147.6140
      215.3233   1661.8638    983.5551
     1014.0978    879.9650    148.1409
      483.7340    794.6623    469.0637
      849.1209   1916.0151    372.8455
     1059.9789    306.3870    281.0987
     2136.4189    575.4258    961.0715
      575.8450   1468.3667   2107.6519
      450.5680   1347.4054   1184.1166
      363.8061    885.7899     28.7805
     1712.6456    789.6322    170.7017
     1052.5221   1597.1970   2202.8853
      401.7915   1563.5475    429.6951
     2058.5701   1883.6974   1928.8696
      612.2382     16.8033   1307.8169
      812.6244    467.3208   1226.2682
      932.4851   2066.1707      8.0751
      830.9891   2238.8511   1243.5576
     1303.9336    380.1994   2013.3302
      122.8619    665.5328   1108.5593
     1927.0416   1100.5818   2068.3484
      953.5813   1924.9126    180.5032
     2032.8586   1937.6332     99.0004
       86.9712    634.3109    147.7922
     1556.4938   1489.3171   1800.3994
     1551.6898    678.0209   1450.9679
      991.1953     96.1499    297.0762
     1722.7568   1029.2924   2097.6086
      496.7378   1981.6163   2102.6416
      151.5000   1285.5238     40.8764
     1599.7853   1086.7048   1873.6648
     2130.4099   1679.6016   1700.7618
      915.4753   2125.1987   1721.9865
     2109.7068   1368.6000    963.6796
     1451.6866   1051.2991   1712.9250
     1627.1619    485.7958   2179.1687
     1724.4655   1461.4229    948.6587
      785.9764   1860.1046      8.1221
      224.9076   1999.1842   1599.0236
      967.4678    486.5445   1932.5068
      547.1895   1584.7338   1540.2684
      862.1127    186.0365   1378.6320
     1054.7258    675.1470    340.1202
     1262.7889    872.2462    924.2391
      921.3632   1705.2999    793.9418
     1877.5854    333.2358     17.0341
      902.9688   1293.5609   1255.4987
     1841.5193    872.8845    858.6205
      927.0054   1682.9032    268.2214
     1179.0890   1090.7222   1022.6013
     1255.3983    191.9713    230.0052
      680.9532    751.0681    598.9227
     1566.6968   1918.7434    461.2774
      934.1016    259.1977   1576.0955
     1341.1375   1907.5131   2078.6372
     1706.3077   1727.4731    202.9316
     1752.3496    149.6876    435.1191
      933.0694    490.2223    283.6865
      646.5417   1880.4418   1087.9960
      414.6091   2203.0859   1138.4518
     2102.4854   1390.6638   1810.3505
     1399.2389    379.3406    499.8832
      831.0289    993.6924    208.4906
     1723.2332    879.2729   2249.2620
     1733.3361    264.8229   1648.4971
     1814.9413    128.5551   2201.6350
     1755.3450    315.4362   1261.6111
       72.1668    102.0662   1200.7927
      636.2197    554.8156   1373.1892
     2085.2144   1440.8293     35.0649
     2212.1450    137.5773   1832.2664
     2083.9019   1037.4601   1096.4596
     2174.9299    364.8997   1715.2985
     1744.6710   2140.9226    458.3026
     1476.3715    608.5831   2118.0913
     1665.1432    969.1820    357.0710
     1070.1555   1083.3527   1665.5460
     1553.4497   1886.5353   1365.0197
     1431.1101    814.9789   1315.5870
     2246.9939   1698.6685    422.9850
     1795.6566      2.3708   1329.6609
      682.4304   1811.3942    505.1913
      448.6281   1609.0887   1939.0747
     1425.3197    776.2250   1565.0652
      802.1501   1808.4225    969.8908
      170.0226    171.3596    629.5030
     1686.6965   2009.6351    805.2682
     1912.2690   2122.5339   1406.6624
     1902.7598   1753.1422    596.6655
     1735.1606   1352.8136   1888.2305
     2094.5969   2252.3730   2256.5591
     2154.0178   1853.5502   1510.2765
     1845.9481    729.7358   2049.2371
       11.5408   1595.0642   1142.1703
     1979.9955    692.4684   1176.9600
     1191.8057   1887.6499    173.3349
     1104.9534    638.3471   1466.5531
     1807.6410    106.9247   1775.4413
     1058.1250   1244.9962   1531.8260
     1303.7378    935.5942   2171.5657
     1042.8801    833.9429   1545.9919
     2055.9556   2099.3323   1084.0881
     1001.7955   1281.8735    137.0361
      351.4779   1634.4309    642.4459
      296.0037   1728.4591   1865.8041
     1979.5853    857.8729   1495.3915
      317.9771    712.5214   1056.8527
     1421.4210   1704.8513   2163.0286
      442.0900   1315.7087   2217.0137
      138.5987    926.6376   1672.1090
      650.4228    973.5847    472.1874
     1227.3660   1917.1202   1461.4635
      922.8059    213.1893    705.1370
      492.4050    704.0427    716.8574
     1101.5747    529.8151    855.3423
      387.5860   1627.9866   1708.8389
     1223.9514    881.0635    703.0941
     2141.9802    295.7889    314.5736
      163.4323    495.5032    560.3387
     2076.4724   1064.8182   1529.4065
     2058.6833    586.5016   2035.4462
      144.8928    413.2899   1625.9634
     1821.8560   1866.2900   1951.8646
      216.4707    997.1888   2174.3672
     1773.2366   1572.5553    547.0862
      822.2330   1547.8984   1308.6498
     1901.6326    579.3173   1507.2726
     1498.0997   1048.2456   2083.7126
      326.2465   1687.5034   1241.2679
     1883.7441    973.6203    646.3618
      865.0845    857.1516    872.9608
     1825.4905    602.3721    281.3657
     1995.0723   1431.3284    228.4996
     1690.2090    390.9181    597.3156
     2084.9038   1169.8627    900.7928
      129.6261   1875.1134    930.8259
     1609.5162    351.9915   1437.5846
     2193.7180   1792.0293   2055.9309
      465.2104    575.5383   1908.9070
      889.4009    652.8602   1819.2394
     2078.3765    248.5097   1501.0067
      606.1479    747.8610   1988.7633
     1922.5825    477.2801    628.4730
       29.5278    399.9299    882.0723
     2127.1897   1802.9050    249.8088
      573.6351   1324.3461    762.5902
     1164.4009   1741.6613   1063.4008
     1149.1768   1416.3937    522.8418
     1985.0129   1247.4662   1117.9838
     2116.8257   1303.6970    576.1645
      751.1142   1569.8336    196.4822
     1713.7356   1130.1053    568.1928
     1740.6696   1898.4298   1206.2208
     1898.0985    497.9748   1909.8230
     2097.6541    562.8483   1809.6494
      929.3986   1365.1097   2019.4879
     2040.4493   1858.2743   1150.7988
     2060.0435    696.4909   1619.9598
     1795.1757   1713.6598    408.7788
     2221.2659    762.3416    586.7668
     1567.2571   1848.5706   2092.6602
     1878.5514   1377.3503   1270.2845
      370.2713   1247.2362    784.9116
     1078.3098    273.8484    563.8678
     2206.3242   2184.1721    387.0192
      950.4139   1828.0232   1157.5549
     1774.0896   2187.5864   2030.3916
      540.3556    737.0891   2249.4155
        1.5551    201.9124    486.0787
     1996.5203     20.3813   1835.8925
     1615.9064   1799.1622   1549.8563
        4.9288   2067.6125    941.2339
      659.2134    163.2164   2002.3693
      282.0066    210.5869   1938.4336
      938.5031    510.0789   2164.9666
      201.0743   1113.7908    620.9079
     1501.8627   1556.3407    915.6580
      400.8039   1951.6201   1484.6489
      157.5634   2064.9878    245.9393
     1290.7909   1729.9473    314.0391
     1279.1135   2171.1194    393.9100
     2003.4797    171.5722    155.4672
     1205.6505   1220.6426    174.3933
     1072.0796    890.4700   1035.6345
      439.9420     97.0243   1446.9337
     1289.8217   1064.2678    826.6180
     1508.4091    870.0701   1107.4653
      127.8374   1615.3806   1319.5875
     1916.4353   2079.5952   2188.2085
     1174.0020    777.1719     81.1488
     1945.8978    184.8428   1002.6896
      652.2989   2211.5703    548.8956
     1708.5446   2241.9353    695.6974
     1383.2455   1828.7231    525.3040
      547.8038   1795.4764   1863.2788
       61.2155   2183.9446   2127.3335
      198.7673   1034.8367   1297.2458
      527.6592    992.4689   1904.8396
     1911.9144   1192.5167    607.0916
      470.6662    947.3683   1330.8534
     1975.7014   2250.2808   2078.4282
      993.4462   1209.5829    880.8680
     1309.6733   1607.6942    107.5430
     1555.4642   1690.3251    785.2247
     1968.8173   1685.2510   2053.9458
      594.2281   1589.2661    571.8826
      656.3038   1690.6780    773.8330
     1403.6912     16.4470    201.5594
     1112.5403   1468.1908    870.8217
      490.2676    956.9940    331.8467
     1298.7158   1766.9056   1705.7424
     1523.5127    857.0540   1739.4979
      839.2086   1219.3016   1638.4933
     1176.6246      5.0276   1947.2051
     1321.1886    595.7756   1943.0062
     1372.7380    718.1537    680.6321
      995.8223   2182.4426   1410.4445
     1445.1047   1922.5958    262.8356
      217.9615   1645.0651    339.3560
      975.4741   1908.5917   1904.4893
      352.8670    856.0430   1488.7905
     1888.5503    188.7622   1346.1584
      121.1510   1091.1870   1958.5592
     1817.5723   1699.9679   1186.4836
      167.0021   1901.0120   1792.5377
      870.0648   2004.2883   1087.7803
      965.0877    340.6839    869.4346
     1928.2864    907.0184   2183.5774
       41.6440    472.8991   1065.9792
      241.7709    218.1818    886.4667
     1680.2325    491.6852   1797.6199
     1991.8683   1542.9705    610.0562
     1399.4684    416.2629   1355.0594
      843.2346     75.4817   1653.3531
     1431.4869   1222.6680   1951.8793
     1712.2434   2075.2490   1353.1207
      996.0520    438.2325   1704.1904
       95.7327    209.4482    288.8831
      127.1562    899.5855    549.1416
      770.7578    161.5557   2218.7388
      122.9050   1222.4362    463.4399
      988.2781    793.5217   1330.9121
      673.3477   1335.2888    309.8515
      783.6750   2208.9160     55.0087
      956.4465   1871.3674    685.4462
     1359.4897    762.7440   1821.5626
     1740.8833    759.0353   1796.7748
     1502.4978   1004.0778   1304.5530
      991.9305    724.5314   2211.1057
     1027.4023    553.6774   1284.4998
