       26.3080    186.8191   1656.6453
      977.3217   1306.3701    518.5211
      231.2818   1601.3188   1451.4036
     2173.1226    794.7764   1095.6798
     2246.7300     40.5691    256.0900
     1419.3612   1313.0686    110.1358
      967.3272      9.6963    752.1996
     1728.0691   1265.1772   2132.1538
     1830.0095   1161.1868    361.9799
     1617.6716    911.8801   1505.5094
     2158.0186   1736.2264    582.5157
      288.1363   1783.2888    728.0272
     1520.2915   1679.7579   2255.7097
      713.1026    581.5211   1976.6893
     1434.4385   1682.6868   1279.1188
        0.4360   1494.6559   1903.1309
      562.7766    785.0974   1688.4261
     1236.0249    465.6719    603.9312
      737.1732    587.8594   1067.0624
     1886.3799   1890.7772    113.1147
     2110.5105   1216.0034   1249.8752
      882.2474   2184.9861   1008.2907
      798.2778    427.7385   2182.3208
        0.9509    959.2778    944.6701
      614.5583   2090.5647   1197.9951
     1021.2905   2238.4338     78.3278
     1595.8538   1780.6169   1870.8636
       55.8918    152.9174   1441.1313
     2113.5535   1451.3782   1561.9579
     1550.4119   2176.3787   2008.2583
      491.1870    626.0801    890.3737
     1127.8932   1504.2607   1999.3148
      923.1786   1783.4550    486.4765
      847.0487   1204.1482   1086.4226
      531.3801    431.1290    266.0778
     1399.8696   1860.1458      2.9730
     1050.5238   1187.4966   2047.5403
     1950.1741   1305.2791   2039.3313
     1716.5421   1932.3580    252.5939
      435.2491   1533.6414    296.9030
      228.8895    508.8811    104.1753
     1023.9891      4.6999   1585.6145
     2097.0125    730.3338    392.1452
      882.2504   2069.0327   1527.8640
      180.6589   1607.4641    765.1925
      677.4359   1083.0857    293.3195
     1539.5143   2008.7428   1254.5377
     2162.1384   1309.3590    351.0180
     2244.9626   1107.5297    468.4588
     1408.9211    506.7893   1028.2057
     1078.6420   2207.5168    460.1349
      191.6472    683.7067   1367.2502
      134.8020   1248.2698   1496.7003
     2085.7341    458.2359   1153.8684
      817.4002    544.7406     88.2641
     2097.0095    932.2741    244.0463
     2213.8467   1109.5580    240.8203
     1955.1190    195.4971    373.0919
      147.8858    862.3726    778.2654
      377.5106   1856.1084   1032.6289
      687.9471   1153.5983   1830.6270
     2063.7092   1510.3665    395.6475
     1597.3956   2067.1003    666.7720
     2044.3025   1072.9459   1440.9825
     1430.5779   1863.2444   1518.7886
     1154.5852   2033.1830   1351.4133
     1079.3531   1837.3013   1672.8214
     1685.3761   2154.6750   2171.2156
     1884.1605    890.3369   1397.8812
     1138.9327    292.3884    774.9477
     1289.3212   2075.6101    927.3592
     1812.1532   1993.1576   1588.0601
     1889.6851   1348.9705   1800.6766
      115.1397   1989.8633   1256.6979
     1083.1089    198.6911   1667.7422
     1142.1819   1585.9302   1650.2792
      471.6068   1805.2596   1917.1737
     1933.6531   1346.5144    435.7413
      998.8552   2070.1597    637.6945
     1044.3820    667.3214   1129.9742
     1841.3125    879.1286   1171.8412
     1895.3821    752.7458    280.3181
     2261.7642    265.4071   1241.7358
     1242.5946      3.6460     35.5112
     1826.2214   1639.3229    837.3170
      935.3480   1688.0300   1602.4912
      524.9385   1778.1718   1609.4454
     1815.2457    184.4992    205.0918
     1713.0009   1324.7200    490.3116
      593.9041    221.1660    829.7103
     2223.1726   2255.5337    829.7651
      720.4922   1427.1482    740.2021
     1841.5294   2068.4727   1010.4342
      596.5420    569.8083     97.2538
      574.5000   2221.1948    774.0500
     1898.7557    323.2948    794.3803
     1378.9673    610.2753   1686.1365
      457.5372   2149.4351    551.6927
      464.2957    255.5645    412.2380
     1523.1973   1710.5999   1683.3235
     1807.2612   1509.7499   1369.8119
     1495.6735    170.4806   1496.6511
      444.1238    676.1624   1505.7283
      187.4573   1968.2417   1042.0641
     1085.8137   1340.9802    717.5171
     1456.4197    334.6655    276.1952
     1235.3204   1922.5721   1838.6841
     1063.7876   1676.0107    649.8011
      351.6466   1263.2114    532.1525
     1368.8048   1191.0869    965.4713
      461.8077    820.3923    946.9497
     1082.1628    984.2499    847.4529
      773.2285     83.4093    662.1895
      526.1499   1402.4457   1614.0947
     1100.7781   1708.7830   1469.0634
     2104.2651    921.3785   2153.7854
      626.6696   1202.5079   1066.6365
     1664.7277    845.4308   1311.0569
     2081.8997    305.1817   1343.6339
      430.3709   1338.3450   1398.4713
     1908.4032    272.0757    569.7411
     1514.1527   1261.5079   2152.4182
      578.7179   2023.4983    683.2477
     1958.0334   1666.3234    998.5137
     1902.7024     25.9613    563.6649
     1734.9440   1635.8583   1055.8231
     1218.6659   1734.4501   2260.5901
     1684.3270    609.1116   1999.8831
      275.7033    116.6435   1077.5837
      167.9451    613.6061   2181.5684
     1818.4318   1852.8374    999.9482
       62.8701   1345.0073   1093.3573
       12.0509   1213.6228    863.8626
      582.2166    878.7228   1498.3123
     1757.8590   1441.1086   1142.9038
      534.2311   1888.2935    851.7734
     1593.8823    635.8399      8.5866
      160.5701   1133.2999   1725.7032
      632.8831    102.7681    119.2168
      335.7377   1984.4017    609.6877
      180.4999   1105.0262   1081.1830
     1284.0558   1051.0594    347.9421
      598.7505   1955.8102   1556.2537
     1219.5332   1507.9766    700.7895
      235.3830   2161.0737   1196.4868
       18.7339   2031.5153     46.0199
      877.1996   1147.1219   1422.6682
     1678.9424   1618.3695   1268.4731
       81.6023    235.3496   2047.1046
      131.2230    845.4161   1526.8599
     1360.3939    329.7979   1163.5994
     2239.5315    631.3514   1855.5886
     2059.9324    661.6727    630.2183
      941.6761   1814.7487   2035.3320
      291.4527   1404.2052   1547.0447
      874.0183    667.0131   1424.2263
      261.6848    727.7385    176.0597
     1182.5487    136.9957    390.0315
     1494.7051    953.8207    341.3187
     1581.0631    945.6339   1907.9961
      219.3055   2112.6877     43.1815
      295.1536    982.3015   1772.3420
     2150.8193    264.4673   1072.2838
     1626.5731   1151.9324   1543.8304
     1726.8615   1493.8978   1772.6029
       58.3342    372.8029    637.7308
     1287.1985   1297.1019   1357.1033
      963.9838    595.8921    499.4177
     1554.4410    537.8461   1571.5989
      351.9697    282.0096   1424.5010
      295.9715   2153.6025    980.5191
     1515.8446   2108.0764     92.1236
     1403.1564   1896.9462   1095.0189
        9.9263    808.2629   1317.8312
     1751.6654     21.9674    928.6835
     2239.7009    949.0975    718.4280
      811.2168   1650.2140    640.4262
      518.9281    912.7162   2069.0295
     1931.9967    603.6105    139.4558
      237.7681   1381.2285    371.0815
     1250.6624    195.6061   1860.3486
      647.6128    874.0758    819.1873
     1587.1451   1324.8901   1730.1237
     1806.8937   1775.4058   1396.3583
      883.9416   1981.3744   1296.2333
      750.7546   1245.9410    895.0886
      733.8265    479.3966    282.6568
      869.0911   1087.1592    527.3805
      345.5438    425.2431   1816.4823
     1360.8713   1463.1963   1997.7806
      477.6160   1807.9083    629.4803
      984.6277    272.2553   1138.4341
      413.5049   2008.4059   1142.1194
        4.6243    500.5706   1622.9790
     1156.4222    546.5500   2009.7206
      517.4122   1697.6919   2097.2107
      580.0244   1428.4329    135.0178
      823.4751    703.1436   1219.8772
     1936.1660   1719.5450   1834.2291
      770.0782   1880.5295   1469.1847
      147.2533     25.1081    418.6664
     1740.7881    165.7056   1124.7245
     2106.4158    341.1900    501.9749
       76.8028   1453.7140   1505.2583
     1192.0752    527.3439   1572.7021
      918.6946    140.9087    494.3635
      863.8477   1114.6599   1967.0791
     2230.9102   1108.3589      6.0087
     1051.5767     67.5407   1805.1919
     1269.5696   1732.5410    717.9442
      429.7297   1315.6307   1001.8890
      980.1229   2194.6929   1972.4984
     1902.3706   1917.9866    802.7737
      353.5721   2203.5920   1558.0364
     1208.6647   2183.3167   1513.2772
     1737.4928   1044.5404   1369.5072
      504.7487   2106.1709   1710.9208
      200.4574     48.2958    863.5005
      171.1579    304.8115   1077.6696
       31.5863   1258.0720   1873.2772
     1365.1903   1564.7767   1660.0328
     1408.5909    143.6967    417.7920
     1628.9164    953.4965    177.9302
      381.6513   1899.6106    408.4293
      802.6863   1452.4153    520.0027
       13.9300   1467.0619   1694.8630
     1737.4480    147.4946   1502.6516
     1854.5376   2129.0149    796.0573
     1147.8094   2007.7341   2016.5454
     1348.0254   1876.6820   1302.0002
     1132.3732    378.0185   2136.3201
     1198.1357    397.4535    973.4122
     1530.0776   1366.8145    316.5789
     1370.5776   1341.0740   1589.6379
     1115.8114   1424.7133   1273.0416
      788.0408    355.6345   1043.7419
     1647.6293     50.4921     76.7893
     1182.9463    556.5107      8.7945
      763.3586     36.5704    867.3940
     1200.0865   1490.5519   1463.4773
     2114.6465   1709.8193   1139.9296
     1151.9893   1361.1417   1686.2574
      929.9594    842.6556   1082.5898
     1516.5033   1304.0273    589.1607
     1317.1248    662.7099   1454.7921
      962.8930   1988.5183    431.2991
     1014.2983   1466.9839   1809.9562
     2131.7297   1540.2412   2073.2424
     1124.0582    451.5574    208.4313
     2258.4961    621.2894   1443.3143
       16.6753   2259.7441    617.0157
     1810.0433    649.9637   2197.7036
     1179.6571     74.8600    840.0681
     1455.8215   1078.4117    532.0276
     1559.1536    113.6645    833.2463
      665.9622    686.9631   1519.4402
      873.7359    805.6004      6.0700
     1370.9778   1252.5070    418.5519
      267.2348   2165.9404   2103.0925
     1121.3616    902.9867   1779.0021
      430.8291    419.7615     45.7184
      267.1837    917.9647    992.3741
     2057.9175    862.6238    935.6804
     1541.0665    769.2984    197.3921
     1927.0758   2050.8352   1992.7334
     1988.9674   1720.2822    411.3395
     1240.3894     20.8445   1717.3689
     1131.9874   1848.8237    548.8627
     2138.5933   1563.8113    949.5253
     1982.6090   1512.8610   1920.9102
      952.4395   1413.8599   1618.6415
     2073.2432    917.1320    544.0488
     1709.5608   1699.0922   2160.2598
      321.6904   1600.6738   2094.6445
      860.1166    126.1795     91.6409
      708.6361    172.4476   1486.5187
     1384.6659   1768.2665   1903.5568
     1875.1118   1492.1351   2146.5510
     1969.1703   1149.3665    191.1405
      888.8182   1007.7512   1581.6726
      326.6535    155.1305    293.7081
     1226.6987   1647.1569    482.7879
     1100.6355   2040.3805   1604.5101
     1478.2720   1961.5837    891.5114
     2034.8461   1886.8224    955.5946
       46.8101    943.8051   1157.9972
     1165.3677   1066.2557   1877.2781
     2255.1846    605.0726    333.2880
      288.1414    282.0819   2150.5508
      748.4320    642.2402   2185.2761
     1939.5815    368.7320    250.3365
      429.1769    859.3505   1146.0128
     1215.1512   1363.0201    891.6057
      798.9947    899.1420   1401.6749
     1004.2923    347.3495   1334.4298
     2230.7585   1761.8286    944.3721
     1911.7676   1925.7588   1798.0392
      995.2866     97.1658    944.7720
     1410.2257   1484.9794   1448.8733
     1553.9954    811.2433    787.5859
      821.5380    786.1116   1614.4187
      372.5390    637.6539   1723.8228
     2097.3621    685.2927    181.7391
     1441.6459      2.1907   2229.7227
      877.4124   1254.9545    690.7267
      770.3995    647.7440   1782.4166
      318.6827   1379.6079    172.9363
     1170.7769    879.4396    293.5982
     1751.4203   1505.9592     75.7631
     2044.8469   1265.5626    754.9409
      908.5500    650.2629    964.4079
     1851.1865   1908.8643    449.9820
      927.8003    732.6010    304.5142
       69.5210    464.9440   1264.7435
     2044.8396    973.6785   1943.4030
      506.8803    337.9746    627.9127
     2220.8220   1162.3752   1060.3275
     1031.1682   1388.6963   2188.6997
      811.3193    140.6248   1094.0569
     1168.3694   1752.3783   1992.1683
      227.5964    120.2979   1526.5664
     1848.3861   1216.1328   1431.3885
     2100.5266    171.4771   1986.2153
      482.1495   2072.7432    952.8069
      605.5000   1699.1080   1406.5642
     1920.7003   1781.0111   1599.0287
     1655.6263   1476.1654    717.8589
     1299.5792   1580.4481    899.9761
     2120.7222    757.5698   2001.2513
      584.3238   2144.7395    174.1067
      883.9008   2028.2616   2081.9490
      722.6724   1134.0414   1271.3934
     1836.4653   2125.7283   1797.7966
      468.9281   2149.9468   1333.1105
      299.0636    608.9962   1942.5933
      452.1898    372.0191   2004.3157
     1266.8274   1314.7563   2137.9158
     1669.5032    820.7722   2070.2202
     1523.7750    421.4067     85.8632
     1563.9943   1311.4930    866.9231
     1372.3844     38.6752    939.6541
     2019.1453    688.3138   1428.8423
     1249.9128    126.8675   1540.8285
      536.4371    988.1340    143.9118
       89.1147   1932.9399   2129.4875
     1064.5464    112.6735   1408.0172
     1165.1577   1314.8398   1917.1842
      989.9117   1582.2919    465.4410
     1363.0948    496.4382   2170.5107
      697.2387   2088.2512    903.9213
      231.7660   2113.3647   1716.9019
      436.7704     62.5934   1700.7969
      224.0362   2127.6843   1427.0720
     1244.7705    319.8722    328.0992
     1854.4386   1040.5720   1564.7612
     1078.3362   1385.2285    299.8856
     2230.4836   1537.3801    542.4315
      907.9125    812.7028   1811.1945
      539.4286    261.9007   1613.9775
     1524.4631    446.5220   1970.1840
       51.3614    399.6660    394.5733
      872.9054   1905.4550   1665.6746
     1458.9626   1170.9358    743.3001
      327.7595    659.4996    468.1526
      428.8373   1707.1759    862.5514
     2242.2788   1410.5212    732.4076
      925.1827   1600.0428   1970.2759
     1736.3182   1858.1680    672.9142
      363.1693    340.7943   1204.5437
       91.4671   2221.7283   1577.8315
       50.1678    151.8938    978.4643
     1631.2493    518.8445   1026.1295
        7.8523   2249.4702     68.0215
      450.9524   1174.2749   1821.6855
      285.0137    318.8651    638.6016
      920.9562    384.6176   1995.1272
     1679.7935   1244.5033   1288.2391
      791.5753   1993.2026    538.7778
      318.2126   1941.0951   1304.5653
       64.6752   1681.4811    189.5098
     2034.6445   1717.8428    798.5668
      843.8148    442.6624    822.7534
        6.3726   2017.4258   1674.0903
      853.9147   1778.5977   1842.4437
     2101.9287    351.1267    706.3734
     2190.5566    747.9198    810.7275
      172.1707   1350.9939   1746.8641
     1809.3995   1167.4620   1921.8923
     1348.0243    778.4633    900.8273
      879.7913    752.5624   2009.7750
     1417.1709   1584.1321    353.5493
     1692.7942    531.1381   1406.0757
     1811.9275    677.6422   1297.8285
      290.2933    955.1394    174.6946
      645.8417    403.5761    448.5650
     1581.1062    314.4416   1064.3693
     2218.3474    539.6313    533.4567
     1494.9321    238.2333   1926.4375
      340.2352    266.8727   1667.9176
     2079.6606    333.7791     93.5849
     1977.0333    329.1616   1888.8931
      766.6395    939.6992   1190.2212
     1588.9458     94.1345   2087.0176
     1844.6248    970.9866    181.8643
      350.6557   2212.4150   1890.9613
     1710.2336   1725.0103    506.5530
     1866.1771   1384.3441    654.9877
      445.6982     45.0837    927.7171
      926.2121   2135.8450    269.0482
     1219.8253    892.9393   2014.0715
     1704.4640   1239.4136    720.4104
     1558.3894   1471.0419   1605.2147
      373.6049     71.1230   2257.9626
      399.2788   1556.9991   1322.9866
      582.8990    235.7141   1060.5659
      296.3943   1272.9774   1164.5133
     1146.9915   2020.1616    315.5388
      684.8773    188.6361    481.4464
     1699.4418   2025.3718   1955.3877
     2128.4712   1849.1526   1757.1010
     1926.7867   1087.2262   1243.0452
     1575.3317   1780.2433   1117.9900
      368.1496   1054.7468   1983.2693
      931.4348   1017.8905   1247.0967
      434.2240   2129.4983   2260.3052
      234.5442   1056.6337   1552.4667
      467.0518   1003.3214   1654.3552
      114.8320    727.0823    445.2133
     1786.7654    732.6922   1489.6216
      623.8554   1906.3826   1770.0151
     1357.3969   1379.4752   1794.9305
       86.9532   1325.5952    515.3374
     1154.3743    937.9528   1204.4735
      563.7952   1863.8301    282.7130
     1005.7099    937.5770   1997.0043
       10.2617    885.9902   1923.4836
      655.5685   2047.4746   2214.2512
     2230.7119   1642.8905    761.7111
     1887.0272    309.9583   1453.8086
     1282.3550    651.0778    476.6080
     1267.3696   1191.2808   1763.2909
     1335.9767   2156.7810   2061.8899
     1300.3248    375.4642     75.7723
     1314.0470    570.8485   1194.3745
      545.6958   1691.8713    184.5413
     2057.7009   1972.5260    578.2314
      292.3665   1758.2883   1608.9009
     1051.1748   1332.6428   1068.2933
     1228.4943   1535.5925   2201.8230
     1360.6840    494.0009    339.0274
     1384.8181    731.4031     31.3644
      212.6974   1290.1763    953.4758
     1443.3242   1744.2512    859.7701
      755.2386    699.5269    176.8327
     1462.5533   1140.1902    210.1944
      609.6444   1468.5784   1409.1096
     2037.2104   1240.8221   2211.9097
      131.6691    998.8451    313.7213
     2181.8491   1259.5281   1451.7408
      330.8018   1134.6683     78.1737
     1021.2808   1904.4680    994.0552
     1932.8137   2260.9858   1123.7852
      311.3358   1724.0627    504.7909
     1642.9045   1460.6982   2159.5989
     1121.6503    495.0357    425.2726
      716.9835   2085.9626   1387.6687
     1871.7751    164.9471   1955.4977
     2108.5291   1109.8109    651.4362
     1100.1591    972.5659   2193.0073
      330.1677    847.4785   1617.7206
     1889.3081   1394.4261   1560.2560
     1504.4139    679.9278    430.1172
     1707.5094   2212.9878    257.1329
       32.2531    403.4889    160.7357
      387.3381   1402.5370   1785.1672
     1220.3757    624.0698   1020.9571
      709.2963    200.5106   1845.0953
      998.7897    471.8907   1505.4120
     1944.9963   1980.0365   1402.4049
      394.9691    590.5805    254.4103
      391.2221    180.7877    765.0670
     1207.3472   2064.8442    541.3930
      143.8224     41.5804   1960.9336
     1841.0964   2097.3635   1236.3770
      260.3683   1233.8582   1916.2189
     2112.3850   1429.5421   1145.4810
     1116.0195   1730.8032    860.7137
      410.1865   1090.9624   1004.7639
     1898.6128   2259.4116     80.0256
      667.4504   1088.9436   2050.4758
     1815.5601    622.1675   1679.8226
     1779.2051    852.1217   1689.6956
      986.0971   1044.4325   1039.1873
      199.0190    766.7892   1766.7230
      553.6111    607.8115    548.7645
     1684.6265   1357.6051   1522.6343
      813.4138    248.8667    308.0785
     1133.1473   1207.3667    428.6023
     2220.9851    859.5348     82.1666
      303.8149   1205.6718   2134.2803
      131.2487    647.9989    693.8342
      724.4764    310.4210    676.2889
      971.0479   1519.6478   1431.6241
       72.4811    809.5529    247.7400
     1246.2939   1045.0181    563.5549
      471.2549   1097.5106   1450.4449
      624.0220     16.9202   2203.6082
      326.6173    775.1923   2112.6638
      936.7551    251.0287   2184.6814
      170.2528     95.2703   2189.8484
     1589.1907    478.8047    444.5525
      361.3611   1018.5347    516.0624
      730.4493   1298.4073   2052.8953
     1973.7629   1548.4124   1228.3108
     1771.3969   1925.8832   2166.7927
     1717.7317    278.4365   2052.0898
      620.8701    492.2939    731.4152
     1590.3530   2139.0374   1777.8314
      910.1094   1400.4080    871.7054
      220.2835     96.4896   1744.4114
     1281.5133   2048.9236   2233.4062
      646.6183   1293.8123   2233.9866
     1102.8431   2033.5590    103.4382
      598.6265   2201.8838   1515.0754
     2127.1667    107.3838   1243.2031
      870.4508   2198.8196    492.2200
      369.8306   1402.7494   2031.9105
     1167.1981    299.5748   1481.4678
     1902.5309   1571.9581    207.4421
     2213.7136     94.5352   2156.0662
      592.4540   1181.7463   1640.0472
     1411.6985   2201.2585   1634.2008
     2233.3870    387.1390   1931.1722
      518.2243   1233.7886   2032.4196
     1725.4656    825.3920    608.1594
     1942.9379    468.0598   1295.2952
     1171.3699    575.2294   1786.0049
      332.8123   1478.5067    898.1137
     1306.3427   1078.1113   1361.3630
     1399.3231    207.6380   1706.9825
      881.1295   1001.5831   2151.5698
     1475.1295   1928.1271   1735.5243
     1025.2639    892.4503    663.9562
     1728.1747    435.3759   1616.5027
      905.3704    675.2587    726.1631
      814.3613   1483.7288   2145.8108
     1744.9469   2083.6577    102.9321
     2134.4492     31.9242   1044.7498
      368.4581   1768.5599     26.5770
     1522.1449   2080.5178    343.0393
     1193.4771    212.6175   1012.8057
      888.5480   1076.5210    818.1520
      861.7094   1214.1749   2195.5510
     1624.4656   1331.5134     77.4035
      725.2642    952.5311   1721.0129
     1434.3159   1549.3085    697.7313
      200.1302    463.9421    776.7423
     1984.6782    524.0767    443.0210
     1011.1682   1606.8571   1228.4053
      174.5161   1072.9297    848.7591
      329.5479   1175.5775    275.5867
      562.2906   1058.2238    852.4205
     2244.1152   2054.4326    652.8548
      833.5200   1849.5070   2241.3669
      677.0495   1339.8972   1218.3527
      225.3027    840.6410   1217.0502
     1608.7123    254.1611    459.3794
      288.6492    706.9204    824.2509
      687.2404    352.7103   2008.1748
      579.9528   2030.1530   1922.5527
     2167.8850    525.4243    761.3264
     1371.0895   1678.7584   1067.6244
     1276.0637    696.0750   2117.6440
      841.4484    150.3579   2004.9368
     2259.1689   1363.1451   2197.9805
      841.5242   1564.5909   1754.8964
     1024.5192     45.7538   1165.5215
      191.1339   1473.3088   2227.3433
     1532.1577    421.5379   1233.6992
     1901.7418    765.7562    505.1847
     2136.1011   2113.9272   1511.5688
      600.7249    780.4915     39.8258
     1983.4478   1612.5264   1481.7024
      394.6698    447.1382    463.7829
      781.6744    423.0807   1813.5840
     2063.8662   1668.3978     10.2491
      572.1799    572.5838   1701.0071
     1252.5905   1096.8927   2087.3311
      626.7421   1571.0092   1738.4073
     2234.1096   2007.0481   1924.4475
     1934.4653   1554.3981   1705.7604
     1649.6733   1789.0134    915.0250
     1377.3114    990.0547   1877.0345
     1254.6722   1601.2437   1860.5248
     1198.8347    734.7181   1278.2560
     1088.4670   2108.5105    952.0529
      695.7602   1049.3013      2.7479
     1540.7015    192.1572   1280.7837
     1778.0759   1233.2386   1679.5669
     1379.1377   2181.9131    762.8813
     1904.2310      5.2199    323.7383
      199.6725   2160.0740    594.4908
     1769.3478    489.5107    836.2617
     1702.3069    677.7461    887.1287
     2111.7068   2044.9709   2122.9714
      714.1097   1745.1085   1665.6400
     1052.8702    996.4156    464.9973
     1130.3123   2125.8918   1810.7125
     2182.2173   2216.6160   1994.2395
       80.8205    598.2642    890.2997
     1744.8951   1708.0658   1737.5970
     1223.9094    891.1167   1438.7484
     1535.7462   1614.3313   2022.1847
      525.2535   1709.5481    423.6227
      175.9689   1730.2019   2225.5708
       68.2564    935.3792   2112.8599
     1458.2179   2128.4131   1054.7115
     2179.1377   1859.3258    762.6926
      467.6628   1947.9491    124.8424
      479.5889    209.6242   1855.4644
       57.3159   2195.9104   1805.8939
     1921.5385   1045.4257   1771.0715
     2234.5046    901.6353    400.5677
      812.7581    226.1725    884.5840
      230.7156    487.3546    994.1130
     1984.5856   1855.7379   2200.0203
     1801.7649    937.1926   1933.3877
     1687.7865    903.4794    977.0776
     1483.1600   1250.5214   1449.3000
     2252.3472   1595.9962      0.7075
     1476.7753    293.2115   2155.1438
     1531.1814    856.4010    548.0394
      956.2244   1501.1007    683.5328
      470.8411   1778.1342   1196.2700
     1646.7480    108.2044   1873.8671
      603.7505    472.8556   1521.8104
     1754.6519   2201.9973   1587.4113
     1778.1819    571.3609    506.9987
       59.0186   1818.7778   1602.5723
      363.3524    963.0060    777.1180
     1636.0256   1892.2914     45.9482
     1395.1094   1416.3116   1015.0308
      442.5527   1559.1805     19.9552
      760.5731   1203.9042    140.0019
     1583.1549   1105.5746     18.1259
      394.4213    706.5225   1295.9612
      999.9727   1228.5715   1817.5083
      264.2507   1604.4147    139.0449
      367.1252   1225.4221   1626.6868
      746.0030    927.5046   1939.3538
     1942.8672    750.7324   1827.9435
     1463.7953   1972.0155   1950.8483
      799.8906    411.7675   1423.3306
     1209.1962    763.8842   1649.7980
     2098.4878    479.7552    266.2050
      398.9550   1921.6598   1732.3307
      725.3711   1823.0577   1231.1893
      109.0670   1796.0355   1136.4597
     2130.6763    831.8467   1774.7380
      372.9134   2197.0625    753.2159
     1449.6342    516.8751    622.2483
     1944.8441    130.0960   1559.6978
     2145.1655   1980.0161   1312.2678
      470.7751    155.5764   1221.8546
     1339.8900    569.3268    149.0987
      680.7700   1159.8267    691.1855
      643.0212     68.7897   1681.2629
      154.3548    537.0599   1773.8042
      706.6174    663.1449    846.9377
     2235.8357   1224.3796   1657.8513
      585.0465    453.7787   1170.6074
     1324.5847   1683.6547   1486.0067
     1682.8108   1041.2662   1730.0819
      472.3217    793.2646    241.8588
      764.7423   1691.6479   2112.3147
     1460.0273   1256.4758   1226.8164
     2137.2622   1535.0836    197.2638
     1343.6288   1031.9370   1146.4547
     1298.7882   1430.3818    301.9211
     1629.9803   1013.8060    736.7186
     1354.3771    120.2962   2048.8765
     1881.7235   1081.2858    767.4603
     1236.8793    462.3183   1356.5344
      104.3993   1450.1689    171.6082
      722.0302   2121.0222   1684.8063
     1835.6854    662.6780    704.1566
     1631.8831   1974.6644   1065.8435
     1187.0614   1023.5119    123.0527
      840.6365   1430.3510   1100.0126
      414.4870   1760.8643   1427.6886
     1350.8304    805.1954   1109.9403
      244.6703    872.6396   1967.3019
      110.6861   1237.1896    258.3533
     1582.3407   1333.8319   1068.6223
     1263.4181   1288.2019   1136.8749
     1578.7728   2226.9390   1461.9420
     2153.4016    846.8013   1485.7605
      485.8159   1137.8827    643.9147
     1753.4821   1603.3938   1951.4805
     1098.1501   1806.9059    327.8721
     1024.4648    420.7540     25.6205
     1109.7969   1939.0198    773.6271
     1139.3617   1599.6764    289.9450
     1513.9963    717.4448   1857.7939
      930.9471    254.2377   1810.8755
      286.7922   1822.8495   2053.5286
     2023.0769    155.6214   2228.6064
      770.3647   1774.4550    164.6590
     1874.7773   1691.0291     23.4011
     1859.0664   1322.0399     49.0447
     1198.1398   1367.6843     90.7539
      569.7437   1349.9502    581.3835
     1581.3485   2031.4547   1564.7068
     1632.5780   1577.2661    310.4092
     1552.2759    562.7771    246.4598
      237.7513   1517.5033   1889.3223
      404.7969   1382.1981    708.9597
     1886.7034    103.6674    762.0582
     1256.5773   1862.4453    922.5717
     1545.9270   1800.6554    366.7035
     2139.0569   1341.4708   2031.8450
      721.9266   2079.3589    337.8723
     1067.8358    202.1623   2008.4608
     1593.8486    158.5134    279.7126
     1680.3826    354.4583    255.4164
      616.7313   1495.8798    417.0401
     1618.6570    639.2500    629.7290
      505.1135    246.7052   2173.8755
      525.7598   1528.7451    823.6570
     2159.4832     28.1280   1677.9286
      615.7323   1434.9630   1007.6832
      105.8076   1719.8616    554.0517
     1359.5227    149.9864    768.8554
     1069.6248   2125.9507   2163.8689
     1309.5559   1970.3567    719.9867
     2120.9165     53.4244    452.3284
      427.5962    467.9694   1034.7947
     1727.6202    470.5685   1205.3970
      453.5972    492.2744   1349.5844
     2051.7449   1133.8483    406.4253
      290.4955    811.5798    613.7965
     1440.8545    185.6397     75.8710
      857.3766    382.7252    487.3606
     1298.9608    580.9885    812.6187
     2046.7627    682.5443   2202.7925
      757.7378   1583.3772   1525.8474
     1693.8695   2202.6211   1121.8265
     1507.1990   1878.8733    691.7964
     1367.8458    757.4602    289.4396
       17.9585   1485.6951    349.9276
     1058.5438   1121.0410    654.2209
     1200.5079   2259.6604   1298.5366
       19.0140   2182.3508   1372.0288
     1382.4266   1447.1671    518.4360
      629.6613    405.8645    929.6844
     2102.4221    206.7962    863.3381
     1957.5120    424.7465   1661.4377
     1684.0923   1943.6177   1763.4379
      811.4485   1346.3036   1451.4708
      156.1235   1815.6135    347.9245
      749.0435   1914.9771    781.1097
     1529.3972   1121.0524   1070.4568
     2038.7349    425.8360    932.2176
      579.9335    985.9050   1067.3446
     2229.8477   2145.2554   1166.5685
      237.3112   1494.8240   1102.4143
     1875.2296   1284.1260    865.2980
     1570.0172   2166.9539    869.6129
      779.9979   2243.6846   1872.4036
      234.8675    283.6446    455.2967
     1748.8214   1591.8351   1559.4768
      868.1869    824.8232    519.6948
      644.7631    338.8351     80.4693
       81.5409   1663.5214   1758.8350
      143.3418   1370.0865   2032.9631
     1117.1118   1184.3452   2253.7749
     1287.6008     17.2862    596.6395
      774.5115    531.8201    605.7416
     2070.8601   2177.2488    658.4887
      295.9855     61.5237   1321.8409
     1353.9670   1465.9618   1248.0734
      798.6240   1997.9601   1879.3816
      146.4835    314.4553   1803.2072
     1145.0715   2230.5417    254.2212
     1396.8978    258.6043    969.8345
      269.8399    852.5253    368.0910
     1441.2449   1040.7478   1526.5688
      329.9962   1045.0432   1207.1241
     1802.0411    363.3727    429.7885
      235.4771   1386.9684   1332.7505
     1081.5679    211.5553    107.9942
      697.3138   1903.1652   2053.0161
      769.3957   2122.7800    703.4242
      418.3821    789.9344   1886.3712
      294.6857   1171.0415   1377.4670
     1946.9333   1450.1406   1012.9198
     2133.5374   1579.4441   1356.2637
      751.8588   1668.8286    428.9113
      103.3481   1206.5334   1272.7689
     1616.0490   1523.1250    503.4238
     1565.0278    373.8671    842.1504
      236.5313    254.1765     94.5977
      331.8723   1957.5299    837.3546
      588.7215   1964.0198    484.1120
      176.6666   1340.7346    710.5312
      572.8026    635.4337    343.0434
     1090.4762     82.5931   2174.1887
     1979.2279   2188.3840   1645.9080
      798.5292    513.7275   1603.3418
      397.3813    474.2596   1587.6952
      294.3499    370.3606    261.3471
      191.8293    554.9711    311.6926
     1846.6982   2046.0774    610.7917
      718.7851   1238.8689    496.0484
     1517.9634   1524.1512    153.5452
     1744.5603    481.7175     76.1516
     2093.0103    481.3301   1485.6947
      402.5625    100.7977   2050.4250
     1359.0913    269.7461   1378.0354
     2092.6150   2080.0032   1803.7498
      688.8971    813.9471   1021.0339
      320.9226   2177.5139    396.9428
     1568.2399   2250.2832    439.4478
     1438.9338   1473.0626   2202.6387
      143.0818   1908.2051    662.6440
     1059.0870   1099.3314    255.2853
     1096.9075    736.9296    850.5701
      715.4067   1376.9937   1647.0376
     2231.2869   1826.0189     41.6521
     1880.8020   1017.9701    990.0906
      603.0914   1594.1172   1225.1858
     1522.9713    714.0134   1010.7624
     2133.5361   1671.9526   1902.1567
      656.7895   1598.5698     20.4009
     1563.5415   1381.3376   1966.2617
      594.6080    226.5247    271.6882
      866.8788   1611.0734     25.4030
     1753.9871   1377.1423    269.2499
     1545.9569   1559.3015   1115.5352
     2248.2087   1781.5355   1312.7566
     1698.7133    181.7193    644.9162
     1217.0166   2246.9429   1061.7448
      428.5038    406.6620    828.1180
     1848.8248   1539.1396    429.3796
     1449.8279   1731.2902    192.1300
      967.0154   1619.9392   1034.5712
     1096.9645    793.3815    469.7831
     1881.2162    768.7024    980.6422
     1257.6683    238.6573    577.6885
     1995.7823   2243.3135    895.7756
     1993.4655   1031.0133     24.6962
      490.5473   2158.2305   2062.6301
       10.8764    221.4323     84.3328
     1812.4346    359.0933   1016.3522
     1977.3600    618.0698    833.8743
      874.7849      9.5389   2164.0425
     1194.4620   1514.4017   1093.2946
     1329.4248   2117.4180   1218.0490
     1256.0370    994.8376   1643.1842
     1375.1422    928.9478    148.0901
     1946.5095    304.9037   2105.1731
     1593.8331   1449.2004   1331.1711
      176.8954   1886.5416    120.0714
     1598.6893   1168.6416    387.6026
      855.2630   1694.4578   1371.1277
     1591.7983    297.4564   1699.4969
     1365.4918   1959.1340    388.1964
       87.3450   1480.9431    897.1498
     2255.2253    541.5063   2082.1748
      551.1489   1923.3801   1326.1813
       75.8581   1191.3282   2090.5554
     1717.3867    338.9857   1860.4690
     1090.0865    108.0727    603.4991
      130.3997   1039.8419     96.1483
       89.4268   2199.4556   1019.3235
     1427.6293   2088.5256    564.5234
       51.3224   1975.9208   1463.0001
      518.0937    920.5704    651.7723
      969.5416    476.3110   1055.2935
     1522.5425   2215.2271   1251.0958
      683.7264   1057.5774   1503.4781
      357.4651    513.2819   2124.0972
      127.0661    775.7578    982.9233
      181.6764   1510.7047    571.8867
      559.7377    306.3322   1384.6503
     1559.6279   1658.3284   1474.6160
     1890.3481    556.8454   1039.2140
     2073.6987    132.9663    657.6845
      176.2053    439.1034   2001.4779
      200.9775    614.1587   1577.3553
     1446.8633    831.9619   2044.3738
      879.2957    962.0254    334.9866
      623.5393   1250.4645   1437.0798
     1823.9255    458.1370   2079.2671
      194.8090   2009.8007    431.5168
     2171.0569    318.2156   2161.2981
      302.8712   2021.5273    223.5138
      815.3009   1422.9399    108.1474
     1134.2675    654.1233    646.0328
     1503.9572   2024.6969   2162.8215
     2245.7458   1920.7688    264.8888
     2053.2356   1213.3672   1857.6034
      232.5766    474.0323   1421.7469
      192.1118   1803.0095   1403.1689
     2006.5581   2117.4365    451.8434
     1545.9585     76.5488   1071.7509
     2238.9136    745.6312   2168.7712
     1160.0824   2151.0925    748.8363
     1820.3461   1235.7256   1056.4449
      578.8924    380.6414   1800.5085
     1268.7932   1262.2958    606.8520
       12.3024   1049.5605   1528.6743
     2211.3955   1080.8889   1820.2986
     1637.7167    258.1407     34.5575
      921.2092   2030.5149    841.7694
     1994.8138   1475.4777    808.8141
      766.9147    644.6937    435.0709
     1960.7615    831.4097     85.0952
     1937.2742    291.1357   1175.1754
      530.8623   1150.2496    434.5443
      183.4056    283.3020   1318.2710
     2209.5208   1040.8093   1318.0896
      786.7242    953.6218    692.8707
      448.2047   1596.4976   1042.8931
     2154.7346   1112.1407   2058.5757
     2082.7112   2055.3311    828.8457
        0.0419    719.9301   1632.8315
      372.0650   1998.7373   1937.0242
     1347.9276   2101.7634   1836.3226
     2104.1355   2154.6360    256.0771
     1002.9670    468.7051    662.8976
      529.4389    661.4767   1127.9811
      520.1860     43.0733    374.1305
       11.4517    362.4458   1473.5300
      439.7203    221.3054    134.4625
     1372.6656   1370.3005    770.3049
     1255.0588   1186.0270   1523.9092
     1710.2859    759.6757    375.4713
     2022.7993    188.0304   1750.7660
     2179.4607   1306.9183    135.7316
     1240.3479    208.7109   2218.5796
     2121.8552     57.7702   1459.6774
     1375.8379     25.8970   1381.7987
      342.8107   1765.9574    264.8577
      730.1937     35.3722    320.7128
     1050.7225   1693.2076   1840.4907
     1167.0514    220.1235   1253.9534
     1941.5248    944.5691    375.7743
     1215.2162    345.4867   1698.9967
      615.7737    791.1095   1278.2050
      373.9685    549.3754    661.9185
      180.4247    812.5735     12.3255
     2041.2408   1917.0033    355.6591
     1403.1949    959.8485    713.3000
     1326.6980   2095.3154    185.6352
      887.7854   1219.7279    348.5948
      176.4772   2061.3611   1949.5876
     1441.5175     39.2226   1834.9298
      568.2606      2.7790   1870.8182
     2017.8776   1384.9808   1371.8572
      170.0243   2105.6792    790.4351
      112.4030    703.5230   1990.0775
     1129.9863   1167.7955   1250.8263
     1032.8235   1754.8784     83.1821
      570.7795    493.9370   2163.2571
     1079.1580   1896.7726   2183.4985
     1232.0817   1639.3573   1285.6431
     1513.6320     52.3136    626.7858
      485.8058   1088.3253   2201.4033
      394.0329    254.8418    973.3068
      537.0154    122.4085    628.3089
      775.2822   1548.5568    918.4562
      618.3483   1704.5967   1018.2217
     1722.3719    699.9249   1128.5857
     1710.5728   1162.1831    202.8659
     1082.4374   1037.2316   1416.4993
     1552.3268    883.3090   2245.3806
      269.3501    542.6045   1213.3252
      722.7443   2149.8484   2048.1938
      989.3675   1891.1628   1463.2676
     1516.2842    580.8978    826.0090
     1900.0209   2061.7122    247.3046
       20.0492    194.7531    750.4570
     1531.6783    630.9441   1219.2416
     2191.6345   1921.9102   1104.3903
       22.7150   1404.3386   1287.6888
      359.1998     82.3786    540.5974
     1674.3334   1128.6318    912.2100
     1397.6232    381.9176   1557.2972
     1406.6526    427.0168   1780.4093
     2012.0542   1230.9425   1611.2220
      655.9518      0.9586   1057.0635
      717.8869   1525.3274   1957.8971
     1105.9716    735.8865   1912.6912
      746.8040    304.3029   1646.6085
     2030.8621   1759.5259   1335.8424
     1363.2245   1142.4221     14.5092
     1100.2878   1831.7882   1282.1504
     2168.9160    525.2869      9.9546
     1503.3920    969.1589    921.5780
      190.9777     41.6540    146.1427
      104.3038    396.6524   2215.8049
     1007.6768    660.4769     87.5625
      939.6892   1026.4807   1789.1121
     2149.1948    609.1848   1269.3116
      837.1209   2261.5786   1469.2607
     1309.3695    868.8893    485.2026
      384.5527   2237.4353    189.6461
      471.2074   1340.4436    348.9540
     1338.8534    376.9059    806.0183
      595.1646   1359.6356   1853.4122
     1514.3499    278.9075    663.6176
     1206.2893   1955.6007   1122.2960
     1303.6683   2001.7600   1657.8792
     2050.4592    875.0152   1269.6798
     2060.9316   2164.3118   1289.4117
     1350.6215    121.0463   1177.9268
     1477.1116   1682.3367    542.8734
      782.0464   1009.9761    978.4581
      724.9620   1973.1970    141.3678
      660.4340   1725.3910   1914.2584
      874.2786    339.9614    136.0878
     1723.6526   1058.8287   1147.9478
      976.9230    649.3735   1679.4507
       49.8961   1174.7301    648.5123
      784.9241   1641.8755   1130.9066
     1143.4313    433.8372   1167.2194
     1993.0449    878.2527    731.6853
      297.4080   1952.8761   2203.8948
      407.9519    650.1985     41.8925
     1399.3967   2074.8760   1414.9817
       67.9761   1819.3622   1932.9199
     2244.4165   1904.2345    487.5357
     1959.5603    474.1301   2245.2483
     1605.7555    746.4299   1624.6791
      487.6480   1204.4091   1214.5570
      707.7421    289.2867   1238.4703
      709.3035    862.9135   2133.1582
      519.2045   1198.4824    157.0407
      817.4285   1357.3320   1830.7212
      866.9642   1443.2283    309.8701
     1041.3096   2082.0249   1156.1807
     2249.2515   1642.4384   1507.0519
     1603.5677     52.5037   1665.3679
      500.4855   2076.2129    341.0845
     1729.5719    235.3051    882.7181
     1787.7859   1123.4083      8.6272
     1051.9603   1516.9919    116.2252
      679.2621    837.5591    342.9522
     2026.2433   1970.6127   1625.9137
      896.2495   1050.3418    113.5804
      104.0653   1623.4844   2034.4598
      217.3123   1692.8339    975.1830
     1024.8644    892.2590    154.5052
      474.8521    803.7407    474.7787
      769.0163   1873.4714    343.0821
     1022.6894    292.2381    317.6808
     2117.3215    619.6772   1000.2066
      589.6114   1464.9775   2120.6436
      477.2688   1418.7358   1179.0563
      415.3875    877.1256     11.4677
     1738.4663    733.5863    129.4229
     1024.6431   1645.9923   2157.6958
      393.2756   1484.1774    493.6166
     2067.7715   1868.1575   1962.3105
      649.7456     62.3927   1304.3638
      838.5280    482.0464   1235.9717
      894.0372   2045.2103     31.8979
      825.6826   2208.3188   1229.3497
     1307.1790    355.6942   2014.1534
       79.8557    657.8069   1143.6627
     1921.0341   1078.8204   2093.8918
      934.6411   1928.8544    200.2056
     2083.4941   1986.7942    105.7845
       60.5533    626.2995    113.7527
     1514.9128   1548.9828   1830.7507
     1555.1942    693.7423   1419.5677
      964.5079     82.3677    287.9567
     1690.8767   1054.2584   2086.1936
      494.2381   1930.6025   2128.2576
      152.6571   1265.9771     34.5562
     1585.0834   1177.7371   1907.1099
     2132.0569   1636.0896   1691.6000
      921.9271   2147.6584   1735.0804
     2153.7563   1352.4556    934.0082
     1470.7432   1157.6243   1710.2932
     1623.3408    458.0179   2143.8074
     1733.6990   1438.4526    915.1003
      600.8142   1808.7993      3.7224
      231.2323   1966.3732   1571.4183
     1109.2136    380.3384   1884.7202
      457.1942   1586.9015   1547.2842
      876.5906    163.5606   1319.9980
     1148.9448    662.6562    272.1416
     1297.5167    987.3715    928.0034
      914.0925   1699.8805    839.3007
     1851.1635    306.7569     22.1308
      928.4042   1307.5957   1270.5486
     1797.0983    867.3015    799.4730
      925.7892   1666.3845    275.0033
     1172.9872   1131.0046   1021.7693
     1271.9001    126.1960    185.3295
      675.6340    758.8774    619.7955
     1616.1185   1952.7988    486.7012
      926.9216    258.8889   1524.6837
     1307.8271   1904.7961   2074.1519
     1687.4253   1716.1219    132.7710
     1754.2227     91.2395    431.1592
      935.6482    517.0988    273.4324
      617.5110   1921.3862   1057.6151
      457.9042   2242.0637   1131.3304
     2101.1887   1402.6207   1771.9672
     1421.5219    346.8127    506.3980
      760.2719    918.8156    153.3392
     1770.1981    910.5369   2245.7659
     1825.4460    276.4646   1688.8635
     1799.5841    100.0763   2180.2944
     1741.3534    282.1765   1284.1104
       92.2076     61.5300   1230.9189
      637.9550    595.7479   1336.9838
     2038.5634   1459.5966     21.9941
     2259.8635    158.8892   1850.2828
     2070.5149    999.7659   1110.4426
     2177.6450    368.9905   1729.3873
     1740.0067   2127.4976    449.4489
     1503.9414    647.4880   2095.3752
     1705.8853    980.7939    375.6868
     1078.8374   1134.3719   1624.2882
     1589.5834   1840.2152   1351.7931
     1414.7158    846.7034   1307.2506
     2213.1938   1703.7301    375.5909
     1725.8120     37.7765   1314.8334
      682.7952   1822.9711    596.3218
      501.8776   1552.7250   1932.9774
     1414.3530    826.1318   1545.5669
      799.3135   1808.6135    980.4506
      182.1641    141.8466    650.2010
     1700.2239   2010.6675    855.0784
     1914.0217   2212.2424   1438.1555
     1947.6664   1785.4434    608.9054
     1762.3611   1393.5016   1964.6002
     2082.0796   2196.1111   2247.0940
     2139.3044   1834.2075   1512.8176
     1911.3729    656.7939   2005.6149
       43.7500   1587.2552   1083.2334
     1986.4403    691.1298   1162.9573
     1227.3501   1870.8107    155.5360
     1098.8347    697.4951   1465.2725
     1820.3622     80.8407   1749.6479
     1073.0679   1289.5520   1463.5310
     1339.2917    934.3480   2206.4202
     1039.6177    866.9264   1583.0068
     2055.8618   2104.3914   1035.0631
      972.0911   1285.6194    125.2914
      387.2360   1595.6522    675.8060
      270.7231   1728.9019   1880.3511
     1977.6479    845.5671   1599.4520
      304.7473    679.1465   1048.3922
     1357.6478   1676.3219   2100.8401
      435.8080   1345.3757   2249.4353
       75.7020    930.4750   1706.9364
      654.4172    982.9201    504.8771
     1221.2329   1900.6719   1472.9724
      928.3685    227.8001    697.6501
      463.8712    726.4050    713.5707
     1057.4031    522.9560    845.7153
      237.9113   1568.7654   1665.9316
     1232.4819    862.1459    707.7287
     2135.3015    261.9792    314.2425
      174.1686    510.0304    540.0679
     2102.9167   1011.2147   1654.6173
     2047.4171    488.7906   2038.1273
      185.9415    356.7900   1581.5072
     1808.4806   1844.4528   1972.5885
      252.4705   1009.3442   2184.3481
     1846.6354   1602.4946    633.9982
      798.6404   1493.8726   1294.3622
     1885.3373    534.8719   1490.2544
     1476.3871   1047.0867   2077.7092
      288.2888   1702.6143   1206.1575
     1851.5077    997.0128    572.2543
      894.8577    828.3619    862.7862
     1770.3186    549.0626    284.5422
     1974.3864   1358.1509    225.8844
     1690.7894    404.3556    650.1707
     2090.1821   1064.6234    873.4874
      126.6263   1852.6506    865.5920
     1618.2203    336.3483   1447.4694
     2195.9041   1762.8601   2100.7463
      511.6117    554.0690   1912.3428
      953.4713    578.3143   1916.3097
     2103.9192    264.4955   1555.7808
      626.8537    754.2454   1911.4515
     1925.0109    480.2123    640.1904
        9.6632    379.3320    878.5237
     2071.5098   1761.1664    198.1478
      554.1640   1299.5181    834.4910
     1158.4565   1728.4213   1082.1263
     1164.2061   1446.5063    487.5727
     2024.9078   1223.3159   1033.1927
     2126.4163   1328.5155    560.8992
      701.5069   1578.7280    235.6852
     1676.4692   1090.8430    568.0026
     1751.8723   1891.8257   1229.8560
     1837.5131    501.7397   1852.9152
     2056.1882    550.1707   1821.7482
      933.9736   1374.8239   1991.2296
     1965.1688   1942.0095   1167.6299
     2063.4233    645.0318   1650.1895
     1798.5577   1754.5293    314.0307
     2231.9792    765.5390    590.4550
     1578.5216   1844.8774   2072.0669
     1881.3386   1320.8171   1237.4569
      365.1141   1201.1418    822.9316
     1059.8503    323.8236    529.7142
     2238.3101   2118.0381    453.6187
      931.3097   1822.0845   1163.0406
     1772.6937   2225.9243   1969.5780
      517.1537    699.1227   2112.1550
       12.3026    198.1944    507.2638
     2012.0773      2.5341   1876.4377
     1665.7272   1833.5166   1558.4128
        3.7982   2031.9148    919.1794
      611.6501    121.9603   2025.2562
      275.7890    222.0919   1944.5525
      959.8537    575.2087   2143.8647
      248.5181   1115.6829    655.5143
     1542.1937   1547.8317    894.0680
      416.6137   1992.9607   1485.5826
      110.0491   2101.4153    241.0886
     1314.7562   1767.7985    335.6477
     1332.1350   2198.9360    377.3725
     2055.2727    122.0545    168.3977
     1231.2109   1220.3270    220.5231
     1135.8607    857.2136   1018.7084
      473.5324     91.8896   1463.4546
     1239.6294   1134.2749    781.5052
     1543.9783    909.1969   1138.8042
      101.0667   1595.0243   1285.3030
     1908.2141   2067.7820   2223.6245
     1187.9274    786.5036     61.9566
     1946.7152    178.8361   1003.7153
      655.8928   2211.5295    534.3145
     1710.1366   2236.5977    674.4755
     1340.8090   1838.1240    535.0849
      427.9267   1656.2094   1764.5847
       49.2074   2151.8003   2131.3391
      160.7085    995.6492   1370.3359
      538.2216    966.1943   1838.0458
     1911.5352   1190.8770    582.4118
      562.8809    991.4592   1291.4155
     1954.1165   2256.0176   2082.8018
     1021.5383   1211.8320    894.8209
     1292.7703   1585.4469    135.8107
     1618.4399   1695.1808    731.0831
     1940.7124   1678.7607   2047.9950
      588.4077   1583.9684    610.1008
      672.1646   1706.6766    804.0140
     1452.1901     17.6583    218.1902
     1079.1383   1526.1400    896.2509
      455.3780    997.1245    324.3782
     1287.6603   1779.0469   1677.3721
     1486.3171    918.5268   1719.2704
      832.0117   1200.6362   1636.1942
     1198.8455      3.2934   1980.8014
     1344.6444    594.3761   1928.3416
     1392.6433    732.1052    668.4399
      987.7298   2174.2795   1363.6866
     1484.0950   1923.3595    201.7626
      207.9505   1588.7982    367.1890
     1014.9958   1948.8521   1851.3455
      385.7982    897.8441   1401.5999
     1935.7699    121.7075   1327.3695
