      857.6509   2032.7141     81.6412
      899.7195    912.2474   1292.0143
      401.7707   1571.1550   1324.9613
     1071.6074    715.9103   1612.5569
      287.2557   2072.2795    142.0280
      300.0128    355.4515   1787.3143
     1486.9126   1594.2091   1001.5835
     1836.7131   2245.4604   1466.6010
     1344.8273     58.1541    846.7413
     2170.3857   1619.6132   2170.3320
      248.7152   2020.0249   1482.0483
      717.7787    580.6422    695.9067
     1394.1315    861.9323    815.7280
     1326.1536   2123.5474   1309.3872
     1958.0365    911.1436    813.7148
      382.0593   1519.2865   2235.7852
     1335.0284   1519.1356   2066.0537
      723.8773     94.2301   1341.8442
     2172.3655   2201.6489   1173.8955
     2172.0278    327.4207   1828.9008
     1050.0861   1914.7864    740.0789
       12.0203   1975.8948   2211.0400
       12.4808   1225.3636   2226.0237
      923.6512    524.9850   2193.6089
      684.6909   1231.6637    195.2274
      373.3412   2043.5029   1208.1948
      805.8568   2144.8010    643.0593
     1650.7982   2000.6149   2245.7778
     1892.0094   1821.4076    420.1544
     2006.3477    445.7815    160.8236
     1059.1616   1078.6208   1098.2996
      829.0534   1346.8547    757.8205
       45.0295    356.5437    219.5097
     1528.4469   1022.7589    593.6386
     1178.9183    321.2393   1684.7058
      653.5034     61.6511    188.6836
     1632.3385   2121.1221   1723.1329
     1130.7863   1025.0005   1568.6855
     2107.7756    216.1597    676.8456
     1896.3552    754.0483   1821.2842
      532.9485   2098.7896   2254.4080
      833.9293    302.4336    418.4464
     1107.2422     53.9431   1125.9908
      333.8711   1938.4324    939.2245
     1893.8048     13.5896    439.5323
     1777.0466     22.9310   1985.4664
      798.5985    268.9196   1866.5647
     1526.0380    804.0904    153.9267
      159.5258     53.6439   1883.5039
     1083.6550   1306.7915   1760.9226
      642.0995   1789.9307   1172.6503
     1628.5044   1630.1013    300.1078
      382.9907    526.8208    962.0497
     1311.7925   1675.9772    449.3342
      808.0740   2253.9058   1829.3247
     1777.6831    865.2135   1322.8014
     1318.9417   1417.1523    645.6412
     1550.9292    549.9990      7.8777
     1659.6758   2071.1335    285.7345
     1880.3348    181.9668   1656.9691
     1737.7421   1813.9268    785.6463
     1215.6565    384.5270   1064.6952
      398.1623    601.1984   2159.1094
      180.6166   1038.8149    682.5852
     2125.7356    597.9830    637.5611
     1798.3307   1330.8859   1275.5455
     1323.7059    688.5611   1154.0658
     1011.1942   2139.3103    437.4976
      431.3622    884.2948    593.7732
     1315.7690    715.6526   1825.4177
     1110.0487   1004.3376    543.3870
     1926.0894   2019.4281   2129.4260
     2024.0541   1141.8606   1629.4574
       48.7234   2061.1191   1870.1263
     1184.6663    503.8952   1383.4065
      585.4132   1064.7778   1683.1578
      730.2183   1638.1835   1498.3512
      239.5453     84.2755   1117.5465
      162.2759    704.3608   1620.7601
     2186.6050   2010.9814   1494.5491
     1484.5266   1143.4869    287.0504
      909.6494    509.6979   1016.4473
      677.0621   2230.2900    970.1456
     1295.3486    216.3749    399.4637
     2122.7937    908.9294   1529.9316
      893.2455   2226.0613   1546.2606
      297.4607   1355.5372    582.5546
     1473.5247   1914.5787   1493.2592
     1376.2928   1160.2413   1953.5065
     1317.1957    535.3827    345.8436
      728.8652   1968.6064   2098.1511
     2002.2885    102.4855    953.5734
      463.8627    303.5344    567.0624
     1091.3414   1558.9569   1943.1462
     1824.1276    120.5356     37.4885
      546.2632   1931.0201    773.7184
      974.5367    168.5973    842.9426
       20.1409   1544.7244   1015.4704
      141.7469    705.7375    122.3396
      464.6391   1816.2870   2240.7390
     2240.1296    664.1869   1904.6844
     1030.2701    495.2573    293.1996
      858.9579   1666.2588    445.0881
     2084.3650    704.8112   2233.8342
     2248.4998   1984.6167    699.8646
      649.8739   1065.9849    427.1955
     1262.0695    384.0746   1950.6697
     1944.5295   1711.2025   1186.2069
      813.1886     83.0431   2122.8403
      180.6015   1167.9312    947.1750
     1040.0081   1734.5789   1625.9034
     1561.4862   1073.8389   1143.8859
      139.6385   1615.6479    660.4000
     1991.7985    575.3010   1561.1077
      417.6108    294.0906    210.8375
      431.9633   1573.2917   1019.9202
      253.4150    525.4168    371.8971
     1757.1708   1671.9091   2238.4634
      899.1318   1671.0000   2214.2651
     1970.4963   1124.2826   1089.5068
     1969.4537   2095.2632    708.2010
      375.1841   1678.8855    462.5636
       56.6680    960.3804    242.6385
      659.2457   1245.0214   1433.9015
     1497.5023    241.6625   1182.7051
     2242.3450   1749.0974   1432.0994
      287.4606    966.3389   1911.1876
     2054.9866     21.2921   1958.6982
     1307.1561    558.8781    813.7833
     2148.1069    919.8295   1205.2836
       48.6098   2218.4358    385.9678
      438.7407   1102.8184   2153.2942
      274.9406    472.7727   1291.1674
     2077.5894   1457.5596    152.2616
      475.0212   2170.1531   1531.1857
     1392.0630   2016.3782    483.9673
      108.2722    450.5672    908.6401
      437.4953    232.5031   1293.8350
      729.2812   1915.8771   1533.8787
      120.9856     57.8268   1625.6010
     1641.1033    134.1405    955.2646
      128.8918    293.8472    578.1362
      590.1994   1553.9084    276.0814
      247.0670   1353.6990    236.8025
       16.4230   1268.3182    328.0344
     2120.9639   1566.0580    708.6229
      999.1870    479.3618    580.7009
      676.2994    552.4824    141.3597
     1280.1310   1348.9454     57.1400
     1895.9036   1399.0800    934.8831
     1832.4576   1276.4083   2109.4448
     1500.2169   1432.4915   1822.5343
      455.7441    598.4135   1595.2218
     2103.5251     64.2817     89.3753
      316.7006    785.7122   1216.1791
     1717.7919   1004.2831   2076.1401
      204.2790   1550.9453   1956.0991
      814.2193   1725.3850    865.9490
     1119.0958   2184.6238   1920.1580
     2068.3225   1858.9912   1807.3170
     1910.8958    405.2536   2051.3906
      377.8789    899.9402    211.8202
      194.1906    890.3749   2190.2070
      109.6128   1836.4139    382.9160
     1621.5784    611.7872   1456.0051
     2195.7544    617.8961   1292.9561
     1919.3234   1261.1124    510.2567
     1852.6670    984.8752    311.5698
      749.8248   1944.8495    350.3187
     1678.3917    733.0977    789.3781
      118.8145   1691.2035     82.4471
      863.7722    862.8092    448.9339
     2215.0771    271.2704   1300.7900
     1785.3752   1698.2416   1448.5249
     1283.7289    970.1812     50.1666
     1396.2013    116.7984   1934.4572
     1642.1061    381.0051    225.7572
     1523.2096    944.6178   1639.5446
      364.2698   1018.5381   1368.4127
      483.9688   1653.6693   1915.5688
     1996.8013    667.8746   1002.4463
      258.3758   1857.1948   1744.9869
       71.4125   1383.0475   1554.4373
     1154.4797   1420.2983   1069.1638
     1865.9952    404.6413   1317.6942
     1385.5521   2241.0000     94.3332
     1902.4824    703.4929    366.1236
      934.9644    882.5567     78.7192
      714.6647   1035.4480    718.8508
      799.2411   1138.2848   2202.6687
      609.4785   1561.8525    673.9291
     1242.9448   1918.0007   2243.1497
     1160.2778   2096.3789   1563.7555
      735.0801   1482.0629   1153.3125
     1198.6989   1264.0444    353.1513
      828.2740    989.0875   1935.7062
     2138.8738    990.7046   1869.7670
     1631.4319    763.6403    498.4215
     1718.0331   1181.3431   1669.7957
     1803.0604    145.7070   1218.9926
     1315.8517   1020.0957   1287.8459
       96.7894    487.2264   2090.8931
      468.6077   2250.7173    528.0075
      929.2629   1511.3975    245.3066
      663.4747    774.1685   2093.2998
     1823.5583   2073.7769   1186.4653
      541.9492   1300.1803    838.3294
     1572.3447   1431.6887    536.6967
     1332.0934   1976.0477    986.0522
      610.0568    581.9322   1128.4829
     2091.3357   1411.1816   1241.5465
     2111.6704   1338.8660   1903.2062
     1456.1594   1700.6438      9.6985
     1540.4323   2155.2646   1117.2694
     1729.2290   1688.9077   1903.7300
     1219.7477   1235.7035    816.8757
     1788.2659    423.0850    788.7452
      320.5186   1220.1917   1592.1721
     1296.7424    428.0169     14.8363
      866.3081    905.1942   1656.3896
      304.1303   2259.6965    864.8228
     1066.4464     74.3579     65.4236
     1012.1467   1327.6602   1395.1073
     1588.9282    143.4435   1444.7406
     1074.1039   1213.9650   2122.5454
      410.6226   1961.0314    455.6161
     1532.0267    831.3188   1969.3116
     1538.8541   1231.0348   2240.0403
      633.1121    242.7352    893.5076
      763.7371    555.2248   1426.5077
      230.7209   1280.3959   1228.6722
     1581.2300    393.3431   2046.2341
      485.5368    193.3080   2021.7743
      202.6041    594.8788    630.5575
     1525.1639   1334.8903   1525.8868
     1562.7834    192.8938    625.1172
     2045.3442   1587.6031   1681.2791
      660.4420   1236.9940   1930.4008
     1052.3479    727.3907   2117.0515
     1039.2560   1920.2646   1135.2330
      954.6742    280.7078   1302.4703
     2066.7344   1937.7780    220.8870
     1160.8879   1640.6777   1318.2521
      567.4629    602.2280   1869.6592
      674.4139   1164.9131   1141.8815
      231.6399     87.1622   2244.0295
     2107.6738   2255.0356   1627.3691
       33.3269    430.4348   1513.0374
     1307.1022   1732.8843    798.4703
     1525.0128   1301.7607    958.9915
     1252.2046   1957.4008   1839.9172
     1063.4800    774.5960    885.8475
     2108.2341   1899.8253    989.1965
     1590.9199    309.1200   1749.2410
     1680.0959   2124.6995    632.2648
     1661.7217    699.4056   1102.3939
      806.8483   1668.5497   1871.0361
