      629.0423   2202.6931    232.4614
     1033.3009   1106.2494   1654.2969
      332.2708   1616.4332   1470.9327
      990.0017   1342.8534   1384.4065
      105.5518   1960.4269    336.8527
      790.0538    460.8046   1914.7419
     1326.2670   1166.8318   1821.7670
     2142.7537   2025.7993   1767.8608
     1141.3450    578.3458    516.7674
     2250.3562   1690.3621   1932.1775
      933.2300   1733.8958    960.5136
      384.7209    702.7914    148.0090
     1240.3011   1150.8453   1163.0426
     1114.2012   2084.8020   1100.0089
     1759.0104   1381.1044    978.7261
     1061.6321   1384.0300   1716.0983
     1917.2050    654.0269   1502.7028
      378.1928    735.4109   1365.2646
     1301.9080   2180.1514    267.7509
     1860.0455    837.1768   1720.8662
      925.1010   1708.1024    299.7820
      774.1179   1787.4200   2047.1528
      187.1882   1248.2048   2254.9338
     1380.1605    690.9975   2059.4602
       65.5799    593.8476     23.3373
      425.7591   2218.0295   1685.1881
      469.1331   2244.2163    494.8029
     2155.0117   1930.9358   2184.1152
     1156.7690   1897.8300    810.5228
     1572.0110      0.2604    172.7768
     1100.1661    607.5782   1952.2748
      259.4387    479.8253    429.1398
      625.0115    503.0511    731.0944
      184.1116   1527.8531    153.6668
      158.7273    714.4247   1974.4949
      727.2167   1000.9122    297.0507
     1514.8427   1872.4457   1635.2233
      517.5571   1019.0312   1814.5360
     1908.0686    900.9081     62.5761
     2113.9851    170.1262   1944.3723
      299.4565   1951.5372   2169.9043
     1574.2070    780.8204   1324.4501
      714.0136    276.2114   1625.8929
      344.7664   1475.3784    872.2356
     1929.0945    611.9662   1097.0272
     1667.3064    365.9695   1463.9225
      222.4872    259.4533   1453.8993
     1669.3253    825.0530    249.3830
      359.1188    341.1562   1708.1407
     1279.0110   1627.4310   1669.3937
      832.1184   1551.2866   1452.8097
     1292.3293   2211.6692   1559.4821
      729.9974    827.0709   1167.7611
     1755.5060   1748.1639    781.0217
     1109.0251   2175.4175   2135.6182
     1672.8960    362.2163   1137.1117
     1053.7538   2022.0834    303.8650
     1907.7383   1478.9183    166.1127
     1422.0056   1922.3290    568.5509
     1862.6089     48.8179   1341.3754
      853.6766    713.3924    353.8358
      555.4463    289.6928   1201.5306
     1240.7939    359.4001   2025.8776
      463.2378   1387.8021    222.9771
     2153.4939    247.5801    246.7383
     1760.1370    971.4064   1982.7092
     1805.7858    913.8019    677.8453
      822.5836   1416.9033    640.6082
      406.4522    849.5828    933.0524
      974.0446    447.1307   1476.7867
     1386.9746   1070.5658    174.9478
     1786.3688   2156.9929   1657.1938
     1901.5667   1362.1855   1819.0663
      225.8736   1850.9523   1768.4156
     2054.4465    970.8526    811.7994
      724.3354   1537.1257   1825.4189
      157.5756   1392.1323   1105.2985
      215.6845    278.5374    667.0402
      141.9246   1302.2241   1514.2115
     2230.0498   2211.9126   2202.0559
      978.2677   1060.2289     11.4943
     1262.3632    499.6891    830.4437
     1198.7823   1919.7321   1944.9429
     1963.3353    611.4619    638.2469
     1987.4508    440.5747   1842.7787
      741.9288   2237.5640   1390.6663
      401.9558    840.7908    494.8170
     2087.1494   1717.9740   1145.1112
       33.3849   2044.9573   1500.1682
      201.4620     96.8333    240.2899
     1525.1469   1738.6121   2067.2148
     1180.4998    194.3604     77.6454
      760.7503    740.8435    763.8105
      957.1074   1821.1279   1709.3142
     1015.4362    194.6764    380.7422
      364.5825   1863.0134    247.7120
      747.7510    177.7777    552.4650
      760.2215   1331.6703    347.0840
       59.3189    771.6919    890.6564
      574.5325    803.5485   2007.9702
     2208.1260    657.2627   1634.1067
      137.0536   1278.9912    484.1647
     1221.3422   1098.1816    457.3056
     2161.4670   1142.9723   2262.6641
     2123.7441   2055.6021    491.5950
      476.3266   1130.6757    412.5517
     1365.6803    410.0815   1157.8257
     1877.9254   1919.2308   1469.7159
      795.9205    654.1406   1656.8604
      385.0185   1748.2317   1012.7405
      637.4285   2159.9602   1898.8373
     1053.2646    967.5823    963.5052
      540.9506   1043.8971      8.4806
     1584.5072     21.7453   1476.4401
      741.4386     88.5533    898.6143
      293.5004   2043.5431   1334.3671
      240.8232    405.6444    122.1091
     1319.3096   1535.9855   1924.3497
     1069.0460   1277.4326   2123.4468
     2027.4989   2105.5901    996.7188
     2046.0829   1821.3616    266.5869
      327.1164   1561.4978   1830.5389
      538.6859   1686.5789     82.2776
     1249.3224   1574.8616    998.6286
      980.8857     53.4222   1230.2013
     1985.6632   1799.3348   1775.6454
      140.8358    206.3478   2100.2288
     2073.3145    253.0329   2222.1345
     2150.1570    452.1587    885.3542
     2180.7432    578.3830   1262.3813
      140.9899   1601.7495    493.1260
      193.1122   2161.3308   1967.9542
     1049.7224    640.6093    922.1074
     1711.7751   1130.4976    311.3819
      864.3107   2152.0286   1727.4957
     1844.6971   2146.6531    124.4461
      812.0510    415.8781    978.4728
      106.9219   1222.7423    745.5092
      486.9604   1253.1683   1981.1588
       79.9333    364.9843   1795.3832
     1457.3458    978.4099    951.2520
     1134.8610    639.0691     20.9346
      567.0695   1649.1060    503.9668
     1089.1392   1583.0155    746.5458
        4.9472   1736.4868     47.5377
     1961.8693    861.6423    411.8848
     1137.0552   1247.0199    193.0124
     1332.8083     80.0827   1058.9293
     1426.8981   1262.5933      4.9271
     1468.1907   1346.3206    931.9831
     2115.7925   1392.0361   1596.4646
     1450.5126   1506.3877   1390.7819
     1277.1870    254.4013   1317.4827
     2223.1912    153.9314    563.6925
       50.1759   1033.9799   1159.7140
     2102.4834    721.5323   2026.3842
      240.5781    778.6563   1615.8716
      891.1829   2162.5095   1016.2798
     1273.4283   1717.2568   1391.0055
     1462.1240   2220.9639   1930.5475
     1725.7208    138.6504   1912.6299
      554.1440    301.8643    270.0882
      745.3929    114.6805   2191.3330
     1064.7760   1287.0704    840.7806
     1441.8491   1093.0494   1395.4413
     2101.0911     19.5551   1688.1823
      279.1113   1116.9690   1003.8475
      800.5593    405.0025     51.8270
     1277.9624   1914.5947     88.0286
     1571.9912    278.1126    489.9153
      716.7723   1784.4940    724.1414
     1677.8289   1309.6340   1269.1566
     2067.4099   1315.0822   1121.5356
     2097.0676   1712.4635    765.9677
      757.8843    762.9578      0.5918
     1438.8303    188.9052   1776.9104
     1539.3890    249.5445     51.3868
     1850.1649   1108.7576   1102.5715
      902.2968   1111.1605    647.7666
      534.1109   1543.6024   1181.1616
     1745.1775   1306.4875    720.5695
      263.4524   1622.0824   2158.7422
       92.9645   1008.1227   1651.6913
      806.4893   1557.4875    120.5418
     1967.5449    281.1903   1463.7819
     1515.2260   1484.8824    145.8960
     2032.7815    232.7049   1090.2361
     1167.6633    817.3570    686.3505
     1089.7778    955.6515   1333.7411
     1022.4317   1950.7463   1477.1844
      177.1017   1886.1001    808.0610
     1555.7203   2096.3772   2158.2852
     1604.2097   1985.7096   1335.0203
      368.4546    991.6196   1457.8312
      854.8854   1489.6732   1031.0112
     1119.2207    344.0762   1017.8346
     1116.0261    779.2236   1694.0198
     1358.9998    790.4744    314.1324
     1890.7838   1144.4594   1412.2101
     1278.8361    231.2523    647.1145
     1953.5806    164.2594    570.0003
      818.1144   1011.9901   1840.5435
      818.0602   1987.0448    467.2088
     1339.2500   1774.6459    334.6807
      450.4135    505.5296   2227.2368
     1836.5485   2138.1995    669.3110
     1174.4240   1413.5690    491.1203
     1390.0516   1195.1862    721.1438
     1500.5758   1969.6056   1023.1827
      732.4144   1014.6959   1445.9164
     1779.1393   1595.6932   1216.1199
     2108.0415   1451.4951   2107.3147
     2102.0945   1227.3131    308.8311
     1549.7008   1532.4512    559.4877
     1887.7834   1162.1555   2121.3787
     1045.4280    347.4591    732.3838
     2228.0903    194.0147   1335.2241
      451.5171   1873.7769   1925.0546
     1357.3163    454.7310    220.7568
      612.2849   1210.7567   1245.2695
       79.5827   1922.8470   1169.0344
     1645.2394    681.3034   1123.4429
      757.1568   1400.4448   2111.3035
     1622.1798    629.7065   1775.6741
     1582.7833   1344.2000   1949.7390
      581.5498   1864.9471   1587.6178
     1905.7566    471.1487   2156.1228
     1540.8193    918.1994   2229.2693
      178.7378     24.9898    989.2686
     1746.8064    146.5435    824.3553
       92.7849   1221.0216   1925.8429
     1105.6425    140.2582   1887.2581
      477.1723     20.7843   2103.7520
      343.8060    607.2531    717.8998
     2160.9802   1011.4343    516.0747
     1982.6300    593.5123    287.0738
     2100.7385   1435.0199    644.0037
     1191.0620    979.8469   2038.9248
     1523.1805    946.4158   1724.6710
      577.4300   2065.4958    886.5359
     1492.6051    614.7990    636.6418
     2117.9255   2173.1375    235.8390
      612.5699   1249.6614   1627.7997
     1340.9130    687.5845   1471.3892
       96.9389   1625.1545    922.1411
     1304.1228    335.9710   1609.1113
     1757.8572   1521.7181   1617.3423
      289.5009    559.9265   1129.9111
     1121.6011   2224.0945    825.8504
     1981.5675    859.7881   1257.5327
     1783.9718   1558.4510   2155.0371
     1748.3096    497.8532    821.6728
     1772.4136   1777.2186    355.3069
     1625.5555    582.5953   2244.9731
     1776.3080   1897.6740     52.8198
     2235.3003    689.7603    514.9500
     1198.3239   1627.3235   2187.3857
