      865.0635   2131.2163    806.6336
     1160.8927   1080.0587   1593.4237
      326.6521   1282.1770    587.2980
     1078.1633   1018.4441   2249.2771
      626.0125   2092.4453    603.6763
      287.0211    242.1955   1481.6407
     1057.0731   1534.4169   1111.9896
     1685.5363   1950.7725   1444.3148
     1302.1902    280.3576    970.5156
     1879.3766   1992.0869   2202.9590
      809.1260   1456.0828   1482.1031
      532.7239    829.9479     77.3208
     1092.6046   1159.8755    208.3593
     1319.6017   1947.0885    853.3948
     1906.3488    718.1037    823.3945
      108.6555   1428.6824   1921.9799
     1069.2474   1434.9213   1676.4510
      978.5956    213.7129   1557.4744
     2002.0156   2084.6709   1641.3643
     2257.2275    577.3327   2070.2446
      807.6512   2188.4285   1075.4847
      597.5278   2022.3533   2044.0947
      401.9977    899.2147   2015.3226
      902.5333    549.6885   2087.1521
     1248.6931    691.6260    368.4529
      469.1443   2203.3887   1277.1083
      249.1764   2040.4786    749.5728
     1575.2750   2031.1322   2084.1592
     2189.2625   1712.9834    338.9558
     2159.7700     80.9226    154.8055
      279.2250    970.2962    652.6693
      656.1570   1485.3629    617.3924
      155.4327    258.6923    624.7787
     1265.6376   1414.7802    393.9495
     1563.4205    411.1502   1493.0753
      769.1694     34.7365    361.5511
     1316.8499   2092.1267   1957.3783
     1215.2135    773.0314   2162.4724
     1829.9966    227.2937    452.3751
     2253.8149   1725.3965   2004.4750
      237.1089   1654.3490   1820.9403
     1039.3167    431.4507    314.7772
      770.8767    258.9044    841.6998
       54.3444   1818.0762    687.1325
     1970.1323    408.8054   1160.5260
     2258.2107    313.0430   1957.9305
      814.7466    369.6933   1178.6406
     1437.2394   1044.6295    262.5320
        0.1915    290.5433   1643.0229
     1522.7156   1357.6533   1979.2877
      556.2044   1179.9821    697.3884
     1168.7017   1521.2683    170.0840
       31.6801    758.7859   1203.1798
     1655.9805   1018.5607    341.7315
      792.4114   2244.3228   2028.3086
     1978.0851    988.0332   1395.9357
     1389.7029   1373.5184   1035.4199
     1644.1222    475.9182     77.9107
     1872.7654   2228.5664    242.9173
     1990.2888    665.2711   1371.9519
     1991.2096   1990.9406    534.1888
     1647.8209    378.6396   1119.1104
      294.6285    316.9769   1939.1448
       34.7345   1107.2568    749.8046
     2098.5334    412.2542    317.0247
     1417.7053   1132.3342   1504.6970
     1462.6143    678.2116    134.5089
     1242.3920   2160.1289    727.2190
     1034.0634    459.1688    634.4651
      678.6710    696.2802   1508.3827
     1632.8903   1155.3771    592.8163
     1956.7405   2165.0220   1944.8315
     1691.1110   1239.3907   1430.7678
      261.9594   1900.2234   1979.0841
     1429.2487    488.8247   1246.8329
      620.4379    115.4716   1160.1470
      708.8762   1523.3745    893.7081
      222.0444    560.2307   1111.7687
      651.5981    730.1107   2123.9556
     1722.9310   1827.5762   1054.6816
     1755.2963   1346.8013    882.5488
      986.1611    836.5768    907.4521
      451.9823   1887.4827    964.8068
     1415.7512    416.0096    295.6505
     1956.2065   1553.2014   1670.4318
      751.0280   2044.5106   1298.9814
      359.4372   1490.1403    341.5440
     1061.0728   1976.8920   1901.1710
     1014.7715    923.9075   1897.3296
     1161.9987    565.5497     46.6038
      459.7852   1911.7142   1419.9116
     2149.8306     96.5029   1033.3354
      291.0114   1155.0231   1214.6488
     1335.0853   1258.0115   1758.5812
     1605.1600    224.4166    184.6669
      940.8556   1640.4017    802.2637
     1222.7214    236.1455    497.9966
       12.3519   1290.1212   1681.9390
      158.5865    259.0903    231.9006
      875.3022   1963.2185   2133.9617
     2195.4404    887.1407   2226.4871
     1368.9642    487.4767    705.5954
      839.5251   1749.9757    550.3103
     2017.4524    426.8700   2129.0466
     2216.2625   2111.5020    832.0023
        4.4817   1301.8391    516.0060
     1241.8059    319.0251   1650.1124
     1685.3167   2144.2766   1112.5945
      651.3407    414.5351   1921.0814
       41.2441   1253.7380   1270.3300
     1519.3395   1458.7819   1367.7572
      922.0888    534.7601   1350.0789
      390.9539   1526.6874    623.1793
     1849.8367    618.7880   2167.2366
      472.1080    216.1777    287.0974
      309.9100   1451.2092   1268.3190
      865.1401    813.9619    573.1922
     1801.8458   1884.3491   1927.4722
      988.6212   1733.7356   2226.6587
     2214.8323   1097.4390   1481.2150
     2031.9175   1838.0602    892.1957
      227.8648   1780.7808    295.6445
      125.0583    426.3026    420.1599
      763.8992   1238.3118    970.0677
     1423.3812    328.3564   1843.6512
     1464.3011   2167.8425   1457.7781
      318.5828   1083.3450   1588.6342
     2084.5615    140.4307   2142.3425
     1446.6420    770.1878   1258.1614
     1611.5927    960.0687   1658.8612
      231.9102   2251.9880    274.1534
       85.7751   1156.3114   2052.9363
      137.7538    311.0762    958.8434
     2084.5515   1531.4238    829.9254
       20.6501   2022.6588   1716.9532
      754.1307   1985.7413    311.0771
      487.5103    321.3503    805.0752
      293.5733    120.4368   1733.2874
      522.9626   1679.3054   1265.8788
      521.0013    252.9153   1733.0941
     1766.7997    512.7572   1306.7328
      767.2769    307.7190    416.2065
     1092.6882   1243.5302    845.1567
      465.5067   1364.0891    902.7270
      423.7234    825.3923    297.7292
     1825.7080   1071.5728    867.3035
     1151.0022    716.7428    670.9575
      335.3272    567.5610    234.2716
      701.9068    961.9727    325.6443
     1504.1959   1921.8357   1241.8115
     1665.8364    480.3131   1937.4774
     1026.4758   1681.0083   1971.8688
      643.5103     61.3604   1476.0541
     1916.7870    246.1216    174.7348
     1075.1930   1233.1615   1143.4581
     1454.2419   1559.8325   2226.9778
      435.4040   1824.9255   1741.9277
     1074.2290   2178.5293   1002.1862
     1054.5253   2167.4143   2178.6558
     2213.6907   2234.7781   1924.2595
     1353.4435    404.1284   2182.3752
      213.7983    927.2880    140.6943
      433.7878   1129.8113   1872.8457
      396.0429   2261.5403     76.0982
     2166.9192    816.3224   1599.2474
     1865.7067    769.6482   1745.1790
     2120.9768    916.0488    690.9178
     2220.7522    779.8718    255.3914
      489.6765   2134.0718    357.2854
     1514.4430    202.7208    629.5948
      652.3976   1422.0979    231.9726
     1579.2261   1246.2715     46.8693
     1912.5067    154.9396   1236.7817
     2230.0957   1458.3074   1095.7322
     1219.8464    849.4877    173.8088
     1211.8600    517.7797   1965.6448
     2245.9033    397.2549     52.3002
      686.4673    380.3645   1466.1261
      107.4553    941.9890   1356.2415
      556.7529   2152.5742   1713.7642
     1706.0657   1011.8054   1204.9320
      212.1992   1640.3036   1449.9855
      487.0457   1582.6691   1561.5476
     1205.1354    976.0717   1253.4833
     2252.0320    107.0387   1477.0306
      953.6313   1749.3729    283.3368
     1600.4696    885.9874    979.3871
     1249.8099   1286.1206     39.4720
      573.3621    907.4260    612.9946
      542.5554   1110.4491   2198.3364
      610.4557   1694.9465    374.6025
      903.3215   1682.1447   1648.7974
      218.4079   2184.0024   1902.8501
      797.4141   1456.5684   1210.8202
      945.2034   1388.6351    255.4489
      663.6149   1500.5377   2100.0007
     2090.4365   1330.1306   1887.1831
     1433.4497    854.1368    689.2960
     1823.5883   1033.6010   1780.4512
     1717.0376    155.3853   1460.0914
     1534.7703    644.1662   1648.9730
      157.4621    759.7569   1968.3807
      398.5713   2255.7773    721.0085
      755.6653   1781.9708     81.8585
      588.8175    458.0893   2234.9280
      984.9907   1943.6250   1175.5568
      721.3301   1256.0667    461.3665
     1769.2058   1652.3708    852.9896
     1838.2753   2107.5066    802.0447
      430.3074    716.2037   1309.8698
     1963.3744   1213.0127   1595.9921
     1982.8789   1596.9846   1936.6389
     1761.5396   1475.6400     61.2571
     1235.4028   1984.4077   1704.4814
     1476.7397   1797.2240   1522.4783
     1327.4308   1303.2325    692.4482
     1784.4592    109.3548    963.6487
      413.1793   1423.8192   1859.3741
     1656.3292    488.6970    556.7494
      966.0746    857.1414   1552.1866
      110.8069   2187.5337   1024.2213
      923.8760     98.2468     85.1818
     1280.5074   1560.0236   1284.4341
      798.4891     68.7919   1791.8296
      225.3925    619.2283   1495.3148
      749.2183   1190.0941    124.0220
     2058.7324    800.8560   2016.4170
     1823.2153   1303.6388   2055.8960
      760.0687     59.1448    681.2426
     1349.5659    231.0948   1376.1293
      817.1496   1748.0206   1363.6018
     1819.0454      1.7680   2151.7808
      484.6345     40.9777   2054.3259
      221.3500    726.0007    543.6124
     1995.7058   1443.6677   1360.4951
     1538.8904     72.8937   1230.3901
     2231.5112   1705.3385   1633.9785
      544.9082    960.9387   1435.5153
      836.0027    702.7473   1878.5598
     1231.0917   2183.4402   1271.9437
     1423.1191     95.6545   1687.5590
     2073.2268   2029.6500    249.3582
     1234.6526   1884.9120   1105.7496
      816.0498    494.3236   1662.4093
       98.0318    953.0840   1032.7545
      176.0520     52.3019   2192.4902
     1816.2629   2194.6079   1357.0710
      333.2266    806.0541   1695.6384
     1520.8871   1585.7385    716.7670
     1737.0365   1541.1593   1873.3558
     1068.5518   1676.2268   1423.6545
     1253.3153    902.2905    978.6591
     1348.1028   2145.4077   1044.8422
     1665.9231    243.8374   1770.1747
     1712.2942   2231.2112    521.7558
     1483.2404   1146.3916    920.5118
      582.6871   1265.8749   1599.3818
     1119.7275   1175.0654    568.3875
     1088.8485      2.2620   1714.1689
      925.1284   1168.6571   1357.0356
      949.3002    258.3425   2084.8174
     1361.9764    835.8274   1538.5889
      342.7909    357.3275   2254.6335
     2099.3069   2198.3071   1268.2650
     1748.8269   1838.9293    100.3749
     2169.4583    535.7575   1530.5049
     1100.3346   1598.2031    493.9751
      912.7430    150.4929   1283.6072
       98.8598   1013.1794   1786.2219
      394.7340    658.2883    851.7858
     1230.5690    963.5790    417.4832
     2054.3760     27.6121    479.7219
      495.9113    117.0282    500.8128
     1590.3224    661.3410    772.0270
      794.6965    965.2133   2105.4651
     2096.6755   1071.2278   1870.5728
     1148.7496    255.5326     75.5273
     1818.2679    234.2121   2093.2205
      305.5820   1343.4028   1598.5868
     1634.1421   1563.6398   1611.7089
      189.3469   1115.4922    381.0519
      669.7901    943.5564   1731.1432
      807.4857    374.5276    110.5926
      225.1965    507.8799    722.4950
     1570.2212   1963.4969    838.4523
     1163.4570   2233.4373    293.1723
     1459.4326    105.1025    341.9077
      147.8216   1430.7361    169.9297
      475.7815   1144.5958    184.5963
      858.6562   1141.1370   1705.2247
     1239.1573   1916.7437   1387.8638
     1712.9028    686.9543   1101.5820
     1980.9084    209.6446   1730.3544
     1174.2095   1310.2434   1403.0941
     2191.0159   1213.2231    194.0303
     1934.2949   1210.0175   1262.8010
      710.6445   1907.1960    861.3679
      674.9307    171.7242      4.0828
      453.3878    498.6756    525.8057
      808.3951   1056.2172    815.9619
      214.7380   1273.2471    964.8724
     2106.6846   1254.6312    985.9601
     1917.6675    810.8579    200.2684
     1200.9194    535.7630   1540.7062
      717.0746   2121.9456     44.0091
     1853.2567   1681.0231    283.3853
      941.2013    857.0764   1213.0876
     2162.4053    266.9809    626.0978
      559.8619   1785.9589    653.6476
     1683.8475    748.0123   1465.7523
      123.6163   2209.9636    600.9565
     1420.0291   1142.5258   1211.7922
     1102.6713    561.8513    986.6403
      246.6543   1893.9344   1161.0890
     1535.3528   1844.8716   1797.4882
     1288.0851   2254.1614     40.0634
     1765.7174    891.1534    637.7027
     1195.4186   1680.0693   1727.2153
      678.1932   1552.5524   1793.2394
      472.0115    431.8316   1256.2699
      354.8427     39.8975   1035.7042
     1164.1339   1943.6561    465.1945
      545.7194   2146.2520    909.7090
      903.6312   1444.1003   1896.2576
     1664.7489    797.5407   1900.4420
     1085.7870    373.3953   1299.3391
     1573.0702   2219.9375    116.9451
      795.7263   1754.4966   1085.0541
      399.1944   1056.6077    906.1906
     1257.5981   1080.6215   2006.4868
      721.0361   1908.3451   1777.3708
     1786.4722   2236.1702   1717.2871
     1475.7852   1677.4299   1020.6769
      880.0372   1499.7921     28.2250
      708.6462    665.1113    372.1948
     1649.5338    837.3317    106.1072
      659.9503   1059.2302   1220.2622
     1862.3795    296.1764    767.5026
      655.5421   1753.1649   2026.7480
     1274.7393    881.9939   1803.0659
      666.5331    747.1620   1213.1938
      480.5732    579.3251   1623.6124
      414.4489   1616.2080     84.2451
      986.1500   1273.4434   2167.2463
      305.9068   1593.0989    996.8452
     1857.9171   1854.9264   1671.0706
     1660.3325   1691.9603   2091.9875
     2044.1582   1412.3444    349.0392
      395.4264   1380.8967   2211.2927
     1741.6110   1550.8854   1204.7529
      101.7533   1513.3228    799.4487
     1053.7537    191.9681   1035.9093
      916.6415   1377.6307    639.1040
      176.1828   1959.0403   1476.2415
      905.7228    805.5881     69.1724
     1140.5731    657.7808   1253.5187
      589.4202    541.1418   1020.3809
      411.8521   1655.7668   2043.0846
     2081.9189    311.6860   1426.5725
     1081.8094   2018.7543    127.1785
     2130.3000   1417.2067   2222.1426
     1677.3363   1261.7157   1123.3409
      966.2526    295.9593   1785.5535
     1380.6667    626.1351   1009.8428
     2148.2444   1838.3201   1387.6807
     2250.1948    598.4817    568.2682
     1607.4028   1091.6782   1981.3630
     1995.5275   1657.3580   1112.0657
     1043.3762     40.4774    556.8726
     1456.4783   1584.3331   1836.9491
      966.3502   1991.9076   1653.2148
      109.0668   1810.3485     51.8009
     1506.9642     29.3923    840.4388
     2207.6521    538.4686   1065.2981
     1590.4901   1584.6963    400.7083
       53.3581    271.2180   1234.8904
      506.3906    662.6420   1866.7352
     1527.4071    656.5967   2132.0220
     1217.5867   1547.2443    828.4855
     1817.8291   1015.2707   2155.9834
       78.2825   1974.4751    424.0487
     2055.6621   1717.0839     42.3358
      173.9132    594.9393      6.4327
      140.3682    592.7695   1768.6652
     1730.9000   1925.5470    500.0940
     2090.9949    502.1271   1816.5013
     1659.1681   1281.4818   1754.7629
     2095.4414   1850.0267   1839.7827
      638.4053    874.1551    929.1534
     1028.7042   1912.6970    750.4685
     1516.9763   1960.9263    337.6570
       82.0509   1587.7996    565.5200
     1554.7373   1325.8860    319.7252
     1075.2574    672.2410   1730.9821
     1453.3167   2109.1208    504.5473
      393.5720   1909.7556    478.1580
     2118.2854    457.5295    803.2955
     1054.3690    242.1175    737.1266
     2231.0186   1436.7552   1463.5028
     1426.6345    959.4317   2211.2852
      193.0601   2247.5442   1311.1494
     1310.4615   1760.7284   2043.7412
     1944.4219    823.2600   1168.8527
     1187.0220    114.0580   2042.5339
      578.4476   1323.4460   1221.5795
     1907.8054   1680.2012   1420.3163
      926.0782   2072.7617    497.2302
       62.6440    719.8962    837.4526
     2105.8337    642.0050     12.5933
     1388.7665   1949.3755     45.5459
     1835.0214    464.9079   1645.4918
     1809.3184   1418.2604    578.3664
     1483.0406    145.2657   2118.2585
     1363.2454   1748.1050    556.9495
      719.4036    556.3488    631.5933
     1626.4082    381.6369    850.1992
     1971.5687    658.4458    539.7769
     1579.5474    727.8925    437.3785
      500.3269   1918.4092    124.4403
     2164.4065   2006.4681   2162.6106
      375.1493    848.0574   1080.3068
      678.5270   1281.1771   1956.5854
     1989.0436   1718.1473    623.3242
       23.0118   1793.5731   1003.0922
     1951.4563   1133.7775     51.1348
      828.4119    536.1976    919.8826
     1184.9247   1428.7283   2045.1610
     1999.6927   1209.9446    651.4587
     1798.5635    493.6154    300.3106
     2090.7327    976.2361   1005.4232
     1931.2882   1950.8138   1160.7943
     2027.8650    927.3818    447.8784
      255.2097   2040.0314   2262.8052
     1052.9219   2168.0669   1452.9911
      162.5376   1525.2599   2171.0916
     1364.5686   1737.1255    240.0152
     1565.1573   2122.4944   1714.1824
     1912.0634   1171.4132    363.7413
     1649.4102     13.3414   1962.3387
     2007.2168     41.7536    710.8931
