      854.2781   2255.1799    169.9336
      784.2709   1491.4410   1134.5399
      639.1983   1778.4069    203.7253
     1212.4768    953.4801   1618.1100
      605.4610   1922.2866    592.7170
      593.4229    591.5269   1024.0155
     1842.2411   1543.7803   1204.0479
     1381.1322   1981.1700   1187.7986
     1508.5012    355.8669    975.2457
     1446.1190   2115.0688   2244.2852
      557.7241   1551.2323   1592.6106
      865.2726    284.1512    151.1401
     1153.0547   1964.1285    463.5706
      995.2652   2188.3833    752.2485
     1541.5383    976.0436   1233.6790
       39.4470   1291.8831   2180.9351
     1157.3616   1770.9541    798.8902
     1244.8423    196.5052   1439.1680
     2096.7368   1857.2180   2229.0200
     2212.9822    349.9187   2031.6715
     1008.4191   1813.1029   1141.8440
      695.7696   1912.5389   1660.5593
       66.9235   1089.5693   2112.1719
      919.9113   1208.8402   2093.1887
     1250.9561    861.5606    681.2332
      102.4425   2129.0942   1534.1077
      297.8762   1632.6519    829.2346
     1493.0500   2232.2383   1750.8096
     2058.3416   2137.5747    187.1399
     1893.6119     67.9896    286.9296
      733.5965   1018.6139    485.8436
      110.7822   1339.8868    651.8608
      442.9138    130.9995    673.9828
     1805.6281   1504.8528    790.0278
     1282.5667    732.4445   1696.7118
      770.2464    358.8525    757.8770
      833.5754   1977.0112   2113.8049
     1290.9224    431.4845   1400.0321
     2020.7640     17.4513    544.3794
     1645.5591   2032.9849   2078.3477
      428.9801   1370.0881   1325.1227
      536.3789    270.5060    359.8677
      522.4229    379.0742    966.0573
      193.7776   2036.0072    846.5158
     2065.9182    203.6792   1220.1228
     1679.8169     59.4286   1737.5720
     1022.2898     69.0228   1187.7584
     1086.4259   1236.2385    552.6369
      113.5502    588.4185   1491.1547
     1104.5551   1123.4589   2187.7834
      656.1141    781.5944    921.2080
      919.9169   1390.7319    430.1165
      207.1109   1378.0917   1377.5063
     1624.5337    805.0529    221.3274
      882.5037   2261.5491   1777.5503
     1575.0237    827.9036   1431.7294
     1694.1135   1376.7153    627.2064
     1358.3146    335.4525     92.2023
     1463.7225   2010.6794    604.2776
     1770.9945    738.5107   1620.2452
     2228.3904   2134.8684    558.2206
     2199.3066    566.1076   1053.1118
       59.2678    222.4379   1819.5912
       19.7467    608.9645    666.9823
     2252.0681    774.5161    275.0939
      783.8502   1218.9402   1231.5657
     1315.2360   1192.2272    511.3518
     1531.0356   1574.4764    416.1703
      959.9612    294.0567    625.3477
     1410.9575    882.8825   1557.9114
     1077.1907   1326.0005    790.1044
     1865.3812   1943.6912   2094.4636
     1422.3325   1091.7788   1055.4941
      347.4554   1453.3507   1916.8210
     1677.1890    196.3637   1439.6616
      238.8472    182.4352   1912.8978
      736.1589   1864.3895     29.1179
      341.4631    170.3370    906.0317
     1006.5029    278.9386   2057.7039
     1606.4548   1585.2578    703.1610
     1898.9573   1414.7273   1007.7127
      747.1107    915.7443   1104.9164
      419.5240   1991.0018    712.7985
     1511.0620    853.3303    397.6748
     1582.7014   1436.0640   1486.8518
      731.5283   2189.4832   1381.4257
      358.4913    696.4487    194.0350
     1219.6265   1724.9232   1213.5725
      745.8749   1631.4739   1635.0928
     1140.5864    395.0947    128.2239
        4.3503   1476.1089   1810.3892
     2024.8859     84.5388   1393.9441
      205.9431   1576.7039   1025.3757
     1122.1272   1494.7048   1894.1212
     1836.2898    451.0225     15.9500
      813.5803   1985.5178    614.9797
     1290.5924    379.6273    287.7737
      168.3470   1263.9673   1583.4474
       48.8537    163.5007    319.9369
      250.9096   1618.5659   2016.3102
     1891.5939   1127.9960   2176.8975
     1897.1315    742.7010   1122.7891
      758.8221   1533.1293    764.6758
     1568.9525    693.1335   2257.4810
     2003.7432   2119.0625   1312.4171
        7.5010   1449.7915   1065.4347
     1568.8203    360.7785   1755.6996
     1707.1648   1815.0186    598.1797
      260.0657    842.0912   1901.4137
      209.6859   1123.2141   1099.1281
     1478.9528   1468.5931   1752.6100
     1416.0740     47.3189   1433.0444
      243.6129   1765.6292   1296.3318
     2221.9075    589.2560   2030.1304
      162.9219    468.4607    562.6370
        2.1383   1773.9288   1302.8268
     1298.8649    724.8403    436.9472
     1877.4402   1883.8423   1567.1879
     1070.5037   2188.4512   1665.2083
     2021.6920    929.7789   1547.9679
     1823.8590   1954.5031   1362.5549
      329.5876   1051.8617    391.0273
      156.7723    224.8452    504.1297
      949.9890    816.5215   1175.9174
     1879.1510     75.8865   1835.9657
     1539.7299   2081.7627   1335.6752
       42.3365    750.2557   1130.8970
     2207.0369    110.2316   2016.6583
     1258.4921   1017.2194    894.9860
     1626.0100   1081.9054   1821.9246
      674.0948   2035.9796    790.7687
      168.4542   1116.4144   1748.4808
       65.5278    298.7966    704.7143
     2009.9924   1640.7601    817.3655
      180.3232   2030.4524   2087.9141
     1166.9440   1812.3854     52.2079
      183.2587    321.1472   1032.5164
      296.8753    162.5844   1688.4663
      436.6353   1424.4187    941.1006
      464.1099    330.9728   1305.5587
     1262.3143    164.1852   1221.1968
      772.9304    631.2471    400.6115
      517.6019   1569.2262    549.7524
      550.3533   1229.0177    899.8313
      928.0300   1581.5393    569.7388
     2012.7241   1687.9668   1267.4017
     1081.3448    724.1120    585.7546
      113.4945    434.3291    347.5081
      651.4876    992.8428    156.2823
     2027.8191   1754.4453   1716.2556
     1169.5575    569.5989   1566.8829
     1293.2590   1662.4955   1535.1061
      445.8715    204.1842   1103.1830
     2079.5703    423.2185     67.5194
      550.2697   2106.9832   1211.1439
      878.5037   1774.8473   2067.1235
       25.7687   1661.4706   1931.0798
      959.5416   2031.5273   1092.7767
      969.1334   1954.7377   1905.3853
     2212.8584   2131.3804   2019.8936
      930.9117    912.3976   1879.6642
      480.0433    437.5730    699.9251
      327.4664   1527.8851   1479.4587
      211.3735   2076.7610    400.9504
     2042.8235    867.4257   1776.4387
     1893.9315    725.1452   1369.8324
     2117.8447    565.5586    825.4688
     1874.9546   1168.9032    306.7087
      442.9149   2124.8481    426.5585
     1335.9299    123.1100    448.3333
      571.5840   1142.1881    491.4980
     1595.9478    963.2862    556.7129
     1928.6803    431.4978    636.2880
     1787.9187    920.5125   1487.0065
     1239.5508    761.9448    160.8456
      433.6681   1273.2585   1117.9146
     2020.2653    450.2292    432.2347
      881.2787    328.2857   1259.6923
      281.8243   1181.3436   1318.9589
      310.1248   1982.4209   1843.5934
     1468.0286   1540.6997   1133.2811
      248.4739   2004.7845   1634.6592
      480.1478   1531.1067   2207.1216
      837.2821    841.3007   1678.2705
     2254.0786    195.4237   1332.9102
      778.9584   2014.3387    196.8225
     2017.9399   1489.2345   1420.2192
     1089.1732    912.4016    994.3950
      557.1080    647.1163    612.6315
      508.6275   1095.7949   2027.0337
      304.5843   1897.5049    298.6335
     1144.4388   2147.1909   1162.7767
      417.8156   2063.0093   2122.3931
       83.4626   1161.5100   1383.9172
      736.6300   1206.8268    342.3001
      517.3411   1295.4808   1893.4276
     1293.0626   1142.4016   2059.2917
     1038.9817    687.1133   1014.5718
     2123.9263   1204.9788   2098.4187
      986.2825    730.9973   1396.2159
     1299.4431    532.4802   2003.9769
      143.9131    898.1048   1722.4564
      159.9824   2248.0225   1326.9843
        7.3574   1818.3768    312.9611
       41.4595   1017.7426   1904.8790
     1254.2822   1895.2875   1486.2133
      919.5031   1142.3357    730.7792
     1850.1194   1342.0519   1308.3281
     1426.2814   1777.5154   1110.4363
      484.4411    546.9905   1271.6761
     1989.3997    684.8240   1581.2460
     2110.4636   1655.3064   2052.8445
     1561.3960   1022.9412    181.6319
      901.7592   1659.2069   1302.6924
     2054.9441   1887.2153   1343.1217
     1263.2710    724.8572   1004.1757
     1904.9542    737.3557    700.5776
      577.4535   1386.9408   1470.3799
     1944.8926    255.5397    155.9626
      518.1663    514.1589   1501.2133
      164.0778   1700.6893   1501.0613
      633.3130    302.3691    135.5795
      876.0807   1409.5732   1328.8621
      128.7254    653.6048   1718.0753
      504.3492    875.0704   1056.3206
      772.8555   1401.0712    239.1617
     1690.7192    752.6653   2059.0605
     1943.3757   1505.0283   2093.5295
      880.1630    531.4775    836.0707
     1256.9722    146.8110   1981.5359
      464.3705   1927.8138   1696.9725
     1769.6208    235.8621   2250.9209
      535.7876    671.2051   1908.0460
       17.3958    692.6995    899.8621
     2055.0935   1402.3507   1194.2112
     2094.2837    365.8799   1365.0836
     1825.0054   1704.1469   1795.4673
      310.1765   1033.8287   2151.9739
      390.5032    759.8587   1696.9397
      543.2596   1819.9000   1304.3257
     1617.7990    196.3198   2076.8372
     2156.2852   2255.2126    369.2073
     1124.7051   1676.2238    618.5163
      577.1086   1117.0312   1585.3381
       86.1099    971.9765   1226.0565
      141.3526    642.4880   1961.1604
     2004.9226   2253.9309   1136.0000
      171.4416    673.7908   2188.1963
     1703.9146   1119.6326    699.7855
     1699.8071   1130.7196   1625.4354
      360.1798   1799.2673   1474.9917
      805.6132    680.8459   1068.0361
     1900.9806   2093.2451   1512.1389
     1837.1199    356.0768   2027.8324
     1689.0072   2145.3684    317.5890
     1303.2245   1309.2455    709.0571
      577.3179   1096.0391   1831.8176
     1166.6262    468.1649    469.0103
     1288.4164    161.7329   1770.9604
      797.2061    820.8788   1337.4828
      521.7070     27.6040   2066.3811
     1349.9719    992.7942   1400.3849
      399.2162    278.1114   2027.0306
     2066.1968   1996.2683   1664.3342
     1625.8398   2165.4946    618.2377
     2005.3622    440.9694   1612.1105
     1300.9301   1656.0486    480.6675
      838.2161    171.9196   1944.3782
      626.4551    973.9298   1297.2032
      733.3254    365.6153    965.4505
      941.4788   1379.6086    643.4772
     2149.1704    330.4649    248.0805
      221.5120    118.2844    707.1116
     2172.1875   1141.5823    806.6753
      742.7526    491.3870   1643.7897
     2035.4034    734.9236   2166.1074
     1061.5568    330.2823    316.1178
     2144.4126     24.9085   2246.2683
       53.6005   1679.4471   2141.4497
     1433.8152   1855.1279   1357.8652
      198.5762    899.2740    247.4086
      593.6811    892.9070   1667.5288
      995.5054    760.8554    199.7817
      399.3531    673.7632   1102.7711
     1238.7609   2044.4180    261.6020
     1130.0159   2227.8906    371.5093
     1801.2610    175.1381    636.5357
       87.0872   1528.8723    264.7957
      867.2225    936.4683    682.6888
      374.1675    988.7736   1701.1453
     1095.9042   1889.2969   2089.7861
     1308.6028   1251.7009    906.3672
     2038.0681    471.4578   2130.4785
     1374.4537   1464.7684   1543.3370
     1834.2048    876.2010    139.5479
     1731.6620    846.2953   1258.5752
        6.5279   2064.0295    339.4294
      129.7323    344.6765    162.6590
      611.6390     46.2596    454.4205
     1318.9585    948.1757    490.0146
      363.6708   2220.6389   1249.8751
     1535.8960   1591.5925    910.5248
     1684.6357    635.6509    651.3718
      650.0321    276.4679   1182.6135
      770.4004   2182.1572    634.1429
     2117.5288   1844.2855   1120.1622
      785.3701   1425.0073   1553.3467
     1402.2810    514.6800    410.8235
      678.0095   2067.1416    426.5166
     1857.2726    594.9921   2007.5444
      204.9080   2035.9500   1289.7627
      959.6713   1059.7087   1126.1488
     1040.0978    166.5238   1400.7169
      187.2477   2252.0100    928.6500
     2166.6035   1850.2817   1862.8903
     1243.7469   2066.8884     28.8173
     2103.1785   1285.9075   1009.9813
     1316.0795   2095.3779   1390.4181
     1158.8784   1457.9159   1648.9893
      628.6062    751.3436   1188.3269
      168.7859    550.1719   1066.0331
     1496.9159   1770.9800    529.6967
      310.2120   2226.5710   1516.9292
     1064.0936   2136.0879   1883.4009
     1575.2937    385.5268   1972.3143
     1557.8789    363.9325   1533.5510
      990.3840   2101.4739    529.7587
      536.2076   1535.4202    763.2661
      312.6115   1225.5535    872.1185
     1080.4067   1678.4847   2109.1006
     1243.5519   2047.5106   1666.5142
     1897.0391   1931.8707   1813.8865
     1459.1914   1891.1630   1584.0758
     1202.7798   1148.6925    117.4039
     1371.4937    549.6166     80.6724
     1117.7482    849.1975    355.8252
      704.5364    492.5938   1174.5930
     1811.6881    274.2015    432.6212
     1097.2463   1773.2789   1400.8867
     1383.8934   1413.1984   1318.6302
     1378.5957    409.5653    798.3887
      225.3690    795.9951   1549.7762
      463.4734   1751.6239    691.3594
      716.3484   1257.8330   1914.8702
      229.7512   2119.4336     35.3329
     1654.8169   1857.5450   1704.0609
     1692.3069   1855.6460   1924.4685
     2128.9624   1610.8440    290.5322
      141.3883   1874.0974   2255.7620
     1661.5886   1481.1624   1013.6179
      207.6849   1353.5667   1125.3783
      664.4250    120.0349    997.4017
      777.6393   1253.5215    558.1309
       45.1501   1922.6283   1673.5814
     1402.5718   1084.5238      4.5369
     1397.2028    804.0493   1298.1245
      777.6580    246.5149    467.9746
       95.4307   2012.6885   1875.1270
     1491.6742    734.6508   1728.4619
      954.2145   1830.8418      1.7542
     2098.2129   1144.5367   1873.5354
     1975.4161    842.9052    530.1365
     1060.5748    167.3139   1839.5911
     1332.6152    619.3963   1206.2001
     2240.9055   1687.7008   1704.6945
     2033.2369    200.4750    379.2804
     1329.6040   1374.8214   1926.8087
     2041.9043   1565.5419   1859.3314
     1640.1674    124.0139    347.1093
     2226.1340   1601.1132   1447.5803
      946.4725   2146.0234   1281.6729
      530.9719   1757.6189      3.1115
     2028.9604    386.6042   1067.0436
     2195.8330    335.1423    957.3557
     1946.7023   2123.1287    402.4574
       51.4810    380.0862   1418.0475
      532.0338    435.9140   1963.8219
     1886.7827    916.2556   2177.3855
      793.8335   1893.6650    987.7557
     1867.5269    378.7600   1789.0364
       99.7352   1532.5839     42.8069
     2095.6235   1679.3429    508.3777
      450.6879    653.8094      5.2581
        5.3330    794.1711   1862.2700
     1400.3761   2247.0581    653.4481
     2137.1538    605.6044   1740.7668
     1886.1898    823.2427   1969.7584
     2183.2966   1464.7290   2182.9019
      887.2441    757.4272    846.3801
     1327.8915   1456.0542    365.5770
     1518.7362   2229.9717    420.1309
      387.2303   1522.9227   1146.9034
     2032.8492   1586.7637     29.9727
     1012.9342    575.5724   2035.4860
     1915.9564   1838.8004    488.3866
      132.7153   1795.0906    897.2319
     2236.8850    447.7576   1620.2179
     1945.2738    568.7085    990.1349
     2219.2786   1263.3887   1711.8196
      927.3762   1133.2318   1877.3994
      276.7130   2182.3044   1974.7959
     1499.1486   1667.8273   1613.5400
     2252.7075    578.5306   1257.9021
     1193.9225    245.4167   2195.6477
      351.6755   1754.0967   1886.3102
     1908.7102   1531.5061   1651.4703
      550.5564   1982.8789     12.4078
       72.0866    764.6038   1363.2665
     1844.1589    610.4194    489.3732
     2209.4021   1692.8885    105.4808
     1830.2076    700.1328   2249.7214
     1781.3069   1062.0725    893.6436
     1373.1470    324.0663   2121.6011
     1525.3165   2254.1841   1039.4238
      317.7698   1290.4772    315.1100
     1546.1923    261.6241    755.0036
     1942.8223    997.9260    755.3449
     1711.0540    405.1057    620.4916
      348.6392   1893.6993     77.3877
     2018.6907   2073.8391   2218.2007
      783.4440   1183.3970    960.3066
      684.4300    750.6109   2248.3313
     2196.5249   2206.8213    957.2137
      185.1820   1568.6747   1270.7333
     1572.1886    361.4948    471.3669
      910.3988    450.5570   1066.6255
      265.5862   1445.1931   2170.6416
     2195.9167   1198.6658    112.1378
     1320.1716     97.8051     54.9041
     1945.8129   1167.0709   1174.8827
     2243.7715   2148.9719   1721.0966
     1711.4708   1563.0267    522.0615
       72.2289   2251.6282   2153.3987
      935.7763   1924.2428   1326.5863
      266.3524   1265.0446   2020.6270
     1314.5677   1612.5598    173.6226
      910.1061   1821.7738   1559.1901
     1528.9164   1341.7842    435.6487
     1946.9403    204.6757   1670.8188
     1771.3098    312.0467    832.2213
      897.3971    844.0544    465.5456
     1629.3535   1978.3871    763.8265
       92.6786    138.6639     79.8298
     1994.1940    656.9626    112.9851
     1764.3910      3.2825   1098.7977
       97.2549   1444.4650   2017.8124
     1308.5166   1931.0677   2118.4949
     2045.6981   1809.5089    695.0397
      436.2731   1138.1735    709.5824
     2073.7834    761.5104    984.3958
      374.6909   2018.8009   1425.7061
      544.8015   1966.9055    289.9802
     1758.0365   1965.6719    939.2740
     1861.7201   2149.3079   1720.3485
     1642.1866   1663.3701   1185.6989
     1915.5642   1461.0562    598.9050
      374.7140   1740.7202   1116.1465
      349.4710    549.2650   2076.2834
      412.2831   1715.3209    210.4810
     1163.6903   1950.1168   1255.2946
     1844.8104     49.4629   1554.6202
     1571.7371    576.3860   1617.9359
      739.4957    583.8454   1865.8170
     1525.6515    198.9075     44.5478
      276.5618    852.5909     25.8828
      586.4012     67.4476   1209.8430
     1466.0593   2136.2100    824.5776
      405.7944   1039.4169   1218.1699
      399.1016   1236.7330   1515.3270
     2079.4253   2218.8284    756.0505
     1913.6237   1742.4084   2194.5161
      228.3319   1033.6632   1548.3311
      808.6405    743.7856   2051.4624
      754.1668   1806.1031   1411.5031
      294.8877     92.4853     98.1989
      322.1173    465.4843    909.7743
     2038.8712    570.8395   1217.7482
     1594.4524   1496.9575   2123.7605
     1157.1051   1154.8995   1111.0685
     1461.3638   1264.8015     92.8042
      643.7582    694.9666   1679.7179
      663.0254    555.5414    795.2141
     1844.5105    552.6511    810.8884
      243.9064     91.6811   1125.5074
      760.0877   1778.0142   1182.2198
     2186.0342   2037.8491   1454.1274
      477.7368   1599.9304   1346.7361
     1705.1434    592.9225    137.4187
      209.9409   1420.1427    858.6943
     2202.0054    779.5330    514.0326
     1613.7512    909.1843   1662.8094
      303.5966    530.6061   1624.2107
     1016.9377    527.5376    663.3363
     1411.2188     77.5193   2111.4189
     1490.7632    536.6075   1367.2925
      481.2920    955.3480    552.9554
     1763.5067    555.2514   1209.9958
      826.0288   1793.1520    777.0800
     1882.8340    353.6044   1220.9886
     1648.9386    178.9964    955.0021
     2054.3293   1959.0083   2017.0703
      347.5534   1851.7617   2104.2493
      695.5001    392.8402   1409.7300
      117.2402   1131.2427    715.9940
     1214.1338   1113.3220   1816.4750
     2245.2935   1470.5652    469.1758
       11.5092   1317.1915    313.0155
     1153.6771   1079.0430    351.1994
      902.8085   1999.5411    842.6569
     1702.3469    218.2007   1867.6549
     1776.7750    485.7514   1595.8165
      206.8917   1446.0485    462.8853
     1744.6407   1687.8348   1593.0308
      294.4671   1075.6785   1936.7715
     1378.1041   2215.4636   1229.5001
     1331.5674   2137.7593    453.7883
     1850.4493   1944.2510    745.1839
     1904.8722   1622.5326    398.2379
      280.7724    387.4814   1833.4692
     1704.3376   1818.6346   2213.1606
     2084.0791    137.4804    978.4232
     2124.5161   1402.4333   1979.5061
      870.6182   1027.0131    257.3403
      436.7643     70.8211   1858.7380
      343.4814    341.6929    526.9160
      867.8035   1341.5874     21.0203
     2062.4429   1942.7184    345.6761
      997.5757   1354.7511   1498.7434
     1082.1366   2043.4958   1492.4958
     1021.2642   1528.0986   1178.3932
      493.3052    692.4791    381.4908
     1048.9106    733.5998   1638.2856
     1683.9905   2044.1490     57.4304
      570.1542    754.3127    180.9739
      910.3855     11.5703   2233.7839
     2211.2681    332.3072    475.3987
     1055.2635   1426.5193   2110.1892
     1602.0107   2086.1309   1133.5228
     1649.2783   1775.2017   1015.3310
     1405.9587   1033.7955    686.7609
      334.0981    598.7838   1849.8962
       54.7312    939.7173    972.3821
      551.1096   1544.3029    175.5728
     1325.6849   1716.4446    921.1636
      843.7607   2131.5376   1973.9304
      724.8001   1652.1915   1931.6710
     1086.2141    959.5945    149.4759
     1166.9199   1118.1271    706.0597
     1715.0851    772.5060   1829.6006
     1295.2836   1182.0947   1302.1188
      887.8110   1755.7894   1775.8158
     1231.5049   1882.2388   1047.4307
       48.1178   1668.3644    483.4128
      985.6362   2102.6843    280.5057
      254.4129    985.4351    628.7703
     1168.2905   1450.3553    572.9564
     1822.8070   2051.0833   1147.0322
     1160.4753   1537.2157     14.0818
        5.5774   1591.4707    872.2026
      724.9608   1203.9633    120.9094
      116.3795    201.1004   2093.3853
      818.5095   1437.1589   2092.2190
      205.1374    481.9774   1279.5326
      824.2758   1255.1860   1676.9513
      334.4982   2194.7759    605.5560
      714.5615    131.5816    266.3271
     1833.0042   2107.7598   1963.0721
     1724.0972   1730.3110    815.9155
     2227.9517     13.3386   1453.2408
     1930.8757   1823.3696    927.5441
      562.9713    482.5338    410.6514
      399.1202    140.5818   1378.1798
     2082.4146    858.4998    130.2361
     1617.4004   1141.9702   2223.5483
      243.8388    891.6689   1354.0530
     1091.5527    971.5139    566.8614
      483.1835   2241.0498   1024.6385
     1963.1971   1691.2035   1499.6852
     2054.7441   2124.6521   1838.7185
     1524.2998   1213.7231   1244.7649
      141.6373   1039.4006     56.4923
     2165.1055    208.9201   1588.6610
     1365.0411    317.8808    563.5333
      171.9400    898.0859   2069.7793
      692.3059   2087.8081   1015.5240
     1711.9297   1000.6021    337.5614
      394.7533    760.8483   2079.2480
      121.2061    619.2039    159.0315
      166.0706   2070.5842    615.8330
      832.7591    684.7846    638.0660
     1475.0963   1911.5072   1981.8365
      488.5655   2137.6108   1907.9172
     1124.3175    602.1428   1829.2999
      261.2938    591.3709    734.0140
     1513.1232   1211.3783    630.2183
     1506.1039   1174.9254    862.7769
     1555.2681   1303.9600   1027.4325
     1867.3107    192.3905   1056.7063
     1364.8149    965.0630   1830.9404
      335.7236    830.2752    445.4052
     1447.1671    679.9770    235.4983
     1845.3263   2147.8550    173.2206
      954.0074    478.4923   1670.1653
       48.7757    440.6045   1842.0394
      121.1121   1912.4218   1449.5508
      584.7973   1764.0985   1789.5596
     2009.7649   1101.8412    108.5760
     1058.2827    836.2173   2213.8777
      443.9949    818.7946   1324.0219
      892.1733   1618.9967    338.0750
      472.6475   2125.3616   1668.7585
      723.6308    994.8373   1493.2870
     1569.3273   1657.5999   1404.7683
     1757.7834   1276.9449   1094.3929
      474.8031    280.3924   1805.1149
      452.9688    923.2760    791.8094
     2220.0225    809.2960   2106.4053
     1720.2515    642.6956   1013.5438
     1005.4988   1026.4607   1707.4164
      149.9803   1310.1731    143.2741
     1042.2144   1917.7013    678.8385
     1272.7493     41.7987   1043.2303
     1866.3501   1686.9919    647.0800
      522.6036    514.7561   1730.8407
     1714.0206   1771.4556    366.3911
      921.8945   1577.9810   1962.0540
     2031.8701    469.0685   1908.8625
     2142.0662    589.9075   1463.5027
     1226.7184   2211.3962    822.0680
      749.3814   1900.9789   1882.9952
      369.1979   1921.9023    517.3138
      168.7916    734.5672    540.7983
      486.1920   1316.9497   2141.2087
     1456.1069    835.8636   1068.8328
     1643.3009   1445.3726   1252.7847
     1289.8169   1598.7277   1788.1954
      675.1436   2171.0679   1598.4015
     1574.5267    954.7627    845.6641
     1939.9648    950.7713   1304.5238
      396.0931     91.4860    455.6389
     1757.2631   1080.0386   1276.3259
     1294.3829   1847.9028    608.8762
     1283.2417    959.8413   1155.7603
     1342.2534   1317.3262   1107.0938
      639.2430    186.9784   1434.5618
      828.1238    138.6402    827.3101
     1820.4071   2173.8572   2175.8469
     2017.7227   1411.1523    818.1762
     2111.3479   1307.4054    614.4588
     1208.1747   1967.8695   1883.1786
      517.4987    494.9073    199.0648
     1610.8143   1368.4648   1923.4072
      892.1805    259.2787   1724.5861
      470.7467     92.6061    229.7555
      881.9083   1974.5249    391.9924
     1916.9227   1932.5277     87.7467
      558.8436   2162.4878    629.9787
     1357.7921   1892.5520    136.6751
      662.2675    300.0349   1671.4467
     1164.1205    378.5593   1963.7568
      198.2506   1792.4124   1698.9720
      693.1902   1089.4235    696.5417
     1805.0284   1726.0952   1347.7194
     1077.1738   1304.7336     66.9968
     1105.5575   1693.5076   1631.7196
       55.0554   2232.9050    738.9147
      372.7757   1430.0581   1651.8195
      305.1824   1630.4745    592.2510
     1489.4625    522.7875    632.6667
      866.4436    280.8945   1506.4358
     1464.8795   1744.9069    298.0836
     1277.2004   1816.0269   1700.7848
      128.7702   1487.0929   1591.9459
      918.5201    503.0011   1438.2095
     2253.9966   2050.7546   2239.4075
      866.4955    973.2862    908.0725
     1919.3906   1272.4597   1976.0736
      259.1584   1244.2504   2236.0657
      413.2684   1512.3563    342.5230
     1561.3857    159.5223    560.2510
      612.8542   2179.5452    215.9825
     1149.3018     31.0860   2182.7209
     1345.6995    336.0260   1628.1130
     1725.5985    866.5698    697.9600
      360.3181   1864.4998    933.3925
     1331.7303    376.2961   1153.8137
     1442.7800     96.2317    886.1578
      489.0509   2035.6865    942.3449
     1291.1825    931.6128   2056.0759
     2153.2188    412.8110    680.7971
     2163.5232   1807.9507   1519.6472
     1641.0851   2053.5706   1815.1552
      484.7393   1673.2003   2031.4254
     1651.3304   1875.9668   1226.9463
      710.5225   1645.8815    932.8864
     1482.2231   1294.9558   2109.1619
     1844.9923   1025.9612    537.4322
     2127.8420   1064.8569   1106.1456
      115.3260    965.6417    469.0023
     1484.6602   1454.2295    210.1022
     1126.1063   1629.5322    992.8154
     1044.3156   1153.1570    921.4691
      825.6431    494.1965   2081.3103
      448.3459    975.2599   1480.6567
     1184.2230    469.5778   2177.3562
     2218.4314    762.4760   1605.5649
     1074.2300    771.9359   2023.7961
     2153.6536    113.1802    177.4002
      264.7367    300.7259   2213.2014
     1041.9792   1759.1908    432.0782
     2106.9080   1165.6975    356.2363
      661.7537    314.0890   2118.0872
        8.9994   1396.8748   1290.7433
     1363.9342   1222.4298    277.2553
      659.1543   1824.7661   2074.9558
      727.0164   2126.8643      1.7576
      594.9921    877.3173   2049.6541
     1252.6367   2154.2385   2057.8435
      123.8513   1556.2542    678.0935
     1075.3397    148.5491   1632.1211
      640.2028    838.4423    704.7422
      945.5728   1098.5461    469.1481
       83.3285   2253.1785   1879.9813
     2000.3016   1751.4551    232.3705
     1125.5626   1272.1617   1962.6423
     2011.1952   1317.1489   1543.0399
      290.2955    245.6252    316.1589
     1776.8059   1522.0260   1442.2020
     2201.8279    271.1684   2258.8040
        1.9825    959.1635    686.0133
      776.2945   2245.6006   1146.5422
     1165.5756    764.1760   1185.5605
       41.9801    834.8270     60.3745
     2205.1121   2227.4299   1247.6582
      933.0203   1303.3690   1096.5582
     2236.2864    553.4866    446.2586
      677.2224   1422.6885     23.6534
      780.4157    806.1371    260.6361
      738.7641     21.6922   2082.1604
        1.2748   2000.9281   1234.5288
      334.9343    478.5069    308.2618
     1017.8008     42.0509   2024.7152
     1252.5834    257.7470    934.1971
      629.4777    599.4608   2087.1558
     1475.7261    773.3945    636.3840
     2073.8181   2050.9424   1073.2367
     1265.9642     13.5748   1597.9652
     1309.8250    739.5068   1925.1060
     1676.3395    262.1830   1189.9141
     1528.2732     17.6542    178.9992
      877.2619   2039.6157   1719.9940
     1325.1212   2253.9756    258.4361
     1618.9728   1234.8623    270.0862
      489.0993    905.1493   2247.7178
     2020.8014   2028.8502    597.6185
     1797.7953   1270.5139   1796.7144
     1946.5186    942.9008    311.1124
     1423.8542   2011.5081   1778.0625
     1714.8164    428.0291   1382.3191
      900.0864   1799.1624    573.1254
     1904.6006   2157.9075    931.5804
      726.0693   1815.6272    416.4813
      175.1658   1908.0217   1109.9865
      661.8015   1414.3527    985.4079
     1205.0844   2071.5879    648.1875
      300.4053     49.5404   2142.7031
     1253.4141    567.2535    638.2485
      645.0648   2061.0325   2060.3513
     2177.6350   1441.7330    125.4174
      736.9159   1028.9952   1984.7695
     1036.3870   1213.4597   1318.2118
     2087.4834   1240.9637   1335.7291
      760.7736   1300.3772    786.8775
     1475.0156    273.4830   1340.8019
     1124.3771    518.2436   1100.5458
       84.0817     68.5196   1666.9843
      588.7475   1842.8994    845.8409
     1105.3451    983.2319   1326.5023
     1674.7837   1246.7545   1400.1852
     2255.3464    363.0235   1172.9607
     1612.9113    495.2005    840.4783
     1620.6326   2253.3232   1513.2101
      622.2409   2256.2764    827.9848
      452.8098   1333.6416    506.1904
      595.6862   1317.4067   1687.6329
     1162.1003   1329.6509    365.2437
     1372.7153    653.6084    801.0031
        9.8379   1998.8361    750.0931
      868.2021    199.5122   1058.6454
     2121.3108    320.4514   1770.3264
     1507.8960   1028.5681   2067.8110
     1844.6921    141.2522   1285.4125
      165.3129      6.7133    511.7512
     1132.9640    702.6296    799.5350
       14.1377   1996.1974    993.6463
      941.6748   1593.1831   1496.3053
     1128.8103   1400.3383   1002.0350
     2124.4644    178.4957    780.1405
      940.6567    417.3864   1888.2712
     1757.2013    831.2524    469.3052
      666.4781    811.8806    485.8824
      179.3304    426.3756   2015.4103
     2084.4700   1576.3134   1036.2883
     1544.8324   1717.6012   2100.8066
     1638.4919   1632.5125   1842.3254
     1811.1724   1479.9249   1893.1122
       14.4289   1758.6941    693.2643
     1310.6722    168.4504    725.4598
     1259.0791   1317.8295   2194.7173
     1338.6018   1485.2775    923.6524
     1175.0940     12.1928    593.1144
      375.9951   1206.0210   1742.4414
     1873.0895   1842.4185   1139.9371
      815.9103    123.2603   1320.8375
     1065.1938    916.1815    789.1519
      470.2420   1118.6996      2.2061
      495.5736   1761.1785    423.2435
      262.0426   2200.7290   1748.6431
     1891.6066   1243.0768    726.5357
     1091.6665   1021.6587   2000.6981
     1569.2563   1042.2378   1450.4554
      474.9930   2208.7554     29.1878
      789.5878     92.1417   1591.4595
      285.9966    328.4400    732.6860
      925.4736   1585.1128   2249.0405
     1113.0774   1559.8572    377.7244
     1050.8213   1657.4874    159.0344
     1289.4716   1774.2615   1984.2753
     1683.0911    524.1146   2128.4062
     1826.0225     98.9605   2048.7300
     1064.2357   1925.2880   1706.9370
     1054.5175     81.4661    954.0182
     1480.7490   2067.7539    224.8069
     1467.4700    778.2531   2107.1997
     1921.0314    458.2168    239.4359
     2032.8993    697.9230    364.7146
     1446.4606   1200.2147   1892.1953
     1719.8773    964.2273   2035.2235
     1063.0626   1270.2532   1715.1542
        8.9007   1214.3472   1147.5267
     1247.8987   1366.8148    172.8956
      588.1336   1977.5720   1441.8794
      534.8258   1180.3403   1350.3983
     2016.7683   2242.9558   2025.1661
     1534.8889    863.5876   1915.7217
      721.8432    586.4209    196.8933
      423.9365    934.0655    192.4167
     2197.2056   1567.7173   1243.9004
     1698.7196   1204.2544   2015.6129
      777.2106   1616.5994    132.8168
      178.0295    348.4449   1630.5060
     1130.9230   2229.6575    122.6152
     1287.1541   1953.1072    839.1730
      716.4631    114.1733    640.3167
      817.0659    225.5078   2189.4131
     1726.6332     90.0487    144.0028
     1897.4821    651.4109   1784.7793
     1367.6670    337.2857   1880.0436
      573.4697    253.8823    819.8541
     1620.7976   2246.3945   2230.2952
     1102.5232   1729.3187   1885.4674
     1273.5623   1536.0741   1155.8431
     1499.6602    605.9053   1018.9451
     1567.3580   1660.4771     86.4812
     1495.0852   1934.0989    962.8583
      398.6350    312.5740    131.8710
     2227.0869   1008.5022   1707.2224
      867.2886    889.2914     66.8424
      896.6952   1798.3853    238.1053
     1266.3893    710.1320   2180.1299
      269.4347   1231.3561    565.8647
      250.8172    893.3408   1101.7935
     1453.3571   2132.1697   1979.5831
     1779.2612   1568.6405     23.4468
      181.7843   1725.4968    189.5868
      934.5322    494.0219    202.5378
      165.8494   1826.9355   1941.6824
      185.8618    657.7145    345.8002
     1652.9707   1093.0717   1057.9272
     2116.7681     69.9888   1808.3605
     1356.8550    526.4565   1749.4403
     2129.6096    811.6984    741.2198
     1138.3317    224.4034    494.2718
     1904.0239    959.2117   1057.8414
     1779.1123   1099.4805    113.1806
      885.3784   2204.8921    952.1442
      170.8453    156.9976   1481.9448
     1466.3352    238.6757    300.2794
     1140.9407    380.0761   1760.1187
      600.4980    187.3647   1959.7299
      314.0891   1129.4797    171.2283
     1749.8176    482.6355    363.0469
      383.2138   2225.4316    817.0852
      478.8770   1311.1586    109.2381
     1249.6215    929.8636      1.8376
     1484.4591   1806.1655    760.4310
      474.7435    888.9341   1887.9872
     1152.3396   1536.1615   1384.6926
     1473.0750    186.3287   1127.3652
       10.6181    141.4061   1108.0779
     1168.3542    361.2169    687.8412
     1182.4719    579.6679    272.7701
       45.4748   1707.5848   1075.9680
     1165.4945   1515.9891    787.6022
      741.1862   2001.2786   1243.3386
      691.4789   1695.5197    607.9471
      967.3879    114.3172    320.0847
      996.9326   2024.7667     47.9555
     1384.8992   1927.4753    404.6576
     1587.0320     54.1291   1268.9055
      567.6811    263.7415    575.3145
     1673.1716    872.8035   1025.5801
      496.0808    173.1426   2223.9153
     1138.9625    868.6326   1826.7440
     1414.3523   1473.1233   2239.2571
      517.1685   1556.6770   1819.9766
     1999.9763    235.4089    597.9615
      155.2413    796.4315    762.7937
       82.0104    448.8021   2218.7275
     2176.1711   1939.9852    144.1310
     1645.4338   2238.5696   1962.2524
     2132.7937   1515.2513   1652.3601
     1872.9272    812.8505    891.6589
     2167.2034   1779.5984    890.6302
      365.2831   2112.6912    211.1562
     2011.0381    246.1886   1943.6653
     1348.3074   1636.3701    703.2964
     1750.2179   1626.5941   2057.0688
     1649.7721     70.5179    778.8837
     2089.1040    957.1083    911.9713
     2016.0453   1346.7653   1775.5159
      352.1542    429.9453   1141.9771
      294.7423   2101.1748   1042.8531
     1731.2288    264.5534   1638.5570
     2229.7412   1377.6483    827.2173
     1930.9312   1768.1206   1971.2354
      697.4133   1229.5299   2139.3120
      189.2429   1347.4459   1789.6602
     1022.0667   2100.1736   2114.5317
     2044.6924   2255.4580   1606.3193
      429.4647    323.4468   1587.9537
     1502.8193    619.4448   1925.5134
     1277.3258   2221.6653   1853.8324
     1597.3317    645.7721    427.2082
     1472.4858    147.2837   1895.1703
      887.7228    646.6865   2256.5081
      920.2709    577.3377   1243.8523
     1995.6941   1323.8616   2233.3206
     2127.7637    864.9502   1164.7607
     1429.5450   1239.3726   1474.5959
     2158.9929   1127.7275   1531.8207
      698.8916   1635.5715   2175.4060
     1458.8008   2110.6089   1584.4309
      912.0837    680.1710   1811.2599
      588.9517   1334.9221    692.0947
     1775.1110   1347.2739   2159.5112
     1242.1509   1780.7826    295.0257
      900.6080   1427.5162    925.5620
     1473.9401   1783.5624   1797.2749
      682.2946   2100.9783   1816.8590
     1696.8771    644.9256   1424.3816
      504.6864    432.7429   2240.7034
      584.9279    746.9367   1472.8784
     1087.0850   1920.0042    232.8536
     1858.1425    949.4796   1707.2910
      926.9443   1152.1500   1521.9368
     1379.9551    860.0574    871.0946
      278.9328    506.5898     51.8679
     1453.2418   1582.5245   1937.8627
      675.8167   1586.7522    381.3314
     2224.3755   1018.5587    196.6701
     1197.8440    779.6354   1458.5846
      904.9255   1648.8278   1028.3267
     1141.8564    587.3657   1330.5979
     2089.5303    961.6642   1983.8885
     1826.6321   1329.4537    125.2016
     1591.1105    427.4673      5.4178
     2065.2495   1043.3135    585.4674
      576.5872   1763.5526   1547.6669
     2189.9692   1887.6818    522.4014
     2024.4822   1322.8038    209.1098
     2107.4490    797.3286   1365.6940
      645.6357   1019.6472    897.1411
      813.5770    689.6035   1540.1755
     1138.5503   2233.3525   1382.4425
     2116.3518   1011.4280   2204.8979
     1381.8075    623.7250   1526.3562
     1685.1118   1546.4902    255.8654
      233.3616    996.1542    861.7488
     1428.6531   1466.1677    595.3151
      710.2010    604.9822   1361.2991
      221.3769   1842.7249    713.1791
     2037.2913   1424.1925    422.4764
     1706.2888   1190.0248    469.7875
      350.0600    568.1107    520.5450
     1892.4398    104.0295    835.3571
     1105.6913    619.8847     53.6906
      836.9839   2036.4471   1503.5743
     1910.9977    273.5335   1460.3280
     1999.6637    217.3465   2185.8826
      599.1469   1618.4419   1154.0096
     2223.4104    128.3723    574.4348
      257.4252   1653.4734    383.5659
     1344.2454   1691.4144   2227.9509
     1985.3583   1132.1427   1686.5302
      267.8042    747.0296    946.5219
     2045.5593    621.4745    610.9300
     1345.6466   2106.0129   1015.4999
       91.8379   1241.8153    938.1879
       38.2869   2193.7827    170.6436
      216.6134   1580.6665   1781.6984
     1784.2670   1749.1985    169.5802
     1274.3864   1555.5778   2052.5498
      598.7663   1457.8801   2018.4111
      225.7097   2260.7117    284.7198
      685.6884     87.9378     46.4013
      101.4265    475.3342    859.3113
     2075.5576    692.2869   1935.5398
     1929.6812    508.5658   1402.6411
      688.0057   1033.4570   2219.6829
      230.2138    248.2780   1253.9492
     1691.1979   2172.8477    917.8542
      700.5180    831.6510   1872.0840
       81.9468    169.2936    885.8747
      936.3649   2244.0601   1492.1477
     1006.8600    619.8013    393.4715
     1041.2903    175.5110     85.2601
     1698.3788    314.1367    207.4538
     2142.6531   1036.1836   1324.4116
     1795.7812   1321.7957   1560.3083
     1771.5231    418.9369   1039.6758
     1906.5570   1129.0768   1448.3391
        9.3253   1184.3759    505.3752
     1819.1019   1950.0363    296.3261
      737.2324    469.0581    584.0632
     1324.0955    963.7530    261.7448
       30.2319    951.7645   1486.8979
     1490.0221   1904.6425   2233.8672
     1118.5327    463.7982    872.4296
      712.5308    487.2991     17.5552
     1372.4299   1642.6093   1334.4436
     1925.4988   1243.1802    517.1229
     1646.4884   1837.6465   1461.9929
     1966.1100   1166.2205    926.6166
     2050.1326   2007.3975    841.3291
     1429.1012   1088.3311   1665.1456
      961.0665   1613.6147    795.1915
     1754.1741   2176.8577   1342.2411
      609.6312   1121.5962   1126.9673
      912.3270   1122.7750     50.0600
     1591.8890   1871.4432    186.3435
     1687.8053   1480.0920   1678.6272
     1611.4911    726.6116    843.7982
      840.2452   2243.7383    425.8586
      325.7295   1480.5432    150.4747
     1093.5104    160.8106    777.2271
     1793.5481   2048.7068    531.5435
      308.5817    372.8223   1442.9745
      126.1640   1125.4423    303.3177
     1817.7306    711.9237    279.9678
      760.4467   1051.1808   1720.2283
      512.7084    107.9002   1629.7368
     1990.6304    349.8901    854.2990
      274.3837   1673.4652   2251.6890
      867.1902   1035.5654   1306.4617
     1874.6775   1630.7159   1014.2311
      732.1296   1480.9794   1785.3922
     1678.2351   2033.3295   1572.3143
     1584.0408    695.7141   1217.7213
      745.9782    380.1171    315.4333
      578.1586   1355.3228    326.1039
      732.4014   1469.9668    557.4462
      534.4903   2236.5466   1441.3221
      741.0561   1242.6107   1456.4327
       45.3742   1245.9033   1937.8928
     1216.6672   1325.6716   1478.0039
     1711.7340    520.9518   1834.3527
      977.9654    914.7632   1529.4805
      990.5095   1455.2133    194.8529
     2146.1111   1541.5161    679.4592
      382.7950    770.7207    690.0837
     1848.1610   2189.6848    691.8088
      731.6845    359.9671   1877.4244
     1430.8887    858.4559     85.8938
     1166.9373   1130.4717   1535.9471
      101.2341   2162.1938   1101.0962
     1151.4818   1359.9923   1228.1840
     1532.8785    465.6894   1186.2756
      923.8883   1353.5277   1901.3738
      496.1313   1666.3104    940.3971
     1488.2830    155.7619   1627.0818
      975.4958    306.6270    874.3387
      981.5347   1222.1759    271.5656
      356.1108   1405.0549    700.1727
     1117.3977    355.9867   1274.2797
     1539.1233   1276.6246   1683.2791
     2163.1267    562.0222    224.8234
     1780.9216     21.5114    489.3662
     1871.8224   1047.1213   1897.8241
     1077.9036    279.3379   1075.9669
     1306.4078    501.9550    980.9583
     1509.4279   1387.5687    809.2671
      620.1987   1383.1356   1242.1532
      420.1848   1056.0354    983.5690
      558.7020    929.8543    348.1405
      672.3062     80.1403   1801.0648
      401.3769   1965.0765   1189.3928
      456.3625    650.9072    859.2832
     1923.0798   1513.2494    195.4228
     1022.4176   1854.3427    945.3040
      138.1762   1985.4377    197.1374
      156.5488   1861.1277    482.6839
     1658.2688    902.4668   2250.4802
      507.9711   1899.9293   1938.1348
     1210.5370    175.8157    250.9478
     1457.0421    541.2076   2126.7947
      694.1698   1574.4849   1378.4293
     2233.0847   1383.8141   1501.1908
     1610.5217   1986.0066    431.6100
      888.2552    960.5956   2123.9812
      578.9880   1881.2495   1087.5022
     1937.0098     29.5753     46.9385
      964.4394    422.7605   2253.1685
        1.1588   1908.2114   2066.5137
      350.7248    654.4815   1448.0269
     1530.5295    465.1294    229.8214
     1114.5577    369.8019   1522.9584
      526.6731   1146.7750    251.2329
      952.8422     95.2118    585.9927
      379.6268   1673.7084   1671.2378
     1637.4811   1401.6635     61.2976
     1788.1772   1387.4204    393.2491
     1304.1617   1284.8221   1687.4871
      244.0130    693.0374   1245.3357
     1484.3949   1093.0717    413.2150
     2213.9536    617.1111   2262.4878
      915.0704    425.8061    465.6835
     1121.4810   2074.3501    947.2283
     2156.7517    943.4033    396.0316
     1715.5864   1293.4379    860.6938
      956.4114   1505.8688   1726.0206
