      818.4827   2098.7283    188.7918
     1114.6647   1208.3362   1204.9218
      514.3530   1473.8091    396.9702
     1225.2662   1073.9631   1710.3417
      845.2924   1942.8510    666.2201
      407.2474    749.9552    881.5988
     1743.0818   1472.7345    999.8160
     1456.1503   1914.5529   1214.0747
     1648.6836    392.5568    968.2017
     1328.7854   2135.0486   2162.8081
      693.6202   1437.1686   1527.5334
      832.3051    522.7280    285.6723
     1141.0361   1662.9869    436.7214
     1079.2451   2090.5193    614.4728
     1684.5223    939.8817   1165.7231
       82.2943   1380.8506   2120.7969
     1137.8644   1464.1556    923.6995
      874.9078    159.5967   1395.9497
     2200.8586   1805.4536   2061.6714
     1984.5546    278.4171   2134.6206
     1082.9891   2257.9219    891.5225
      658.7296   1948.3016   1729.3741
       99.8606   1150.3114   2221.6270
      623.3476   1065.9856   2066.9319
     1394.6774    802.9297    602.3059
      182.4900   2218.0217   1315.4426
      268.2701   1599.8427    811.1290
     1391.5535   2119.7163   1724.0577
     2070.6536   2044.8495      3.9977
     2075.7173    204.0469    202.1145
      688.0014    711.0644    679.0558
      259.7805   1335.0027    803.0468
      367.5006    314.6506    729.1230
     1815.8496   1473.9662    682.1981
     1256.7146    808.3570   1730.1241
      763.5135    172.4672    528.9844
      954.0457   2104.6641   2181.1379
     1044.0588    383.6016   1361.6023
     1652.0262    305.3702    619.5776
     1464.2804   2216.2539   1946.3656
      247.6472   1469.9420   1574.2010
      730.9056    418.4928    534.4069
      561.9727    455.2282   1186.2032
      189.9441   1838.0314    897.3949
     1900.1173    113.1637   1463.1361
     1517.9716    260.0308   1807.4746
      903.3186    475.1148   1078.2863
     1355.7043   1312.0205     96.2892
      179.0728    484.6554   1272.3456
     1265.9287   1090.0155   2189.1143
      670.6393    844.2880    926.7033
     1212.3936   1498.6539    247.1601
      203.2462   1206.9198   1442.1166
     1977.3748    877.0599    161.1310
      672.4723   2226.9385   1772.9098
     1611.7483   1029.9359   1441.1344
     1585.2328   1311.4592    588.5337
     1354.9877    312.6393    204.6638
     1522.6077   2017.9690    263.7947
     1877.9539    579.8826   1491.2460
     1968.8712   2243.4705    664.0764
     1892.9479    730.3914   1184.3124
       52.3945     16.2135   1556.5742
      120.7615    709.9020    612.0620
     2253.5540    491.0054    400.1999
     1125.7633    957.4315   1350.6870
     1391.0175    863.0396    118.5597
     1667.1100   1596.3115    296.5003
     1103.2140     87.2112    577.9070
     1499.6218    742.2332   1573.6204
     1303.4440   1279.4138    716.0495
     1614.5627   1990.5205   2237.4194
     1389.7520   1193.0934   1269.4701
      321.2046   1597.1000   2063.6599
     1544.6221    366.5104   1301.0212
      486.9720     58.3554   1981.0774
      752.1540   1480.7928    115.3568
      691.6097    127.2283    758.4214
      868.6201    391.1079   2204.3542
     1503.8544   1597.8311    624.8295
     1999.0458   1447.7606    896.5427
      941.7247   1035.3274   1110.9530
      672.7916   1923.5789    858.7391
     1415.3239    658.8281    268.3430
     1465.4592   1194.5685   1559.5803
      740.5867   2249.9458   1241.5001
      402.7465    578.6137    173.3501
     1141.5729   1702.4656   1239.7303
      939.0778   1328.9384   1641.2769
     1068.0500    373.4776     87.7932
       17.8597   1594.3279   1687.3596
     2027.9099    117.3885   1218.4495
      184.1227   1468.7466   1010.7330
     1322.8289   1589.8738   1667.8787
     1802.8016    394.2606     53.2652
      920.7975   1733.0868    578.9512
     1198.3898    205.1035    363.2928
       80.7682   1206.4147   1821.2142
      181.6958    116.3220      9.0154
      254.0542   1797.2825   1832.9088
     2008.4274   1069.2694   2198.1682
     1796.2655    621.9804    977.8918
      865.9620   1485.9462    800.4298
     1595.6044    541.8466   2247.2742
     2010.6793   2112.8333   1143.2715
       44.3103   1172.0521    787.1507
     1374.1820    460.5948   1943.0122
     1552.2446   1867.6521    537.6354
      492.0152    549.2256   1724.4006
      233.1890   1145.7291   1011.1870
     1381.2385   1487.6926   1920.7295
     1369.6068     44.1751   1515.5773
      189.4563   2013.4218   1115.8298
     2110.3289    570.7261   2173.3938
      218.6651    483.3447    572.9316
       83.9261   1746.1798   1098.3477
     1243.1927    598.2906    476.5812
     1903.0637   1884.8251   1588.1367
      976.0242   2194.4624   1824.3938
     2037.5483    856.0350   1743.2130
     1698.7733   1994.6741   1184.4540
      354.4904   1170.9170    196.7762
       68.3996    241.8381    237.2534
      909.7858    781.3365   1097.4974
     1750.5774     90.1962   1950.7927
     1643.7839   2071.6641   1498.0844
       47.6754    635.7902   1084.9746
     2252.0256     28.1853   2022.4984
     1039.7888    940.8780    886.0867
     1603.0775   1005.9108   1978.7634
      730.6945   2133.3235    441.2135
      225.6418   1099.6241   2001.9486
       28.8009     12.0198    667.5076
     2090.8926   1587.4969    598.2706
      206.9691   2178.3379   2025.2784
     1309.2335   2017.7039    137.4442
       93.0335    340.2451    763.0516
      359.2443     90.7795   1530.9977
      519.0308   1666.7804    907.1246
      398.4614    376.1378   1444.7117
     1271.8806    270.7271   1313.8909
     1105.1309    511.8066    303.4960
      728.8624   1539.1801    575.1299
      624.5262   1242.4750   1029.9736
     1010.6134   1455.7202    455.3684
     2221.5227   1329.9238    959.0389
     1098.4778    799.8976    604.3161
       22.3028    528.4249    144.7906
      788.4639    922.4741      9.0488
     2028.6548   1562.9819   1620.0363
     1585.2697    523.4670   1504.3109
     1343.5437   1833.7086   1730.0698
      382.8161    206.1167   1284.2435
     2040.0874    428.6388    120.6306
      695.4606   1950.9075   1264.8500
      969.6271   1715.0039   2220.1692
       13.6834   1918.7854   1861.0303
     1172.1071   2183.3792   1096.6827
      992.5020   1870.9690   1962.5283
     1970.2052   2203.2141   1924.5792
      776.4504    987.6470   1850.8069
      456.7712    573.7609    666.2907
        1.2725   1488.0254   1414.6320
      211.9261   2246.4421    231.4304
     2180.3254    691.9019   1888.5479
     1631.5476    796.0117   1369.7689
     2201.4988    514.3326    667.9612
     1989.6139   1176.1764    246.5104
      638.6684   2007.9832     16.3461
     1398.9154      8.4839    377.1181
      652.6031    781.4789    162.7491
     1505.6289    885.8976    373.5224
     1949.7646    375.6447    667.6751
     1754.9451    965.2365   1738.3359
      922.0732    769.4701    233.9520
      713.2603   1149.1042   1381.4094
     2022.7578    364.0209    405.3159
      968.4813    636.6471   1300.4131
      440.8371   1371.5912   1408.6493
      218.5845   2038.8291   1741.1216
     1372.3752   1507.4674    848.8258
      454.9594   2227.0955   1337.8921
      698.6216   1567.5725   2033.9875
      741.4469    944.5784   1575.4532
     2158.5559    390.5654   1167.4188
      912.1716   1686.3517    279.3132
     2188.2346   1663.6573    945.4683
     1015.2124   1069.1353    657.1006
      384.9147    843.4404    652.3588
      447.0370    828.3522   2221.1729
      373.8630   1721.0614    384.2882
      947.6219   1959.2424   1144.0764
      453.6664   2097.5000   2133.3813
       32.9767   1065.4594   1584.5049
      887.6780   1167.0344    471.8548
      507.2697   1460.8912   1957.5493
     1723.1689   1214.4227   2123.1560
     1203.3115    518.9276   1216.2511
     2232.7764    993.9044   1875.5549
     1273.1063    503.2438   1484.4073
     1370.3945    613.2998   2140.1748
       33.3999    771.1430   1627.8112
       48.5472   2199.2153   1087.7290
       90.1937   1742.5773    340.3497
      210.2009    862.2522   2052.7400
     1200.3634   1874.7831   1039.6588
      774.9759   1269.0859    698.2048
     1747.3379   1487.9537   1243.7488
     1358.3918   1631.8898   1074.1189
      377.8212    643.9561   1341.6669
     1841.9305    870.5021   1419.2993
     1893.7705   1629.5641   2055.0471
     1767.4659   1036.1870    206.4642
      806.5975   1868.4034   1500.9176
     2105.9675   1881.3124   1176.6515
     1205.0532    786.5883    829.1836
     2007.0248    584.8301    524.0305
      742.0681   1363.2629   1275.6320
     1792.0687    240.3581    272.0144
      580.8560    584.8310   1460.6631
      284.9952   1806.6600   1313.1315
      749.1993    276.7585    150.6616
      973.9611   1494.2716   1173.0667
       57.6475    411.9471   1751.0624
      448.4429   1002.6142    990.0011
      810.6463   1232.6611    115.6329
     1724.7357    734.1534   1651.7472
     1898.8486   1376.4310   2108.3027
      819.9514    511.8164    819.8913
     1417.1118    185.2834   2041.3987
      459.0183   1866.5420   1603.5142
     1820.3643     95.3693   2257.7065
      417.5945    672.0983   1930.8503
        0.9320    740.8506    827.3778
     2151.8796   1135.0289   1148.1825
     1963.7532    362.0791   1344.9022
     1871.8433   1427.6036   1808.2017
      443.8028    957.8080   1955.6644
      685.7125    407.4760   1597.8479
      546.0502   2118.0845   1120.7249
     1664.0186    322.0680   2108.8481
     2215.1135   2251.7734    144.8227
     1125.9838   1630.7262    730.4559
      698.6218   1175.0677   1659.3737
       98.0387   1009.4637   1226.4216
       30.5083    278.7388   2007.2653
     1685.3223   2256.3755   1152.8518
      168.3873    639.8094   1814.7837
     1779.3801   1235.4187    774.9122
     1794.8827   1229.9320   1898.3147
      396.5974   1652.0895   1457.3763
     1075.8715    645.2757    997.9531
     1871.3212   2128.8936   1335.8898
     1878.1725    542.9337   2042.1996
     1761.1066   1902.9884    385.8184
     1321.4500   1289.5728   1006.6650
      657.0227    777.4431   1921.0061
     1207.2111    347.9164    593.4157
     1258.6742     67.3816   1821.5918
      607.1425    759.2596   1669.4832
      651.1868    211.6866   2132.0127
     1335.9144   1001.5918   1447.1089
      462.2709    329.5464   2250.0139
     2183.8159   2204.7898   1344.1591
     1762.1604   2202.6616    403.9225
     2106.5427    723.4915   1541.0345
     1398.4542   1787.4270      4.8663
      756.6261    289.5735   1873.0918
      460.5242   1118.0148   1487.0985
      657.1310    599.0709    955.5222
     1292.6747   1332.0378    375.2891
     2213.8770    260.6365      3.5760
      194.5427    187.9852    510.4648
     2152.6877    970.4928    737.6242
      969.8033    388.3820   1602.7263
     1990.2734    805.3026   2070.8286
     1005.1090    131.8483    177.2443
     2048.8010     31.3497   2187.2603
       91.9302   1626.7648   1938.1786
     1333.5271   1736.3313   1435.9891
      137.3636    731.7866    334.7270
      569.5153    870.6562   1434.8154
      879.7686    632.8533      5.9298
      314.3674    582.1021   1091.8695
     1304.0767   1962.7845    383.2275
     1148.1317   2169.1309    338.0508
     1765.7573    492.2429    496.3490
       11.4792   1611.2672    144.7786
      618.1817    945.6458    716.3059
      691.6893   1255.5432   1874.9540
     1128.3854   1907.5502   2176.9250
     1516.7290   1090.7889    946.8896
     1864.9894    673.4150   2259.9497
     1404.7484   1472.3334   1430.9958
     2195.6936   1096.2361    116.2854
     1920.1301    999.7416   1132.1571
      401.6071   1989.3445    512.9507
      543.0699    359.3075    259.7758
      503.7929    122.1823    541.4363
     1211.7281    827.7325    338.7943
      421.0425   2097.7820    852.1934
     1562.6797   1312.0212    873.1388
     1523.6852    628.1381    804.3124
      882.8936    226.3742   1147.0532
      885.7972   2239.7092    699.2056
     2239.4167   1789.2853    752.3875
      953.6840   1272.5721   1365.9237
     1540.9882    640.9755    527.0521
      768.0576   1892.3821    338.4865
     1775.4142    789.1550   1918.2684
      183.1953   2119.0403    838.9752
     1109.3043   1223.0896    895.4767
     1140.5299      9.0631   1370.3585
      336.4014   2243.4456    665.0243
     2025.7208   1671.1487   1843.6139
     1142.5774   2172.4590     86.9776
     2008.8423   1147.0660    885.2539
     1410.0717   1964.4574   1504.4883
     1353.0203   1330.1954   1728.3810
      727.4743    651.4066   1242.0771
      102.3843    386.5027   1011.4403
     1418.5695   1722.1111    340.3080
      324.5458   2245.9453   1089.7831
      770.1140   2244.8845   2011.3236
     1633.9218    566.8268   2010.5031
     1429.3165    296.1194   1567.7203
     1042.3019   1947.4829    412.7006
      456.0397   1898.8450   1056.2311
      522.9821   1197.2507    823.3530
     1257.7155   1559.1190   2255.0344
     1094.0367   1952.4094   1736.6339
     2020.4431   2022.3120   1807.8126
     1661.3645   1840.8864   1385.2662
     1014.2513   1015.4029     61.5228
     1257.0830    553.5280     97.6409
     1246.7180   1083.6147    197.8122
      530.9600    789.6244   1131.4741
     1845.6727    150.2090    519.0516
     1113.1642   1697.7084   1617.4861
     1124.1561   1485.2194   1416.3337
     1180.7640    238.2185    832.4285
      206.7684    949.9916   1491.8167
      525.8491   1679.4885    605.7974
      877.7814   1127.0789   2088.7803
      175.0505   1994.8381    318.9917
     1774.4631   1852.4680   1889.2917
     1580.7216   1720.1516   2127.5913
     2108.1414   1337.0387     17.4893
      116.8244   1657.6400   2203.9185
     1778.0557   1161.7047   1041.8127
      157.2398   1275.9617   1186.6637
      702.9731    344.2043    974.9166
      598.1778   1483.9899    796.1698
       31.1498   2029.8004   1585.4176
     1122.9017    770.5177    127.6804
     1445.2798    605.2801   1262.0043
      939.7272    267.5103    652.0186
      184.6127   1910.9032   2049.1938
     1381.1385    549.9784   1703.0085
     1183.6395   1746.8137    209.1638
     2042.0720   1248.6963   1775.4440
     2151.4941   1078.8503    470.5914
     1009.7278    194.6413   1870.0034
     1388.6241    410.1744   1048.0507
     2161.7788   1814.6484   1636.9087
     2034.1747     48.3696    422.1489
     1401.4161   1242.2428   2055.4319
     2193.2969   1437.0990   1883.4658
     1555.4292    183.9086    377.4792
     2145.0950   1219.5864   1361.3635
      925.6675   2199.3738   1094.3802
      259.6867   1818.0824     82.6714
     2152.6443      3.6046    895.6537
     2220.3884    190.3285   1008.8897
     1962.6803   2031.4824    505.8024
       40.8075    182.6357   1297.0244
      513.5299    349.5251   1923.7715
     1789.3566    963.6849   2216.3259
      751.7300   1787.2351   1080.2931
     1912.1105    588.1636   1805.7750
        2.9737   1895.8179     93.0730
     2210.6799   1848.5205    532.8826
      581.6941    591.9697    354.6719
       72.0548    601.6094   2049.0696
     1487.2328   2011.2123    757.2247
     2094.5100    436.0891   1939.2654
     1944.4183   1036.0831   1924.7416
     2133.0391   1558.4407   2065.9783
      896.6978    744.5192    793.5804
     1499.1017   1463.3875    389.6920
     1400.2648   2257.4390    101.7150
      533.7295   1455.6022   1158.3478
     1935.5879   1468.0710    148.4030
     1110.3203    549.1982   2140.7898
     1749.6005   2052.5820    631.3262
      197.2712   1748.7444    600.8196
     2238.0024    416.8672   1436.4519
     1918.4117     64.6185    993.3151
     2240.0830   1325.6017   1612.4808
      970.8049   1126.2334   1808.7919
      426.8840   2168.4072   1709.1676
     1547.2556   1649.8226   1572.2927
     2115.6018    553.2675    927.2727
     1176.8264    311.9622   2064.7690
      369.0058   1601.3079   1768.0441
     2006.5806   1556.7843   1363.8311
      739.9473   1812.8187     98.1549
       97.5513    776.0117   1341.7460
     2068.8613    677.5739    319.8497
     2042.4874   1644.6487      3.8256
     1463.9691    721.5688   1894.6512
     1731.1533    891.3409    916.5743
     1379.4084    378.0274   2226.3411
     1451.9431   2136.6672   1025.6240
      608.6810   1183.5142    304.4743
     1444.9095    395.2579    782.8075
     1911.2537    994.3207    700.1323
     1736.0444    745.2966    377.9635
      335.7743   2037.5885     90.1194
     1851.9584   2120.8989   2160.5918
      892.6541   1301.1045   1041.6654
      675.4870    725.1827   2167.5940
     2163.9717   2080.1968    730.5096
        9.8522   1728.0157   1357.5406
     1631.9778    520.8472    246.8744
     1022.4385    392.0653    885.7090
      555.1658   1553.1251   2230.9194
     2202.7930    892.2668    298.8701
     1241.2146    144.5770      5.8378
     2093.3169    939.6528   1393.6897
     2238.9233   2199.5999   1774.3422
     1744.5815   1296.2937    354.7128
       99.3417   2116.5569   2251.4961
      936.5370   2126.0105   1334.7747
      463.1031   1193.1473   1879.9800
     1631.4365   1361.1185     84.9372
      866.0089   2128.5500   1618.0648
     1517.5858   1163.2007    297.1040
     1655.5786     56.0286   1413.6848
     1935.0524    362.5024    907.5428
      968.4661    507.7610    608.5540
     1568.2042   2145.3840    475.4765
      184.7598    400.4891      8.9913
     1872.5669    577.1982    250.9774
     1572.1965    142.4543    960.1747
      354.0296   1351.8823   2152.3767
     1338.4353   1751.4764   2003.8154
     2175.5933   2096.0286    384.4200
      286.7050   1139.8884    653.9452
     1932.1744    720.5197    772.0211
      288.6831   2051.4158   1471.4919
      468.5799   1764.2579    170.4637
     1666.1042   2148.7573    874.7437
     1836.1295   2146.3411   1669.6807
     1670.3035   1728.6948   1137.4637
     1911.3167   1439.8802    435.4353
      239.8694   1515.4357   1297.2904
      259.1541    440.8733   1961.8409
      296.0271   1529.0891     86.0353
      908.2333   1720.4817   1262.4683
     1797.1560    151.9022   1714.9261
     1655.7993    467.1061   1766.6990
      673.3354    515.0867   2034.8607
     1569.3406    239.6705    139.7503
      170.1211    966.1197     68.7750
      588.3680    121.1695   1107.8110
     1519.9563   1855.1313    997.6823
      440.8582   1170.2678   1184.4216
      513.8524   1001.4006   1699.5405
     1923.3076   2072.3872    865.0851
     1819.2188   1830.0870   2233.1240
      305.8147   1180.7085   1693.8490
      913.4241    715.5612   2016.8906
      491.8074   1904.2817   1352.3467
      442.5655     31.3212     88.4638
      421.1885    400.9944    981.2084
     2126.1453    820.6593   1174.0647
     1754.9465   1677.4235   1732.7490
     1250.8584   1027.9722   1042.2163
     1540.6444   1073.0277      5.3545
      784.3065    575.4016   1798.9320
      598.3464    382.7301    747.3468
     1744.4989    512.1638    743.2433
      178.0553    126.5285    876.1816
      531.4556   1691.2738   1206.2885
     2216.1514   1950.8676    942.9483
      920.2622   1583.4429   1552.1268
     1688.4507    784.2001    124.9253
      423.9277   1396.8594    958.6483
     2136.7805    801.9594    561.2409
     1549.1550   1211.4924   1843.3641
      169.7007    273.2818   1505.2653
     1218.3485    556.0710    759.8589
     1579.5250     23.5202   1666.1639
     1736.2271    566.5904   1253.5704
      523.4336   1068.8147    511.6841
     1575.0846    740.6797   1061.2516
      820.3110   1706.2701    823.3694
     1913.5415    487.6581   1113.6727
     1580.2734     48.5560    703.6990
     1957.0187   1923.4762   2038.3018
      467.4184   1797.0802   2116.9954
      808.3453    444.2624   1354.0980
      121.0425    947.5381    570.0660
     1164.1151   1230.6516   1978.3676
     2087.9507   1266.7950    652.3665
       73.9958   1256.5156    521.4257
     1025.2793   1246.1144    258.2706
      981.1390   2047.7008    921.9578
     1851.8442    338.4457   1894.5159
     1736.8738    325.3830   1512.1586
      321.0749   1267.8042    425.1963
     1790.4078   1607.5366   1482.2959
      241.8053    940.7400   1760.7202
     1207.7731   1990.7080   1292.0369
     1331.8984   2140.4973    580.7023
     1941.0657   1849.3586    675.5284
     2084.4365   1633.9384    309.9349
      260.3856     60.7521   1810.6672
     1499.0989   1452.0691   2140.2437
     1757.1920    268.1119   1157.5187
     2154.0737   1222.9017   2045.3756
      792.7590   1001.9415    246.1446
      665.4382     94.2889   1541.1750
      436.8214    385.3807    469.9160
      999.0571   1511.0571    121.6229
     2045.5519   1902.4806    245.5178
     1065.3179    772.1661   1524.1989
     1136.3363   2142.3682   1577.7716
     1274.2373   1423.7881   1206.3201
      347.9119    834.8394    201.3199
     1059.8510    923.2366   1945.7651
     1631.1489   2226.8057    205.6023
      847.4171    693.1843    472.2526
      975.5862    151.9744   2204.0876
     2222.0181    200.6148    493.7247
      918.8873   1465.2898   2145.3247
     1435.6368   2156.9055   1319.4930
     1609.3320   1648.5596    839.4276
     1266.9786   1030.2836    749.7521
      172.9391    554.2411   1554.6530
       11.8139    966.3196    990.2645
      497.5796   1382.5770    152.4278
     1377.2036   1767.1178    803.2933
      704.0574   2014.0735   1983.4027
      746.0737   1502.6030   1755.6573
      801.5576    932.9988    542.5476
     1210.3076   1133.0442    514.4633
     1491.8030    991.5725   1696.9116
     1169.8469   1264.8492   1525.8380
      858.8983   1782.4230   1751.0240
     1033.6714   1716.8276    972.2673
      112.8968   1513.2053    540.7083
     1019.2413   1927.7009    159.5490
      207.3619    954.8755    823.8292
     1278.5518   1484.0441    619.7197
     1859.0692   1839.6125    991.5163
     1471.9285   1562.6486    151.9987
       15.9045   1478.8892    771.5479
      592.3245   1053.2516     58.8637
      278.6645    196.5507   2046.9276
      921.7816   1648.9762   1940.6989
      266.2428    235.2100   1073.6942
      919.5240   1372.5890   1930.0978
      431.0315   2191.2561    373.2529
      940.1190     49.7701    383.1179
     1675.7175   2122.5972   1927.5398
     1701.2461   1882.3086    821.4153
     2068.5042    207.3815   1610.3156
     1900.5574   1675.1937    831.9718
      551.9169    869.9407    396.2742
      477.7959     88.3619    879.7865
     2202.8723    778.7974     80.1572
     1595.1234    821.5879   2142.5642
      239.3328    833.3570   1080.6454
     1031.5728   1013.9686    358.8052
      599.9052   2152.2520    641.8988
     2184.1201   1438.7926   1174.4922
     2080.6489   2198.6711   1573.0974
     1771.4139   1179.3523   1592.4967
      124.8650   1087.3789    300.9460
     2067.6797    174.4002   1867.5594
     1334.9403     10.0869    815.6163
      356.1444    744.1165   1609.8782
      734.5204   2183.1733    915.9827
     1927.6079    912.8415    449.2497
      403.3031    567.4885   2162.6748
      199.0811    689.3698     33.5369
      150.0384   2004.5930    594.1691
      953.7491    312.2663    343.9062
     1512.5815   1932.9126   1945.9293
      438.0415   1990.6959   1913.3483
     1198.7736    686.3181   1910.0991
      181.0873    577.2281    832.2232
     1422.4017   1105.4500    543.9259
     1630.3784   1035.7690    682.8939
     1641.6471   1192.9084   1256.8677
     1788.1245    147.4783    792.3739
     1303.9266   1005.7460   1940.2339
      366.5991    686.6026    456.3107
     1422.3578    387.4234    439.9087
     1967.1918   2232.6777    171.8390
      960.5265    768.5874   1758.3145
       38.6749    173.8789   1790.0344
       49.2150   1992.2681   1308.0516
      585.8506   1670.8119   1618.7445
     1853.6356   1251.3107     78.0630
     1053.5894    835.5833   2153.1421
      360.0484    933.8002   1281.5798
      776.3083   1405.5072    364.9388
      624.6097   2051.9924   1513.6740
      861.2839    891.7111   1354.2756
     1509.6959   1634.1361   1281.0106
     1959.6705   1333.9991   1150.0317
      567.3668    219.9696   1744.7588
      700.4075    965.0753   1193.0684
     2249.2280    866.3790   2087.7188
     1457.9939    880.9731    870.6915
      974.8813   1019.8987   1564.6884
      157.9937   1322.2556    138.9189
     1070.2627   1889.3148    761.5869
     1130.7734    270.4762   1101.5751
     1948.8163   1753.4683    458.6804
      333.2472    335.0416   1747.3568
     1733.0479   1692.9150    530.6202
     1169.5027   1441.1288   2050.5737
     2097.4717    467.1084   1634.8634
     2101.2483    592.7183   1313.8643
     1283.6515   2033.9192    823.6965
      566.0716   1740.2826   1892.4442
      636.7862   1886.1735    536.1560
      238.1853    472.8979    311.6819
      622.1642   1294.3118   2174.0737
     1225.4072    789.4465   1184.5649
     1676.8846   1356.0527   1438.1908
     1522.6526   1666.3531   1820.8173
     1062.4565   1878.4164   1466.0553
     1430.0211    936.6006   1206.3979
     1895.4648   1142.7028   1367.1538
      360.1790    187.6718    270.3115
     1953.4683   1350.8500   1512.7301
     1254.3995   1829.9709    604.0479
     1270.0347    749.7866   1456.8986
     1516.9230   1397.7023   1134.0916
      647.2968    249.5438   1347.3148
      877.8352    177.7483    878.3737
     1570.8699   2256.6492   2167.0776
     1881.4116   1188.6223    535.5419
     2218.6450   1414.3961    332.0196
     1218.3362   2014.3726   1948.0065
      644.7520    523.0552     88.3431
     1618.1360   1439.6510   1704.2738
      989.7964    462.3533   1898.0643
      646.7964    119.1205    275.0377
      634.3448   1695.7012    308.7405
     1798.8575   2034.9535    150.7094
      517.9584   1968.5005    248.6527
     1594.0364   1807.8245    157.2890
      914.0154    111.8967   1652.9469
     1215.2887    350.9291   1786.5522
      199.7792   1780.7838   1577.0751
      576.3820   1295.2993    575.4116
     1913.5831   1806.8677   1308.5553
     1107.0760   1263.7831     20.0083
     1139.6335   1432.8398   1764.0925
       94.2021   2205.9502    443.9716
      500.0377   1391.2062   1685.1034
      363.1667   1459.7826    606.9599
     1330.6035    645.9266    979.2756
     1139.7607    219.5315   1555.6936
     1847.7006   1734.7538    215.2278
     1153.7861   1657.6786   1834.5759
      249.5220   1399.3075   1884.8857
      817.6946    653.8755   1534.9117
     2186.9207   2065.6228   2029.3403
      781.0593   1090.1610    853.2656
     2011.9845   1093.4263   1595.5555
      384.4638   1104.0924   2245.7317
      256.8362   1503.4666    341.6140
     1394.9802    181.6736    617.3633
      714.2084   2255.6792     10.8839
     1119.3976     14.0929   2020.2877
     1086.8654    574.1320   1698.0465
     1702.4060    824.6921    654.7668
      317.1909   1667.2712   1088.8378
     1475.8761    123.7786   1217.7975
     1290.7960    130.8274   1022.1616
      423.8580   1855.2631    744.3133
     1290.5778    809.4470   2169.2161
     2143.6218    225.8483    767.2327
     2079.0757   1960.1722   1408.5782
     1625.3931   1903.4448   1697.9414
      759.1913   1809.4794   2105.6755
     1958.8925   1632.5479   1101.1115
      677.8633   1623.1252   1393.5701
     1676.2710   1493.4341   1984.3674
     1703.2225   1062.0581    455.5161
     2003.4303    849.0300    958.4879
      315.1210    977.4483    390.4969
     1768.5227   1566.7018     13.2204
      734.4197   1528.7195   1054.9633
     1039.3634   1338.2930    652.0864
