      849.1040   2129.6362    241.6554
     1188.6793   1238.2986   1153.0590
      495.7875   1481.4858    364.9811
     1167.1582   1067.2626   1704.0728
      812.0156   2044.4022    563.4626
      354.9323    734.2383    886.8371
     1822.6334   1454.9275    984.9219
     1419.0406   1847.9847   1229.3014
     1664.8998    414.7574    993.6428
     1340.4207   2071.9949   2149.6812
      692.5335   1413.3353   1485.1415
      820.3513    477.4898    243.1585
     1197.1444   1664.0265    397.9734
     1082.7294   2050.6853    580.9697
     1695.0701    938.4586   1182.2811
       52.3095   1434.8972   2120.9009
     1138.1824   1480.1803    993.6553
      911.1436    139.4337   1420.8324
     2162.9646   1805.8271   2103.7856
     1998.1718    259.0855   2070.9255
     1132.1071   2215.0935    811.3656
      712.6434   1950.7939   1700.1345
       86.4689   1152.7137   2162.8887
      645.0902    997.2099   2068.0520
     1454.5748    798.8232    673.5034
      182.1278   2212.6165   1347.3687
      330.6581   1582.2371    845.6271
     1368.7095   2125.4548   1691.9545
     2087.7776   2020.2449     24.5597
     2058.4736    210.6869    207.8032
      607.0102    695.1751    635.7036
      294.0399   1332.2976    835.5001
      346.4005    269.7679    710.0712
     1752.8478   1450.9155    669.4928
     1223.9822    778.3160   1711.4360
      729.1845    148.6187    553.2489
      916.0419   2128.4905   2240.6575
     1073.2239    334.6213   1368.8079
     1533.8582    334.0750    593.7830
     1415.4810   2185.4795   1921.2333
      201.4770   1380.0756   1590.5553
      728.5975    391.9318    558.0397
      535.2106    459.2210   1186.7631
      148.4452   1829.3246    851.2164
     1888.3054    121.5083   1379.3809
     1538.6202    259.6908   1818.9789
      934.8550    421.6975   1129.0076
     1378.6954   1279.8754     93.0224
      194.9338    451.8635   1251.7087
     1257.1262   1063.5737   2183.8887
      664.6018    828.1498    902.6919
     1250.3947   1468.4355    253.8755
      250.0729   1222.2474   1437.2748
     1959.9148    887.1234    122.4389
      814.6024   2159.9497   1838.7263
     1649.8435   1006.5234   1484.5078
     1618.8447   1295.2433    540.5966
     1362.4663    291.9329    216.8825
     1521.5750   2027.3688    234.8303
     1862.3555    581.2110   1452.8066
     1915.0637   2196.2725    679.5004
     1871.9794    764.5593   1160.7125
      104.2969     23.5715   1602.9930
      117.2230    728.4167    532.4722
     2228.1824    558.6691    409.3564
     1156.6787    975.4885   1343.8729
     1444.4026    836.1064    151.4885
     1711.2416   1577.2305    365.5720
     1127.6008     70.4908    595.0367
     1467.2988    756.5941   1640.9941
     1413.2489   1239.6669    693.1841
     1580.4387   1980.2991   2237.2954
     1394.7048   1165.8718   1280.8774
      346.9388   1627.8345   2058.1616
     1590.9371    316.1046   1340.0588
      547.5577     42.3429   1967.2460
      682.4295   1477.4271    163.0820
      604.6652    174.8083    794.6847
      822.9747    333.4108   2157.8862
     1512.8099   1563.8584    639.2170
     1995.0009   1382.8239    822.1191
      977.2606   1054.0950   1114.3916
      686.7111   2009.9031    814.5620
     1402.1100    620.2674    271.6372
     1505.3634   1184.1083   1525.4161
      765.9119   2256.5977   1352.7561
      424.1733    625.8172    154.7313
     1183.2097   1677.2711   1245.0479
      936.7882   1357.8033   1596.5315
      995.8415    349.4798     92.3455
       49.6113   1568.5187   1711.4386
     2080.7654    106.4898   1159.2756
      158.3358   1470.0432   1041.4250
     1299.6879   1615.5626   1718.6705
     1895.5298    348.3645     10.2739
      942.9283   1785.1108    530.9035
     1144.4987    213.4780    330.1660
       54.3970   1215.7086   1785.5845
      244.0926     20.9669      2.4322
      302.2617   1807.2159   1879.5984
     1995.6044   1112.3429   2207.0991
     1818.8654    664.4123    937.8693
      943.5624   1430.9274    761.8799
     1702.3191    500.8089   2258.2676
     1970.4360   2096.5510   1146.3386
       76.0216   1180.6515    754.5361
     1405.6293    425.7912   1955.9524
     1510.3455   1863.2512    577.2722
      547.5010    484.6332   1817.4220
      245.9822   1149.4948   1036.1117
     1441.2858   1439.5670   1916.5955
     1389.7803     36.9663   1433.3737
      199.0368   1979.8402   1105.8707
     2095.4270    497.5772   2159.0188
      188.2319    467.3575    566.4996
       29.2067   1733.2629   1094.4916
     1246.0924    687.6305    517.3898
     1873.3955   1858.3181   1608.7081
     1065.9000   2223.0684   1819.1282
     1988.2631    891.5033   1759.6064
     1689.5914   1978.6683   1194.1515
      262.8660   1117.5676     90.6175
       13.7602    151.5052    295.8731
      833.9968    843.8389   1100.2917
     1708.6411     73.5197   1865.7212
     1628.5165   2095.8865   1498.9535
       27.6828    616.6912   1051.4498
     2262.0830    117.4134   2057.1802
     1071.0620    888.3878    937.9608
     1657.7544    990.7761   2008.6674
      614.4547   2080.4290    409.0438
      226.8535   1101.7096   1953.0948
       35.6556     38.5871    668.5098
     2075.0608   1578.5903    620.9642
      192.8903   2176.0986   2019.6245
     1273.8649   1998.3655    126.0261
       63.6976    305.9373    706.0011
      360.4402    125.1612   1581.6395
      588.9349   1663.4305    902.5304
      360.5847    435.1089   1445.8744
     1338.3490    327.4632   1318.7415
     1075.9164    541.8364    370.9297
      792.5295   1557.1279    607.9285
      648.8077   1195.2051   1012.9927
     1029.2098   1454.6440    448.3882
     2216.7988   1332.5128    929.3575
     1063.6621    843.7692    551.6027
       21.5426    463.1134    174.8248
      808.4747    900.3683     39.1077
     2006.0996   1568.4922   1615.0304
     1590.9552    523.8961   1542.4930
     1300.2317   1867.8269   1715.9803
      361.1536    212.1902   1271.6174
     2064.6118    514.0449    126.5461
      739.4665   1983.1208   1211.7882
      995.1824   1647.0718   2209.0198
       31.1957   1868.9788   1789.2994
     1179.9335   2150.6875   1086.6780
      940.4913   1995.7603   1987.3330
     1979.6755   2222.8882   1918.5035
      828.7128    968.9103   1826.7781
      393.6785    590.6827    645.4217
        8.0873   1522.4630   1437.8094
      151.0769   2174.6487    214.9167
     2190.6531    676.5008   1804.7947
     1649.0522    748.1036   1361.1136
     2161.1213    512.6187    636.5837
     1996.7595   1179.3529    257.5985
      713.9258   1976.4186     28.8228
     1335.0320     18.1367    327.0614
      676.2227    734.8384    180.5149
     1488.6361    850.8036    392.0709
     1949.1306    397.8262    728.3336
     1728.4470   1004.8116   1726.8146
      959.9669    709.9746    255.8815
      730.9849   1143.6395   1324.9348
     1995.6030    432.5508    390.0154
     1058.4403    641.1834   1347.6110
      474.2703   1319.1866   1473.2859
      260.9117   2013.9146   1742.0823
     1319.7428   1494.6323    808.4564
      439.4015   2223.1729   1361.7654
      748.8130   1554.2737   1974.6931
      757.2134    901.2924   1534.5785
     2193.6423    361.4916   1175.0911
      912.8876   1665.9006    279.5010
     2170.6733   1576.0834    881.4615
     1052.6489   1003.8829    745.4261
      321.0417    866.6436    623.5854
      386.0744    856.6193   2208.2952
      394.7629   1743.4703    403.6190
     1002.1390   1943.5537   1178.1919
      501.1904   2128.8921   2167.0635
       11.8560   1062.3859   1549.4412
      991.9157   1175.1187    528.2535
      498.5202   1503.6951   1921.1530
     1721.5397   1193.1298   2164.3252
     1183.3774    510.6635   1177.3773
     2210.9373    981.5153   1852.2142
     1224.2238    452.7350   1504.3032
     1420.2035    607.4753   2215.4583
       55.4146    842.0875   1654.2097
        7.6009   2198.2131   1121.2928
      106.6040   1760.0901    393.6657
      158.1791    896.3412   2062.8435
     1243.0836   1868.6243   1052.9124
      812.6148   1264.7023    674.0857
     1795.9280   1471.8456   1265.9739
     1375.1112   1616.3690   1047.0576
      329.5621    683.9417   1371.5758
     1859.9507    856.2040   1447.6246
     1883.8068   1664.5291   2021.4796
     1735.8761   1046.8384    194.7027
      760.9460   1834.4758   1465.4586
     2104.4749   1857.8785   1189.6017
     1215.7620    740.7988    768.3615
     1914.7189    656.9850    523.5522
      681.8945   1394.5432   1210.8256
     1803.8882    242.2050    217.1993
      560.7230    631.2390   1459.7512
      303.6104   1832.5259   1289.0192
      757.0004    235.3078    110.1284
     1011.4794   1473.0514   1211.8077
       34.1724    441.6363   1752.1512
      427.8195   1013.0776    926.5555
      836.0110   1226.8212     88.2193
     1715.5226    739.0986   1654.0726
     1954.6328   1345.8876   2047.4181
      792.9344    500.9427    824.9329
     1416.8091    147.1398   2043.4448
      468.2960   1882.2930   1727.7100
     1802.1661     70.2876   2181.0623
      348.4400    707.1014   1976.8152
       16.8191    758.2772    824.5591
     2214.9888   1157.3380   1117.7834
     1972.4174    353.2029   1333.0057
     1886.6453   1440.9235   1808.5555
      447.4988    949.0140   1935.0547
      642.8094    333.4821   1602.1116
      529.2965   2126.8577   1121.8817
     1662.1818    333.6238   2038.0605
     2199.7493   2239.6326    124.9564
     1078.9021   1612.6559    658.5729
      738.4308   1177.4362   1617.0233
      108.9725   1024.3024   1244.0331
        2.0116    352.8899   2003.1534
     1698.2749   2227.2568   1147.9235
      189.1918    704.3962   1798.2078
     1801.6470   1206.0391    784.3917
     1787.6874   1215.1350   1883.7585
      433.3637   1565.0483   1493.6333
     1012.9983    671.3737    991.6282
     1834.2983   2119.0347   1389.5391
     1871.4324    520.3857   2038.6689
     1702.8433   1878.9860    411.4109
     1316.6432   1300.3186    936.4489
      606.6861    745.1226   1933.0280
     1192.3539    326.6036    565.4342
     1297.9644    110.7887   1749.0031
      618.7491    740.6744   1705.3660
      666.4058    150.1810   2150.0425
     1357.7806    969.3500   1484.3939
      443.7012    235.7270   2258.4944
     2127.1772   2203.0833   1356.2169
     1830.8020   2226.2993    395.0626
     2089.8005    715.1334   1540.4825
     1381.0348   1762.4971     19.1379
      726.4983    268.0756   1866.5900
      521.9652   1057.3687   1461.8873
      587.6990    591.8339    916.6324
     1293.7738   1257.0266    399.0278
     2253.4192    251.1140     20.3013
      236.8312    197.6577    471.3696
     2195.3955    983.2673    748.6385
      935.2364    310.3640   1638.7198
     2056.5535    748.1613   2023.5752
      976.6190     89.0488    194.4361
     2071.9138     12.9360   2195.0266
       96.7374   1671.9751   1941.1321
     1296.8953   1737.0785   1451.9222
      105.6255    703.5930    231.7200
      607.1023    865.6650   1352.0244
      845.6013    605.9116     23.6027
      340.4444    555.6669   1054.0804
     1317.1931   1960.3772    396.1745
     1098.8269   2148.6182    331.1772
     1734.6411    442.3912    471.2069
       19.1320   1536.0542    159.3968
      571.0109    976.3414    722.3048
      749.5411   1201.2074   1942.3256
     1151.3695   1915.2760   2159.8398
     1522.3792   1099.9510   1017.0152
     1893.6036    672.7891   2249.7786
     1382.3881   1461.3212   1502.1980
     2185.9622   1053.1130    119.2515
     1974.0680   1016.8557   1145.0228
      417.9580   2012.2858    541.6774
      553.9823    334.7414    221.2569
      501.0928    135.7655    472.1681
     1218.3712    818.9456    310.0286
      420.0300   2091.9504    830.7714
     1591.8212   1350.9969    874.3381
     1536.9851    611.9954    863.9741
      900.2166    191.4212   1170.7842
      880.8702   2231.4373    722.4637
     2222.0947   1778.7817    735.2969
      964.1392   1227.7906   1333.7197
     1576.5543    616.9547    530.6276
      779.8398   1906.6554    294.3547
     1785.4382    773.2488   1916.5491
      140.9690   2105.5188    911.1967
     1046.5699   1215.5961    882.8190
     1133.6942     46.3061   1276.0220
      340.0042   2248.0908    646.3387
     2065.0566   1724.8322   1820.5610
     1124.4342   2191.4707     94.6820
     2003.2828   1111.9076    882.0839
     1382.7742   1947.9067   1495.7253
     1348.2686   1289.8300   1702.5227
      731.8011    631.2973   1197.4054
      149.7391    388.8099    968.2911
     1463.2955   1731.8964    349.5710
      272.9368   2203.3560   1108.7500
      781.9458   2188.7810   2056.0354
     1600.3109    585.3019   2041.5867
     1444.3459    283.7625   1538.1495
     1056.5449   1885.1650    330.5739
      455.3644   1902.9966    986.0163
      554.5141   1200.2596    802.6703
     1219.7172   1545.4406   2262.6255
     1035.8683   1967.3048   1698.0389
     2047.1387   2009.3337   1744.4883
     1619.6885   1840.2074   1398.2069
     1021.6141   1043.8114     73.0587
     1234.8052    496.1566    125.8416
     1265.1887   1073.1829    222.8847
      466.2974    766.0936   1158.3966
     1884.5178    213.0513    477.5973
     1087.5265   1694.7537   1642.1982
     1130.3578   1497.8059   1442.3783
     1120.1010    226.3177    836.4338
      274.5034    924.9229   1474.9762
      521.3383   1618.5596    619.7647
      946.5483   1088.8032   2092.8506
      261.2509   1966.1708    371.7112
     1790.4696   1870.4246   1844.7120
     1673.8816   1779.6589   2089.6848
     2138.4016   1319.1255     22.4778
       98.0589   1668.2172   2213.4546
     1792.5372   1156.4332   1061.7170
      166.3956   1312.4299   1238.0585
      704.6495    333.2763   1004.9885
      667.4018   1433.5601    826.8919
       36.5734   2022.2438   1606.2501
     1216.7799    830.5474     77.2071
     1427.8235    572.9921   1305.6371
      943.8536    309.8744    664.5536
      207.5827   1905.5380   2079.1785
     1425.9177    516.5845   1713.5048
     1187.6027   1734.7412    171.5340
     2053.8855   1201.8831   1769.1105
     2148.3772   1133.6661    434.5369
     1004.3127    194.7982   1894.2771
     1406.5398    380.3839   1068.5732
     2169.0354   1750.3413   1575.2878
     2074.5205     26.0463    412.0452
     1420.6173   1252.9816   2120.3782
     2139.9592   1462.8414   1859.6940
     1600.5815    155.4588    366.9287
     2177.3765   1251.4410   1358.1094
      957.2822   2200.0220   1090.5564
      261.6067   1762.6809    149.2624
     2145.6201     12.8404    915.7181
     2176.6528    261.0050    927.9888
     1970.3679   2033.0463    504.5841
       19.9331    148.5593   1345.1708
      485.1612    344.9831   2015.5713
     1847.4481    900.7297   2152.9543
      794.9213   1863.0012    993.4966
     1941.5615    626.5098   1763.2091
       36.2339   1879.9475    178.4952
     2186.6008   1858.8917    500.2284
      608.4731    557.7181    363.9875
       72.9002    622.1422   2040.7228
     1490.5396   2053.4648    775.3766
     2067.8452    453.4473   1888.9458
     1935.4454   1051.2231   1962.8123
     2084.6028   1550.7297   2115.1279
      892.6052    756.2808    750.7690
     1500.9897   1421.3771    344.8910
     1395.2493   2251.9573     70.1546
      431.2433   1474.7084   1230.1168
     1975.0031   1477.0596    212.8551
     1080.9370    622.9373   2163.4692
     1733.9635   2049.7388    657.2585
      215.8180   1756.0918    626.4806
     2240.5815    401.2568   1423.7751
     1873.0001     45.7174    957.0002
     2215.0522   1352.1229   1611.9827
      950.9931   1170.6942   1794.8125
      504.0874   2192.9761   1710.4742
     1524.4601   1685.8805   1601.2925
     2096.9653    509.0582    918.9066
     1180.2690    364.3189   2080.3521
      390.5655   1622.3286   1713.9452
     2012.9098   1647.3702   1332.7401
      742.7918   1715.6492     55.8780
       94.4487    749.5611   1314.9836
     2071.4573    709.7072    309.3978
     2091.2214   1718.2996     71.0476
     1485.5854    763.2023   1883.6091
     1764.4758    931.8417    909.8804
     1402.6187    369.4147   2214.3098
     1446.9003   2155.0103   1002.4664
      594.9830   1207.5267    300.9549
     1406.7622    300.8467    801.7485
     1913.9734    959.2809    655.6985
     1734.0596    776.9710    381.9919
      308.3859   2020.4768     50.4105
     1807.3210   2091.6135   2183.5652
      898.2151   1311.0093   1056.6765
      614.4888    736.9875   2179.3452
     2198.6960   2061.7197    683.6910
       25.3115   1765.8094   1340.0382
     1613.1755    432.8749    251.9008
     1162.0216    476.4026    899.9105
      550.6992   1525.4977   2175.1946
     2261.6511    932.9377    336.4496
     1229.2915    187.6321     29.8812
     2081.6157   1003.4957   1386.2327
     2254.2339   2186.5032   1816.5612
     1753.7653   1254.6353    328.3647
       47.3811   2051.0654   2195.7034
      981.2295   2123.0461   1356.9348
      453.0079   1221.5004   1887.0349
     1626.5878   1318.2053    104.5385
      860.5103   2116.0520   1570.4572
     1507.3274   1127.8545    277.6067
     1640.3149     85.7474   1428.0270
     1903.7397    308.8401    975.2296
     1008.6195    545.2280    626.0609
     1599.7170   2142.1099    470.7787
      195.3409    402.1946      2.4262
     1826.7965    546.5625    227.3954
     1585.1989    145.3701    928.3464
      334.4175   1358.1537   2116.2632
     1326.0654   1674.0546   2011.7855
     2227.2180   2089.0796    349.9559
      329.0286   1153.6298    627.3228
     1999.6199    717.7967    760.0850
      297.6742   2000.9135   1458.3621
      489.7370   1678.8016    172.0920
     1693.3014   2107.9399    912.6938
     1812.4825   2099.7437   1681.3835
     1694.3929   1685.9445   1137.0144
     1945.7916   1445.7559    456.8004
      248.9536   1575.5771   1320.3741
      255.6058    455.8589   1923.9672
      301.1453   1528.6547     28.2770
      886.2219   1711.0271   1260.6445
     1856.3817    100.1070   1645.6643
     1722.7141    488.0317   1798.1663
      704.3592    514.7787   2005.8728
     1607.1177    226.2358     34.1338
      136.6689    901.1243     77.5442
      618.3784    123.5591   1157.9021
     1519.9207   1881.0016   1024.5698
      449.3779   1216.9861   1151.0861
      556.8310   1030.1622   1738.2478
     1965.2874   2041.0745    878.7390
     1873.1846   1826.6877   2240.5847
      323.2088   1182.6017   1680.0229
      849.0107    777.0898   2036.6180
      535.5746   1866.8859   1374.7742
      460.4990     12.4374    115.3547
      400.5218    333.1764   1009.8852
     2144.7751    837.3806   1211.8689
     1768.3915   1645.0448   1741.9961
     1296.6337   1021.1409   1065.5667
     1521.4686   1039.0303     22.4720
      811.6906    531.0591   1745.3878
      549.0895    425.5540    729.8970
     1723.4596    462.1376    764.4274
      176.9246     71.9935    858.7579
      579.1470   1756.7999   1143.7777
     2180.1179   1956.4282    979.5993
      866.7166   1578.8046   1515.6609
     1668.8112    718.4317    144.0691
      468.9570   1430.8112   1001.2157
     2142.1458    820.1574    561.0530
     1556.1798   1152.4331   1851.2061
      167.0527    291.6779   1534.2328
     1341.9010    522.4564    711.6368
     1592.4980      5.3280   1677.4156
     1718.5183    499.1222   1249.2653
      536.5949   1086.5028    507.5048
     1578.5052    677.7349   1103.6376
      808.9706   1723.9670    810.2100
     1968.3541    518.7709   1151.5728
     1608.2854     12.2245    674.3455
     1943.4067   1915.3579   2027.8159
      479.3452   1820.3344   2141.0964
      759.6570    418.6022   1350.6199
       80.9551    997.9216    551.6556
     1173.4612   1235.9624   1945.7421
     2093.0723   1305.2998    630.2922
      137.1891   1295.5818    488.1612
     1040.8762   1236.8417    274.2531
      927.0643   2042.6665    915.6653
     1859.4047    292.8899   1852.1427
     1726.2218    308.9047   1556.7434
      355.6232   1304.4084    357.0876
     1755.4908   1587.2091   1462.2395
      248.2634    960.0772   1736.1963
     1224.4161   2038.1331   1315.8711
     1334.7076   2128.3333    606.2740
     1963.7190   1890.3851    711.2778
     2097.1174   1655.8409    357.1213
      281.7024      8.4131   1816.6324
     1500.9159   1510.5103   2156.9446
     1777.9548    217.6236   1168.2001
     2184.4048   1235.5907   2012.7559
      727.2723   1000.5684    320.6863
      645.8391     94.4794   1580.5127
      431.9797    387.6763    457.0615
     1022.1367   1474.9011    160.4599
     2042.1101   1940.2443    245.7468
     1068.6801    833.9711   1534.2791
     1189.0137   2177.7708   1539.9368
     1297.4065   1433.7573   1238.2673
      471.7045    884.0419    189.7837
     1100.5095    920.5648   1919.3632
     1637.7552   2249.0198    169.8072
      831.4374    719.7533    469.0065
      982.0507    148.1864   2167.2942
     2192.4194    262.4248    496.1852
      838.2463   1446.8033   2220.6548
     1491.8522   2110.5786   1250.2982
     1600.1870   1605.8752    873.4140
     1286.1823   1020.2784    740.2951
      117.4293    609.1940   1524.3390
        8.9957    966.4568   1002.7411
      434.9933   1342.0427     87.8250
     1363.8671   1760.6820    839.5596
      673.9211   1976.3700   1982.0491
      761.3736   1477.7883   1750.7959
      791.7469    958.1622    576.6978
     1195.4260   1017.9394    493.9064
     1418.6925    975.1484   1716.6713
     1224.1667   1228.6235   1470.6322
      866.9053   1710.7859   1764.0735
     1019.0049   1695.3180    995.0687
       51.8269   1548.9260    492.2473
      980.3115   1871.3105     82.5251
      205.6356    943.0480    829.7061
     1291.3226   1491.2833    513.7576
     1885.3188   1857.2385   1029.3480
     1516.4312   1571.6349    118.5600
       80.1062   1459.7357    725.1911
      618.5268   1092.0355     64.6190
      253.9664    200.4773   2034.4061
      973.8428   1609.9988   1959.0924
      146.6725    200.7716   1148.8794
      926.3130   1361.4226   1995.4158
      401.3159   2211.7876    340.7792
      928.3275     20.3519    454.0401
     1686.6770   2085.9395   1905.7443
     1729.8970   1854.9465    835.4017
     2097.6216    235.1562   1567.1626
     1915.8574   1654.2748    827.8951
      570.7147    828.5740    413.2255
      433.7417     64.9170    965.0768
     2172.5417    733.9236     20.6927
     1607.5474    825.9484   2181.3647
      215.2317    783.0117   1065.7908
      949.8431    968.7270    293.4023
      638.6082   2218.6538    645.9012
     2201.3132   1473.8503   1169.6685
     2109.9270   2214.3086   1610.8962
     1792.0127   1282.7872   1627.7935
      149.8171   1128.5935    295.1116
     2118.5728    172.2285   1807.5062
     1360.3667     68.1020    754.9897
      376.6996    725.3766   1631.7943
      676.8995   2219.4382    934.2098
     1946.9115    932.8889    368.0717
      425.5780    549.6415   2157.1267
      197.4118    636.3349      9.2756
      193.7830   2044.2130    686.5502
      913.1472    281.5020    391.1776
     1466.1857   1924.9431   1983.1157
      433.1112   2056.7427   1926.3666
     1211.1235    612.2520   1930.7623
      173.7729    565.6201    777.7645
     1429.6587   1063.7032    514.1064
     1589.7964   1008.4278    743.6962
     1625.5194   1184.4514   1277.5605
     1774.0583    194.6340    744.1284
     1369.5140   1030.5255   1960.0682
      330.0978    714.5739    384.7719
     1375.7883    441.3708    421.2627
     1907.2400   2235.7163    156.9828
      951.9638    757.4427   1767.8267
      107.8846    206.2662   1781.1907
       46.3159   1991.4709   1343.2484
      613.7479   1689.4904   1638.6616
     1855.2599   1327.0110     83.7244
     1034.2618    871.2143   2156.1536
      382.5260    993.0817   1230.7872
      814.4149   1308.2010    389.1966
      607.5734   2091.3774   1511.1139
      913.1326    933.7884   1335.9043
     1481.7780   1604.6931   1326.1545
     2001.4636   1290.5903   1140.8131
      467.6545    209.0015   1813.0868
      629.8876    970.2883   1101.9183
     2176.9011    951.7808   2114.8787
     1460.1487    864.7437    927.3001
      968.4082   1075.9397   1523.2548
      115.2277   1322.0529    131.8115
     1053.7330   1875.2325    763.6537
     1145.1305    244.4832   1102.8372
     1929.7716   1748.4764    498.9103
      309.5839    436.0900   1689.5342
     1718.5936   1753.3948    607.0634
     1162.6777   1482.9307   2054.7178
     2038.2197    460.9803   1612.5308
     2128.4807    598.6878   1335.0400
     1236.0531   1997.3890    832.3953
      601.4155   1763.7455   1897.8767
      664.1574   1847.7064    596.6859
      253.4158    448.4879    276.9387
      637.3491   1279.7957   2160.6741
     1235.1339    759.3763   1199.4220
     1627.8767   1408.8134   1413.7131
     1553.4745   1690.9688   1898.9075
     1054.8245   1867.3530   1425.9231
     1407.4497    887.9709   1288.6615
     1864.9333   1153.6718   1346.0410
      280.9529    186.7547    219.9642
     1967.7367   1378.0522   1459.2567
     1254.8651   1787.6135    618.0629
     1300.9257    732.1368   1465.2742
     1530.7886   1376.8580   1121.0280
      556.6493    194.6760   1394.5358
      893.7183    129.4753    941.5999
     1572.0129   2235.3586   2125.0574
     1889.6134   1164.1230    508.8134
     2200.2451   1383.2168    357.7022
     1185.4309   2032.0227   1918.6556
      599.9675    476.6336      7.1369
     1631.6263   1431.7216   1706.2540
      964.5792    474.5027   1975.6957
      691.7600     52.7544    298.7073
      689.2537   1642.1003    380.6307
     1800.7880   2002.6084    200.0780
      514.8718   1980.9541    199.0089
     1637.0378   1794.8467    102.8846
      935.6752     70.2136   1649.5126
     1181.7832    361.5118   1752.0288
      191.1863   1744.8818   1533.5802
      584.3790   1347.1189    578.1913
     1873.2482   1835.7455   1340.7091
     1134.7979   1270.7122      6.2392
     1110.6135   1447.1168   1780.7542
      165.7766   2215.6274    457.3645
      530.1450   1369.9020   1715.5717
      297.0330   1506.4855    572.5907
     1327.3969    650.6036    998.0163
     1160.9026    165.6834   1540.9050
     1862.2800   1763.0072    229.6685
     1116.5332   1764.5447   1893.0930
      216.6071   1411.3246   1862.8027
      834.0075    648.3371   1436.5189
     2182.0312   2017.1375   1974.2181
      815.5619   1069.5691    847.3693
     1929.0560   1074.5283   1576.1965
      432.7163   1128.4113   2145.8135
      233.8185   1559.9454    289.4805
     1388.9325    157.4411    527.2096
      677.0182   2245.0652     70.5499
     1147.1610     38.4458   2080.1731
     1057.7372    547.5132   1654.0548
     1695.0610    775.6870    731.6047
      277.4260   1702.5819   1072.0714
     1497.9075     93.5406   1217.6954
     1327.0986    137.0849   1001.9469
      452.8319   1828.1389    732.6020
     1321.6864    809.9131   2057.7839
     2072.0322    167.8804    728.8016
     2073.5208   1969.5532   1451.6267
     1552.3186   1939.0668   1741.4598
      825.1439   1796.0571   2076.1704
     2000.1411   1620.7526   1093.3293
      661.1730   1629.1277   1320.9529
     1701.5697   1480.0413   2005.3392
     1667.6732    996.7350    515.4623
     2053.5063    809.9283    986.6340
      341.2892   1027.5737    372.0713
     1801.0889   1556.0037      4.2941
      796.3973   1567.8457   1062.4025
     1177.8030   1312.6064    652.0418
