      916.9432   2259.4197    101.7585
      807.1107   1555.5581   1127.8656
      723.2519   1720.4133    184.4414
     1197.2913   1022.7644   1677.0100
      673.7097   1836.0585    640.9382
      592.6470    582.4779   1047.2430
     1876.1420   1483.2805   1243.4885
     1371.3666   1951.7469   1214.8856
     1505.2937    322.1939    944.1550
     1442.6248   2138.9453   2238.1255
      534.1675   1538.4768   1558.2472
      831.8151    316.8705    153.4309
     1151.2239   2038.6235    445.4865
     1036.3146   2258.2664    776.2708
     1461.6229   1018.5571   1265.1056
        3.9740   1273.7491   2112.4929
     1237.5194   1738.4965    815.3217
     1310.8557    193.7525   1470.7035
     2077.8481   1880.9833   2200.5574
     2143.8372    359.0739   2021.5526
     1087.4808   1877.2108   1151.8958
      684.0568   1904.7064   1686.9701
       32.3754   1057.5355   2119.9651
      804.4454   1193.4741   2156.7747
     1245.4041    816.9641    654.0943
      103.3721   2169.0168   1506.8154
      345.8064   1618.2292    815.4510
     1437.3076   2186.5679   1790.6217
     2039.4232   2061.3423    145.5871
     1911.2683    105.7997    304.9559
      707.8442    915.0342    525.8456
       68.5978   1347.6366    728.8923
      467.6601    202.2605    680.2656
     1758.9844   1555.4481    804.9758
     1302.2047    816.8895   1714.9142
      747.0129    410.9429    756.3452
      822.0493   2003.0146   2118.3931
     1419.8253    410.4275   1397.6769
     1979.7325     37.3991    568.4291
     1653.6583   2085.1414   2045.8633
      304.6132   1397.8618   1362.5771
      475.6048    294.7933    345.1017
      544.2382    386.4865    882.4135
      283.0377   2082.8599    790.5334
     2038.5557    174.3522   1266.8119
     1614.7572     66.4770   1651.6128
     1078.3998    112.7288   1183.8549
     1062.3872   1231.4044    586.1635
      142.9328    630.1014   1460.5927
     1157.3290   1074.9756   2257.1870
      667.2012    781.0974    936.8337
      939.4667   1385.8669    424.2496
      211.7495   1296.3114   1584.8418
     1661.9517    866.8854    182.9546
      863.8141   2262.0479   1767.4425
     1619.2032    845.7314   1379.1023
     1691.5691   1372.9127    682.9977
     1328.3000    295.3604      0.7770
     1408.7482   2036.2205    581.0092
     1714.4803    721.9710   1554.2239
     2210.1602   2117.6086    582.9824
     2175.4741    535.6498   1007.3314
       46.6502    234.0800   1834.9377
       23.8092    579.6082    678.5494
     2213.9565    787.0026    385.4072
      735.6738   1331.1420   1212.8580
     1280.5256   1164.2880    522.8870
     1506.3424   1591.3317    431.3731
      925.4398    298.8128    702.9981
     1422.2905    882.1490   1508.8551
      985.7537   1304.0955    821.7557
     1843.0735   1945.0903   2097.0527
     1380.4755   1181.4744   1095.1318
      352.5028   1488.6188   2040.0380
     1581.4825    197.6324   1428.9891
      248.0353    166.1556   1926.6453
      732.2083   1869.9518     15.4439
      439.5644    168.0625    923.1104
      932.7498    349.0948   2019.1664
     1596.9481   1647.3232    658.4325
     1965.6011   1430.5579   1046.6799
      726.9852    948.0135   1141.3434
      512.9425   2006.6113    745.0609
     1498.2759    899.1313    332.9910
     1594.4178   1483.4235   1488.9722
      756.3488   2234.1111   1398.5474
      265.2195    689.6345    147.0755
     1229.3938   1775.6410   1282.2709
      736.4516   1693.1245   1606.7695
     1157.2944    379.0975    104.0289
       27.3551   1373.8818   1886.2343
     2036.9431    183.9579   1521.5819
      244.3692   1644.8043   1043.2938
     1088.1221   1485.9363   1934.8917
     1858.3135    428.5016     47.6420
      775.7927   2039.6595    621.1755
     1285.6790    389.8113    298.0243
       65.6570   1179.2374   1747.2217
       20.2050    166.5189    357.9729
      242.7798   1669.2324   2025.0793
     1765.6829   1198.5276   2199.0586
     1888.6549    823.4767   1118.4375
      757.0268   1421.8284    765.1143
     1552.7889    671.5877   2217.7339
     1926.8907   2262.2019   1369.7887
        8.6974   1485.9714   1055.8778
     1538.3320    373.8862   1832.4877
     1726.3223   1805.9915    557.2916
      226.9762    725.2342   1901.8029
      241.1039   1141.4426   1056.2397
     1393.2175   1509.0686   1755.3411
     1442.0000      4.0448   1419.7217
      210.1652   1773.5686   1252.7810
     2187.3521    563.4581   2041.1794
      168.0078    437.0099    581.5204
        1.8173   1787.3307   1337.6224
     1204.3940    658.7317    498.8663
     1905.2286   1837.4607   1542.8040
     1146.4471   2238.1440   1686.9432
     2032.2198    966.7219   1505.6769
     1794.0583   1880.8135   1324.4735
      408.6746   1142.5297    434.8459
      152.2776    232.3479    520.4613
      877.6921    885.4828   1291.9714
     1871.1136     55.1751   1821.3766
     1583.8234   2025.2946   1372.4321
       60.4775    787.6403   1110.6565
     2170.6907    109.0582   2016.8698
     1251.0785   1036.0966    971.7788
     1599.9725   1028.2903   1842.5242
      706.2252   2027.7828    833.2383
      163.4223   1017.1109   1649.6194
       27.9729    232.8190    754.3492
     1990.9517   1638.2125    796.3905
      183.7643   2030.3105   2070.3572
     1169.0187   1774.2069     57.3214
      280.4651    341.2433   1045.2362
      223.4580    122.8643   1697.6057
      369.0312   1420.5024    976.4996
      581.6086    379.7713   1347.5624
     1275.8785     11.2067   1262.9302
      753.9694    608.6036    405.8382
      496.5664   1541.3157    607.7806
      546.2123   1260.5168    909.5888
      907.0793   1584.9064    513.6609
     2017.9830   1831.6034   1365.6638
     1017.7999    771.3273    656.5193
       78.4986    413.3480    353.3955
      682.4142    956.8616    150.7477
     2001.4730   1717.7383   1733.7214
     1160.0681    609.5721   1665.9114
     1235.9573   1656.8889   1511.0492
      543.0391    249.0804   1122.6327
     2099.7651    435.0014     23.1948
      521.3798   2135.4678   1269.9210
      807.8772   1794.4987   2041.7848
       47.6402   1619.0812   1888.0151
     1041.1475   2106.1184   1130.3240
      960.7610   1929.1224   1922.3683
     2198.4194   2131.3755   1995.4930
      830.5370    907.3918   1939.9746
      447.2036    442.5746    701.9380
      205.2570   1545.7739   1470.9587
      256.0422   2124.4119    359.1197
     1954.3610    835.7896   1831.4513
     1823.4751    765.7440   1321.7473
     2088.6738    644.8149    780.3380
     1901.1049   1153.8779    304.3159
      487.9187   2151.6624    386.9930
     1395.3461    154.3709    380.4317
      613.6709   1186.0959    487.4315
     1625.0024    904.4927    534.6634
     1952.0586    404.4348    617.5945
     1808.9417    949.7458   1479.2600
     1291.3580    768.9420    275.9853
      429.0384   1284.0294   1152.8361
     2049.7827    431.3076    401.5772
      983.7506    395.5257   1287.9109
      210.0433   1226.7426   1267.5786
      287.9753   1952.5415   1817.5424
     1486.3337   1527.8390   1091.5043
      212.1697   1977.8313   1584.9342
      490.7950   1540.4496   2243.9126
      845.4218    885.5073   1713.3689
     2226.6953    222.4527   1360.9642
      789.7188   1946.1544    235.9801
     2051.2209   1454.9337   1390.7947
     1041.7097    891.8623   1063.7526
      553.3682    571.6674    576.6522
      505.2025   1071.1014   1968.5756
      339.4032   1919.1201    363.2921
     1269.3561   2124.5894   1086.5675
      426.0905   2091.0413   2168.2004
       68.1274   1173.2671   1433.2415
      738.3849   1086.6075    328.8529
      499.9633   1217.5394   1797.2272
     1290.3563   1218.2834   2071.2449
     1050.4275    674.1988   1064.2227
     2066.9023   1120.2494   2130.1555
      942.3607    782.9010   1474.1896
     1249.1212    530.3291   1985.3381
      101.1640    785.6628   1649.0383
       65.6174   2236.8826   1328.0635
       43.0174   1758.7510    242.7507
       77.3904    944.6462   1880.8773
     1178.5681   1887.1732   1491.4023
      950.9022   1082.8864    748.3633
     1877.5731   1287.0205   1341.6171
     1440.8364   1756.5016   1122.7787
      540.1099    611.6727   1303.8302
     1928.7864    777.1268   1560.4127
     2123.9600   1712.6882   2009.5541
     1535.4487   1095.0133    207.1395
      867.5076   1673.5861   1305.8162
     1971.9226   2009.5066   1239.0707
     1294.4233    766.2835   1081.1393
     1867.6907    690.5610    629.4187
      523.9140   1410.7034   1320.8497
     1973.7151    258.6910    130.8117
      407.0408    448.2190   1593.7759
      154.6505   1760.5371   1504.0703
      567.3889    253.5838    149.3957
      891.1871   1452.0371   1340.4813
      253.6805    606.6182   1663.4464
      506.2523    884.0613   1088.1106
      759.9877   1340.3408    289.2793
     1611.0128    665.1096   2003.4589
     1930.8307   1485.9877   2067.8367
      813.6229    599.7599    922.3595
     1229.7832    109.6096   2036.5153
      446.9149   1865.1113   1692.9911
     1788.8204    301.3217   2154.8914
      484.1003    661.2164   1934.4731
       61.6908    659.4578    872.5283
     2112.1152   1392.0249   1210.5171
     2082.7996    417.8225   1301.2833
     1774.6932   1655.8127   1843.9761
      320.6833   1075.9373   2154.2083
      451.1959    723.3544   1732.6965
      568.9537   1874.2559   1308.5266
     1588.1311    248.8640   2036.3434
     2134.6042   2232.0725    364.5662
     1107.0488   1684.2917    638.7374
      605.5786   1117.1097   1563.9174
       65.0079   1021.5910   1116.0479
      152.9807    585.8307   2055.8169
     1936.0609   2227.4968   1145.9785
      136.7207    716.8278   2221.5618
     1627.3287   1097.9791    704.4368
     1626.1675   1155.4412   1651.0360
      323.4019   1864.7032   1428.2134
      842.7668    724.1688   1119.4269
     1869.2289   2083.8965   1480.6921
     1750.0911    425.3657   1992.7419
     1699.6140   2089.9370    316.9011
     1240.2808   1341.7648    700.3745
      484.9841    975.1336   1755.0967
     1254.9751    456.3834    531.4413
     1261.1281    163.2842   1756.3145
      713.6754    726.9821   1397.9797
      441.7812     36.5520   2001.5557
     1266.4967   1009.0482   1437.4796
      378.4975    334.9816   1984.8716
     2020.1392   1971.5428   1659.4976
     1615.9768   2184.5103    605.2954
     1967.0891    484.4816   1590.1990
     1285.3411   1658.1503    411.7735
      828.7682    156.2430   1913.4584
      607.8113    944.3658   1369.2731
      724.2403    385.9566   1005.2087
      930.7618   1422.2266    647.1596
     2157.3315    342.7860    230.9729
      240.2393    115.7392    700.1917
     2092.8496   1150.4681    783.7227
      668.6788    376.6155   1563.5619
     1925.9277    788.3743   2171.8501
     1013.1024    383.0349    283.4937
     2159.1968      7.2534   2230.5293
       52.0837   1661.6240   2142.6052
     1393.3040   1817.5802   1387.3870
      148.0785    872.4564    274.9275
      615.0114    867.9457   1605.0588
     1045.5784    767.6877    227.8806
      391.3763    674.0970   1123.2748
     1293.8079   2027.2665    142.6092
     1092.7251   2262.9385    346.6379
     1683.0928    301.0356    465.3302
      163.8914   1559.0186    328.9533
      841.4109    906.6239    729.5314
      298.6082    862.3892   1732.4685
     1045.7667   1866.6353   2122.4355
     1222.5541   1272.1678    928.4212
     1950.9397    479.8479   2091.3877
     1366.7366   1468.9113   1501.3591
     1901.1310    911.6324    176.2287
     1672.2843    931.9957   1212.3625
       41.0174   2109.7437    358.2702
      129.1771    320.3768    159.3040
      565.5394    124.8351    483.0771
     1301.9791    939.6001    461.5360
      286.3003   2235.9521   1314.9816
     1659.1602   1665.9214    974.6207
     1642.9908    672.8459    625.2477
      768.4172    308.6215   1242.4403
      802.3496   2252.7261    697.9616
     2110.0635   1847.3724   1141.8617
      765.3823   1483.5277   1578.1342
     1420.5426    574.9357    393.8247
      698.6106   2042.1898    419.5097
     1807.0482    630.5218   1922.7373
      173.5215   2022.7173   1295.4967
      887.2226   1091.1980   1175.0817
     1091.6930    132.9300   1382.7415
      270.8624   2247.7590    923.6789
     2161.0405   1876.4897   1846.0194
     1110.9518   2007.2306     11.8351
     2119.8506   1315.7937    929.2779
     1375.5088   2042.4203   1428.7417
     1170.7458   1462.2598   1656.0042
      641.4569    756.1526   1188.2405
      145.4205    543.8019   1040.1803
     1487.4270   1794.7683    527.7923
      318.8766   2253.1235   1554.1272
     1044.1465   2130.4226   1846.8118
     1507.0717    464.2126   2006.6422
     1511.7361    474.9771   1593.4248
      982.7872   2155.9519    562.1303
      540.3197   1465.4438    841.4661
      251.6003   1234.8062    835.4083
     1157.2225   1659.4473   2101.6069
     1269.2708   2059.4612   1633.6831
     1854.3538   1893.3093   1799.3037
     1466.7827   1913.1305   1617.1125
     1175.7225   1191.3958    170.1484
     1296.7689    615.2623     93.1436
     1101.8961    849.6935    411.7131
      722.4152    521.7180   1223.9506
     1860.5604    319.1465    331.8782
     1033.8447   1761.1592   1414.3644
     1420.7767   1386.5269   1313.4077
     1361.6748    442.2825    769.5531
      238.6789    844.3268   1476.5248
      515.3529   1720.8590    736.7648
      682.3734   1300.6334   1922.8057
      195.6342   2122.3965     26.5492
     1654.5587   1808.6516   1721.3370
     1681.4950   1859.4979   1973.3661
     2177.5422   1555.8112    274.7723
      134.2716   1858.7024   2259.0381
     1734.2911   1465.8665   1043.5796
      200.1037   1409.6500   1127.8093
      694.5496    135.3064   1003.2152
      831.9741   1206.7687    534.1351
        8.4076   1931.8529   1656.6674
     1373.8838   1054.9781      3.2911
     1365.4705    785.9860   1311.8450
      855.0126    319.5555    417.1817
       41.6575   2024.3690   1850.4667
     1489.7314    820.8871   1844.1143
      945.0129   1841.4205     66.1579
     2168.9729   1120.0543   1906.2854
     2008.0792    849.3864    586.5671
     1041.7103    131.2911   1821.1486
     1398.2126    564.7640   1220.0880
     2241.1035   1691.4722   1712.0507
     2087.6741    198.3266    415.0453
     1253.8846   1367.2603   1871.2489
     2066.6094   1530.9805   1884.6266
     1664.9039    154.4158    293.2405
     2244.1118   1573.5413   1473.0424
     1004.8491   2172.9333   1342.5212
      527.8080   1765.8478     37.0308
     2039.9507    334.5034   1094.8669
     2177.9365    228.6044    917.7964
     1935.1433   2159.8599    369.1917
       29.7518    456.5019   1360.5398
      596.3380    466.3143   1982.2617
     1886.4365   1003.2142   2171.7415
      857.0119   1971.4854   1022.0349
     1731.0732    443.1127   1748.7914
      113.3289   1602.6798    106.4700
     2087.3635   1745.6952    393.1451
      471.7383    680.4194     41.6673
        4.7026    718.8369   1873.9642
     1385.2915   2249.8093    669.2927
     2084.1758    650.0487   1755.2668
     1788.5468    829.4782   2000.2616
     2170.8982   1495.1677   2104.0781
      969.9338    750.2122    880.2468
     1326.8953   1401.3843    460.9950
     1515.2650   2204.5374    412.1688
      382.9630   1540.1427   1188.6514
     2033.8319   1528.4333     41.9826
      997.5389    559.2631   2068.8999
     1937.7434   1845.7827    494.4774
      213.4832   1850.4155    826.8363
     2247.6130    549.6193   1613.9064
     1946.1576    562.2147    982.8204
     2157.2957   1308.4651   1734.2065
      917.1415   1136.3212   1897.8782
      189.8121   2218.6943   1946.5154
     1477.5807   1659.5082   1590.2678
     2241.8799    618.2908   1219.2616
     1121.6306    255.5380   2158.1477
      368.5827   1719.7955   1860.7594
     1895.9001   1525.0209   1710.5621
      568.6737   2008.1271     71.8372
        7.1119    796.1078   1341.7115
     1849.6190    561.3896    469.8072
     2176.5139   1720.3964     48.7666
     1721.9104    821.1726   2227.5510
     1753.6921   1045.6238    889.2136
     1345.1215    333.3482   2040.8911
     1465.8767   2220.6621    972.8909
      219.1928   1311.7555    381.8132
     1550.1215    294.2434    697.7756
     1921.0659   1001.8433    720.1959
     1701.1144    459.3039    608.1941
      348.0735   1918.7483     70.5075
     2023.9448   2108.7588   2185.6123
      794.6050   1188.1610    965.6588
      666.8865    798.5656   2240.3474
     2249.8879   2257.0332    945.7280
      107.8458   1575.8672   1250.3503
     1488.0758    350.2549    394.3576
      897.6577    486.5325   1100.6177
      255.0859   1485.7552   2261.8384
     2242.3855   1188.9872     58.9836
     1304.9154     67.4179     26.4520
     2023.1649   1199.0657   1157.0416
     2202.3662   2134.7744   1669.7845
     1713.4565   1555.0121    505.6463
       79.9950   2236.9155   2126.9829
      984.0646   1958.6036   1352.6581
      365.0912   1278.4471   2023.5168
     1315.5383   1620.2750    184.6299
      924.9634   1858.9230   1605.4176
     1557.4333   1367.2526    481.6978
     1910.7880    291.2705   1697.9224
     1795.6687    321.1311    734.4968
      907.9111    778.7608    469.0763
     1643.5740   1965.9115    673.8071
       84.9753    110.5405     52.9173
     1955.6676    627.2147     42.1956
     1724.9363     14.1199   1075.6198
      139.9321   1443.0370   2064.6802
     1291.2822   1899.8627   2175.5725
     2156.9890   1777.9153    760.7573
      429.5911   1139.7142    739.6440
     2111.0786    750.5214   1021.5804
      348.1653   2078.8838   1430.5559
      536.4702   1898.4784    256.5554
     1779.2131   2001.7721    817.1433
     1790.6954   2115.2820   1699.0581
     1660.7207   1670.5173   1203.2794
     1891.5880   1447.1073    611.8835
      404.0544   1762.5255   1152.4480
      381.9564    536.2084   2084.2681
      492.4351   1703.2058    269.5490
     1188.7660   2042.9053   1313.0353
     1824.0034    125.3194   1569.4126
     1508.8423    728.0698   1631.3381
      832.6408    496.6529   1894.0505
     1584.2982    201.2668      0.7160
      282.5919    887.1516     71.0350
      671.9988     95.8245   1227.2554
     1502.6564   2092.6372    788.2966
      387.5783   1067.2523   1245.7662
      450.7229   1297.8823   1508.7467
     2112.5615   2259.9502    765.9519
     1953.7189   1705.3600   2177.6580
      279.0631   1106.8998   1441.7140
      773.1405    689.8351   1991.8491
      769.8774   1853.2312   1454.3829
      321.5904     67.5506     93.0634
      361.2136    515.8038    918.7236
     2007.0236    614.1429   1190.4730
     1570.2549   1544.8199   2189.2900
     1109.0635   1185.2635   1140.1232
     1410.3806   1255.8452    120.3568
      673.5212    578.2157   1762.3989
      615.6887    597.7412    782.6239
     1836.3127    537.0623    800.0077
      303.3866    140.0532   1147.5524
      823.5157   1868.9706   1205.8269
     2072.5347   2042.6986   1438.6869
      381.6563   1649.8672   1380.3197
     1703.7340    590.9277    131.5654
      165.2690   1482.3218    895.4308
     2207.2678    769.4789    621.9155
     1622.3138    928.8745   1624.1014
      211.7231    392.9586   1489.6442
      952.0971    535.3936    703.5677
     1439.4581    106.3707   2116.1440
     1551.8600    624.1476   1409.0533
      486.4735    983.7444    582.9402
     1764.8391    648.4120   1055.3020
      814.7079   1843.2122    788.7709
     1852.7509    400.5588   1206.2692
     1697.1749    191.1257    912.9014
     2023.3182   1969.6312   1985.8077
      341.2159   1881.4409   2088.2710
      788.5922    504.0556   1436.0006
       43.3405   1129.7070    786.0140
     1181.0554   1175.8195   1877.0929
     2238.2783   1463.4790    487.9998
        9.5279   1355.5709    308.7263
     1122.6251   1090.5229    373.4661
      931.2631   2063.5068    782.1176
     1704.6366    229.3132   1809.5209
     1746.8866    501.8542   1545.2058
      203.6849   1471.2527    567.3907
     1776.5376   1667.7515   1605.7839
      284.2524   1057.9672   1874.1317
     1455.6196   2170.6594   1212.9399
     1267.1265   2234.4612    461.9627
     1917.3324   1884.2969    696.8063
     1892.6810   1630.4220    397.7623
      199.5033    381.0269   1723.6475
     1698.4955   1791.1935   2217.7947
     2052.9148     96.4146   1031.8035
     2103.1946   1316.8550   1982.2418
      905.4700    936.6721    307.8340
      405.6466     27.5525   1777.8810
      363.6402    341.8414    526.9227
      841.9030   1392.5187     98.0743
     2107.8184   1977.5718    359.3892
      998.1229   1356.0264   1553.0907
     1046.4122   2058.8250   1599.7461
     1043.0304   1658.0382   1170.0830
      372.7769    692.6700    331.0173
     1046.8840    818.6804   1684.1132
     1706.5347   2066.0181     18.2133
      486.7018    855.0481    200.0566
      847.4126      8.7602   2149.6846
     2219.6541    358.1987    562.2870
      965.9242   1448.7030   2167.6465
     1592.9147   2069.5505   1075.8236
     1825.8912   1818.8245   1086.7118
     1407.6659    999.0461    644.7486
      290.4872    516.3903   1870.9690
       25.0198    893.7887    901.0525
      644.9973   1532.3402    156.9945
     1449.0023   1689.4918    900.5443
      831.7172   2165.0864   1948.1709
      630.6547   1674.1235   1933.3606
     1082.7795    973.4523    190.7686
     1247.9834   1110.9333    764.2910
     1703.9724    814.1130   1792.4873
     1267.8348   1188.8223   1287.4967
      852.4462   1732.1115   1807.3643
     1241.7888   1835.2562   1015.5626
       15.6596   1687.2668    471.4050
      903.7892   2172.7861    287.5915
      280.8557    987.3593    653.1599
     1147.6990   1461.9397    552.4175
     1823.1072   2037.9474   1054.6754
     1119.9440   1553.0580     25.8112
       70.0057   1691.2520    881.1162
      753.4426   1179.3351    101.0424
       91.3051    211.6217   2086.7817
      755.7986   1414.5950   2161.1499
      225.5359    474.7859   1217.3585
      816.1978   1268.3390   1728.4894
      358.6177   2143.2244    577.2618
      719.3305    141.6658    316.9453
     1847.9442   2118.2124   1919.9164
     1749.0350   1774.6372    804.7441
     2151.3342     14.7744   1444.8008
     2002.1140   1844.2098    916.2770
      517.8552    515.5541    368.5155
      451.8279    129.8108   1321.1655
     2052.2913    782.1518    166.7395
     1531.3921   1229.6750   2198.6680
      165.6587    942.6734   1294.4481
     1130.7455   1003.0424    604.7156
      467.8057   2257.4028   1102.1608
     1994.6698   1641.6707   1482.0873
     2031.3778   2126.1196   1811.6210
     1545.7809   1218.2086   1267.3770
       78.9043    982.6556     54.1588
     2137.3442    364.6189   1512.7944
     1323.5370    264.9711    574.6037
      214.2617    904.3377   2063.1541
      691.8378   2176.8772   1046.8583
     1719.8342   1022.1527    355.2052
      339.6234    754.9546   2148.9800
       86.8724    536.8312    173.9159
      162.8604   2041.8942    597.5389
      780.6118    702.2089    647.0787
     1453.5895   1968.3711   2009.9540
      363.5306   2100.3293   1935.7834
     1147.9186    704.5152   1910.3350
      255.2713    584.9850    740.3472
     1476.7185   1240.4724    643.1030
     1422.8025   1264.5402    848.6311
     1540.5802   1321.1409   1079.2972
     1853.5107    197.0584   1082.6714
     1340.2578   1022.9209   1854.6442
      348.5609    898.0495    441.7957
     1495.5012    673.3235    204.5238
     1806.8000   2179.8799    164.5300
      893.6892    530.6390   1674.2593
       22.2234    505.8630   1831.4222
        7.2225   1983.7706   1434.5748
      551.6953   1664.8010   1740.4803
     2006.2889   1097.3253     94.2603
     1020.9913    875.9714   2239.1321
      409.4203    859.3725   1312.3662
      814.3459   1557.5610    330.1897
      419.9104   2090.9248   1656.4105
      811.0170    962.3662   1497.6461
     1505.8047   1615.0872   1337.1663
     1794.7950   1271.1880   1128.0369
      392.3318    274.9344   1755.4026
      422.7998    914.8514    827.0876
     2258.2776    813.5401   2085.5955
     1680.2878    690.7687    850.6315
      975.9241   1068.3237   1710.8923
      156.8603   1367.0333    161.2711
     1058.5746   1926.1477    642.6926
     1301.7325    108.7777   1041.6941
     1870.8080   1659.3544    630.5065
      493.3894    456.6949   1793.4923
     1719.8331   1748.4462    340.8276
      825.3270   1562.9525   1980.6219
     1996.1500    469.8238   1866.0063
     2120.1536    609.7087   1436.1436
     1267.9098   2206.6443    870.1202
      722.9818   1945.9403   1873.6317
      510.6128   1982.4070    522.7041
      176.1942    779.1801    526.2297
      392.5650   1323.1124   2251.9531
     1452.3602    919.8963   1064.1115
     1665.4233   1421.7944   1265.7655
     1229.9388   1620.5743   1815.4749
      686.9312   2178.4331   1638.0940
     1498.0082   1077.1021    885.2717
     1953.1437   1009.5070   1288.3224
      358.9839    110.8075    483.1592
     1755.9027   1101.0049   1320.6367
     1259.6731   1859.7344    554.6083
     1261.0012    953.8772   1193.9468
     1316.2435   1392.8899   1119.7648
      642.6574    188.0394   1455.1814
      875.2137    138.6415    850.1320
     1830.7784   2231.7725   2179.1023
     1923.7959   1401.1971    834.6974
     2113.3237   1336.7111    664.8432
     1189.2902   2014.6292   1964.4746
      497.8262    485.4189    162.4784
     1575.6622   1386.0266   1834.6605
      887.2845    279.6968   1751.1234
      474.6579     67.9807    252.3055
      916.8145   1986.5111    438.1118
     1870.2809   1934.5229     47.3030
      601.2114   2197.0564    591.5087
     1406.3252   1839.7231     94.5111
      695.4691    329.0229   1781.1672
     1129.3136    321.0526   1917.1155
      199.6712   1746.6779   1718.7406
      665.0986   1069.0402    679.2764
     1788.2938   1663.2329   1385.5078
      988.9855   1212.0090     20.1611
     1067.4838   1677.7412   1682.4199
       85.5427   2220.4846    742.3616
      342.6915   1453.9633   1648.2749
      292.4449   1659.1705    629.0653
     1491.3080    492.7975    584.5624
      898.8772    328.5992   1501.1156
     1472.3657   1772.4103    292.9928
     1291.4010   1776.1910   1686.4023
       82.3799   1503.2949   1678.6984
     1025.7358    578.1677   1490.2054
     2239.6675   2045.7037   2221.7568
      853.4966    941.4531    954.4340
     1900.8353   1247.2418   2030.5531
      198.6474   1260.2954   2193.5334
      384.1049   1523.1494    402.3088
     1532.6353    143.6827    535.7109
      668.2198   2166.4485    232.8942
     1096.6954     21.9052   2230.3667
     1298.5620    432.7998   1590.0707
     1749.7788    883.7284    719.2513
      412.0680   1885.9771    914.3697
     1389.8203    333.6572   1143.5825
     1532.0767     87.6459    800.8159
      485.1469   2108.5986    957.2616
     1205.1947    968.8234   2089.4846
     2142.1086    441.4697    781.6485
     2149.5396   1798.3184   1533.3203
     1627.2446   2014.0638   1819.0909
      466.3172   1693.7566   2080.5222
     1609.3088   1887.2994   1209.2415
      722.3029   1627.6125    905.3677
     1464.6667   1370.6838   2039.1279
     1864.7556   1029.5358    523.9268
     2163.7002   1085.9803    996.3490
      197.8103   1063.4147    436.7753
     1474.6490   1466.7638    252.9063
     1087.2268   1660.8737    949.9305
     1021.4788   1105.7194    959.4367
      779.1317    476.9727   2137.7974
      439.0730    985.0394   1522.6512
     1157.0182    472.0027   2163.1172
     2151.3481    771.1087   1574.2894
      982.9672    785.5687   2036.0752
     2162.2847    120.1900    186.2151
      237.9801    294.9474   2206.7290
     1086.9839   1794.4089    433.5215
     2138.9160   1181.1970    368.9169
      707.1279    287.6219   2253.5061
       57.0675   1387.8945   1335.7531
     1376.5638   1259.9775    327.6430
      573.1441   1882.1696   2113.7180
      699.8386   2143.2874      4.1170
      618.4821    872.1850   2042.3099
     1248.8389   2150.0630   2136.9443
       34.3735   1562.2823    702.8828
     1059.6342    174.0533   1600.9183
      613.6427    827.9078    713.0242
      922.8845   1021.4139    505.6128
       12.4968   2262.9661   1841.3781
     2020.1891   1783.1464    196.4971
     1054.6887   1249.7904   2054.4998
     1979.8531   1341.5427   1588.6389
      262.5347    205.9779    318.5601
     1817.8715   1469.9558   1481.6177
     2175.1118    222.7314   2252.5786
       57.2215    983.2939    628.8156
      880.9811   2245.2363   1161.8152
     1118.1521    781.4428   1276.1200
       12.4956    786.2026    135.8902
     2117.4702   2185.4236   1246.3947
      933.2032   1342.8755   1108.3323
     2238.6565    561.8162    455.8538
      609.5737   1336.5061     67.4874
      720.2424    806.0212    343.0916
      634.1818     77.5637   2094.0056
        2.2067   1997.2655   1149.7074
      304.4587    451.9317    306.4031
     1009.1114     87.3231   2027.8317
     1269.8976    345.3739    955.2596
      591.4307    637.6276   2142.1001
     1422.7616    765.9590    526.7616
     2105.0918   2083.0999   1047.3783
     1348.6641     33.5377   1608.6715
     1279.3026    849.5042   1932.9320
     1615.8037    300.8260   1180.2382
     1583.9091     12.5532    158.0035
      859.9216   2050.7512   1729.7273
     1369.1378   2223.5005    238.0978
     1605.1799   1279.5887    291.2361
      480.9305    919.1179   2219.3738
     1995.4890   2065.7148    573.6764
     1786.2712   1189.7333   1781.0729
     2021.9897    944.1528    365.0178
     1355.3633   1990.9771   1821.8040
     1663.5645    399.5799   1370.9713
      897.9934   1771.4188    565.8558
     1951.7223   2167.9644    914.2913
      709.8023   1818.8954    423.9504
      212.1381   1879.3306   1038.2620
      701.2336   1403.7015    976.8398
     1182.0825   2113.9795    657.4743
      260.3119     51.0546   2148.6575
     1182.1896    578.4672    696.4546
      607.8707   2103.4207   2050.3225
     2233.0195   1425.9276     45.1770
      723.5428   1082.1794   1999.7892
      975.3573   1237.2499   1339.8467
     2071.3169   1202.1073   1408.1562
      777.0359   1215.3544    761.6212
     1428.4576    164.0958   1263.2463
     1181.6455    510.8272   1144.2236
        1.1927     93.9045   1645.9962
      643.3386   1841.6392    959.5977
     1068.9041   1003.4006   1298.8574
     1660.2792   1268.9290   1449.6061
     2258.5347    362.8592   1104.9186
     1587.6293    497.2570    819.7916
     1689.1328   2231.1719   1451.1758
      629.8457   2255.2966    818.1495
      410.7777   1338.1417    529.9976
      620.9454   1321.0953   1658.2629
     1135.3589   1286.5938    374.3830
     1411.5962    645.2327    733.3693
       29.3549   1988.6727    754.5184
      889.7995    201.2725   1093.0654
     2136.5151    360.2836   1734.5098
     1452.6616   1068.3088   2071.3145
     1805.6903    184.2827   1305.6852
      140.7926      0.9946    494.5626
     1203.2020    708.0235    877.0430
      117.6388   2069.9048    927.1302
      957.9651   1592.3385   1528.8914
     1115.4229   1439.0573   1022.2985
     2053.4282    236.5376    711.4771
     1048.1877    498.1100   1849.8997
     1828.8119    829.6484    441.2030
      561.5518    765.0823    466.3853
      126.3182    390.1624   1995.9583
     2116.2390   1629.2800   1013.0134
     1516.5781   1749.5719   2079.5042
     1593.7924   1569.0106   1935.3684
     1791.3357   1426.9244   1908.2827
      114.1724   1777.9424    641.6750
     1342.8215    184.7958    808.0889
     1189.1340   1325.6355   2249.5305
     1334.1663   1483.7504    881.4261
     1167.7051    119.5543    629.0161
      345.9796   1156.5983   1659.1267
     1935.4178   1689.4121   1213.2678
      874.7469    162.9519   1348.7976
     1109.5751    913.9589    829.1375
      465.8362   1100.2544     73.2009
      475.4822   1759.4241    499.0483
      181.6176   2158.0481   1711.3124
     1835.7396   1213.7286    714.2715
      996.7083   1049.5779   2072.4690
     1559.5951   1061.2838   1462.2319
      511.2847   2252.6731     18.3145
      788.2903    141.3061   1611.2640
      293.5815    329.5242    781.1478
      950.3364   1680.1702   2164.5378
     1086.0537   1552.9633    368.4198
     1090.1685   1671.4327    208.6790
     1250.3301   1809.6239   1961.1508
     1752.2651    598.6050   2170.1558
     1787.3794    116.1708   2026.0359
     1124.6713   1897.1652   1762.7593
     1089.7413     15.8535    997.8328
     1509.1415   2040.8101    186.6292
     1387.4525    827.8477   2151.7634
     1927.5374    506.4200    234.4938
     2007.5994    693.4805    384.6665
     1436.0137   1227.6375   1841.8308
     1700.6858   1025.1300   2035.7555
     1047.8972   1302.0437   1755.7596
        3.6001   1226.7494   1176.3799
     1255.5847   1404.8788    202.2501
      576.6655   2013.5551   1479.6355
      548.8387   1180.6482   1338.1777
     2004.3815   2250.2957   2014.0233
     1552.6941    881.7554   2046.9930
      603.4589    666.5699    233.2285
      323.6363   1021.6927    248.9039
     2140.7881   1617.1949   1248.2781
     1646.0398   1204.4032   1962.6583
      896.9451   1609.8827    115.7852
       54.0144    283.3005   1588.8079
     1165.4343   2203.2021    152.3289
     1288.7834   1952.3070    767.8771
      755.6026    176.7560    591.5287
      910.7822    211.4921   2204.2534
     1784.2476    136.9596     83.8794
     1856.4519    643.7353   1716.4490
     1318.2179    370.6547   1814.6772
      664.6677    218.7652    795.8438
     1621.1079   2258.2695   2198.0581
     1026.7773   1696.4713   1933.5090
     1272.2936   1606.7543   1076.2654
     1495.5438    702.5917    946.8127
     1550.4653   1663.0967    100.0909
     1616.8954   1874.7527    952.3380
      364.3438    302.8351    126.4530
     2147.1436    926.0186   1747.6891
      828.7993    768.7560    148.9008
      914.2632   1765.4000    312.0735
     1179.7219    709.4651   2157.0698
      233.8983   1239.7441    616.7343
      274.2375    915.9114   1097.8269
     1458.1685   2172.0811   2005.4302
     1800.5398   1509.3075     22.5784
      275.4180   1738.0747    208.4405
      897.3542    556.9279    219.2483
      149.8636   1834.3397   1916.1985
      158.2765    650.6746    349.4760
     1622.3921   1128.0063   1085.0164
     2093.6460    132.9912   1798.7107
     1345.6538    593.6838   1784.1614
     2126.9651    921.1717    774.1830
     1153.8860    218.4027    409.0480
     1846.4685   1048.2876   1112.9948
     1751.3246   1082.2079    129.0574
      885.3497   2201.2275    942.9290
      207.3592    151.5286   1441.7740
     1457.9811    222.4107    176.5582
     1070.0515    388.0223   1667.6512
      527.9998    209.4649   1909.9543
      216.4921   1136.2062     93.0145
     1654.5110    495.6031    323.1877
      424.7692   2256.3328    748.5546
      359.7620   1288.0516    211.8184
     1232.5138    845.0497     56.6695
     1494.3168   1832.1420    752.5125
      408.8117    867.2258   1960.7928
     1074.7255   1567.1337   1359.0647
     1536.4620    138.1422   1052.6925
        2.7245    120.4518   1152.8038
     1152.6525    344.8617    726.7274
     1162.3070    575.8557    275.2287
       33.3004   1734.7643   1098.8896
     1127.6621   1491.6893    788.4878
      765.1466   2060.6975   1267.8662
      714.5392   1620.6753    674.5242
      922.4541    146.0647    315.5681
      892.0218   2057.1421     73.5554
     1369.2583   2009.9446    359.5890
     1635.0286     52.1619   1277.9365
      616.4895    354.5410    538.4383
     1687.8619    881.3730   1001.1059
      454.3850    206.2665   2173.0779
     1068.4059    933.5653   1878.8647
     1394.6305   1440.6786   2252.4392
      462.1421   1452.2565   1831.4077
     1876.1753    213.7502    530.2153
      171.6107    802.5703    741.5742
       49.9489    444.6494   2226.6006
     2205.4656   1930.7881    155.5296
     1646.0442   2253.3933   1891.8588
     2110.9082   1517.1892   1646.6548
     1914.7284    774.4413    848.0529
     2244.0137   1893.4369    938.8740
      396.0084   2096.0505    180.9722
     1934.5438    261.9482   1941.1527
     1332.2283   1627.3763    632.1875
     1758.6320   1638.7721   2076.8528
     1716.1091    114.6140    673.8738
     1980.8545    962.1793    951.5658
     1948.9650   1337.1667   1825.1989
      446.7546    457.4683   1164.7312
      281.4717   2096.8816   1074.8041
     1687.5254    296.2885   1581.6831
     2147.3311   1503.2552    824.4470
     1919.2965   1766.7986   1974.6738
      577.5383   1238.5216   2112.3096
      258.4559   1298.5361   1809.3491
     1024.2117   2102.4185   2109.2349
     2001.7498   2247.4922   1625.1346
      432.5498    209.8497   1552.4414
     1402.1145    677.1375   1992.9580
     1254.8683   2207.5127   1886.5847
     1640.5425    694.6938    399.5589
     1463.9572    135.6427   1860.9443
      873.0347    682.5536   2204.5706
      931.1660    614.5422   1282.5770
     2016.7474   1321.8417   2211.7085
     2122.2917    926.3458   1142.2078
     1373.9788   1195.3643   1476.5094
     2173.8872   1110.3910   1617.9955
      729.9552   1638.8563   2205.7932
     1555.6935   2123.8457   1614.5217
      930.4838    697.3138   1825.6636
      571.7604   1313.5292    674.4086
     1703.1719   1402.2798   2104.1340
     1219.6295   1844.4297    281.3652
      928.5239   1488.9951    930.1983
     1475.7233   1769.1785   1843.9236
      569.7333   2096.4336   1808.2377
     1700.4205    590.6901   1253.2529
      536.2742    428.1194   2222.6331
      438.9798    756.9789   1501.0056
     1046.1208   1986.3877    241.2528
     1832.6305    986.5452   1706.3170
      865.5179   1163.0328   1546.6245
     1351.1952    868.1591    860.6496
      295.3755    513.4590     25.0528
     1377.4386   1582.7898   2003.8746
      658.1727   1622.8235    439.1365
     2182.7124    981.4241    211.5786
     1176.6665    774.8702   1486.7128
      876.7967   1734.9375   1035.5269
     1208.9147    570.7176   1354.8416
     2085.8154    923.9185   2003.0502
     1828.1206   1332.0229    110.5690
     1595.1801    422.1632      3.1881
     2093.1946   1061.9733    570.1305
      546.8340   1769.2877   1489.9860
     2145.5830   1894.2468    574.3551
     2055.6331   1321.0635    188.9469
     2064.9246    800.0546   1316.0044
      646.2479   1032.8165    900.2535
      794.1343    699.1724   1602.9457
     1212.4900   2226.7034   1466.0625
     2119.8875    934.1824   2250.0872
     1349.1373    627.3447   1507.7791
     1672.1195   1537.0994    272.9488
      207.5677   1004.1064    858.9141
     1463.1208   1467.2668    681.9812
      575.1219    600.1142   1531.8801
      345.0714   1888.3545    648.0245
     2036.4008   1433.6521    419.9345
     1723.7386   1205.5110    505.9099
      319.2365    580.7064    516.0620
     1910.4348    108.8920    829.2896
     1056.2369    610.9681     67.2206
      815.7017   2062.6394   1492.4788
     1885.5305    350.3346   1432.5317
     1986.1755    194.5466   2142.7458
      640.6638   1730.4550   1184.6157
     2210.1411     80.9501    577.6856
      260.1570   1725.6221    419.7179
     1354.3269   1657.1598   2227.9187
     2008.0233   1118.4547   1729.3776
      246.2515    755.2303    951.0151
     2055.2356    582.8655    575.5309
     1415.9581   1964.6351    949.9662
       71.0214   1275.2637    963.2161
        0.3608   2159.0413    149.7319
      243.0180   1521.8197   1834.4681
     1837.3662   1687.5734    127.7910
     1230.0984   1453.3060   2083.4287
      588.4660   1459.1970   2051.7649
      161.0367   2262.1797    234.9752
      716.5182     80.8694     89.1863
      104.9042    409.1375    868.6496
     2019.3145    687.7678   1987.5396
     1921.5358    573.8259   1390.8856
      635.1907   1051.2362   2216.4187
      160.6906    256.7555   1234.3845
     1703.9500   2206.5911    871.4082
      644.8842    783.7411   1809.8965
      146.6490    180.5076    944.2650
      944.8629   2256.0674   1542.4962
      993.0601    552.7703    450.9423
     1030.6464    202.1409    129.2913
     1686.8926    324.0819    175.9222
     2191.9419   1042.1530   1309.7294
     1745.1267   1356.4591   1657.5623
     1770.1448    400.9840    990.6942
     1859.9135   1147.2864   1555.8872
       29.9922   1226.5831    529.2983
     1865.0858   1942.6730    278.4456
      788.7809    469.2663    563.0993
     1313.3209   1004.9194    236.7462
       16.7170    947.0128   1509.4785
     1536.2643   1949.8665   2211.1895
     1100.7667    515.1539    896.3503
      712.5905    542.0688     68.4520
     1288.8700   1559.7194   1282.1770
     1971.4325   1230.7181    517.4920
     1600.3059   1795.1425   1458.2146
     1916.2959   1182.8950    942.3411
     2081.8210   2023.0332    795.8132
     1411.1337   1044.3308   1654.1919
      931.7794   1642.1829    769.8533
     1758.4152   2112.4055   1263.7494
      624.6039   1153.3071   1121.3071
      884.2200   1023.3372     75.6743
     1661.4067   1880.1370    172.6818
     1610.7703   1548.0011   1712.0522
     1544.3966    877.4594    764.7247
      787.7916   2251.7078    463.4601
      396.4201   1503.6149    185.7052
     1102.9690    185.4495    884.3691
     1781.9187   2057.5732    506.0538
      355.4358    329.3441   1330.4105
       74.2977   1146.5348    252.4756
     1818.1832    733.6721    237.1302
      694.6763   1058.6791   1775.5277
      601.6755    114.1510   1683.8331
     1942.3954    330.9917    886.3765
      305.7713   1700.8055   2257.0100
      755.1473   1105.0461   1343.0430
     1886.5388   1646.7327    989.6549
      687.7010   1497.0247   1803.9939
     1715.9403   1943.1852   1563.7528
     1533.6813    735.7776   1193.3475
      686.3320    414.5175    293.5006
      565.9071   1401.9349    371.1175
      703.5177   1420.4667    542.5158
      532.9608   2238.3630   1485.8831
      738.8999   1317.7727   1440.4403
      143.4330   1174.0182   1975.9698
     1186.2644   1386.9575   1444.2443
     1599.1523    606.4959   1784.3958
     1043.1440    976.4160   1501.2247
     1031.9663   1395.0270    193.4805
     2106.4229   1590.9923    605.5995
      405.6459    763.6107    649.4169
     1855.2144   2172.9368    705.0583
      716.3428    285.8056   2026.2484
     1457.6099    859.4731     83.7181
     1122.9083   1178.6505   1516.8735
      130.7404   2215.6638   1108.9423
     1132.5588   1402.5698   1223.3241
     1579.2894    502.2876   1077.1803
      885.9354   1352.5903   1944.8665
      486.1824   1664.6539    962.6825
     1462.5703    252.3989   1646.6876
      933.3422    378.6865    914.0683
      916.5040   1183.3861    251.9833
      347.2903   1406.6541    739.0217
     1226.7266    297.6974   1255.1353
     1498.7417   1330.6366   1617.2378
     2156.4556    590.5323    236.2188
     1736.9636     24.5462    448.1759
     1902.7881   1047.8466   1922.9707
     1078.5560    317.4679   1077.2279
     1339.6487    542.4061    967.2555
     1571.6000   1464.0522    861.5538
      587.0378   1520.6300   1108.2539
      445.4571   1074.4980    986.7614
      553.7650    993.3019    347.3792
      662.4410     27.8886   1876.3483
      381.0997   1973.8381   1212.3152
      452.3557    709.8683    886.9217
     1922.0872   1521.0378    229.0784
     1022.3080   1860.6697    859.6652
      161.5825   1969.3213    206.5363
       95.8637   1894.1191    429.1127
     1613.0430   1015.8945   2244.2698
      498.5652   1902.4661   1913.7566
     1235.9500    159.2906    214.0236
     1386.5936    510.4496   2175.3013
      653.4172   1578.4597   1360.2876
     2247.3518   1340.9581   1533.0076
     1584.7136   1950.7898    427.4324
      829.3392    907.8407   2155.1963
      614.1334   1985.1982   1111.8719
     1983.9792     10.8716     95.6526
      965.2463    408.1149   2259.1570
        5.0907   1890.2826   2048.9229
      354.2676    580.4976   1393.5131
     1452.3822    450.6563    162.7509
     1138.6781    365.5454   1459.7654
      556.0234   1192.8917    250.3928
      972.0068    115.5681    547.9462
      355.6592   1666.8922   1606.5281
     1627.9536   1374.5392     85.1287
     1806.2219   1372.0713    366.4753
     1273.8436   1260.9546   1668.2483
      202.3428    705.4403   1261.0856
     1512.1851   1084.4268    454.1207
     2165.6138    653.4155   2259.2593
     1060.5658    373.7326    526.4281
     1115.1776   2029.8972    917.5425
     2251.6484    979.2527    413.7660
     1680.4670   1276.4591    905.3802
      914.2606   1517.3641   1767.7518
