      995.0485   2241.6414    150.7269
     1108.7865   1391.5973   1103.3438
      473.1183   1502.9042    223.8502
     1248.1212   1062.3622   1646.2312
      721.0446   1851.7346    494.4821
      522.7686    641.8146    995.0201
     1864.0760   1637.2064   1121.6539
     1443.3541   2044.3275   1168.6716
     1609.3102    374.1191   1047.1577
     1465.0359   2211.0977   2202.7322
      620.3505   1459.5376   1547.5377
      951.1271    213.6687     95.2176
     1177.8712   1856.0034    374.0487
     1212.6544   2234.4573    811.0873
     1686.0394    946.7470   1112.5000
       16.4342   1376.9280   2240.5591
     1074.8585   1591.4464    939.8491
      866.3786    267.8401   1359.4265
     2251.8228   1834.1885   2198.6572
     2117.6440    279.4595   1976.4626
      962.2269   2060.6562    905.1395
      714.2131   2043.9590   1720.4503
       48.9130   1102.9806   2220.8572
      598.8745   1032.5325   2169.4602
     1308.1934    847.8984    621.4434
       98.6070   2221.6260   1456.3871
      236.7864   1515.5043    885.6971
     1469.9640   2126.5659   1713.3792
     2116.2458   2019.3098     67.7783
     1977.8672    167.0839    163.8519
      764.3661    738.0642    562.9975
       90.4253   1361.9032    740.2159
      527.2467    224.3551    637.8740
     1757.6074   1582.9098    793.7078
     1221.9779    782.6073   1670.4476
      737.5326    116.2492    669.2318
      924.9929   2069.1790   2244.4441
     1199.6854    387.8811   1387.8425
     1704.1167    120.9941    700.9178
     1517.9153   2024.9238   2007.1213
      380.5546   1442.2240   1508.8436
      580.4111    412.7953    242.4910
      476.9472    382.7374   1073.0862
      222.7609   1835.9110    932.3021
     1617.7189    164.2876   1184.8755
     1578.1619    160.9397   1727.3276
      924.0928    409.1600   1146.1938
     1289.4806   1102.8571    512.2187
      199.7940    438.0320   1354.3940
     1144.9526    999.6538   2129.0134
      755.0632    793.1567   1046.0507
     1112.1147   1584.1368    420.4890
      179.2667   1194.5652   1326.0741
     1924.1361    821.0893    211.1921
      769.9379   2250.6299   1848.3506
     1660.7523    906.3115   1415.5122
     1655.2537   1463.8718    532.2559
     1358.9117    400.8929     31.7118
     1517.0630   2032.9728    355.9610
     1709.4404    660.1915   1462.7355
     1887.9299   2241.7104    589.0455
     2042.3572    710.8430   1033.4043
       58.7844    149.0999   1691.7358
        5.5488    685.6136    599.6245
     2132.3582    656.2602    365.8673
      973.5855   1205.2029   1318.7903
     1346.1239   1062.1410    252.9993
     1546.0613   1552.4053    285.9360
     1133.3384     28.5452    544.9050
     1493.7065    782.9890   1603.3882
     1320.1102   1295.7965    684.2831
     1628.0306   1994.7504   2252.1711
     1411.1207   1146.7092   1340.4771
      481.2222   1637.3264   2041.3920
     1615.3671    189.2388   1465.3718
      496.9363    104.8655   1947.2179
      677.8828   1618.8888     95.9794
      377.7899    194.6502    872.6728
      874.8346    286.2784   2074.3777
     1456.1289   1618.5717    732.2754
     1933.3857   1445.4557    873.6024
      727.9825   1049.4346   1264.3881
      548.2208   1923.9020    820.5854
     1464.4698    760.5606    229.2879
     1594.7385   1274.9053   1509.7814
      757.6472   2112.0635   1327.0834
      352.2243    528.8846    156.7271
     1201.1510   1652.4344   1272.1935
      906.2076   1502.3062   1648.6565
     1118.7711    408.5912    175.4883
       19.1677   1538.6948   1786.2264
     2120.6948     67.5206   1274.8271
      142.1100   1650.7229   1098.3784
     1348.9304   1428.7594   1877.1515
     1619.6512    374.5180     31.6741
      989.8100   1777.5137    559.6324
     1417.3325    238.3377    266.6544
      212.2460   1332.1428   1750.3669
      224.4165     17.9372     68.4588
      370.6080   1802.6821   1852.4003
     1763.4946   1117.2729   2068.1775
     1742.9701    719.9586    939.7889
      805.3655   1460.4004    935.4818
     1521.4990    593.4570   2170.0684
     1943.6975   2090.3779   1191.5334
       94.9717   1106.3466    890.8793
     1531.5032    400.4583   1850.0347
     1543.3997   1877.9093    658.8367
      576.5410    661.8494   1792.4680
      307.8064   1119.5698   1071.0924
     1496.1781   1219.3745   1803.3735
     1401.6628     62.8701   1556.3746
      221.4567   1961.5378   1176.2523
     2094.5486    590.1396   2137.1387
      219.3771    559.4062    650.8126
       11.5425   1791.9419   1259.3949
     1341.5587    656.3209    444.5966
     1816.6592   1822.0742   1636.8427
     1038.7073   2135.2563   1790.0682
     2153.3818    882.8403   1591.8975
     1662.9066   1945.3854   1339.8121
      332.4439    959.0170    337.2623
       59.6374    243.2344    406.6508
      954.6899    936.0564   1191.4423
     1930.8843     97.8015   2008.1990
     1673.0720   2099.1594   1535.0728
       51.5008    630.4454   1228.8737
     2217.3618     31.2759   1927.0869
     1089.4496    875.0477    892.4000
     1621.7252    947.6141   1893.7841
      709.7637   2148.7256    561.2449
       89.1213   1215.8228   1970.7107
        7.2537    176.6778    688.0610
     2148.5698   1505.4951    754.4006
      223.2848   2151.9841   1990.0188
     1215.1738   1835.7236     97.3152
      162.7573    377.9780    820.9118
      321.8293    141.4763   1510.3628
      510.3873   1564.2460    863.9387
      410.1313    382.4326   1495.4163
     1174.2157    164.3941   1435.6853
      980.8809    354.5373    395.9952
      634.9412   1351.6688    397.9801
      684.4495   1247.9674    906.6918
      935.5746   1537.3368    630.7457
     2222.0896   1350.9072    967.9308
     1052.0099    854.3291    598.0156
        7.7658    491.1252    197.7547
      781.6169    881.1307    122.7555
     2029.0076   1589.2098   1809.3591
     1425.6875    573.9324   1403.0743
     1302.4855   1743.2491   1493.4856
      356.9192    233.0441   1257.2595
     2112.3267    336.7951      3.5850
      724.4599   1968.7831    989.7594
      954.2173   1752.2987   2226.4324
       78.2172   1789.0739   1746.3109
     1116.2396   2249.9182   1037.4650
      871.9697   1936.0106   2008.0564
     2022.1400   2112.9153   1913.0322
      859.9822    938.3360   2152.8259
      443.9940    490.6351    596.2795
       87.0126   1384.1218   1540.3080
      312.5628   2057.9937    275.4363
     2092.2056    777.5859   1865.9801
     1801.2386    753.6550   1232.2328
     2116.0837    600.5121    744.2574
     1875.7421   1065.1458    306.3502
      514.2505   2034.3492    123.5694
     1372.6952     33.9399    451.3667
      641.1881    852.5540    364.4099
     1538.2957    909.3966    460.9852
     1973.4802    428.6373    595.8293
     1950.7151    978.9140   1728.8158
     1156.3815    700.7076    227.0966
      619.5933   1179.0540   1515.4430
     2084.6545    372.4161    360.1113
      971.2292    682.9240   1208.6989
      471.4127   1330.1340   1273.1626
      243.7763   2000.4666   1718.2584
     1342.8333   1427.3505    910.2941
      471.7903   2192.2134   1608.9825
      669.9623   1456.0764   2119.6064
      811.3580    968.3973   1807.9972
     2204.9653    204.1653   1151.0067
      854.4826   1807.3013    282.8892
     2124.5891   1591.6495   1032.4246
      843.2233    829.8803    811.1225
      606.2805    682.9840    778.2366
      447.1512    814.4768   2203.6179
      262.2178   1817.3567    440.6686
     1017.5009   2079.7161   1199.9974
      477.8952   2205.0010   2188.6858
       41.3460   1105.2388   1557.4753
      842.3382   1314.1526    497.6009
      514.1339   1412.3787   1898.0889
     1433.1128   1051.8848   2054.7266
     1222.8855    593.4384   1176.6993
     2156.1663   1007.8673   2046.1046
     1206.5658    637.8874   1452.2875
     1350.9968    517.0634   2031.9226
       99.7625    860.7405   1794.1555
      127.4870   2249.4524   1214.9779
        2.8712   1765.3654    353.5006
      132.1195    931.0250   2042.4680
     1213.7303   1916.7437   1212.0865
      852.7484   1149.6019    717.0304
     1921.6672   1435.9575   1292.4739
     1355.5530   1652.6613   1074.2090
      277.7045    724.2989   1395.0856
     1916.1504    846.6249   1456.8279
     1833.6376   1628.2946   1985.0243
     1655.6558    957.7349    213.2823
      938.1973   1819.0607   1366.6869
     2013.0355   1812.3639   1209.0546
     1148.6188    660.2076    747.3202
     1769.2908    652.0405    665.4303
      731.2292   1351.1807   1271.0626
     1887.0189    394.4115    152.8396
      572.0177    603.7592   1471.2909
      218.4259   1744.1118   1378.0597
      623.0827    215.8373     30.3265
      979.1738   1482.9340   1363.5363
       12.2036    597.8944   1714.5923
      474.6182    913.9327    997.9689
      697.9855   1334.6945    126.0890
     1578.1116    653.2664   1849.5211
     1792.1062   1359.7178   2112.3486
      890.7632    363.2845    862.5841
     1421.7035     27.9171   1926.3065
      481.1780   1921.6638   1648.5450
     1761.2177    187.2331   2237.0208
      511.5663    613.7825   2061.9353
       68.9285    657.0519    854.2100
     2248.4084   1092.1323   1165.6252
     1861.1495    285.4260   1355.3721
     1815.5479   1385.5228   1845.1683
      387.6363    962.7123   2010.3882
      577.8790    398.6101   1716.2079
      500.8434   2052.4189   1389.9877
     1628.9584    181.9976   2018.1675
     2257.0693   2197.7468    266.5928
     1174.9426   1539.2002    709.0759
      717.7602   1280.2601   1761.6359
       68.7396    915.7966   1317.3459
       40.5095    497.4108   2192.8508
     1696.4482   2145.2725   1159.8132
      284.3833    707.6078   2009.6488
     1824.9069   1231.5262    759.0314
     1728.0270   1145.4495   1780.1548
      492.9589   1707.7900   1480.7195
      998.3602    660.7874    964.1363
     1879.3230   1993.0505   1450.2911
     1897.9860    348.0175   2124.8442
     1752.0522   1936.1769    402.2622
     1304.8527   1199.0853   1003.5214
      624.3667    864.4913   1971.2653
     1252.3679    370.6291    433.2220
     1234.5204     36.7827   1761.3234
      705.4341    772.0881   1620.6011
      679.9492    119.1254   2071.2473
     1302.8510    901.1962   1427.6141
      395.1572    197.1450   2158.7266
     2091.3860   2147.6724   1484.2917
     1747.7316   2188.1206    401.9226
     2075.3154    643.2396   1590.7965
     1340.0608   1696.2886    250.3072
      755.8751    276.7180   1873.2798
      347.8869    987.5190   1284.3417
      762.0512    530.2789    947.0356
     1119.3107   1322.7064    514.8499
     2249.7676    175.5829    182.1715
      228.3369    247.5598    596.5936
     2190.4189    913.7080    740.5580
      838.0052    318.2838   1609.1614
     1991.9988    817.0573   2178.6633
     1115.4954    175.1087    315.5833
     2129.1785     25.0628   2250.5479
       41.7888   1517.0809   2045.6594
     1445.2212   1818.8834   1284.7200
      110.5507    714.0748    260.6999
      514.4539    895.0630   1520.3035
      915.7442    649.6757    151.4760
      414.1067    542.0619   1263.4728
     1388.2148   1958.1682    162.2841
     1187.2740   2180.1406    301.7303
     1721.9240    393.2621    619.0220
      142.7655   1561.9600    339.2103
      766.8928    998.1891    527.6668
      686.8868   1147.1169   1972.6250
     1134.8430   1924.0221   2088.1091
     1589.5364   1109.7515    918.1826
     1835.5454    615.2807   2254.2842
     1358.1396   1318.6381   1625.5394
     1973.4921   1041.5992     18.1887
     1946.9056    977.7184   1166.5382
      216.6178   2047.9849    600.0160
      389.1484    231.8039    142.7346
      598.3817     97.7226    440.0430
     1210.9714    889.7968    398.6182
      445.9059   2068.9021   1120.8398
     1564.7045   1354.8016    768.5271
     1511.0452    675.2214    751.3813
      728.1091    240.8325   1170.5012
      959.3116   2252.5029    747.2029
     2204.7561   1892.9211    947.2106
      861.8273   1266.5496   1556.3385
     1453.7410    470.2768    566.6631
      807.6164   2116.0835    295.3692
     1864.3148    637.0139   1990.0492
      144.3598   2097.9807    970.6476
     1037.8744   1139.4011    916.8936
      970.0472     23.1868   1330.8269
      205.6431   2261.5818    786.0270
     2158.0278   1732.0116   1929.4337
     1219.7622   2139.6570      6.0046
     2113.1362   1185.9795    844.9420
     1384.9806   2038.9430   1445.6377
     1070.8510   1230.5608   1736.3723
      757.2320    773.5605   1363.0128
      236.9158    528.2794   1042.1305
     1456.4602   1785.5061    434.3669
      360.7862   2241.3706   1321.5364
      988.5198   2165.6035   2033.2584
     1688.0249    477.3726   2032.2117
     1419.9307    347.2611   1554.1086
     1015.4097   2018.2620    481.7010
      477.9963   1764.8083    990.3961
      344.0621   1011.5692    792.7639
     1178.7133   1654.1639   2164.5471
     1267.1047   1965.7750   1678.6880
     1935.5746   1846.1108   1865.1693
     1552.8411   1830.5778   1564.1584
      926.2731   1107.6896     49.9486
     1201.6013    599.0299      2.6512
     1087.3486    977.1799    187.0733
      721.2086    582.2542   1184.3060
     1828.6196    233.2610    430.7545
     1077.4872   1688.8308   1572.9286
     1148.5562   1449.1799   1530.3574
     1139.8916    210.5000    821.1636
      204.5736    885.0927   1592.9460
      570.0980   1687.5729    636.3038
      834.1389   1234.1879   2128.9932
      109.0944   1953.1263    204.3262
     1636.9072   1719.2618   1833.9965
     1663.6499   1831.0508   2081.1794
     2176.0073   1453.8999    235.7554
      211.0081   1671.2019   2184.9048
     1740.3710   1361.4427   1045.5703
      206.1511   1338.8641   1105.4592
      643.3824    221.1406    924.9623
      647.1136   1443.4381    663.9426
       19.7740   1933.9248   1513.4968
     1277.1711    860.1544     56.2400
     1481.7576    780.9645   1248.7418
      967.5887    222.5125    641.8872
      177.2128   1844.5730   2011.5598
     1368.8834    541.0567   1709.0063
     1030.4539   1661.8815    192.5606
     2187.2012   1074.6808   1810.1654
     2089.9910    981.4792    471.8093
     1014.1826    154.5224   1871.5952
     1370.2673    414.5029   1192.1227
     2258.9956   1665.9856   1559.9861
     2087.2134    106.1586    439.8023
     1304.7545   1401.0249   2154.6853
     2146.0164   1343.7914   1897.9751
     1730.5779    163.9608    241.0092
     2163.2981   1311.3870   1302.8207
      835.4879   2195.0930   1106.5900
      502.2562   1794.5056      7.4955
     2065.9292    101.5827    930.7401
     2163.7847    352.0665    839.0908
     1994.8505   2021.7212    479.6334
       75.7410    195.8894   1439.8826
      548.3190    381.1171   2000.9148
     1758.4282    942.6913   2243.9224
      731.1803   1710.6456    982.1835
     1824.6227    613.5742   1761.9302
       57.4454   1666.4960    109.8936
     2154.2932   1754.2709    583.1312
      598.9222    691.1283    102.9635
       40.1066    631.1691   1969.3372
     1382.4624   2022.9384    754.3926
     2069.8545    520.4283   1853.9354
     1859.9906    915.2135   1969.8624
     2042.7009   1561.1606   2135.3862
      912.9250    552.7497    721.1308
     1304.7218   1377.2152    316.1678
     1420.7780   2211.4067    177.7620
      481.6193   1365.1161   1015.9432
     1979.2157   1362.9026    111.3344
      953.5045    524.5550   2128.3438
     1775.5232   2003.6930    690.9551
      304.7290   1750.1398    698.2327
     2203.4619    434.9562   1451.3278
     1977.1040    329.8200   1094.4565
     2096.5698   1259.5648   1635.9586
      942.0094   1141.0424   1916.5305
      231.4291   2230.2708   1749.5607
     1363.4951   1660.1697   1724.0846
     2231.2793    485.4126   1046.1953
     1132.5641    321.7042   2156.8914
      472.0622   1605.9852   1724.7300
     2035.4778   1517.6499   1526.6980
      730.4374   1890.0907     78.1336
       33.8669    707.5247   1488.0530
     1878.3611    595.7416    408.7687
     2039.5287   1668.6271     93.2261
     1633.2886    791.4204   2054.5146
     1866.7936   1084.2740    944.2690
     1369.9934    254.7558   2085.0374
     1432.1134   2254.3857    994.1912
      535.8687   1102.1812    405.4861
     1459.0438    287.2286    827.9040
     1951.2736   1038.6342    672.5151
     1601.3464    663.6505    470.8999
      257.3208   1939.6847     17.2766
     1894.4498   2187.3184   2262.4543
      868.4961   1239.0742   1084.1598
      720.7327    675.3609   2145.5544
     2178.9880   2204.2827    768.1747
       91.9689   1476.4349   1298.3418
     1666.5609    432.4495    303.7178
     1141.1428    413.5623    983.9695
      414.5518   1517.9202   2240.5830
     2160.1372   1160.3837    153.8387
     1218.0713    148.5930     74.9509
     2083.6636   1074.1101   1431.0336
     2245.7700   2123.1575   1704.0212
     1827.4554   1395.2502    348.9518
       73.2337   2123.0862   2185.4084
      962.8980   2051.6816   1527.5945
      380.5890   1214.9965   1967.2048
     1473.5074   1396.7555     88.9709
      957.5485   1873.8632   1721.3057
     1659.3110   1224.1179    234.4164
     1818.7500    243.7509   1618.3789
     1898.5930    530.5278    877.9181
     1032.8226    595.4069    492.0588
     1586.4496   2152.8547    601.3295
      189.8552    338.5398     94.9401
     2075.9089    637.4633    135.5993
     1647.5575     86.5585    954.5492
      270.5354   1352.2770   2122.2522
     1400.3140   1889.9009   2159.6541
     2250.3728   2011.6085    488.7824
      294.9530   1119.4069    532.4559
     1937.9794    812.6293    815.6094
      278.8066   2002.0936   1496.8499
      585.8202   1774.3762    287.4798
     1646.4126   2081.9399    906.6339
     1928.1089   2122.3040   1676.1510
     1599.8215   1646.8002   1245.0706
     1908.0839   1455.7926    591.6341
      358.4571   1568.3882   1238.6025
      298.3738    468.7091   2128.1860
      353.2299   1749.5577    186.4993
     1019.4879   1822.4755   1075.9094
     1871.4825     30.8774   1416.3600
     1652.3561    438.0898   1576.0916
      761.6935    555.9255   1924.3335
     1495.1180    183.2409     18.1420
      200.7643    923.5771     96.7933
      606.8978     23.1641   1107.1240
     1466.2618   1873.7563    947.9306
      561.4905   1123.0634   1093.1998
      544.2187   1027.1478   1740.3534
     1860.9241   2221.6816    876.5322
     1826.3771   1696.1661   2236.3455
      383.6215   1125.2120   1493.1377
      908.7072    752.8182   1947.5403
      711.5922   1875.8065   1518.2402
      472.1477     22.8724    174.7275
      449.4641    430.2064    840.9625
     2103.2073    811.8668   1270.6128
     1604.1062   1546.5111   2049.5706
     1163.4907   1110.1420   1213.6261
     1508.3525   1122.3947     68.4832
      838.7971    530.2369   1708.3198
      669.0923    415.6385    734.1498
     1649.1510    481.7194    831.4968
       61.0764    125.5098    954.3569
      759.4595   1897.5581   1203.6790
     2144.2043   2114.1704   1059.2560
      798.0912   1602.2288   1407.8668
     1699.4181    661.6254    175.3763
      318.8530   1260.7917    842.7009
     2007.3837    763.4000    587.4901
     1513.1958   1065.0133   1601.7867
      160.7772    396.8204   1646.3395
     1147.4321    412.3635    671.5786
     1769.1470     21.7668   1824.9507
     1640.0735    452.4201   1325.1349
      487.5346    926.9994    598.3723
     1529.9216    594.7888   1037.4150
      797.7528   1687.9045    751.7126
     1817.0392    536.0118   1151.4330
     1459.6028     32.4638    746.2027
     2004.5361   1908.6910   2119.9238
      415.1990   1993.3290   2064.0710
      651.9806    382.8015   1377.3708
       58.2199   1110.1019    611.0141
     1262.5599   1200.6420   1918.6846
     2200.6196   1447.9620    477.5549
       74.1926   1240.5514    352.9842
     1097.0475   1258.3138    246.9162
      776.2076   1980.2706    702.6674
     1825.1487    353.6769   1836.9877
     1935.1187    462.8073   1552.9006
      324.4338   1340.4583    411.3177
     1759.8717   1584.5697   1624.8195
      244.0895   1089.8804   1788.5258
     1238.5548   2245.0730   1286.4303
     1300.1550   2038.9088    489.4119
     2015.2358   2003.9041    760.3170
     2030.3884   1623.4100    413.6944
      188.5517    162.4654   1939.8284
     1475.8142   1655.7751   2259.6292
     1858.0579     64.1551   1151.0220
     2042.6189   1268.0887   2139.3838
      806.0973   1112.5911    286.1858
      568.8287    158.8330   1650.9617
      397.8891    319.1872    381.9662
      914.5717   1458.1252     35.1781
     2004.9702   1870.3380    296.7426
      969.4707    851.0906   1431.3799
     1148.2303   2185.0100   1527.4878
     1330.6368   1428.9594   1323.4968
      396.6289    746.6359    261.4123
     1111.8364    932.4582   1889.1729
     1695.8660   2163.5806    155.7180
      807.8206    584.1794    365.4788
      945.7122     63.3664   2190.3655
     2246.8403    454.8781    505.8942
     1084.0959   1224.6329   2097.0425
     1532.6498   2219.9546   1351.8108
     1579.2737   1633.4897    992.8354
     1351.7067    965.8846    815.9483
      303.6747    653.3521   1622.3600
      157.2032    879.7836    962.9080
      429.0983   1243.5011    191.8492
     1216.3073   1782.3359    875.0069
      695.2000   2106.4829   2078.8782
      687.0198   1579.8431   1877.5220
      935.5336    832.9951    357.7209
     1116.6493   1081.1141    711.7980
     1716.6342    852.1494   1687.5054
     1177.4614   1204.3149   1455.9816
      950.8280   1676.6222   1848.8110
      991.6184   1816.2578    811.3404
      175.9396   1570.7587    590.8880
     1020.3474   1971.5100    207.5874
      178.0068    884.5041    633.4200
     1402.8755   1490.2771    487.0730
     1939.3788   1917.4891    987.4174
     1217.6562   1512.4257    127.6420
       48.3528   1687.7694    816.8397
      545.0131    998.6003    166.2707
       82.9727    150.1779   2167.1384
      867.8015   1594.1018   2089.9021
      167.8345    317.2856   1120.3800
      892.3584   1410.6172   1903.3002
      392.3568   2231.4326    580.4645
      898.2637     41.9130    427.5837
     1775.8633   2026.1014   1984.5342
     1718.0992   1830.0739    834.4313
     2075.0432    163.3802   1503.6711
     2008.2428   1714.6724    851.4415
      560.9660    624.6334    421.0468
      348.7921     46.6431   1056.3864
     2140.2148    912.5567    202.9162
     1511.9771    830.6689   2252.8936
      268.4518    751.6388   1143.1396
     1019.5798   1110.2631    448.9276
      495.5232   2215.8081    835.4694
     2125.2012   1568.5623   1272.3362
     2086.5552   1875.9548   1686.4462
     1779.3992   1082.7848   1552.4526
      175.2930   1139.2837    148.1326
     2031.4720    104.8568   1733.6953
     1295.2748    185.1351    632.1858
      400.8800    816.4229   1786.9143
      749.7612   2195.7732    853.6461
     1830.6808    845.4309    422.5141
      509.8455    427.9586   2241.3984
      190.8799    676.8152     20.7702
       35.4416   1959.1469    721.2163
      711.4572    375.3057    477.6473
     1429.4308   1869.2560   1841.4327
      484.4298   2108.4419   1851.9288
     1136.4126    624.3450   1904.3542
      324.7862    722.8812    813.1272
     1509.0062   1255.3138    446.0670
     1515.9944   1094.8140    691.0850
     1665.5294   1131.7316   1214.2075
     1832.5100    280.8012    889.4855
     1383.8809    857.7155   1873.5786
      322.5934    725.5057    482.3900
     1404.2086    516.9333    240.2175
     1982.9224   2166.9827    269.7144
      942.4520    750.2976   1678.4656
       69.5075    379.8277   1946.6343
       12.9282   2037.7799   1278.3132
      720.9658   1712.7188   1658.6525
     1772.1532   1236.5914     50.9798
     1030.5864    799.2144   2239.4529
      511.3936    823.9774   1238.5037
      903.3641   1421.6064    286.8468
      808.4877   2248.1953   1575.6251
      771.6284    988.3182   1553.1230
     1529.5719   1547.3533   1528.7838
     2020.6239   1281.1198   1082.5778
      330.7964    274.2890   1769.0986
      608.1874   1016.2710    826.1816
     2234.2842    793.2103   2229.1030
     1534.0193    878.0065    929.6558
     1045.2728   1004.4738   1572.9167
      209.4823   1431.1909    128.9537
     1133.6776   2004.1046    709.8545
     1124.3837    236.2761   1173.4991
     1910.1295   1773.6094    610.9316
      323.1773    527.2688   1858.1635
     1688.8124   1698.4635    512.9589
     1104.0818   1489.5670   2020.8640
     2126.8242    337.2993   1694.8181
     2025.7399    526.8674   1306.9575
     1208.9600   1999.1031    979.5059
      638.8572   1833.3035   1900.7468
      469.6197   1926.8778    582.9763
      224.7509    469.4610    386.8316
      529.6592   1279.1986   2209.6582
     1312.0582    763.0217    965.9704
     1674.6140   1412.8615   1318.6194
     1364.7932   1646.0294   1971.2317
     1149.2625   1922.1804   1447.0970
     1414.0795   1004.9302   1118.4025
     1863.9352   1195.4978   1328.4841
      277.2399     77.5265    387.3338
     1845.5427   1336.0084   1562.9825
     1288.0787   1771.7189    623.6205
     1200.1522    845.9304   1206.1337
     1478.2372   1354.1195   1145.4640
      619.4156     67.7481   1419.8997
      916.1404    164.9386   1020.1893
     1672.3081   2205.9868   2104.1467
     2096.0337   1266.3007    615.6369
     2055.6738   1252.0059    389.7221
     1278.7728   2055.2791   1925.9760
      745.6851    473.4700     41.3665
     1602.1965   1467.8259   1781.4973
     1008.9145    410.2838   1865.6569
      742.0040    198.2538    271.3347
      717.0405   1630.6993    443.7103
     1877.2284   1936.8206     51.3841
      545.2930   2096.0417    400.8463
     1598.8807   1800.2633    187.2247
      996.1714    136.8792   1619.9207
     1285.4789    263.1215   1840.7168
      237.0139   1640.4895   1587.5504
      588.9983   1203.6531    651.0439
     1793.8412   1725.3456   1391.8341
     1224.6450   1168.7423     30.0461
     1147.1863   1492.7950   1775.6541
       34.5888   2248.0789    525.6058
      451.5581   1275.5863   1706.8632
      379.0530   1429.8486    669.3430
     1354.2334    510.2812    869.5667
     1173.2209    303.0078   1643.4333
     1806.2834   1667.9856    280.4998
     1189.1984   1815.3859   1862.3003
      260.7306   1568.3108   1887.4426
      920.6746    541.3987   1429.5625
     2240.6501   2025.9083   1985.3008
      850.7860   1012.4866    954.6699
     1968.8036   1170.2582   1921.4722
      363.6715   1082.9166   2254.3523
      401.5544   1607.5076    459.2617
     1542.5239    215.1815    492.9127
      720.4323   2229.9773     59.8511
     1199.5734     56.3729   2052.4036
     1106.3094    549.4977   1658.2595
     1705.8916    897.5206    705.0265
      503.6195   1849.1854   1237.1930
     1427.2882    199.2302   1309.2013
     1329.6398    209.4859   1034.1232
      327.6183   2015.2533    812.8517
     1306.5908    777.5160   2090.0876
     2010.0319    205.9054    706.5645
     2066.1228   1807.9044   1443.3358
     1702.0444   1985.5023   1764.0541
      688.1595   1775.2030   2143.7515
     1701.4556   1848.0463   1126.5494
      627.8453   1612.3713   1218.1815
     1527.7286   1304.9430   2066.3984
     1707.8606   1115.9478    493.4809
     2156.7886    929.6465   1000.9011
       48.2737    890.8149    390.7809
     1725.0769   1488.5830     97.5614
      909.6450   1618.4283   1138.2119
     1004.5610   1370.0731    797.6531
