      898.9048   2074.1597    432.8597
     1292.8400   1153.4159   1683.5917
      267.5352   1286.8359    699.2874
     1197.2202    910.9127   2025.4437
      614.3419   2128.2302    528.9051
      349.7881    420.5020   1562.9916
      916.9513   1317.5168   1114.5942
     1746.9508   1629.5878   1222.9224
     1287.2711    395.2830    923.2445
     2080.2639   1887.7394   2149.9641
      509.7398   1532.1445   1343.7417
      543.1434   1055.1207    117.6864
     1008.1613    803.9249    419.0093
     1262.9554   2071.8203    965.7960
     1887.1774    471.3486    882.2329
      162.4188   1445.0615   1946.8307
     1255.6672   1478.6390   1919.4009
      792.2709     29.4430   1479.3070
     2251.0464   2105.9551   1443.3521
     2245.3020    502.0552   1834.8828
      965.2166   2165.8142   1050.2776
      282.3850   2170.9558   2044.6801
      201.3126   1092.3208   1941.8491
      863.3016    431.8998   2240.7673
      877.2064    692.6122     83.3340
      178.1878   2245.4893   1125.5702
      514.2127   1918.9988    936.7440
     1713.9241   1766.1659   2225.5305
     1929.8964   1713.8981    216.9791
     2066.5840    591.4986    261.7943
      525.5666   1198.6975    538.9561
      798.7137   1525.0581    734.5679
      270.3571    164.9247    303.6887
     1400.7432   1717.2542    549.2639
     1291.1841    711.2881   1658.8317
      773.2581     65.6909    319.9315
     1650.7089   2041.5652   2062.1843
     1002.3787    742.2604   1961.5093
     1994.9738    239.3736    452.7883
     1972.5997   1430.7316   1748.2948
      460.7304   1677.8682   2032.9144
      837.1934    352.2887    337.9019
      768.8939     75.2619    805.7842
      288.2171   1751.3777   1123.8030
     1773.0087    185.5924    712.3282
     1883.5438    366.3518   1873.7789
      765.1872    247.1882   1082.0990
     1692.2307   1092.1710    230.2160
        6.0105    226.4658   1680.4750
     1616.3979   1119.4858   2179.3032
      555.9254   1175.0963    869.5103
     1290.5521   1414.1608    309.9487
       94.7973    707.9529   1172.2360
     1793.8575   1397.4899    391.8282
      935.4754   2230.6853   2053.8254
     1592.8176    700.2084   1428.1221
     1144.8457   1334.9463    951.6309
     1663.5162    326.3435    150.6813
     1842.1968   2003.9958    423.7917
     1906.2910    419.0350   1518.7417
     2076.3823   1847.8844    659.5645
     1462.7877    216.6425   1121.9298
      299.6594    349.0331   1829.2733
       84.7775   1123.9911    856.7738
     2094.6680    568.5441    644.0196
     1550.9280   1094.4697   1164.1960
     1372.1648    886.7214    612.5215
     1105.9841   2163.9412    727.4681
      772.2104    618.8962    874.5103
      825.8614    750.9735   1581.5989
     1225.2939   1407.9310    639.0724
     1835.2655   2132.6455   1831.8369
     1668.1111   1311.8845   1853.8108
      175.1931   1823.4374   2062.6187
     1443.6067    627.7244   1156.9409
      467.0502    299.9754   1257.6984
      644.0670   1679.4623    973.0582
      496.2807    342.3730    855.1357
      682.9064    809.9630   2170.1902
     2160.7378   2061.1355   1081.4243
     1612.3187   1150.4608    635.8695
      949.8889    859.5296   1197.8270
      722.1094   1985.3871   1287.2289
     1250.6169    205.7803    193.7722
     1924.6952   1338.1586   1470.8999
      560.0767   2238.5632   1336.5671
       87.0776   1661.5048    353.3214
     1135.1462   2034.3053   1737.2655
      822.1122   1058.3451   2156.5618
     1328.9155    437.2347     52.1678
      448.1176   1701.0557   1641.9186
     2204.1914    353.8011    948.6605
      568.5952    528.3797   1085.6041
      901.9420   1488.7440   1744.4540
     1592.2258     27.1344    305.8309
      986.0264   1790.2598    940.3199
     1039.0729    301.5416    672.4833
      250.6839   1398.4974   1490.9867
      211.4772    419.2878    120.1186
      664.5010   2031.5735   2240.1104
     2204.0474    852.4887   1933.4962
     1184.7500    523.0198    346.8617
      902.8483   1772.9188    540.9277
     1673.3925    619.1969   2229.0286
     2217.4990   2139.4875    631.0417
       79.3278   1397.9272    196.7849
     1273.7778    356.8726   1777.8081
     1715.1233   2037.0107   1040.6335
      602.8550    161.5634   1986.8976
       59.7207   1271.6448   1217.0642
     1394.8938   1304.5095   1275.7373
     1300.8507    876.3699   1331.6295
      144.1441   1805.6992    682.8284
     1885.9026    699.8417   1786.0735
      492.3353    317.7482    202.9887
      345.9033   1437.0685   1071.8865
      555.7784    571.2045    499.1719
     1673.8710   1754.0994   1657.2351
     1160.3506   1552.0509   2193.3342
     2124.5940    948.6562   1206.3516
     1764.7598   2150.1477    664.5854
      399.9732   1872.0463     76.6453
      228.4212    569.0612    497.8541
      576.1476   1226.2002   1314.3146
     1614.0095    515.0699   1636.9148
     1974.6866   1825.3765   1555.2207
       24.4582   1092.9489   1516.3092
     2081.5139     31.2160   2247.1052
     1523.1748    591.7861    826.8764
     1951.7524    774.3956   1484.5236
       57.4945   2207.2517    225.7681
      121.5019   1148.1718   2251.4092
       24.5161    308.2292   1338.9362
     2133.2070   1210.7966    314.2865
       24.6780   2019.3458   1725.9561
     1068.1655   2061.3140    108.7297
      158.0375    243.1132    787.2537
      274.9889     99.3939   1419.2002
      382.9372   1986.2692   1447.8373
      584.9701    131.4668   1682.2219
     1726.9020    438.2746   1174.1207
      620.5653    222.4603    543.4100
     1056.3081   1161.5421    552.6937
      322.6044   1393.2740    429.3499
      130.8834    962.6813    247.0849
     2104.4258   1533.1948    774.8145
     1114.3151    701.4218    815.5499
      476.8804    720.9067    182.0667
      746.6522    979.2537    263.0301
     1466.4684   1636.2726   1156.5972
     1604.2953    868.4173   2037.3070
     1357.4307   1821.9648   2000.6593
      784.9398    372.3860   1422.5669
     1879.9647     25.8046    160.4184
      786.7939    991.9158    918.6169
     1450.7534   1573.1958   2215.1804
      633.0413   1894.8207   1938.2996
      790.1902   1971.2905    832.4794
     1314.0859   2109.3015   2182.8977
     2151.2209   2138.6353   1946.3394
     1535.7758    535.7676   1937.8859
      174.5187    711.7884     49.7780
      511.2110    864.5455   1969.1561
      499.3532   2164.1096    267.0577
     1967.7417    691.6568   1128.0112
     2168.2073    563.5187   1510.5630
     1934.0178   1071.4688    620.2880
     2014.7849    840.1154    176.1478
      715.7574   1863.6991    238.7833
     1554.6851    309.0168    518.3696
      373.3858   1550.4922    178.4800
     1494.2881    718.1158    224.3201
     2044.6056     59.2768   1031.5638
     2223.1541   1727.7886   1068.3245
     1224.1279    915.4369    258.2296
     1166.1919    449.3709   2051.1521
     1947.0751    335.8629     27.2099
     1123.2976    413.0390   1482.9475
      318.9288   1072.7317   1496.3230
      805.3727   1872.3156   1602.5277
     1815.9979    923.3345   1187.2539
       67.5793   1636.8193   1683.1906
       84.4710   1631.2672   1378.8126
     1101.2438   1197.0646   1275.9949
     2007.1166    314.5931   1263.3217
     1166.5798   1921.1924    390.9249
     2193.2876    813.6987    836.6329
     1307.7727   1073.9130     23.3713
      771.3599    938.8085    593.3679
      464.1447   1265.6089   2101.1636
      431.5457   1782.8601    437.0382
      962.3160   1790.3031   2155.4683
      394.9604   2122.4407   1802.5916
      878.0579   1638.9357   1216.9500
      995.5668   1455.5614    249.2898
      733.1042   1377.9734   2024.0250
     2082.0879   1119.2590   2143.4373
     1739.1949    768.1588    673.4769
     1922.9810   1043.9629   1810.7456
     1658.4867     39.1022   1386.6552
     1543.8701    843.5328   1707.1705
       62.3278    449.6991   2136.7229
      289.1344   2181.4670    597.3791
      672.5397   1633.1832     41.0166
      572.0464    497.8219   2028.3638
      983.1725   1995.9614   1374.1249
      697.2144   1444.0273    417.8622
     1916.3429   1547.1713    989.4317
     1452.2500   1896.1422    767.9945
      224.5454    566.1901    955.7437
     2047.3945   1386.5437   1207.8799
     2209.1123   1490.9641   2226.4578
     1426.6097   1710.2793    209.3833
     1623.6278   2033.6201   1563.0304
     1251.6572   1720.7997   1691.8826
     1531.5656   1322.0767    935.7961
     1704.3883     59.7366    977.8554
      468.2393   1403.6801   1664.1091
     1730.3358    572.6142    352.5875
      963.9387    989.9919   1599.7644
      208.1149   2041.9634    989.3773
     1015.1965     68.0834    111.6253
     1143.6532   1402.5126   1446.1057
     1137.2603     72.8819   1670.8098
      447.3629    731.3558   1333.1108
      748.5781   1258.4927    169.1995
     2046.1136    646.7783   2148.1309
     1826.0533   1472.0338   2192.0862
      517.6146     54.8561   1018.6968
     1117.3136    549.4254   1117.8976
      744.0760   1308.6787   1571.4768
     1575.9133    165.7467   2165.8472
      413.2596    225.4138   2173.7886
      194.4454    887.9657    631.7220
     1692.3212   1129.6495   1499.6793
     1336.0686     68.7700    880.4086
     1973.8936   1773.6473   1889.9965
      466.7745   1057.2148   1749.5262
      801.1854    393.2922   1765.0094
     1171.2065   2241.9258   1212.5760
     1355.6632    201.7874   1442.3867
     2246.8247   1923.5812    142.7286
     1261.1128   1673.3048    893.5511
      564.7906    624.9364   1741.5735
      336.2016    919.5651   1086.5125
       69.4568    123.1255   2152.7371
     1944.2900   2231.5488   1397.5100
      276.1128    728.6884   1698.0782
     1741.0490   1821.7794    631.6545
     1582.8071   1434.7223   1558.7998
     1174.1743   1656.7694   1235.2377
     1312.9059    926.1232    980.5788
     1356.3679   2020.6672   1232.5698
     1587.5547     98.8057   1794.3926
     1387.9694   2159.5859    537.0396
     1581.2412    998.4319    865.7024
     1024.4152   1243.9882   1885.4913
