      878.9616   2120.5283    480.1944
     1295.5901   1078.5079   1448.5652
      212.7183   1007.3770    444.8630
     1116.1932   1033.2566   1748.6204
     1104.5986   1964.0165    605.7800
      206.9955    701.3147   1126.5563
     1301.1674   1469.6786    982.8823
     1303.6969   1980.3534   1236.7893
     1649.7219    445.8320   1107.1748
     1375.5271   1994.9602   2155.7642
      949.7277   1516.6469   1473.8418
      642.1907    756.4639    105.9068
     1286.6305   1217.9703    434.8968
     1141.4426   1829.3749   1008.5793
     1672.2477    727.4304   1123.2981
      142.0105   1475.4280   1963.2223
     1244.5920   1524.0311   1556.3510
     1000.2558     99.7470   1302.2922
     1854.0055   1863.3909   1822.4265
     2226.0171    318.7526   2014.1750
      880.6267   2183.3816    810.8950
      754.5154   1842.5997   1743.3544
      212.1093   1179.9884   1960.0905
     1196.2535    661.4023   2097.4050
     1404.4573    713.2600    662.5888
      127.0085   2146.0083   1413.6747
      383.2454   1453.9614    568.8826
     1536.3179   2180.4111   1743.0905
     2086.6746   2012.8827    129.8175
     2193.5718     45.5324    172.9137
      365.7661    715.2948    555.7979
      193.2691   1387.8204    830.6326
      600.1640    448.3676    624.2803
     1547.6273   1586.3894    640.9606
     1171.7931    757.7480   1670.5085
      685.4669    197.4809    402.3192
     1218.8827   2257.9731   2242.2502
      926.8875    855.7851   1752.9128
     1476.8455     21.4308    668.4875
     1496.4994   2232.6873   2059.2139
      296.7274   1454.3396   1675.9763
      596.1074    520.0912    358.9779
      387.5308    384.7130   1038.6766
      132.7635   1935.1774    738.7134
     2043.9941    176.9811   1625.7600
     1882.5093    254.7971   1798.8638
      966.5180    481.4168   1171.8655
     1467.2799   1397.0261    241.2540
      173.2461    405.3340   1480.4670
     1438.9532   1235.5828   1916.2809
      519.2238    861.2481    724.2272
     1148.7051   1383.7272    107.3061
      400.6282   1037.1858   1203.5389
     1822.8286   1005.0670    187.3041
      693.8093   2102.2144   1850.9747
     1940.5383    830.2184   1512.8478
     1610.9423   1393.7235    856.0403
     1591.5452     30.1456    101.3176
     1574.8495   1896.5461     39.2214
     1893.5616    595.3417   1235.6882
     2088.8022   2175.6587    561.7227
     1944.6918    889.1113    792.3152
      122.6996    112.3624   1607.6310
      234.1919    899.8017    757.8262
     2249.8501    486.5061    312.0304
     1543.0568   1098.4200   1426.9525
     1459.6600   1018.4162    209.6157
     1198.9900   1694.3649    320.4286
     1132.8494    272.4331    875.8307
     1123.9315    625.6560   1367.0525
     1364.4421   1350.4951    652.6122
     1867.9015   1813.1106   2094.9719
     1690.6675   1255.1555   1286.9229
      541.4722   1621.8833   2231.1658
     1377.8439    395.0189    775.4393
      531.1525     87.4677   1840.1052
      819.5679   1155.8003    268.8737
      182.1915     11.5222    968.7663
      635.5552    490.5735   2095.3601
     1687.4728   1816.0822    798.7816
     1936.0472   1581.5436    859.8521
      963.5812   1157.5034   1138.5873
      448.3054   2173.4302   1058.3154
     1417.3691    749.8732    175.8717
     1756.4673   1315.0028   1664.9762
      750.3804   2227.1855   1215.5813
      159.5323    814.3211    127.6127
      768.1323   1794.2529   1466.2581
      892.1649   1278.5021   1707.8734
     1010.3619    251.3619     16.3880
      310.1111   1575.8779   1388.9067
     2074.9712     17.3947   1251.2023
      274.4944   1635.6191   1100.1323
     1276.4285   1561.1138   2048.0305
     1901.1223    104.5326    166.9714
      803.0585   1677.0405    432.0577
      893.2513     93.2317    613.1403
       65.1330   1310.1097   1662.8546
      253.2980     64.6994    234.5623
      450.8133   2143.6211   1983.7172
     2257.2688   1334.9700   2151.4836
     1551.5941    634.7483    906.4174
      991.6355   1468.8618   1094.6266
     1569.6775    477.6656   2184.7559
     2128.8809   2072.5388    890.9178
       49.1269   1366.8297    482.0056
      932.9832    574.7122   1732.8256
     1536.2731   2109.5000    992.2606
      824.6293    345.6181   1923.5365
       70.8244   1132.0516    712.0451
     1491.0493   1471.0543   1824.1830
     1310.8973    122.7898   1574.9484
      573.3148   1771.2822    990.7800
     2188.2668    627.6471   2257.5129
      257.0029    375.2848    271.0663
       20.7837   1689.3370   1129.9237
     1371.9164    575.1464    383.4399
     1628.5013   1952.7571   1653.5211
     1200.6970   2143.2273   1918.0330
     2193.9402    938.7461   1501.7002
     2030.8424   1807.5707   1022.3925
      519.4807   1241.6624      5.5897
       86.4322    127.8284    475.9018
      730.6807   1020.2287    855.8849
     1887.3088     21.0360   1972.5999
     1471.5933   2252.1265   1383.5973
       85.5717    890.1064   1289.5270
     2238.0610     72.3502   1825.5758
     1499.2551    999.7978   1145.4827
     1671.4838   1065.9135   1861.5192
      627.5412   1915.9056    588.1852
      145.0719   1060.4982   2260.4441
       81.0053    260.3078    779.7602
     2228.9817   1518.7052    726.5002
      218.6445   2226.6714   2039.4022
      959.2061   1925.8339    255.4509
      413.4111    236.8106    836.6081
      210.8049    222.3208   1875.5774
      526.6628   1482.3641   1069.9791
      412.8005    171.9174   1592.3412
     1181.9835    296.8209   1301.9366
      847.2440    360.3042    478.2605
      874.6380   1294.9403    786.0934
      585.2548   1345.5922    784.3362
      944.2236    883.1902    277.9196
     2100.6755   1315.2594    843.3213
      965.2311    865.7935    540.3245
      174.4985    475.4411      3.5685
      776.9222   1000.2379     51.8223
     1813.9473   1844.9231   1481.4171
     1288.8817    474.2685   1548.6548
     1009.7111   1579.5640   1789.8003
      737.6486    265.1360   1673.3064
     1877.9164    514.2001     99.8455
      764.6046   1598.1244    926.6171
     1022.5390   1778.2489   2080.4402
      163.1323   1896.4125   1943.4833
     1228.7136   2198.4343    864.9161
      925.1121   2077.6433   2174.0620
     2110.0276   2076.8174   1890.0781
     1381.2434    826.9949   1878.7836
      152.0578    512.1267    576.4150
      238.6551   1298.2052   1324.6498
      332.6566   2120.7703    430.3332
     2169.1931    709.3804   1761.9578
     1649.7609    585.8146   1394.1097
     2057.3479    407.7906    693.7157
     1851.6396   1007.2618    485.0344
      627.1640   1887.7919    136.4556
     1114.9154    290.5093    322.2400
      452.5980    968.3527    280.5630
     1566.1375   1130.9940    461.0815
     1852.6224    240.8919    609.5984
     1910.7004   1165.0389   1498.8038
     1067.7812    629.9716    385.0091
      706.5231    934.1129   1178.0634
     1984.6366    580.4785    327.0372
      875.0773    699.4780   1266.5940
       22.8063   1160.1201   1437.3322
      463.8664   1911.0261   1788.7479
     1467.2186   1384.7081   1183.8335
      509.0446   2116.1638   1558.2919
      391.5278   1616.9089   1937.7697
     1022.4856   1049.5427   1479.3597
     2102.3101    373.4889   1413.4325
      896.1412   1705.1531     74.2041
     2090.0579   1483.1302   1109.4686
     1143.9784   1223.9072    762.1845
      816.0330   1096.5192    568.6765
      488.8691   1029.5404   2150.5347
      333.0278   1799.3413    451.4084
     1049.5048   1759.9313   1330.7195
      666.1042   2190.8037   2233.5166
      501.0870   1363.1339   1361.7845
      465.4254   1282.5558    246.1507
      597.6396   1333.0028   1954.5121
     1742.4004   1299.5024   1980.0149
     1170.8093    899.9185   1237.3792
     2208.3171    958.6075   2030.5844
     1630.0273    328.6375   1594.7463
     1422.9604    989.2374   2149.0747
       93.3075    947.8085   1789.0208
       33.8825   2215.7568    716.2439
      211.6516   1559.1581    208.6593
      347.3912    550.6604   1923.4675
     1368.7628   1761.8376    899.0153
     1015.2286   1251.1599    518.3301
     1588.2826   1726.1218   1050.4597
     1773.7878   1950.3436   1097.9882
      268.9939    921.6221   1451.3197
     2044.8611   1063.6321   1761.1726
     1754.1649   1552.1705   2129.8628
     1806.9370   1395.3920     75.8130
     1094.7441   1829.4633   1592.3275
     2073.9443   1940.5745   1308.6418
     1098.3043    992.3992    903.7895
     1862.0128    550.8913    868.1104
      571.1625   1095.2434   1439.5773
     1724.3868    375.6015    310.3561
      337.5176    516.4738   1289.8896
      251.9174   1912.0723   1347.4790
      804.4613    408.7115    131.5844
     1218.7889   1365.8254   1294.7944
      449.6523    462.6544   1638.1489
      486.1662    847.2584    966.0446
      740.5781   1411.5540     48.3849
     1885.4608    521.9304   1590.5311
     2082.2529   1568.4125   2173.1155
      579.0587    196.0461   1106.2498
     1571.4929    296.7184   1896.2662
      588.6274   1900.7944   1232.1034
     1715.6942    222.8759   2187.5344
       50.1376    581.7711   1964.3772
       10.5046    715.5770    754.2854
     2220.0068   1472.6146   1365.8599
     1415.9053    202.3198    965.1128
     2145.5122   1783.6428   1914.2090
      413.5342    849.7839   1850.2319
      667.4730    575.9191   1416.3459
      999.8141   2223.6621   1063.0781
     1272.8583    194.1961   1867.8064
     1933.4366   2158.5454    337.7018
     1132.4556   1583.6346    829.4023
      678.5256    642.4003   1764.1135
      193.7054   1039.5726   1015.8008
      182.8948    164.2734   2216.4160
     1547.0255   1843.3800   1328.8542
      164.2801    624.3423   1686.1740
     1725.5684   1433.3965    593.0650
     1985.8068   1554.9296   1866.0746
      780.4637   1699.0010   1202.0828
      937.9470    825.1744    968.0170
     1836.0963   2087.1719   1356.8286
     1731.3430    498.1496   1925.8837
     1746.3844   2089.0410    569.0607
     1639.7430   1116.6135    888.5137
      608.4974   1292.4208   1646.8719
     1103.3199    509.5180    639.4010
     1068.8348    234.4504   1651.1233
      636.1296   1022.2634   1817.8367
      694.0764    231.2068   2129.3523
     1416.2837    853.7797   1362.8552
      393.4875    322.4044   2059.2761
     2247.7698   2030.7499   1174.2955
     1707.8832   2064.0093    237.2475
     2180.4077    621.4106   1475.4990
     1226.7461   1730.9362     17.0877
      838.2217     27.9249   1511.1042
      340.2492   1155.7308   1720.2931
      364.7485    602.6933    822.4302
     1368.2222   1026.0062    715.3812
     2116.9055    330.3718     45.8067
      361.3734    287.3781    551.3862
     2033.3461    757.1015    570.5090
      931.2154    619.5549   2026.9902
     1992.5214    869.6188   1941.4447
      789.0641     50.2481    187.8134
     2132.9463     60.8577   2127.7412
      110.9799   1634.5009   1742.0765
     1314.9957   1681.7103   1233.9813
       46.4933    765.4650    427.0093
      775.5660    909.5028   1528.8903
      920.1103    645.4080     52.8701
       65.7126    511.7028    951.3774
     1633.4957   1856.7731    478.6779
     1199.9983   2239.7974    576.1689
     1662.6381    135.2773    472.2504
      118.2896   1200.2445    231.9853
      538.0428   1135.8517    560.2923
     1158.1127    977.8467   2006.8256
     1339.4240   2010.0939   1541.3669
     1831.5946    970.9383   1159.2634
     1965.3916    293.8108   2086.3782
     1416.7314   1029.6233   1724.5671
     2181.7031    995.2208    129.8040
     1957.8328   1198.6205   1245.0045
      561.7393   2232.5852    634.4847
      485.9494    482.0860     91.5241
      555.7426    148.1682    136.1316
     1229.8475    902.9484    413.5609
      295.6677   1681.3970    827.0994
     1944.3751   1149.4181    971.5581
     1362.0464    824.6565    957.3162
      916.0847    409.3968   1452.5928
      639.2093   2078.0369    331.6210
     1937.9258   1729.1516    600.2670
      861.1594   1277.8937   1362.5270
     1833.8215    574.3304    588.5317
      644.8541   1580.5300    664.4593
     1690.4995    736.6327   1825.7300
      301.4393   2236.3254    733.2705
     1336.6989   1173.5177   1064.8729
     1263.6837     59.8427   1173.4749
      233.1261   1953.6985    997.0993
     1656.3768   1701.1830   1793.3518
     1069.3834   2191.9246    238.4843
     2204.5215    977.3727    952.0458
     1416.8710   1733.7997   1600.1185
     1171.4325   1332.2853   1754.3188
      642.5460    483.8925   1093.5676
      296.0432    205.0014   1267.8271
     1278.0605   1716.8883    628.1639
      453.6094   2258.1943   1313.3032
      684.7678   1859.8887   2101.5188
     1480.6681    731.5861   2131.8625
     1518.6040    312.0340   1288.1333
     1306.4260   1991.7681    333.3571
      691.0701   2047.9493    979.1516
      475.3440   1124.0452    910.3415
     1433.6073   1332.6613   2203.8276
      964.1626   1992.0458   1870.7324
     1898.4343   2176.9023   1632.2830
     1627.8240   1530.0752   1431.0790
     1000.1003   1134.3971     13.7085
     1220.5902    490.0318    109.4282
     1211.8821   1162.3347    171.8881
      446.4737    718.8806   1268.2070
     2053.8975    264.9258    380.2768
      731.2687   1490.8215   1775.4628
     1458.3063   1283.1316   1597.1674
      902.2859    216.1749   1052.3044
      430.1864    742.2153   1589.7562
      706.0674   1379.3307    433.3004
      879.1122   1167.6466   1997.8818
      467.0148   1945.7240    761.4586
     1687.5338   2033.6935   1956.9478
     1503.4569   1717.5787   2074.6357
     2256.5945   1480.1062    157.4259
      247.8358   1367.7405   2258.1519
     1791.0549   1460.1296   1055.0743
       66.6199   1248.7899   1117.1243
      677.0669    262.3986   1358.4614
      921.6180   1510.2773    604.2599
      332.0590   1822.9766   1585.9144
     1195.9188    913.4074     85.8270
     1384.7900    597.9312   1249.7219
      705.4774    149.3500    831.3722
      358.0490   1938.3392   2169.9739
     1511.4989    672.2400   1627.2020
      964.5530   1470.9882    314.1374
     2142.1992   1344.0671   1921.3533
     2064.9902   1307.6897    491.2207
      951.0842     45.3361   1863.8529
     1294.0369    498.9298   1023.9953
     2164.2971   1923.9572   1617.4713
     2008.6982     55.9639    829.4404
     1662.4966   1091.2314   2244.5906
     2101.2349   1657.6481   1585.3809
     1342.8884    188.2202    475.5895
     1868.0576   1438.6920   1330.5140
      934.8695   1948.3522   1179.0244
      129.7898   1815.8866    199.7675
     1855.4894      3.3169   1023.7768
     2200.3074    148.6855    986.3801
     1686.6024   1697.8926    292.9227
       57.8291    109.5028   1299.9681
      356.8450    692.5271   2161.0061
     1729.3158    832.5447   2191.6621
      861.5381   1808.9558    802.4655
     2000.0496    552.0247   2019.6467
       28.4076   2077.2793    303.2623
     2111.1812   1910.9047    453.9204
      326.9476    650.8611    310.0079
      163.5080    845.5410   2067.1453
     1871.8046   2040.4009    819.3196
     2199.7451    404.4718   1694.1829
     1974.4642   1105.9169   2173.0852
     2193.3977   1820.7811   2184.2161
      688.8461    652.7316    788.6923
     1330.3864   1509.3202    469.2124
     1495.3678   2209.9741    373.8969
      554.9904   1623.7599   1315.1261
     1936.2607   1563.9102    312.2469
     1116.6025    409.2383   2051.2285
     1438.6912   1978.2538    698.1246
        8.1406   1690.0038    463.9477
     1803.6743    239.9699   1318.2925
     1665.8911    195.7001    849.8997
     2045.5511   1412.7424   1553.1807
     1105.3561   1315.0524   2040.9463
      208.7711   2107.1580   1724.1155
     1290.4225   1839.6232   1868.5364
     2090.2180    675.5255   1008.9122
     1380.2869    202.7842   2173.5325
      517.6627   1611.5146   1637.8579
     1854.0383   1678.2195   1258.9943
      509.6302   1617.1765    272.4679
       38.8371    459.2127   1269.5662
     1979.7479    764.9363    140.0636
     1884.6865   1799.5668    100.6334
     1712.8711    959.8207   1578.8326
     1821.3550   1177.7701    698.4776
     1346.8726    511.2549   1843.3807
     1675.0485   2258.0767   1213.0656
      689.4792    739.1514    489.5651
     1574.9241    387.3575    628.9627
     1689.4891    903.6012    716.5157
     1626.3005    780.5266    473.7381
      408.2602   2087.3301    120.1573
     1899.1608   2102.0823   2219.5229
      706.9007   1257.4435   1097.2839
      683.8423    834.3025   2046.9983
     2114.1304   1831.1334    744.1207
        7.3858   1776.5000   1409.0444
     1734.3184    710.2861    271.2008
      978.4102    528.4704    888.9426
      809.9253   1558.3281   2070.8047
     2181.6790   1076.4045    394.2302
     1430.3213    252.4151    220.6974
     2075.9746    875.6252   1228.0498
     2143.8809   2197.5310   1588.0909
     2042.3195   1248.4415    145.8773
       80.1886   2063.1460   2211.8752
      907.1271   2039.0948   1435.4200
      197.9460   1700.9581   2130.3716
     1582.6229   1599.8405     70.5756
     1110.3312   2201.5627   1604.0583
     1793.5707   1290.9290    320.9745
     1690.0930     72.2017   1569.8123
     1964.7554    312.3539   1018.2042
