      889.9609   2093.6282    285.2935
     1155.1102   1281.2793   1167.3760
      514.3665   1455.2876    362.2968
     1176.4120   1014.4964   1649.1710
      794.1303   2105.3579    543.5196
      389.0418    774.6912    819.2128
     1811.0535   1477.7684   1022.5178
     1376.1849   1897.5751   1215.1243
     1620.4139    420.9157    892.9020
     1347.0574   2115.4858   2176.6926
      703.1052   1455.5726   1406.2688
      749.0594    447.4553    272.6989
     1125.2321   1670.9865    411.0719
     1056.3143   2071.2871    547.9014
     1741.6776    993.9856   1144.2817
      112.1427   1384.3478   2107.1003
     1161.7272   1541.8639   1048.2653
      968.5698     50.7454   1389.0629
     2154.2065   1821.8531   2107.7131
     2033.9126    295.4008   2068.4885
     1108.5214   2175.5017    850.4702
      641.5739   2007.7106   1785.5320
      224.9196   1092.8593   2196.7058
      750.1400    951.3698   2130.9233
     1479.5867    852.5391    643.4785
      193.2893   2244.7971   1363.0566
      303.1114   1593.0431    836.5015
     1420.0525   2088.2354   1685.9548
     2085.8962   2096.9072     15.9813
     2079.6475    211.8826    239.4486
      683.7366    664.4338    629.7369
      197.7383   1360.0450    791.2258
      432.0386    269.2005    688.7737
     1823.1095   1509.1119    717.4779
     1277.5079    787.2767   1705.1174
      731.5336    263.7132    545.0816
     1094.4730   2173.2695   2074.9780
     1010.2155    387.6732   1402.7036
     1594.9930    339.4938    637.0074
     1362.6851   2240.7756   1917.2231
      325.5619   1404.9365   1506.6024
      857.4464    495.0143    522.7176
      522.7769    402.8540   1190.9327
      239.3774   1839.1799    893.9070
     1940.4657    106.1441   1404.5802
     1483.4708    298.2883   1835.0178
      925.5495    513.7316   1132.0391
     1369.5625   1196.3861    161.0240
      254.7919    465.8153   1305.1112
     1295.4966   1013.1776   2196.4690
      639.8255    886.6403    788.6229
     1234.6718   1468.2976    217.4775
      313.9361   1175.7896   1329.6044
     2010.4413    919.9063    106.6815
      769.0698   2221.8740   1862.9863
     1701.3834    972.4630   1418.8849
     1694.3295   1335.5518    570.3737
     1419.9073    183.4451    174.1750
     1520.6488   2030.1273    212.0731
     1898.9399    543.0295   1433.7301
     1879.0234   2220.3845    678.8924
     1862.2461    770.4565   1231.4470
       73.4013     32.9359   1559.2263
      197.6178    729.4766    676.5225
     2143.4470    511.7943    409.2841
     1152.7003    966.2159   1326.5017
     1443.7192    877.5388    131.2654
     1677.0721   1620.9923    432.1336
     1131.1466     84.2576    611.1677
     1528.6091    808.0066   1508.7474
     1357.3055   1317.7314    684.3963
     1592.6774   2003.7548   2211.6946
     1373.5409   1200.1537   1264.3839
      311.7267   1604.6866   1973.0374
     1536.9272    363.5718   1360.5248
      498.9917     36.1242   1914.5631
      736.2609   1479.2858    101.2507
      643.5070    157.9491    780.7448
      839.9690    406.6258   2102.6216
     1457.9611   1609.6217    639.1645
     2003.2351   1426.6486    879.1783
      968.5181    996.5000   1144.5398
      693.3947   1982.6989    755.8409
     1417.6011    607.0532    227.4416
     1491.5917   1208.5337   1480.6406
      711.7162   2260.2114   1218.5884
      394.6335    602.3678    172.8070
     1212.9036   1695.4602   1222.9955
      903.0189   1367.7285   1566.8170
      929.8213    370.8641     79.1470
       92.7743   1633.8010   1731.5055
     2034.0219    167.7934   1154.9227
      131.8399   1521.5039   1009.6492
     1324.0308   1543.7925   1761.7601
     1895.9095    364.9196     12.7824
      894.9205   1729.7830    480.5320
     1218.2102    233.4500    343.9972
      104.9310   1215.4176   1692.1809
      194.7363    116.4929     16.8241
      300.2925   1825.5831   1845.9111
     1959.4016   1150.3947   2231.6174
     1805.6158    608.3608    979.7064
     1014.2902   1445.3738    854.5997
     1639.6060    530.0034   2252.6479
     1965.1213   2082.6423   1193.3633
       94.5080   1150.4478    726.9680
     1282.6956    409.9255   1960.3656
     1478.0150   1865.9374    631.9208
      488.2029    566.8624   1837.2743
      254.3195   1175.9132   1001.7453
     1433.0286   1431.6920   1930.9026
     1379.1073     52.9385   1496.6954
      277.8006   1985.6370   1079.4911
     2180.1943    483.3732   2189.7415
      123.9381    475.0318    506.6027
       95.8211   1764.2935   1097.5797
     1359.5170    677.5687    466.8743
     1832.4236   1852.1970   1632.1584
     1122.4656   2181.2935   1749.7654
     2029.5109    896.9802   1751.0308
     1654.9154   2004.6125   1207.5662
      366.0158   1084.3483    153.5383
      109.9339    255.0994    230.9464
      837.5601    745.0268   1033.4365
     1624.6381     83.8705   1881.8051
     1583.1907   2102.7080   1445.5151
       86.9206    644.3475   1191.4575
     2248.0029     58.8339   2023.3895
     1091.2448    871.5539    923.7629
     1710.7891   1016.5593   1930.4556
      637.5676   2151.7529    323.0589
      194.5566   1161.3434   1940.0842
       34.1479     22.6642    645.1479
     2059.6292   1641.9026    710.2451
      317.2029   2207.6943   2106.5137
     1258.0232   1980.5111    127.4754
       16.3157    352.6360    739.1215
      367.1053    107.6299   1556.6405
      580.4760   1618.6565    901.8179
      534.2601    237.9286   1450.6965
     1309.3975    293.9731   1299.2985
     1141.1367    510.3637    413.8934
      820.1010   1469.2606    631.4010
      660.2339   1150.6913    916.3701
      983.1766   1439.1047    386.3180
     2214.4905   1326.8167    971.1726
     1048.8112    762.1160    565.5482
       98.0846    497.0152    216.1471
      893.1000    851.1705     84.2160
     2045.4751   1545.2617   1716.2301
     1520.4441    535.0959   1578.3315
     1347.6151   1809.6830   1748.8436
      308.4072    227.7067   1307.2720
     2116.3372    459.6089    158.4338
      675.2703   1889.9603   1146.5879
     1126.9875   1658.2684   2219.8193
       72.5005   1932.8275   1866.6827
     1304.7697   2128.4250   1060.6340
      904.0035   1994.0171   1892.7644
     1973.7798   2210.8684   1912.8694
      888.0240   1001.1066   1852.2515
      417.7488    560.1728    609.0429
       64.1773   1470.7067   1538.6835
      221.3690   2137.3660    136.3012
     2243.9946    688.9373   1792.9558
     1703.4576    638.0937   1377.7546
     2236.9043    598.1677    664.5799
     1979.6334   1216.6040    211.2246
      642.9385   1962.5770     66.9546
     1361.7605      8.7498    399.3936
      653.4028    693.5248    119.9454
     1474.2808    930.2483    371.2993
     2024.4730    439.0983    627.5005
     1765.8728    912.3252   1702.4747
     1071.4272    601.1500    174.6540
      763.5509   1167.7120   1301.0391
     1909.6113    404.6535    293.4864
      998.0073    754.6393   1249.7109
      559.9534   1263.6658   1467.8240
      220.4158   2025.7592   1705.5959
     1381.5487   1501.2490    874.7750
      482.2494   2226.6917   1406.4917
      751.6722   1646.2023   1956.1279
      751.1440    901.4612   1607.1577
     2187.8135    444.3965   1170.9180
      943.6783   1657.2107    170.8822
     2126.9102   1618.2495    993.7260
     1048.1100    955.1025    690.1053
      528.2167    820.0475    552.3096
      357.3425    864.4883   2253.9285
      415.8633   1746.0072    411.6727
      887.8539   1999.8477   1027.6544
      588.6686   2177.9041   2126.4434
       89.7290   1289.8334   1417.8853
      955.7978   1123.2633    478.8621
      505.3450   1518.3115   1900.9098
     1740.1119   1205.2295   2120.3525
     1144.6892    531.2443   1240.2260
     2255.1826    966.9886   1919.6401
     1239.9076    490.2966   1504.4292
     1396.5636    647.2822   2220.8113
        7.9491    935.3479   1675.9611
        3.7482   2240.4707   1138.3397
      163.1871   1720.2754    288.3944
      191.5212    872.5432   2037.0095
     1121.8168   1929.0021   1040.9369
      814.6589   1168.5236    676.7700
     1846.0830   1444.3345   1299.0149
     1414.5206   1688.7480   1048.4299
      382.4037    670.2643   1293.3286
     1943.5377    870.0477   1430.6992
     1902.3013   1677.8582   2045.6956
     1806.5763   1014.3171    147.3064
      824.0696   1938.3859   1477.8920
     2115.6230   1894.7737   1171.9095
     1255.4717    692.6557    751.4761
     1896.4098    656.5179    473.5128
      676.1021   1358.2334   1130.8344
     1820.1527    163.6703    241.1418
      581.6046    577.9424   1440.2727
      298.5073   1844.7058   1301.3799
      713.4249    244.1887     23.5117
      932.5397   1475.5532   1234.3328
        7.6866    469.2047   1705.5919
      425.3836   1009.1864    962.0079
      784.3431   1196.4579     18.7717
     1771.9078    665.2150   1613.5958
     1927.3567   1408.2900   2186.1257
      897.6556    460.6302    877.6826
     1472.1041    184.9669   2071.7529
      457.8879   1898.0790   1592.9884
     1831.9834    118.7428   2060.4036
      366.5798    766.6247   1887.7709
       54.2972    707.2194    934.1824
     2187.7700   1126.3665   1117.9940
     1891.2081    321.2187   1314.1788
     1985.2114   1367.8434   1890.6896
      408.7005   1009.4218   2012.9918
      619.6368    405.4918   1629.8037
      533.2972   2104.4529   1151.0258
     1707.6284    317.3030   2088.2817
     2238.8264   2240.8252    181.4841
     1155.2908   1538.7468    669.7542
      702.3609   1153.3413   1689.8322
      138.7820    983.4919   1204.3239
      172.4064    396.8816   2127.8557
     1762.8484   2253.3694   1232.3185
      249.9974    671.7423   1675.7722
     1832.3289   1183.5333    713.7625
     1854.6082   1150.4458   1838.8086
      462.2324   1615.5557   1405.0933
     1125.1329    639.7919    949.4539
     1825.3403   2062.7139   1446.1663
     1835.0135    543.2234   2072.5847
     1666.6256   1866.7454    400.5828
     1294.7841   1276.1512    967.3401
      660.6083    792.1190   1898.5646
     1196.3636    322.9410    606.7202
     1265.2203    120.8771   1751.0201
      570.8188    717.4392   1673.4630
      763.9070     97.7317   2085.3171
     1349.1958   1003.6935   1479.2516
      447.7253    151.9538   2169.0005
     2168.1953   2184.4492   1393.6658
     1802.2711   2253.4888    447.7782
     2157.9866    672.3555   1534.0236
     1406.0889   1789.2723     32.1862
      724.5363    311.1420   1890.5698
      502.0268   1015.8593   1501.1580
      618.7815    582.6060    941.6546
     1266.8127   1214.7324    405.2773
     2256.4854    249.6321     15.4565
      218.2968    218.7067    512.8298
     2204.4307    867.6268    750.5822
      898.1876    354.8365   1630.9401
     2055.9692    752.2287   2016.2059
      915.1757     87.7076    228.4408
     2026.8223     93.3961   2224.9988
       77.8446   1649.4989   1981.8628
     1278.6832   1646.5629   1493.7039
       64.5680    746.8867    329.0493
      605.8855    823.4336   1387.2681
      853.7551    610.5611     35.3671
      378.3247    572.7762   1057.7603
     1333.0957   1987.9454    384.0443
     1143.4323   2206.6187    319.1245
     1766.1379    455.9743    469.3776
       32.0599   1545.2406    128.9638
      492.7917   1091.4677    634.8961
      674.7208   1088.1005   1980.9467
     1160.1392   1909.8130   2167.5068
     1509.3837   1131.0076   1052.2092
     1953.9375    665.2733   2248.2812
     1486.1254   1430.5154   1606.1643
     2234.1680   1161.7677    117.5438
     1995.8186    948.1263   1031.1498
      507.6913   2078.9395    581.9930
      535.3680    279.9963    200.9834
      461.1247    126.7289    452.7480
     1224.7054    759.5105    275.0852
      394.9539   2051.2339    822.4910
     1564.0751   1338.2139    793.5082
     1549.4668    653.0508    803.8317
      843.0675    239.4894   1139.0964
      834.5412   2220.5134    782.8226
     2204.3552   1832.9169    804.0040
     1007.5709   1247.7566   1341.5968
     1581.3558    613.3589    440.0323
      802.6812   1844.2799    286.6957
     1763.1987    724.7277   1893.2052
      120.4128   2191.4749    896.6563
     1074.0753   1115.0314    843.9090
     1148.0731     24.6185   1223.3501
      313.4935   2245.9260    599.7083
     2120.6194   1767.8732   1872.6854
     1061.9506   2138.5276     76.5647
     2045.3953   1106.9996    825.4739
     1341.1050   1912.5538   1496.4355
     1320.8531   1254.1147   1777.0778
      720.3444    637.1179   1213.2015
      132.6945    459.6782   1016.0099
     1422.1132   1731.5720    394.6921
      303.4973   2239.1321   1136.8572
      854.1534   2115.0828   2101.9998
     1545.9988    505.0694   2006.3107
     1400.1599    290.7068   1587.5869
     1048.9855   1910.8544    344.9702
      479.6895   1851.9531    990.2325
      434.5556   1239.7227    817.6897
     1358.7976   1513.4299   2218.1660
     1116.0015   1935.4530   1673.9366
     2063.2578   1939.9983   1750.6489
     1620.3118   1861.1643   1440.8220
     1035.5817   1072.1992     59.3915
     1239.3129    420.8882    150.4850
     1210.5619   1008.9493    239.9014
      517.5558    754.1188   1085.5409
     1935.6460    245.5009    483.0955
     1093.3353   1673.9615   1650.0371
     1183.5282   1461.3936   1385.7593
     1088.6326    148.7799    836.1292
      232.2787    978.6433   1522.6821
      527.0667   1599.4795    614.7216
      934.6648   1228.5228   2063.0959
      154.4267   1952.3339    371.0217
     1786.5905   1887.2461   1896.3905
     1662.0969   1801.6008   2100.4758
     2180.5667   1362.2365      6.7634
       69.5186   1727.5636   2218.7664
     1788.2516   1198.3741    944.5963
      160.4197   1297.6677   1168.1005
      679.9220    330.5252    974.9697
      723.2523   1372.3590    822.7012
       12.1195   2029.4242   1580.3174
     1157.5604    810.4117     21.0518
     1446.5292    579.0062   1302.9779
      928.7068    272.5586    684.1948
      224.1885   1951.5514   2072.1775
     1346.7119    566.2871   1774.1725
     1237.0554   1726.2963    196.0146
     2115.4104   1169.6836   1776.9689
     2117.5801   1154.3048    502.0279
     1017.0881    135.3315   1919.8677
     1422.0647    363.8304   1083.4690
     2157.0513   1765.6166   1589.8704
     2068.8872      7.6964    462.4692
     1415.3577   1262.0630   2117.8413
     2239.0249   1388.3453   1867.1652
     1615.2524    196.2645    443.6863
     2117.4221   1317.1866   1323.5978
      901.5864   2241.0432   1071.3878
      311.6551   1843.2191     77.1134
     2130.7266      0.2537    873.7740
     2183.1125    221.2461    976.0146
     1947.8539   1976.7183    494.0553
        3.6401    177.5747   1306.5323
      461.1075    319.9444   1989.9221
     1799.6217    876.7908   2185.1052
      761.5023   1805.8374    925.9054
     1996.7863    648.7468   1760.6733
       20.7165   1919.2727    128.1683
     2198.3181   1828.6545    559.1584
      563.3017    666.0203    346.0374
       48.1256    671.5209   2057.2290
     1537.6858   2135.6125    817.3901
     2199.9885    444.7553   1937.2737
     1990.2705   1004.1872   1998.1550
     2132.7717   1550.9001   2075.6582
      885.7119    705.7573    785.1682
     1509.8859   1369.0652    411.7523
     1335.7535   2235.1133    120.0409
      422.0141   1419.0948   1269.7971
     2003.4590   1486.7709    227.1741
     1112.6852    546.8544   2143.5415
     1701.9390   2000.9924    639.6750
      189.4274   1737.5023    597.6185
     2159.2498    403.9412   1418.2961
     1885.4908     77.8232    974.3636
     2121.6011   1314.2954   1568.8263
     1063.9132   1184.5791   1790.9707
      451.1011   2187.3533   1670.6580
     1561.0242   1674.9717   1622.3674
     2107.7827    464.5085    886.2317
     1085.6643    280.0108   2085.9929
      353.0112   1641.2091   1683.8311
     2073.9578   1569.1311   1435.1582
      752.8174   1738.1198     34.3934
      103.3737    789.2701   1382.7240
     2079.4688    707.1357    259.2491
     2050.4490   1656.9402     24.6288
     1517.0740    752.7592   1833.3287
     1749.3558    828.9012    869.6859
     1383.9590    385.0894   2191.1643
     1549.0398   2216.1685   1068.8335
      614.5589   1229.3475    218.2730
     1355.4003    330.9677    854.0827
     1938.0375    940.7399    663.0381
     1748.4025    811.9095    329.1752
      422.1171   2054.1064     36.1490
     1817.8271   2182.5322   2235.7976
      916.3584   1268.7140   1016.7096
      597.3908    752.8938   2137.4734
     2155.1956   2045.0551    702.2841
       15.3621   1760.2030   1381.5148
     1596.9047    419.2293    195.6054
     1122.3279    396.9289    983.9252
      599.9218   1561.9897   2148.4583
     2166.8625    999.2697    301.8232
     1129.6504    189.3954     94.4501
     2204.9668   1070.5271   1441.6327
     2234.1533   2200.3782   1773.9493
     1779.8160   1446.1158    313.7923
       63.4431   2135.5603   2153.1694
      863.0723   2082.3152   1285.1814
      482.8725   1234.0723   1843.6890
     1543.5316   1357.9048     49.1413
      904.6445   2110.5222   1646.2367
     1661.6647   1170.2312    277.8116
     1682.4630    153.5877   1467.3739
     1876.8317    317.9678    930.5959
     1054.7025    519.6909    666.2506
     1587.1665   2130.7195    444.9785
      307.5542    363.6574     52.0536
     1822.5848    609.3485    207.7557
     1611.7239    152.9214    868.5782
      369.9821   1349.4662   2079.0488
     1377.0509   1728.3103   2058.5310
     2189.6914   2061.7148    372.4839
      293.2072   1236.4647    585.8721
     2002.6193    700.5319    782.2507
      323.0969   2037.8718   1414.7627
      510.0151   1662.1156    150.8721
     1761.7157   2132.3438    893.9034
     1715.4454   2115.1445   1654.6443
     1677.5304   1654.2928   1180.5304
     1983.7192   1455.9996    543.3007
      215.6521   1561.0341   1332.2549
      240.5514    485.1841   1828.5345
      312.0464   1579.3704     39.4288
      954.8026   1784.8491   1210.6169
     1840.2439    123.9327   1706.3429
     1674.6597    450.9954   1791.6268
      658.7812    526.2217   2017.4738
     1654.4969    192.6956     49.5006
      107.0708    960.0883    102.7583
      539.5665    142.3405   1106.5632
     1430.9578   1908.2378    938.7130
      510.7325   1168.0000   1162.3578
      510.8801    976.7212   1785.6487
     1977.5663   2038.4452    948.1467
     1877.5669   1872.3167   2243.4236
      383.4129   1192.6134   1631.3257
      896.9266    712.3417   2046.6069
      601.6171   1952.7628   1383.5868
      540.4921     49.9852     73.6195
      386.5018    321.7892    925.0170
     2144.1694    888.9478   1253.4126
     1832.2008   1657.5212   1786.6123
     1245.8652   1019.3967   1084.2382
     1568.2819   1033.7576     23.9315
      781.2129    608.0941   1721.0093
      642.4270    416.0352    717.1238
     1807.4108    520.9850    734.4745
      203.5874    196.8194    758.7314
      612.2076   1623.5829   1177.9576
     2248.5720   2025.5947    996.3300
      970.1263   1610.9182   1430.9111
     1660.6870    740.8819     78.5490
      408.6509   1407.1708   1011.2935
     2129.5886    796.8633    499.9181
     1603.7275   1228.0995   1878.9541
      151.6494    273.4059   1504.3893
     1394.0988    519.5960    656.1647
     1546.6316     47.2898   1659.4474
     1687.8734    448.6144   1194.2170
      632.4606   1121.9237    449.5757
     1617.7200    724.3621   1107.1870
      783.3498   1679.2455    726.2349
     1960.8170    464.4721   1133.3358
     1622.0305     37.1231    661.9017
     1909.6937   2030.2129   2044.3992
      442.6149   1791.9293   2096.5293
      720.5042    402.9506   1333.4669
       50.4708    968.5131    533.2285
     1163.8890   1144.5979   2063.9783
     2129.1160   1336.5894    700.3917
       59.4665   1326.7043    538.6378
     1082.2057   1257.0415    279.7567
      968.2110   1971.9790    772.2479
     1869.3101    326.1395   1892.7799
     1756.4812    358.1436   1578.2488
      364.2371   1218.4210    348.5302
     1764.0376   1609.3260   1503.7031
      254.5634    980.0778   1780.6505
     1114.0007   2062.5190   1249.8854
     1337.5773   2142.7544    604.6155
     1922.8501   1931.1705    735.2950
     2154.3596   1702.4009    290.3123
      248.6978      3.8034   1810.3612
     1593.8594   1568.3010   2145.9238
     1716.4619    187.1922   1126.8418
     2163.3633   1202.3618   2050.4038
      844.3557   1055.7225    245.7874
      638.6367    124.5079   1695.3751
      549.8299    428.2748    446.2594
      973.3857   1365.7072     79.7199
     2024.5813   1918.1710    271.0175
     1041.5880    852.3183   1524.1022
     1157.2957   2142.7153   1485.5304
     1385.0659   1447.8176   1200.9731
      307.3713    840.8220    224.5025
     1207.0463    947.6469   1883.7433
     1623.1605   2260.1240    190.4921
      893.5638    705.4627    311.4407
      962.5876    110.3526   2239.6445
     2208.8191    246.4828    507.5402
      900.2618   1514.0525   2143.9749
     1377.8976   2154.2407   1286.4772
     1615.2438   1597.1124    903.3671
     1332.3120   1074.6710    742.0674
      111.5099    544.0724   1461.3125
       45.9825    998.9846    932.4119
      473.2567   1364.7588     65.5068
     1264.9580   1713.1761    834.5993
      637.6265   1918.7083   2049.2195
      825.3550   1544.7491   1720.9259
      799.6853    906.3181    566.3651
     1232.3224    950.1952    511.1758
     1485.3438   1034.0771   1737.5059
     1241.7216   1283.1891   1533.1315
      829.6200   1817.8604   1707.3599
     1009.5206   1715.5973    935.4320
       26.0467   1570.6841    449.3322
      969.6115   1924.6323     62.2799
      237.2834    958.0773    727.4088
     1293.5051   1495.4603    455.9707
     1847.7533   1859.7831   1108.3011
     1526.6190   1529.4630    213.6617
       68.8331   1546.7321    727.1519
      626.2917    972.4884     68.5466
      191.4882    207.3013   2002.4215
      981.6861   1577.0143   1928.0062
      180.9450    196.5278   1020.6317
      856.8812   1325.1019   1845.4464
      323.7053   2117.8718    383.7247
      893.1541     64.7433    505.7258
     1700.2506   2121.5935   1929.9641
     1664.9928   1857.3188    899.0548
     2129.4075    153.5793   1571.1323
     1844.1816   1714.1777    908.0271
      581.0515    900.1652    316.7596
      428.9964     45.8180    872.8664
     2232.2261    739.7318     53.0591
     1617.6106    751.1077   2087.1250
      253.2417    811.8267   1061.4816
     1009.2623    911.1253    364.2420
      632.9994   2261.5959    588.1374
     2254.0095   1525.5212   1239.4535
     2006.3053   2191.9792   1617.2272
     1679.3593   1125.5271   1628.0526
      127.4964   1134.9442    325.3023
     2155.6990    214.3615   1856.1770
     1353.5167     71.8571    836.8190
      384.0931    791.6868   1525.5431
      666.6841   2166.3552    919.5915
     1933.5929    944.0833    402.5674
      380.4413    603.7164   2090.9705
      195.3994    637.9514     26.3001
      188.5559   2040.3090    674.5990
      960.7414    329.6094    341.7350
     1465.1517   1984.3618   1941.8066
      434.8412   2015.6273   1927.6331
     1139.6309    651.0328   1926.7300
      253.9908    502.4751    792.3525
     1481.4723   1134.5676    554.0787
     1596.5955   1074.3737    790.5397
     1662.8590   1200.0825   1275.0405
     1819.1219    200.6835    691.3711
     1458.3202   1024.9393   2021.6851
      295.7597    669.2602    437.5892
     1444.1311    389.0900    405.9217
     1973.2646   2226.9919    194.1686
      997.7369    790.7174   1781.1899
      120.0151    229.6690   1750.1211
       73.9756   2025.5042   1264.6460
      625.6056   1684.8959   1588.0536
     1793.5131   1341.3459     91.2759
     1041.8435    928.3347   2065.3218
      427.8950    955.6524   1249.7307
      765.8026   1328.1570    362.7076
      722.5110   2195.7263   1516.4432
      836.1495    910.9792   1347.0096
     1451.7438   1684.3184   1364.8093
     1972.1519   1311.2523   1117.7169
      416.1854    294.1690   1758.9165
      687.7429    945.7972   1097.5417
     2194.6504    984.9461   2191.6121
     1415.4032    887.5997    952.4901
      934.7158   1084.3807   1570.0449
      216.3852   1325.2628     74.1090
     1026.3148   1756.3463    693.1054
     1065.1199    261.0251   1201.6285
     1952.9100   1675.4711    506.9390
      390.6324    464.6457   1557.1060
     1734.3643   1761.0261    655.8623
     1138.2032   1406.2184   2022.2712
     1994.7905    382.8030   1660.7662
     2069.9790    645.1024   1312.5756
     1258.6005   1968.9398    800.2460
      534.4731   1771.4628   1814.5887
      648.2135   1865.8542    502.8548
      308.4411    384.7650    309.7833
      676.6210   1316.1570   2060.1357
     1252.2793    786.6413   1162.0651
     1611.7184   1432.6528   1341.4166
     1566.4545   1637.3101   1885.5005
     1093.3934   1858.6757   1439.8235
     1472.6957    938.6144   1254.2976
     1923.8728   1094.2942   1281.2350
      328.0301     83.4336    242.6765
     1855.7177   1317.5885   1502.2699
     1213.1102   1847.2671    542.7961
     1263.0983    742.7780   1405.1661
     1589.9886   1360.3698   1095.6282
      757.0233    191.2525   1413.6713
      861.6893    161.3413    908.1964
     1587.3597   2241.2214   2170.9236
     1875.0459   1223.7657    464.4048
     2207.7388   1352.3207    335.9573
     1181.1597   1993.3284   1909.5979
      577.2595    472.6895     34.5386
     1716.7134   1430.2445   1722.3208
      943.0703    481.2982   1883.5577
      703.4797    156.2409    332.4553
      758.0226   1579.8719    348.0123
     1790.5468   2032.0425    221.1124
      480.2728   1918.0909    292.1389
     1606.1503   1742.2616    178.5522
      951.4035    115.0507   1690.1516
     1163.6923    372.8655   1746.3064
      230.4862   1798.5652   1545.8584
      566.3889   1338.6915    582.7302
     1896.7003   1792.1722   1362.2468
     1210.1172   1305.6837     14.7904
     1111.4510   1419.4995   1734.6986
       82.8167   2249.7678    408.0729
      588.2188   1430.6865   1657.3464
      313.9084   1492.7313    559.7711
     1381.5964    639.1875   1008.1379
     1141.8143    217.7306   1532.3462
     1868.4221   1744.0010    206.4606
     1146.5815   1721.6729   1917.3003
      227.5295   1468.6053   1790.6931
      860.0331    667.6168   1457.0264
     2150.4812   2053.8665   2006.2037
      869.7489    982.7718    886.7174
     1918.5870   1091.4041   1600.7935
      512.0080   1146.1527   2212.1562
      226.8291   1450.8141    282.8669
     1385.2773    160.5473    597.2410
      781.7223   2212.3955     87.8687
     1266.7715     94.5582   2148.5876
     1044.2162    572.2084   1618.7668
     1733.8512    777.1546    610.4617
      376.9684   1655.7224   1102.0227
     1477.1986    138.7432   1260.3556
     1264.6880    144.9109   1063.7802
      416.3306   1826.8495    664.0690
     1323.5107    804.1555   2056.8660
     2072.2900    180.0174    732.5562
     2063.7183   1949.9923   1422.7382
     1597.9222   1906.7987   1737.5718
      914.4916   1810.3785   2068.7524
     1969.6052   1656.5515   1175.1873
      751.3253   1696.2981   1372.6439
     1756.7102   1439.9023   1968.3663
     1709.4578   1038.7639    498.8042
     2089.1143    729.2022   1027.0311
      320.9702    954.9089    477.9541
     1771.8695   1619.9064     35.2549
      812.8087   1543.2751    990.6163
     1090.6567   1298.5490    621.4531
