      982.9617   2238.3403    183.2179
     1143.3087   1458.6560   1109.1676
      568.1349   1567.4277    199.8378
     1330.5535   1047.5676   1679.2966
      734.1425   1921.1392    491.8697
      463.6038    606.5519    999.1812
     1866.5403   1603.4585   1112.7247
     1433.1385   1972.9634   1143.4297
     1621.1390    337.6973   1037.0143
     1401.4789   2203.4036   2170.3772
      632.3128   1356.2583   1578.1316
      977.5021    263.1101     72.0791
     1154.9600   1910.4086    303.1330
     1254.8774   2259.8479    741.2568
     1616.4492    873.2847   1175.0447
       67.5275   1318.3427   2250.5261
     1106.0179   1582.6190    892.2405
      905.3117    304.2946   1411.8253
     2218.8816   1877.3419   2240.5396
     2123.6631    279.1826   1997.1296
      934.5028   2042.8792    938.3901
      732.1364   1967.3066   1706.0675
       19.9308   1084.7509   2219.2888
      658.5148    982.6920   2211.2488
     1314.7831    946.2604    689.0739
       92.5326   2245.3225   1542.1104
      297.2011   1582.3621    845.3668
     1493.2046   2207.6194   1708.2366
     2155.7937   2136.2400     69.6259
     1976.7167     88.8710    239.0001
      760.3403    670.4639    553.6841
      178.4002   1362.7670    751.6046
      519.0256    280.0019    649.9210
     1797.1786   1509.0260    762.6756
     1311.2483    770.2194   1625.9062
      724.8297    140.8776    685.2887
      935.7594   1999.5503   2200.2700
     1216.7723    445.9467   1284.2208
     1757.8152    102.8717    674.6022
     1458.6954   2038.9172   1933.2904
      429.6755   1499.0096   1439.2451
      626.4906    329.1713    215.4097
      478.7419    307.8240   1096.6820
      221.6489   1884.7622    933.8956
     1789.0651    199.9116   1180.6476
     1639.7893    180.3841   1675.8329
      924.7958    385.0930   1166.6005
     1294.0715   1122.5281    505.7123
      143.7563    496.7433   1373.2439
     1133.3313   1023.7762   2141.2170
      667.4946    846.5536   1003.8321
     1140.2584   1559.9008    327.6367
      166.4855   1258.5586   1324.7771
     1876.3170    831.9874    157.3951
      743.8383   2253.0913   1780.2107
     1616.4005    899.9343   1491.9685
     1633.3386   1441.9559    594.5406
     1361.4788    372.9233     55.1667
     1590.3876   2063.2817    378.3317
     1694.8488    622.2700   1431.5609
     1957.2595   2236.0706    663.9403
     2034.5985    608.8294   1052.1700
       33.9716    179.3236   1703.8125
       12.3057    700.9498    654.1923
     2199.9646    731.0505    383.2915
     1010.4788   1161.9139   1255.9724
     1417.7534   1117.6602    277.7539
     1553.3237   1534.5730    305.4574
     1140.5530     69.2834    502.5027
     1526.1814    732.8688   1670.9080
     1356.3940   1365.8265    682.7113
     1576.1143   2008.8484   2216.0630
     1387.2078   1161.8257   1415.5433
      472.4500   1736.2726   1989.0616
     1714.3253    260.4211   1434.2173
      487.8111     59.7505   1887.2755
      782.5541   1588.7473     52.9479
      356.5278    125.7591    858.1194
      870.6108    283.9720   2101.6143
     1460.4191   1626.0519    730.8536
     1974.9320   1358.7117    984.7946
      761.0593   1092.9235   1245.3865
      539.8605   1965.2507    749.3734
     1501.0485    798.5151    278.2082
     1510.8390   1245.8458   1587.7354
      614.3810   2219.9277   1279.8035
      353.6738    533.6729    161.4917
     1151.1202   1631.3271   1288.7974
      871.4415   1479.9326   1638.2489
     1120.5522    470.0557     77.2068
       63.7086   1593.5675   1725.7029
     2104.2939     20.3488   1241.3182
      152.9016   1654.0132   1045.6560
     1364.0791   1430.8378   1918.4550
     1702.8060    425.7903      4.3817
      997.3561   1798.6783    487.4855
     1368.8007    268.4854    292.8429
      138.6676   1321.4663   1778.0750
      214.2236    102.2183    158.4561
      340.2078   1875.6588   1846.6094
     1715.8551   1174.6362   2033.2211
     1789.8197    676.1016    947.6223
      863.3239   1527.9261    817.1096
     1508.9695    596.2925   2199.2598
     1919.6039   2046.4432   1307.5680
       48.6880   1157.9285    926.0548
     1511.1439    342.8886   1825.9720
     1568.0782   1858.0570    618.9409
      542.1970    785.9526   1715.8235
      243.4588   1168.5375   1098.4414
     1500.3125   1213.4408   1860.4436
     1480.5092    115.0186   1513.3108
      256.3053   1828.6338   1157.0703
     2126.4368    554.6760   2161.0388
      191.7946    527.1083    737.5178
       19.9155   1749.9620   1266.6729
     1315.1935    696.8989    525.8863
     1842.4203   1703.7743   1557.4187
      998.5517   2159.1230   1660.5885
     2135.9902    961.3966   1581.7975
     1680.3083   1973.6703   1327.5452
      279.7586    975.4435    417.7784
      119.2314    254.4963    391.2003
      922.3207    889.8432   1144.2677
     1919.8252    101.9438   1981.5280
     1715.6791   2199.8406   1482.1442
       36.6693    698.0332   1203.8862
     2254.0608     12.0266   1971.0018
     1146.6206    801.7133    905.8511
     1593.1075    938.1979   1993.9401
      698.7966   2186.8755    567.0070
       49.6001   1260.7075   2006.7090
       13.0806    206.0571    700.5511
     2092.5112   1586.2803    769.5671
      304.4002   2215.8679   2033.0883
     1192.0883   1897.9586     48.4117
      170.7438    302.9572    911.5538
      330.1492    104.8572   1609.9359
      591.1801   1536.5779    877.3587
      455.0539    355.0378   1483.3589
     1157.6279    202.4025   1353.5266
      859.8496    378.0871    291.1967
      669.1893   1403.4583    376.3163
      680.2717   1270.6230    910.3542
      899.7040   1573.6138    573.4794
     2262.4470   1451.1605    883.0420
     1039.6705    782.7172    631.0309
       47.6406    485.1277    250.7226
      792.4049    853.7029    141.6941
     2040.9946   1640.1743   1782.3337
     1429.3638    597.6829   1466.2262
     1318.8264   1759.5243   1517.3439
      428.6250    169.6090   1288.4382
     2043.9893    349.0891     68.9590
      667.8596   2010.1732   1035.3536
      984.1337   1768.0160   2192.9846
      106.8751   1830.2565   1866.5957
     1091.3350   2255.1431    926.3369
      964.5968   1924.1422   1954.6182
     1996.2754   2095.3452   1936.8104
      888.3669    913.7216   2099.0044
      483.7577    555.6124    599.8018
      201.0871   1407.6595   1550.4764
      297.5795   2125.6187    329.5016
     2082.7244    772.7869   1765.3754
     1832.2875    722.8920   1217.5383
     2058.0198    638.5900    803.4829
     1886.4601   1193.8873    313.9787
      500.1517   2000.9774    219.9068
     1440.3544      4.2694    500.2066
      605.9581    856.0183    451.8049
     1501.6384    902.7562    507.5327
     2012.4084    477.8399    568.4499
     1937.5857   1083.2108   1710.4227
     1223.3553    697.8786    252.7758
      588.4820   1132.5117   1458.2799
     2073.3115    351.2432    332.1774
      993.4642    600.0768   1241.3019
      447.1418   1288.3337   1293.8448
      254.7717   2034.3820   1662.6478
     1371.1198   1485.5536    943.7747
      497.4023   2154.3342   1607.2743
      706.7299   1503.6162   2087.7585
      835.8469    931.1033   1754.4879
     2247.8462    236.3928   1089.4237
      816.6733   1752.9778    278.3466
     2129.9746   1592.2379   1083.0605
      883.8361    851.0571    814.6458
      620.8402    739.2828    787.7971
      436.3018    853.7117   2172.6536
      220.2405   1831.0670    420.7405
     1114.0375   2085.0095   1168.6918
      491.5130   2147.4263   2255.6357
      108.9257   1105.7411   1536.0634
      812.4892   1242.4048    445.5453
      469.1756   1470.4536   1987.7592
     1385.5024   1072.7968   2102.7087
     1210.8433    639.8006   1103.6472
     2106.6426    999.0095   2000.9336
     1176.7737    672.8805   1417.0173
     1354.0627    485.9506   2026.9341
       54.8949    888.1932   1787.9456
      107.8019   2239.4563   1312.1281
       56.8414   1759.1775    255.9433
      161.3136    966.4648   2044.5930
     1266.2365   1912.2931   1332.1676
      866.2937   1231.5325    704.4936
     1904.7806   1355.5402   1233.1235
     1357.2065   1696.9576   1068.0709
      344.1113    667.6890   1469.8159
     1907.4197    771.7194   1510.3350
     1930.6356   1662.8900   2044.9453
     1688.2668   1011.3456    207.5538
     1010.3292   1840.7942   1311.7271
     1970.9193   1830.3370   1200.9459
     1166.1541    629.8298    779.4877
     1821.9067    669.8782    670.2106
      686.2240   1352.6765   1282.1715
     1852.9165    416.5587    206.7169
      601.2405    604.6601   1471.7198
      208.5172   1689.6141   1391.6068
      645.7638    196.3454      5.3417
      975.8395   1419.3490   1305.5522
       58.0571    630.8162   1652.3265
      401.5576    880.1071    982.5406
      682.7767   1295.2120    167.2101
     1553.8018    702.8307   1917.9509
     1843.2355   1359.9905   2085.5818
      883.3768    353.8845    885.4748
     1491.5752     49.8108   1919.7130
      488.5732   1896.0295   1634.0475
     1848.9431    135.6595   2254.9072
      510.9010    703.5099   1968.1764
       34.9099    722.1758    893.1143
     2207.2893   1243.7812   1129.0129
     2058.4756    328.5034   1315.8092
     1842.0344   1436.1591   1818.3577
      443.2426   1036.9247   2019.2114
      581.7828    504.9144   1788.1318
      567.0483   1992.0056   1401.0026
     1674.9432    232.6511   2064.8120
     2211.4023   2239.2756    327.1342
     1174.6013   1586.1740    603.7079
      776.0698   1173.3204   1704.4141
       71.3393    986.2460   1290.4308
      109.1949    493.7985   2084.9209
     1789.0491   2189.5530   1123.4366
      322.3957    630.5206   2154.0398
     1855.9409   1252.0988    691.3832
     1715.0492   1239.6489   1712.6462
      458.7232   1744.5178   1412.8765
      946.4265    601.7928    977.5753
     1882.8297   1964.1766   1571.8933
     1917.9375    391.8858   2091.1155
     1728.1809   1874.3582    293.4331
     1321.0774   1199.5433    872.0284
      677.5432    899.1025   1924.8260
     1188.6537    462.8426    329.0837
     1302.7948    154.0960   1780.2078
      907.5683    778.6818   1504.8518
      696.0142     40.8830   2035.8860
     1314.5294    927.3649   1433.9984
      404.5857    115.1667   2183.6370
     2104.3115   2152.0317   1519.1030
     1810.9669   2257.8218    448.8445
     2054.3501    628.1219   1594.8335
     1351.3766   1709.1970    200.6145
      720.8713    271.6094   1861.0868
      348.4522   1035.5042   1363.0491
      684.7193    498.4196    966.6553
     1052.7036   1353.8892    517.4825
     2244.0039    149.9966    142.9383
      252.3934    253.2653    625.0696
     2201.9177    942.3118    752.2619
      696.9690    373.3612   1586.3687
     1999.3188    824.6666   2103.1165
     1080.1256    215.2370    334.3142
     2085.8669     78.3491   2191.2493
        7.4003   1573.2008   2016.2056
     1462.6346   1780.3879   1292.0791
      194.9429    762.6484    264.1932
      572.9965    888.3161   1490.3751
      997.9409    659.0420    213.8241
      411.4983    531.8899   1273.2028
     1386.4041   1986.0028    206.1373
     1224.7374   2180.1560    316.2674
     1708.5673    464.1978    578.4570
      161.8599   1576.8489    391.4750
      784.4138    973.2702    584.9373
      621.7779   1175.2853   1975.1671
     1185.3328   1983.3210   2082.4045
     1529.6125   1118.4830    987.9749
     1898.9548    620.0085   2243.0854
     1279.4653   1326.1018   1658.0571
     2035.2758   1003.0768     97.1188
     1900.8274    908.2901   1107.4805
      184.9066   2036.6238    565.9115
      396.9653    279.8784    103.3708
      620.6956    137.5904    443.8934
     1203.1152    893.1513    410.7583
      364.6721   2095.9199   1163.6421
     1575.5311   1357.2393    831.5802
     1526.3020    688.0580    654.6526
      694.1574    170.4061   1149.0182
      948.1080   2256.1948    701.4373
     2207.3352   1842.9453   1026.2039
      875.8488   1271.0924   1454.0070
     1423.8870    413.2208    512.6610
      734.4736   2113.0229    282.0213
     1865.9138    694.3220   1959.6960
      112.0768   2044.7635   1079.4403
     1090.4259   1102.9296   1009.9128
      959.6183     20.4757   1402.9573
      136.9102   2256.7742    816.2456
     2150.4653   1797.1544   1975.2996
     1148.4170   2160.2170     23.6861
     2046.3855   1128.2562    867.4223
     1443.1735   2054.4756   1493.7032
     1012.2986   1240.5215   1729.8945
      755.7968    787.5685   1328.6899
      208.2195    560.7738   1040.4979
     1471.6057   1812.7329    414.6112
      363.7151   2184.2258   1403.1821
      930.4912   2182.9990   1935.7986
     1664.2084    478.1542   2031.2069
     1344.9924    319.2180   1511.0710
      984.4572   2116.1838    454.0326
      461.8460   1778.6803    956.1642
      313.5070   1066.8853    832.2070
     1218.0818   1631.2887   2211.7461
     1260.0195   1910.6639   1734.9802
     1844.7008   1814.8284   1846.9774
     1607.1992   1831.2920   1538.7041
      886.6860   1074.7361     78.4280
     1295.1879    645.4041     25.4805
     1088.1448    934.4780    181.8311
      743.9027    638.4759   1159.3987
     1858.3646    273.4411    447.6819
      963.5278   1692.0099   1484.4275
     1137.7147   1488.3876   1513.6841
     1091.8179    249.5892    801.7740
      249.2395    905.9605   1578.8083
      496.0952   1688.3229    636.2042
      742.3156   1248.4136   2170.6208
       84.5006   2010.1511    168.7490
     1693.2866   1673.0192   1744.1897
     1628.6278   1799.5054   2013.2728
     2166.0432   1508.9399    250.9034
      220.4440   1709.0946   2136.2249
     1710.1544   1346.7217   1038.0179
      236.1813   1395.0446    997.0931
      609.8416    203.2088    902.3162
      703.9716   1411.5199    627.0687
       15.5824   1885.5927   1584.8354
     1347.0675    877.2015    128.3327
     1396.5299    725.4210   1266.6062
      932.2678    317.9399    592.4837
      207.1788   1988.1749   2060.9766
     1393.5302    540.6006   1789.8668
     1058.3616   1664.4504    128.9956
     2194.5789   1164.3292   1779.0656
     2012.9366    944.3840    360.8643
      984.8495    182.6069   1878.9166
     1373.1578    435.9805   1107.9047
     2185.2275   1642.0999   1490.9928
     2080.8318    145.2263    509.7595
     1270.1125   1342.5864   2163.6470
     2118.7520   1405.9271   1920.0823
     1724.9800    145.3280    235.7699
     2147.1016   1411.7246   1307.5426
      900.0414   2247.7158   1152.4918
      519.9902   1770.6075     25.6640
     2155.7170    179.9073    901.3654
     2201.1067    442.6500    911.9921
     2069.7869   2081.5679    494.1249
      107.8868    218.2070   1348.8860
      511.3426    292.1013   2003.8514
     1797.7655    988.1893   2221.8130
      794.4630   1772.8162    952.0814
     1814.5399    493.4084   1727.9900
       55.8392   1590.1331     30.2276
     2212.3037   1730.9077    553.2727
      564.5794    705.0619     60.9049
       86.8167    708.5909   1965.6150
     1384.8879   2052.2310    749.6091
     2071.9915    548.7734   1910.3259
     1853.6556    956.8979   1896.1055
     2061.4988   1498.1000   2189.8655
      897.2557    565.9252    727.6413
     1294.5006   1358.3174    346.5621
     1473.6685   2260.9216    260.2823
      497.9916   1307.4502   1064.5106
     1925.8711   1411.2273    162.9676
      954.4974    555.3323   2167.2625
     1845.7834   1959.4191    517.5366
      299.3846   1787.0199    690.5780
     2204.9380    396.7640   1552.8181
     2014.5300    318.5213   1056.6432
     2235.1069   1308.5485   1582.6759
      895.3961   1119.7775   1931.2015
      205.3627   2239.5630   1810.6687
     1339.8860   1630.3220   1718.3015
     2245.0664    473.3093   1161.2235
     1137.6672    339.4786   2122.5647
      400.2000   1570.7292   1709.4916
     2048.3848   1464.1021   1625.9231
      750.4724   1912.9226     60.4995
       10.4166    782.5623   1459.2822
     1889.3655    598.0013    393.2423
     2062.2949   1711.4756     89.2532
     1695.9670    759.5989   2132.8110
     1791.0480   1096.1863    938.9711
     1417.4938    221.9687   2094.0632
     1337.8090   2246.2798   1070.7610
      503.3061   1137.0289    407.9242
     1556.2151    291.4658    745.2260
     1905.6332   1019.2774    633.4094
     1588.0044    614.7438    411.6528
      312.8273   1955.6570     50.9488
     1887.1680   2147.4602   2178.8940
      876.9953   1340.9763   1057.9302
      759.4899    700.1605   2194.3977
     2140.4783   2201.8474    862.0560
      118.9437   1486.6953   1249.7914
     1632.7748    377.7180    330.2353
     1125.7158    402.8565   1044.9070
      452.4551   1545.0118   2252.3604
     2127.8103   1230.6852    181.7195
     1242.8024    131.4229    113.4428
     2160.5068   1141.6503   1382.0028
     2243.5710   2082.5146   1782.9122
     1807.7664   1448.8551    409.2685
      191.1217   2168.0505   2256.2634
      858.8792   2061.7024   1306.7892
      332.6385   1254.8687   1943.7023
     1422.9702   1411.6252    119.4777
      980.5518   1862.7990   1673.7822
     1650.9319   1284.0581    273.8109
     1886.0304    159.4468   1638.0770
     1881.0566    457.5151    865.6971
     1013.4691    593.3765    461.7092
     1625.5299   2148.3269    630.3565
      106.5002    338.8488     42.7578
     2062.6824    601.6869    172.1109
     1589.1924     77.1296   1077.1091
      260.8246   1422.5125   2142.1133
     1391.4010   1836.3011   2166.6140
     2248.4478   1982.0073    403.1492
      297.1300   1165.1986    569.5123
     1939.3298    870.8711    858.9033
      269.4177   1955.2341   1404.4695
      572.6146   1814.2474    346.3495
     1578.9283   2085.7595    953.1070
     1882.3512   2192.1311   1701.8671
     1571.9227   1542.2321   1169.6467
     1981.7479   1492.0887    579.9702
      365.9591   1558.5979   1178.2911
      316.9902    336.0878   2110.8779
      317.0714   1769.0597    200.1899
     1052.2676   1794.4435   1051.6804
     1898.3392     66.1140   1368.1586
     1599.0046    424.7346   1558.9210
      730.2816    494.3033   1968.2711
     1550.7446    154.1953     63.5415
      238.5373    895.5443     31.5317
      535.2656      3.2828   1066.4119
     1494.6472   1831.7953    885.9315
      509.9562   1052.8419   1115.0724
      528.5081   1056.8607   1712.2625
     1778.1057   2164.0464    840.6240
     1777.3250   1699.1820   2220.0100
      346.3865   1185.7029   1606.3127
      859.5513    697.9004   1917.1648
      791.6769   1880.6271   1480.1794
      501.5442     68.7516    188.2336
      426.1341    421.7108    838.1651
     2066.0344    866.5775   1325.8412
     1670.0729   1540.1510   1958.2065
     1246.2998   1233.0503   1188.2262
     1531.7570   1205.2557     43.1547
      749.5033    642.1946   1684.8018
      668.3051    432.4839    741.2009
     1624.5466    496.7927    858.6266
       23.6678     16.8452   1052.5339
      769.6642   1833.2643   1214.6998
     2091.8284   2078.0276   1092.7953
      716.9005   1608.8029   1412.7853
     1679.0154    713.8823    144.5302
      404.1681   1300.9735    825.2658
     2050.3459    797.4864    564.6806
     1580.5352    974.9474   1737.5804
      215.9583    406.7405   1609.3951
     1163.9209    379.4511    577.5293
     1730.8582     22.5961   1852.1682
     1569.1180    439.7656   1286.4183
      444.6201    903.9649    644.1055
     1545.4390    652.7133   1087.6322
      723.7849   1790.8171    708.4970
     1852.2026    457.3426   1220.7806
     1505.1901     57.6999    825.5356
     1990.4431   1905.8563   2118.8943
      455.8025   1946.3414   2110.8989
      699.0933    435.1548   1316.8949
       60.2619   1183.4834    521.1860
     1228.9275   1164.4456   1905.0240
     2228.3914   1463.4297    533.7965
       54.6999   1265.0957    274.8364
     1021.0408   1202.7108    278.5497
      886.1332   2005.1598    671.9971
     1784.5326    290.2325   1876.1163
     1902.7194    403.5059   1491.3181
      308.8440   1367.2958    434.8053
     1799.7710   1456.6268   1560.2299
      225.3294   1077.8748   1793.8744
     1275.5785   2237.8630   1335.4434
     1346.5380   2047.1226    483.1906
     2038.6709   1941.1476    752.2402
     2023.5078   1671.0077    375.2921
      249.0953    232.2019   1886.4623
     1480.8718   1591.3586   2221.2935
     1961.1759     18.8561   1008.5049
     2074.5210   1236.5531   2162.2747
      728.7224   1043.6077    294.9230
      591.5073    122.3136   1647.3331
      450.2440    382.1279    395.4883
      914.0816   1358.5273     87.3253
     2072.0337   1918.3300    221.0774
     1055.8644    907.4500   1359.9446
     1200.4763   2259.3459   1587.0857
     1327.5823   1419.7611   1323.6251
      441.4273    861.8317    246.6099
     1084.8013    903.7919   1909.6027
     1682.5872   2154.7681    110.9390
      685.7990    613.4567    286.7097
      935.5256     23.2051   2175.5945
     2249.8691    417.0490    574.9617
     1011.5369   1255.5525   2128.1970
     1552.2673   2180.7549   1260.4630
     1643.1493   1642.2570    917.7070
     1360.7109    953.0830    949.7723
      321.8197    614.9137   1695.6853
      141.0380    931.8882   1054.3827
      392.8621   1313.1700    199.0072
     1255.9336   1781.9927    843.2282
      702.4218   2020.9412   2009.9928
      673.8325   1519.4474   1809.0750
      921.5662    868.4302    381.7305
     1078.8638   1029.3024    740.7294
     1803.4023    744.2460   1717.4565
     1126.2635   1230.1681   1471.0304
      922.9325   1657.7708   1876.7349
     1002.6583   1784.0054    762.0474
      185.1218   1546.7379    614.4431
      954.9184   1993.0015    192.5459
      172.0845    941.2490    673.1125
     1402.7722   1550.4878    503.2758
     1848.0885   1985.9305    990.1998
     1151.6992   1405.7114    133.5795
       51.2193   1716.4158    825.9092
      497.0858   1071.2628    114.2854
       97.3087    172.6156   2151.4697
      997.5227   1508.1006   2132.0847
      241.5679    356.5635   1170.1389
      834.3662   1367.6302   1919.0264
      269.2330   2262.7031    570.6964
      860.9642     86.6608    465.1770
     1732.1941   2015.2224   2001.7114
     1746.9204   1839.8046    782.3276
     2076.1733    151.7290   1518.5035
     1946.9559   1739.2085    912.2828
      458.9867    644.3096    378.0460
      254.1976     76.3693   1111.5815
     2251.2915    935.3495    177.2896
     1555.8141    920.0919   2252.8264
      279.3134    765.2845   1229.6145
     1030.1313   1083.1886    506.6576
      492.6479   2236.4976    694.9183
     1978.1488   1561.6321   1371.3689
     2073.0186   1895.0256   1726.3397
     1723.6602   1087.9094   1548.1570
      235.5616   1108.8093    193.1033
     2099.0132     47.8365   1760.1510
     1355.5304    193.1653    644.5946
      293.2512    831.0612   1872.0160
      686.6530   2154.1343    841.6335
     1759.3041    850.0320    410.5502
      559.2189    482.1322   2193.1753
       79.0882    627.4244     33.4509
       49.0980   2001.6726    757.4325
      685.1227    407.1943    471.9211
     1536.2162   1837.4735   1759.2013
      489.2759   2079.6189   1875.3842
     1115.3448    642.9857   1959.3304
      319.8726    724.9565    801.0624
     1509.3636   1264.8463    489.0263
     1542.7281   1101.8019    736.2784
     1685.0873   1117.3075   1207.8000
     1777.9928    232.8857    900.4532
     1350.2657    842.5748   1877.0116
      241.3306    718.1619    508.7881
     1443.3755    579.2413    191.4570
     1887.9731   2089.5579    284.1350
     1075.9149    703.5562   1702.9222
       36.9491    384.7978   1837.7576
        8.7968   2003.2975   1326.4518
      678.7885   1686.4918   1627.8989
     1827.0039   1225.6511     33.7870
     1068.7709    802.9368   2199.7095
      518.3893    809.1002   1213.3629
      877.4944   1502.6130    299.3113
      739.7823   2179.3340   1506.6930
      836.8137   1030.0261   1478.1324
     1512.5352   1511.5591   1457.7844
     2007.4241   1118.1797   1169.6240
      410.8427    310.8475   1730.2090
      578.8532   1030.6154    860.6724
     2231.7092    806.2202   2173.2002
     1682.6312    890.0022    961.0422
     1078.1707   1016.2508   1607.2159
      220.0453   1470.9514    128.8112
     1134.8685   2028.3206    692.3406
     1072.1467    164.8865   1092.9990
     1927.3563   1762.7467    632.2073
      361.3676    531.2709   1928.7964
     1709.7590   1663.2782    471.9619
     1101.2548   1385.8484   1912.6957
     2045.2131    318.8346   1768.3945
     2065.9280    599.3663   1322.8551
     1238.1952   1982.4772    980.7354
      655.4690   1787.3009   1845.3458
      430.0390   1937.8145    523.8317
      214.3174    484.4157    432.0154
      503.3516   1300.1583   2213.9253
     1425.1797    739.1600    851.7504
     1708.3672   1338.0382   1368.5316
     1402.7942   1668.1444   1975.5514
     1090.1721   2008.2896   1486.3013
     1401.2031   1017.6005   1214.7275
     1875.2252   1009.6372   1373.7548
      325.3146    100.9089    378.2400
     1975.2665   1256.1917   1483.0186
     1293.0814   1821.0151    581.5154
     1195.3192    912.7256   1147.0037
     1474.9425   1317.5001   1181.8580
      623.4640    171.0105   1411.0260
      850.6982    110.6545    933.7999
     1649.3602   2243.1042   2114.3879
     2180.8049   1288.4523    698.4905
     2072.4192   1178.1741    516.0602
     1225.2428   2142.9937   1838.7980
      799.5730    504.3276    102.1551
     1539.1074   1466.6370   1711.5140
      933.9026    458.5962   1815.1703
      769.4666    131.3818    212.4181
      685.8995   1642.2186    473.2664
     1813.0093   1943.1719     60.9362
      488.2490   2149.6357    448.0973
     1578.6453   1778.8990    120.7881
      850.5764    156.6146   1643.6523
     1186.3186    377.8804   1861.8641
      249.7610   1758.8348   1618.2955
      590.9259   1164.4844    666.2780
     1749.4871   1688.2168   1331.4008
     1231.0555   1169.9729    100.4078
     1107.3578   1603.6287   1709.1389
       21.6550   2238.5745    590.0622
      465.1001   1337.3417   1747.9711
      462.7399   1426.8785    655.4581
     1367.2084    453.3459    808.7725
     1079.4445    239.6090   1635.3025
     1814.8334   1626.8414    203.7366
     1171.2498   1725.7485   1955.4175
      232.1763   1595.9985   1887.3242
      950.1163    533.9988   1484.1249
     2245.4424   2065.5662   2082.7556
      826.7346   1067.2239    945.6512
     1955.1644   1225.9968   1898.7429
      303.1436   1160.9166   2203.6917
      409.8962   1587.8118    429.1865
     1607.3070    182.1291    471.7622
      737.5641   2172.9897     25.5122
     1182.2583     56.7211   2041.6029
     1186.9293    499.4659   1621.3444
     1675.9873    867.7589    669.7907
      532.5323   1808.5479   1189.7863
     1422.4365    240.4669   1270.9888
     1346.9088    223.8749    945.3868
      364.1757   2116.1067    859.3467
     1317.2948    804.1982   2126.8748
     2008.7090    261.2778    729.4181
     2080.1775   1846.7662   1443.4008
     1701.0117   2051.5764   1735.4052
      712.1159   1745.5852   2112.5769
     1664.5066   1844.0348   1102.1832
      677.1176   1588.6034   1132.5182
     1521.2966   1307.9829   2098.7563
     1700.5839   1099.0906    493.8308
     2163.6794    926.5516   1060.4669
       48.4240    947.8024    425.7560
     1687.1644   1459.4285     45.7833
      911.0559   1590.4667   1114.0311
     1091.9978   1345.4578    788.1031
