      901.1067   2258.6282    157.0915
      801.6215   1507.1097   1125.0649
      663.1197   1771.1696    261.1884
     1225.4519   1012.4146   1665.4574
      616.4755   1908.3970    634.2920
      619.0206    589.9596   1009.2407
     1911.2189   1531.0527   1245.0955
     1390.5896   1946.6011   1184.6053
     1524.6985    373.4770    952.3405
     1374.4067   2104.8076   2249.0610
      533.5121   1516.9164   1566.4436
      824.5403    291.7711    170.1630
     1157.0850   2020.8578    418.4603
     1031.8335   2244.2356    770.9103
     1437.5753   1000.4260   1303.4930
        7.2923   1281.0593   2131.1526
     1176.7506   1786.0383    792.6442
     1298.3252    195.9478   1484.9646
     2085.2712   1906.7896   2186.6440
     2163.8083    351.8931   1992.0219
     1029.4232   1848.9152   1138.5809
      669.0343   1914.0713   1675.8044
       27.5219   1057.4860   2065.4751
      847.2882   1169.9595   2107.3188
     1251.5465    835.1462    677.6434
      123.4731   2147.0967   1520.4537
      278.3086   1665.9210    819.8472
     1446.1964   2237.4958   1791.7263
     2086.1711   2088.0117    158.0446
     1884.5155    102.4237    309.2020
      697.6497    983.9026    543.7572
       94.4603   1335.3595    714.0490
      459.5736    175.8977    638.5932
     1760.0724   1559.3846    765.9518
     1289.4773    793.0323   1717.7803
      736.9457    388.3081    748.6711
      844.5463   1968.0548   2133.1885
     1381.1829    437.3264   1381.5732
     1982.3508     12.8098    557.2722
     1654.4148   2041.0778   2016.1941
      340.5275   1409.8740   1367.3354
      507.4008    308.6004    350.9303
      534.2800    386.9719    932.8726
      264.5346   2044.7275    818.5122
     2033.4287    198.5654   1241.3848
     1657.8500     73.4606   1679.6908
     1060.2380     93.2790   1171.9980
     1074.0110   1234.4180    587.7898
      108.8252    641.2045   1443.8170
     1121.8824   1052.6124   2227.4321
      696.9244    777.1733    914.3885
      917.1710   1319.3035    421.3277
      173.4679   1338.6956   1507.4915
     1639.4579    832.1130    138.9595
      872.6282   2244.5347   1747.1089
     1600.0833    807.1448   1404.2174
     1686.0238   1350.4115    686.9326
     1382.4810    325.2595      3.9970
     1431.3243   2006.2007    624.6238
     1769.1808    758.6019   1557.9410
     2196.9885   2123.0479    604.6832
     2176.4197    524.8620    999.3223
       28.5033    232.9216   1832.8849
       24.7045    534.9018    649.0726
     2227.5911    795.8669    342.9395
      711.1481   1321.5847   1228.3442
     1285.2319   1163.9442    494.4737
     1464.7618   1574.3282    446.2106
      923.8687    252.3446    650.1310
     1424.4178    859.1130   1546.6511
     1037.5558   1309.3082    801.0766
     1829.3253   1932.2445   2127.9351
     1416.1205   1161.6765   1052.5984
      391.3044   1438.8680   2002.4451
     1606.9398    218.4380   1416.1519
      273.0620    171.9176   1951.7838
      732.1177   1842.6733      0.9252
      434.3217    156.4714    962.8581
      956.9944    294.2882   2029.5110
     1563.6338   1635.9690    702.3801
     1993.4426   1452.0131   1051.9663
      718.7099    952.3092   1123.0720
      443.8064   1960.5604    758.6266
     1484.1514    872.9014    326.2339
     1628.0110   1536.4102   1457.0581
      745.5151   2235.2417   1414.0292
      280.2498    697.9943    151.4830
     1213.1632   1790.9456   1246.5353
      727.1324   1671.5785   1598.7317
     1139.8417    366.6018    101.9834
        2.2234   1429.8395   1843.4083
     2047.8188    179.9098   1544.0592
      234.9952   1672.6445   1041.6539
     1114.5269   1467.6937   1911.0760
     1828.8206    418.9393     47.7743
      804.0304   1988.3092    623.9669
     1273.6532    361.1829    293.6954
      106.4235   1273.5701   1714.5540
       27.9244    145.3636    324.0926
      277.0785   1651.7477   2034.2598
     1845.2656   1192.4822   2217.5916
     1894.4229    803.9744   1126.7834
      772.3345   1464.2305    734.9932
     1537.3177    670.9194   2240.2585
     1962.8086   2259.4285   1377.2805
        6.8382   1504.2322   1072.0177
     1569.2566    379.2393   1773.1937
     1686.7339   1768.4529    574.9986
      263.0843    791.5353   1866.8982
      218.0757   1149.7509   1094.8395
     1401.1904   1506.0514   1743.0288
     1452.9630     20.2007   1432.4001
      224.8183   1774.3735   1277.2351
     2201.0928    576.8497   2049.4265
      190.4355    369.7592    672.1545
        4.7041   1784.1548   1302.0986
     1179.3544    701.0258    476.0040
     1910.2140   1892.7092   1559.6499
     1073.3383   2181.9331   1654.1805
     2042.3896    975.8342   1520.1797
     1819.3368   1918.9053   1333.8474
      404.2573   1101.3611    423.5878
      138.2160    228.9361    503.4513
      880.3414    906.8355   1262.3928
     1873.3987     66.7286   1810.9681
     1562.7372   2030.6974   1368.7709
       76.2937    778.5746   1082.4325
     2124.5513    106.9094   1986.2582
     1219.9502   1004.9960    955.9894
     1631.8654   1013.4860   1860.1263
      661.9390   2050.1890    820.2647
      155.2548   1053.9515   1721.8776
       32.4502    228.0238    730.1157
     2005.0190   1628.8530    811.3298
      180.5335   2017.1238   2068.7180
     1184.5795   1773.0020     44.5146
      291.0999    342.5981   1062.1042
      190.2893    103.0486   1711.5084
      403.7976   1378.0492    971.6282
      580.2366    408.0710   1335.6158
     1275.7334     63.7131   1273.0419
      763.4843    636.2401    394.9825
      501.1390   1518.7821    584.3715
      581.3784   1238.6959    870.1074
      877.9207   1590.5095    522.9749
     2023.7106   1844.5791   1375.6648
     1032.5005    764.7938    645.8972
       84.5077    385.6494    361.6220
      678.8123    977.7424    142.8033
     1994.3624   1777.0194   1747.7838
     1147.6310    601.5992   1643.1766
     1261.8798   1659.3656   1513.3386
      520.4554    264.3492   1128.9674
     2082.8140    417.0942     10.2999
      523.5687   2140.3328   1276.5568
      851.6995   1780.5948   2044.3502
       19.5098   1641.3711   1928.6506
      949.4103   2064.7388   1098.8441
      979.8110   1928.0802   1930.0039
     2181.0076   2083.1389   2011.2122
      841.6077    926.9172   1906.2239
      421.1190    454.4277    682.0201
      216.0777   1568.0636   1449.1948
      305.5561   2110.0972    407.6724
     1984.6819    852.9394   1770.4532
     1807.5232    804.9042   1311.9968
     2069.6904    631.6943    816.6620
     1883.0637   1183.5634    307.6010
      501.1366   2180.8130    368.0809
     1352.3163    144.0042    436.2087
      615.6100   1193.6156    475.1523
     1623.2173    934.2367    520.1357
     1951.0034    391.5433    589.9733
     1793.2894    973.4233   1464.0581
     1265.2971    762.3168    272.4516
      435.7693   1301.8955   1188.1144
     2046.4171    398.8002    378.3740
      971.7891    349.1414   1287.0486
      248.0025   1208.6810   1320.1569
      285.7366   1932.7039   1824.2136
     1525.0682   1506.3340   1093.7019
      199.4480   1959.8593   1584.4705
      490.6150   1527.4167   2236.7019
      836.8539    885.0239   1682.1510
     2227.5283    213.8960   1351.6663
      775.0020   1951.2573    203.2882
     2045.3987   1470.0264   1405.7423
     1057.0979    904.9650   1066.6721
      587.4429    570.4453    569.4014
      474.3954   1013.9016   2061.7649
      361.2084   1896.2145    307.6580
     1178.0897   2147.6470   1130.0875
      397.5336   2090.6482   2168.1477
       55.0974   1178.0239   1402.4371
      754.8275   1132.0006    338.4849
      514.4608   1256.0521   1905.1281
     1312.1626   1208.3857   2096.0842
     1071.7806    676.6718   1093.0120
     2085.0044   1142.5662   2112.1716
      993.4123    750.5643   1473.7731
     1252.1881    527.5667   1954.6080
      148.9921    821.4783   1682.1659
       74.8679   2246.8972   1321.4735
       13.1006   1758.1211    304.7653
       88.2948    951.9464   1899.5557
     1225.2125   1887.8185   1492.1456
      922.8956   1086.6246    732.7137
     1900.8514   1303.5284   1325.4860
     1442.4979   1731.3051   1118.9139
      489.9026    627.5084   1299.7987
     1972.2686    769.2559   1572.7980
     2093.3948   1713.9661   2062.2385
     1535.6406   1058.3331    171.4314
      873.4983   1665.6688   1283.1212
     2055.3599   2045.9865   1302.3115
     1294.2693    774.5800   1093.6510
     1901.1840    711.6196    659.9493
      549.9660   1385.9781   1382.9355
     1974.5574    265.0471    149.2454
      458.4996    404.7711   1578.7439
      101.7824   1766.0229   1503.2833
      574.3445    295.7420    160.8212
      900.7012   1435.5269   1333.9248
      209.7942    595.0450   1653.6305
      478.6246    890.0157   1017.6649
      757.1565   1348.5372    261.8449
     1661.3907    717.1844   2034.5387
     1920.3866   1473.5831   2077.7090
      805.3710    573.5918    885.6683
     1252.1948    131.2370   2001.5504
      441.7135   1867.5422   1657.9612
     1775.7197    245.1064   2219.3145
      498.0316    622.7339   1931.6212
       39.4112    677.4380    868.1730
     2129.9941   1377.5513   1228.7827
     2078.3801    417.0954   1274.4520
     1757.2549   1670.5034   1834.7301
      254.0932   1050.3940   2143.1204
      404.9883    716.1344   1696.8740
      598.5399   1834.0917   1301.8898
     1587.4172    288.7945   2077.1934
     2135.3616   2176.0520    387.2698
     1096.9691   1674.2549    614.4982
      591.1559   1085.9956   1549.0492
       51.7151    972.6527   1154.8524
      144.7022    628.0715   2002.6373
     1937.1115   2240.9001   1145.9688
      148.2743    673.5176   2223.0935
     1685.2089   1106.9197    683.2271
     1653.4597   1155.5538   1675.7910
      336.4660   1796.9420   1450.1619
      835.3184    756.1472   1089.1863
     1851.9220   2096.8635   1468.2845
     1794.4897    380.7536   2002.4335
     1705.8909   2166.1116    255.9170
     1263.1356   1314.4139    692.2357
      530.6331   1049.9965   1782.1632
     1220.8632    459.2972    500.4665
     1272.7538    204.8571   1726.5839
      740.8183    705.9877   1355.4733
      453.4990      4.4360   2024.0038
     1291.9635   1037.5378   1449.1283
      389.2583    384.9306   1975.0360
     2072.4062   1990.1443   1739.1304
     1632.4241   2171.3320    613.8140
     1986.5685    456.3377   1611.4845
     1276.5519   1664.1118    438.1370
      860.5386     89.6939   1933.3357
      608.6848    925.8646   1327.9978
      749.7602    369.5380    988.0509
     1001.9323   1433.5476    628.2424
     2184.2556    317.0368    189.8062
      238.9648    133.3858    713.6178
     2127.6230   1224.8290    811.9470
      715.1790    400.4462   1604.5475
     2003.3641    751.0013   2132.4280
     1000.9674    391.2822    279.5743
     2135.3374     13.5675   2221.7429
       93.8810   1657.0126   2128.5591
     1425.3533   1826.2285   1390.2579
      183.6386    878.3633    277.5422
      608.0805    868.6360   1644.6740
     1035.9423    753.8062    277.5480
      398.8696    664.5959   1083.4510
     1306.8489   2020.9641    159.3684
     1130.0636   2250.0664    368.5419
     1690.0820    293.0524    492.0063
      132.1940   1536.6578    318.4402
      836.0278    892.6600    715.9016
      371.0631    929.8018   1658.1298
     1074.8962   1865.0311   2124.5476
     1233.4575   1235.7876    926.4037
     1988.4810    514.1068   2114.9089
     1411.1504   1476.1821   1506.9816
     1861.7455    923.0559    114.0403
     1653.6028    964.8376   1246.6487
       38.6198   2068.3818    399.1741
      124.4055    307.7833     97.8046
      584.4094    104.5877    481.5095
     1323.0183    938.5588    460.3322
      305.9900   2220.8152   1296.3878
     1590.8914   1685.0676    939.4027
     1652.5338    714.4414    645.3590
      757.9836    306.3825   1220.3582
      805.1395   2239.2771    704.2850
     2085.3450   1857.8335   1142.4280
      780.9251   1472.3674   1551.8274
     1356.1965    572.2822    356.5783
      700.4367   2056.8240    421.5246
     1864.7648    624.5958   1968.8351
      206.2014   2019.9385   1306.3699
      951.6971   1095.2230   1165.5254
     1082.5615    164.3566   1389.2065
      235.3356   2260.1697    928.2281
     2165.4480   1850.2229   1903.1180
     1151.4186   2043.0231      1.9751
     2147.1877   1293.4880   1019.3997
     1346.8256   2061.0803   1396.7074
     1166.4344   1463.5791   1621.1801
      606.9173    749.8995   1169.5721
      155.8893    534.5989   1067.5308
     1454.4030   1811.4548    527.5946
      335.6454   2250.6946   1563.6312
     1008.9296   2152.1853   1888.2422
     1583.6152    487.2045   1983.3928
     1540.2374    444.5088   1540.6371
      989.8636   2128.2539    560.7776
      538.9271   1504.7421    794.8870
      268.9200   1216.2642    854.2389
     1119.7122   1631.1124   2077.9807
     1260.3320   2066.3938   1604.1631
     1816.3727   1934.8041   1788.6318
     1440.6112   1915.8767   1602.9503
     1196.4021   1165.8770    163.1905
     1320.8527    581.0964     97.3419
     1114.9901    911.7526    433.1289
      727.6807    537.4279   1189.2252
     1848.2679    312.9691    323.2864
     1047.9260   1786.7935   1381.7628
     1456.8090   1422.5211   1284.8024
     1374.1041    471.9924    797.3896
      273.1211    815.4476   1489.2471
      489.4855   1730.4436    747.6291
      723.0366   1272.6200   1906.2910
      208.9430   2127.3987     47.0043
     1621.5356   1834.1891   1740.0983
     1655.5695   1819.5427   1982.7054
     2186.5378   1573.2455    251.0346
      138.1653   1871.4203   2252.8633
     1769.0793   1455.0480   1004.6890
      197.1377   1352.6272   1118.6971
      666.2448    138.3735   1027.9082
      842.4309   1256.7300    606.1639
       19.8253   1901.4998   1670.3671
     1358.5524   1040.5804      1.8094
     1359.9952    799.9746   1334.8369
      825.1643    307.4511    430.3288
       86.7280   2008.8698   1859.2489
     1518.5879    799.8022   1769.1313
      951.5540   1835.5657     34.9213
     2173.9358   1126.6078   1881.8260
     2018.1221    861.4437    538.0970
     1065.6609    123.8389   1821.0289
     1354.5159    577.9600   1210.8710
     2246.1160   1691.0342   1731.6448
     2094.6687    186.7561    411.2167
     1316.8069   1371.5641   1893.2888
     2041.0728   1572.2073   1897.7267
     1612.4070    156.5923    348.7063
     2232.3677   1585.6998   1480.2271
     1034.5743   2196.9187   1317.9230
      530.8657   1760.6307     68.7384
     2047.2362    368.7286   1068.3680
     2178.5356    267.0091    919.6713
     1929.7855   2119.5198    366.3996
       62.9383    431.5406   1369.6146
      601.7159    433.7423   2002.2787
     1934.7407    984.4537   2175.7625
      796.9244   1935.7921    960.0771
     1792.0687    424.1723   1764.6436
      114.1832   1613.0144    104.3530
     2067.6655   1709.0743    444.1732
      461.0508    680.3367     13.2393
        0.1683    745.1133   1838.6578
     1420.8425   2239.5005    664.3483
     2083.2710    636.5208   1732.8573
     1867.8525    828.7262   1973.9370
     2186.3867   1509.2910   2093.6567
      974.4663    703.0195    869.0079
     1356.4873   1385.7140    415.5652
     1519.4771   2208.6316    407.9080
      330.3417   1521.0739   1177.6121
     2052.6775   1552.9404      9.4943
     1014.9296    564.2090   2084.6970
     1886.2181   1818.1991    435.9885
      174.8467   1844.8759    864.0328
     2256.4836    528.8472   1619.6716
     1939.1748    562.9318    984.2502
     2158.0742   1281.0586   1737.0768
      942.2844   1149.9054   1877.9481
      237.8745   2213.9341   1957.5669
     1462.7714   1676.6055   1588.4996
     2256.7410    580.1296   1211.7394
     1206.5563    202.4043   2221.3064
      382.2039   1707.7673   1861.4360
     1890.6505   1562.3721   1691.7563
      552.5492   1989.0682     36.2523
        4.8264    795.7771   1318.1906
     1835.4269    550.3879    489.2007
     2204.5107   1714.0588     30.6261
     1768.5431    776.3271   2220.1553
     1756.7235   1015.0228    891.8983
     1362.0276    303.6637   2033.1562
     1535.3320   2230.4954   1006.0913
      232.6380   1283.6550    351.5500
     1544.4130    332.1718    713.9144
     1955.9618   1031.8828    785.1212
     1643.8120    505.1125    586.2589
      340.0320   1935.6914     64.7663
     1992.8752   2094.4468   2219.0938
      792.2881   1152.7666   1016.4965
      678.5364    791.0555   2262.6003
     2260.0942   2258.1145    930.2575
      100.9254   1589.9041   1235.3317
     1473.3839    357.8599    420.4225
      933.8923    482.5705   1081.8521
      238.5750   1498.5707   2218.0793
     2235.2043   1202.1486     72.1711
     1350.3191     62.6835     23.7440
     2041.5157   1150.1699   1162.7462
     2248.0122   2126.4644   1690.7197
     1687.6201   1538.5178    536.8206
       43.9473   2227.1138   2104.8242
      912.6035   1988.6740   1294.4751
      344.7018   1218.6515   2038.0864
     1300.2040   1627.9729    214.7122
      902.9935   1844.1757   1642.4379
     1575.5542   1353.4918    458.8129
     1919.5973    265.7220   1699.1626
     1759.8732    310.0724    700.6361
      863.2920    831.4276    489.4871
     1665.8662   1980.5338    709.1247
       89.0828     97.6345     72.1808
     1913.8419    654.8196     57.1047
     1746.2711      6.3356   1052.5135
      154.4893   1418.4011   2021.5889
     1293.2501   1901.2198   2143.6714
     2104.8818   1802.8519    697.8674
      429.3589   1157.2926    710.6490
     2116.9729    735.2383   1019.6215
      380.4053   2052.1528   1468.5891
      548.0693   1946.3602    263.6702
     1753.5554   2031.6926    918.3378
     1796.8530   2156.2373   1676.0846
     1718.6930   1637.8722   1160.9952
     1924.3187   1455.4580    597.8832
      429.0294   1737.9622   1186.0079
      325.0458    582.8369   2098.7620
      459.8392   1678.2679    250.4794
     1160.2261   2013.7393   1294.6299
     1829.0448    126.5427   1509.5266
     1577.4410    674.8534   1602.4464
      768.3997    516.8389   1849.3645
     1556.4272    181.9681      2.9354
      264.6519    872.8134     46.3105
      665.7355     97.5605   1250.9402
     1509.3639   2094.5994    823.5191
      411.6599   1057.9185   1209.7108
      435.8801   1223.9916   1469.6423
     2097.3245   2249.4536    777.6912
     1929.6677   1747.6302   2232.6318
      233.3313   1111.4601   1528.2228
      782.6631    682.5067   2003.0443
      814.5483   1844.2192   1419.2550
      327.9381    113.0022     80.8790
      350.4745    520.4641    918.7611
     2031.3346    618.6968   1181.4307
     1570.2146   1550.5195   2166.3042
     1151.4442   1191.6251   1123.1221
     1423.1205   1239.2999     68.1497
      611.2117    605.8609   1711.6053
      597.9583    554.0110    778.6448
     1858.0096    510.9827    759.1537
      283.3362    121.4252   1109.6884
      797.1315   1860.2461   1183.3389
     2094.8132   2050.9404   1509.6044
      432.7766   1607.4969   1373.2249
     1710.1063    592.0485    126.3794
      191.8034   1479.9843    924.0674
     2189.8345    739.0226    570.7365
     1624.6946    950.6071   1641.5444
      240.3996    410.3834   1519.8140
     1005.7562    525.1375    710.2102
     1485.1550     81.4542   2039.5676
     1513.1173    607.7418   1356.1294
      468.3426    957.9547    600.1735
     1745.6630    623.6745   1077.3174
      764.8000   1809.6462    771.4919
     1829.9712    424.4781   1190.1283
     1710.3672    213.9689    910.5371
     1973.4182   1980.3895   1963.3960
      359.6505   1883.5745   2065.5774
      798.0750    440.6976   1424.9785
       47.8625   1102.7421    748.4189
     1228.4446   1145.0303   1865.4717
     2228.0347   1432.1865    478.8759
        1.3809   1345.8918    279.7025
     1105.3102   1110.2167    353.2286
      908.3152   2061.0854    820.6240
     1695.5269    227.5663   1842.3091
     1746.4410    524.2512   1545.4479
      199.9371   1430.8132    517.3295
     1773.2108   1722.4403   1604.8198
      313.1031   1028.1089   1885.3033
     1423.4973   2177.8718   1210.9276
     1306.1002   2198.9729    501.5763
     1885.1276   1906.9309    699.0071
     1848.6647   1599.1331    380.2118
      187.5430    390.2337   1776.1276
     1688.4569   1761.0024   2223.7812
     2057.5127    115.2642    991.2958
     2103.0093   1338.5359   1983.7797
      918.0514    966.0488    296.4577
      417.0562     22.7205   1783.0374
      348.3577    312.8826    499.9799
      821.8776   1440.8942     53.4280
     2087.5981   1922.5262    334.3031
      984.5142   1368.7130   1557.5298
     1037.3582   2003.8049   1493.1440
     1009.0916   1567.1558   1147.9133
      400.0921    716.9395    340.3664
     1054.7175    804.5919   1682.1671
     1737.6389   2030.1904     67.7379
      510.8091    823.1519    200.7211
      860.1231      9.2418   2166.1692
     2204.1594    354.6982    538.5591
     1005.2603   1426.2158   2126.4482
     1615.5122   2047.1230   1121.8086
     1718.8788   1845.7220   1050.0542
     1436.9636    976.8674    641.2772
      291.3030    560.8251   1836.8832
       21.1486    882.2481    880.5108
      614.8811   1543.1906    165.2227
     1355.5916   1742.7753    907.6693
      814.2976   2136.2424   1961.7600
      661.6176   1679.0005   1949.4188
     1101.0978    959.2479    177.5331
     1276.3848   1095.5846    754.8147
     1744.9066    810.3724   1810.2881
     1301.9176   1224.7417   1283.1157
      824.0085   1701.9038   1806.1627
     1217.7429   1911.3442   1047.7883
       41.4720   1642.4884    491.4471
      921.6412   2145.0579    350.3045
      251.1023   1016.5526    657.1333
     1215.3105   1469.4641    553.7501
     1889.7859   2018.7704   1126.5436
     1123.9008   1529.5610     50.8387
        3.8048   1680.3262    850.2181
      755.0876   1189.1509     72.0838
       84.4299    177.1636   2090.6362
      757.4744   1396.9407   2122.3823
      276.8112    518.1189   1259.0997
      855.4875   1302.2703   1713.3905
      358.8554   2166.6682    626.4330
      726.9877    107.8931    297.9482
     1823.6951   2139.2131   1891.9724
     1756.9420   1780.4670    815.3962
     2162.9268      3.4844   1433.5989
     1963.9746   1880.9398    935.4979
      462.1614    518.6081    394.8854
      450.8840    113.1765   1301.7981
     2060.0020    808.7117    141.0291
     1589.3776   1162.4553   2196.7754
      210.0321    977.1307   1322.6191
     1105.4562   1031.6979    658.1215
      478.0059   2260.1475   1082.9395
     2002.2134   1667.4974   1511.1956
     2069.8479   2182.6797   1840.2292
     1530.9268   1220.8577   1276.0070
       98.7623    983.8676     32.1978
     2148.8262    391.4707   1479.4708
     1348.7429    273.2480    614.6219
      194.9589    874.6500   2072.6497
      696.5835   2154.7283   1074.2242
     1737.0061   1010.4124    339.5125
      395.5126    783.7590   2082.9185
       56.6140    520.5358    124.6314
      157.6422   2055.1143    606.6594
      792.6398    677.7900    661.5153
     1443.5079   1898.5664   1936.0522
      425.8261   2083.1709   1908.7936
     1140.7988    663.6598   1855.6534
      225.2321    599.4379    744.3073
     1466.4255   1212.3610    627.8297
     1456.7229   1264.9387    870.2829
     1596.4407   1319.3268   1084.3444
     1869.4283    214.1391   1087.2018
     1371.9106    959.2980   1846.7683
      332.1106    864.9589    472.4207
     1515.5436    632.9656    234.9960
     1894.4572   2186.0046    144.5897
      915.4821    528.9543   1686.4541
       27.3075    515.9189   1832.6533
        6.0204   1989.2357   1413.3270
      579.8361   1665.5243   1746.2255
     2008.3785   1119.0638    110.3098
     1023.8359    811.2872   2240.6968
      419.7193    841.8572   1263.2576
      856.2003   1535.7546    325.0556
      481.6076   2067.9512   1685.4330
      781.4454    917.5558   1468.9717
     1516.7388   1633.3070   1318.2793
     1832.6885   1279.1560   1113.9399
      334.0309    266.6075   1729.5026
      416.4844    946.4442    818.9195
     2259.5408    813.4338   2112.6904
     1755.8678    686.7772    855.5833
     1015.7076   1067.2281   1709.7010
      187.9081   1379.5720    154.7964
     1051.5891   1941.9746    692.0042
     1262.5251    137.3459   1052.5829
     1902.9799   1691.8389    636.3543
      502.6332    422.5894   1776.6289
     1676.4869   1733.5123    363.0804
      859.4811   1567.1404   1986.9552
     2010.4957    455.3310   1886.3883
     2146.9448    592.6940   1421.9641
     1279.2335   2247.2961    855.4054
      756.6965   1907.6875   1915.1603
      448.6909   1985.7147    511.9131
      147.2325    731.6152    532.5001
      400.9064   1313.5353   2221.4038
     1441.7239    949.5250   1081.9630
     1713.9360   1425.7700   1264.1184
     1223.3751   1613.5883   1785.5935
      679.2705   2197.0774   1630.5985
     1531.9559   1069.3472    842.7695
     1959.4934   1015.7913   1329.2516
      348.3504     79.2681    434.7262
     1757.1948   1138.9730   1290.1556
     1243.9047   1875.3416    581.1028
     1249.7710    992.8282   1196.5479
     1352.9337   1355.2589   1068.1019
      621.7532    238.1839   1466.3727
      832.5809    177.3183    833.0616
     1797.8458   2186.5725   2174.1152
     1942.8623   1398.9513    833.6908
     2129.9695   1353.7689    655.9475
     1198.8118   2029.0166   1988.0968
      479.3098    544.2912    160.9243
     1612.4816   1353.4153   1834.8448
      900.0207    296.2581   1786.8629
      517.9041    100.7611    220.7309
      909.5974   1953.4076    448.1807
     1946.4128   1925.4437    118.4509
      592.5057   2179.5806    598.5249
     1393.3961   1830.4124     88.5840
      678.9043    279.0449   1797.8997
     1154.8907    322.2480   1904.7642
      196.0775   1741.3226   1723.9518
      650.1912   1106.5150    702.1010
     1801.7908   1694.9675   1398.6552
      973.6080   1234.8428     19.0534
     1077.5458   1718.6564   1647.1539
       91.9712   2229.5525    735.3904
      360.0213   1375.6195   1614.1595
      284.5742   1641.5403    578.0574
     1426.0909    522.7816    566.7001
      953.4432    331.0482   1545.6848
     1460.7733   1796.1090    312.9493
     1297.1011   1807.4955   1707.3433
      103.9061   1513.6571   1653.2949
      999.8000    536.3951   1471.8555
     2235.1858   2061.3054   2259.9370
      857.6168    948.2271    952.2436
     1894.0966   1243.1749   2011.5050
      195.8320   1245.6958   2234.0063
      382.5428   1493.3619    394.5365
     1536.8945    155.7952    575.4233
      694.7088   2176.4031    209.0088
     1101.6228     12.5393   2261.2871
     1321.7620    414.1319   1629.8282
     1818.4506    902.6372    671.4528
      374.4365   1864.5719    986.7181
     1364.4623    369.6823   1112.1818
     1542.9659    110.6844    818.1857
      493.3858   2090.2729    946.5337
     1238.4917    991.1351   2042.4338
     2136.8528    443.7157    777.7642
     2136.6172   1812.5200   1549.1927
     1581.9418   2041.2791   1801.0898
      496.9348   1652.1597   2075.2769
     1623.4386   1849.8251   1240.7327
      708.2986   1609.3468    918.5664
     1479.4791   1339.1577   2046.9836
     1903.2314   1038.4391    527.3336
     2245.9351   1089.6869    972.9917
      174.8169   1042.4537    441.2571
     1437.7751   1435.0319    231.1812
     1130.9508   1680.3206    964.1597
     1007.8668   1125.2913    941.8645
      789.3007    472.3185   2092.8325
      412.8230    995.7502   1441.5813
     1162.5247    409.8997   2132.6641
     2224.6707    754.4454   1587.3115
     1039.0192    768.5518   2022.9226
     2114.4937     52.8845    195.9973
      271.5805    304.6671   2183.5303
     1089.9429   1800.0946    432.8810
     2143.7908   1168.3477    335.7398
      692.5015    298.1776   2217.9539
       58.7213   1385.7957   1329.7094
     1402.7125   1214.8701    289.3100
      592.0691   1879.1451   2095.4893
      704.4736   2138.4246      9.0083
      620.2789    817.2042   2033.0962
     1234.9463   2206.8120   2098.2842
      110.2240   1543.9500    692.6810
     1068.8501    163.6400   1618.6797
      610.1155    838.9132    733.2763
      913.1799   1054.3352    517.3359
       46.1402   2253.0933   1869.3977
     2001.2089   1741.5938    223.9469
     1088.2238   1238.2557   2032.7729
     1992.4761   1338.6392   1593.1167
      236.8790    214.6969    256.2997
     1833.2146   1460.9124   1476.2881
     2176.5693    227.7314   2239.4492
       50.5439    908.0964    651.0372
      852.2502   2261.6316   1191.1101
     1107.6824    813.2703   1265.7687
       26.5242    768.2967    145.4744
     2158.5874   2210.4854   1205.7487
      935.4742   1303.6940   1088.7277
     2216.2744    555.3846    380.6960
      597.2438   1337.5400     59.1479
      727.2573    846.4368    328.6678
      651.1876     50.3479   2102.7466
        6.9461   2000.5236   1181.1772
      265.9231    462.6648    279.3966
     1042.7661     76.3887   2049.4741
     1253.8696    355.6601    916.9167
      605.6315    600.1307   2149.7039
     1416.6786    751.3878    527.0484
     2109.7102   2073.6782   1026.2596
     1309.5540     14.2892   1618.4662
     1273.6359    777.4015   1977.6395
     1634.0354    291.6943   1141.5723
     1562.0300      6.0612    128.9318
      863.3428   2018.1293   1746.6377
     1358.9076   2208.6797    245.2347
     1627.0330   1254.5836    266.1376
      478.1750    905.2836   2251.4382
     2008.4587   1998.3633    563.1336
     1825.1447   1180.8545   1814.9221
     1976.9315    947.6956    298.8109
     1328.0635   2037.5934   1799.8982
     1658.2457    407.3494   1351.6495
      893.0098   1783.1267    594.0497
     1930.7209   2165.4114    936.1934
      694.6824   1806.4044    465.3516
      178.3575   1891.0177   1108.6547
      670.2052   1379.4418   1008.9815
     1188.0526   2114.5073    675.2571
      253.0480     46.9326   2155.2715
     1205.0117    604.8032    685.0448
      623.2269   2097.1218   2039.5724
     2240.3677   1432.6085     42.0072
      672.0189   1048.6990   1974.5756
      973.8361   1246.4563   1354.6925
     2076.2361   1209.7151   1415.0804
      798.3973   1269.0463    824.3112
     1435.6266    239.8332   1284.1302
     1133.7225    490.3697   1198.6371
        2.1197     63.8311   1599.1163
      594.1102   1827.2598    919.4030
     1097.9049   1070.6466   1335.9403
     1664.4872   1296.9156   1449.0353
     2262.2004    355.9282   1129.8108
     1594.6497    539.0727    826.9058
     1669.7612   2244.3069   1450.0385
      635.6664   2258.3879    854.1925
      430.8151   1313.6702    525.8683
      580.8860   1296.8879   1662.1854
     1138.5344   1322.8346    381.5034
     1434.3735    699.2889    767.8065
        6.2828   1970.8824    742.4023
      877.9269    198.5662   1069.2592
     2137.7322    353.5468   1731.1765
     1457.4338   1068.3335   2047.6062
     1798.2227    154.7917   1286.2749
      137.7498      8.0730    495.3874
     1196.4574    759.9559    872.0712
       82.9300   2060.4937    955.4785
      916.3782   1651.0952   1508.2048
     1125.7183   1428.8981    998.4749
     2050.9573    203.5335    679.5559
      994.0699    477.1982   1900.7844
     1817.2982    804.9390    452.0603
      587.7816    785.8398    488.9653
      155.0624    383.6627   2003.5988
     2093.1965   1653.2491   1022.6332
     1491.7024   1750.1520   2130.2012
     1549.3112   1553.6653   1951.0939
     1776.0879   1464.0776   1916.0704
       76.9208   1771.5490    654.8932
     1355.9091    198.1133    834.1764
     1172.9001   1304.9539   2252.7600
     1359.2820   1501.0239    898.0814
     1203.5796     79.2037    649.6993
      374.5483   1169.2826   1707.6309
     1897.0808   1777.4012   1186.4451
      842.6655    178.4403   1391.9817
     1058.0425    922.6859    836.3786
      453.0133   1129.3870     38.1743
      477.3886   1737.6107    488.7500
      250.6546   2132.2207   1736.1680
     1898.1560   1229.0641    705.0034
     1001.0336   1010.4309   2052.6257
     1575.9208   1052.1389   1453.5012
      512.9313   2259.9700     14.6433
      800.1394    148.2395   1602.7307
      336.1203    306.7641    833.0524
      950.2414   1640.8307   2194.0337
     1085.2162   1549.3704    388.1671
     1043.7212   1681.8126    189.5905
     1213.5476   1812.4587   1925.5300
     1740.5696    537.2114   2162.4944
     1767.4031    109.3972   2049.1365
     1108.3018   1963.1902   1735.4473
     1036.7526     32.9769    974.2556
     1519.0688   2053.3518    212.7033
     1381.5337    831.4147   2138.1514
     1902.4686    524.8064    269.1436
     2018.7412    710.9383    360.7523
     1459.7881   1191.8600   1845.8580
     1744.8276   1008.7469   2070.4563
     1088.7886   1299.5950   1760.4384
        9.0397   1198.8947   1179.2458
     1226.1826   1392.5502    195.1063
      591.2168   1982.0730   1477.2595
      580.4693   1132.0537   1335.1699
     1960.9591   2244.7729   2033.3567
     1547.6034    872.9900   1986.6769
      650.4401    663.2267    205.0573
      377.0928    994.1216    228.8535
     2120.2988   1625.1173   1281.5193
     1677.9740   1184.9269   1986.4863
      808.2885   1649.9038    104.5022
       74.3032    282.7316   1603.4471
     1133.0731   2169.7979    185.5089
     1298.3378   1969.4713    820.8406
      734.2327    185.8044    600.4846
      930.9879    206.3575   2230.8037
     1740.2231    104.8018    115.4540
     1846.3282    621.9595   1726.7745
     1361.4514    394.8926   1844.2449
      601.1355    219.0038    802.6161
     1601.7148   2194.7900   2187.3030
     1036.1178   1703.7415   1862.9543
     1272.6387   1589.6251   1109.8856
     1514.6954    695.8526    968.4849
     1528.9774   1631.2186    108.7199
     1487.9462   1913.2070    975.5887
      379.6676    326.9456    120.1330
     2167.7017    935.6804   1753.8071
      844.8872    799.9270    134.8438
      878.9901   1778.7998    327.6961
     1222.7012    646.0054   2150.3059
      240.0330   1225.8735    590.6581
      278.4539    924.0707   1103.5063
     1417.1929   2101.5044   2016.4969
     1831.1763   1488.5815      4.9025
      209.0120   1771.9137    188.9417
      884.8069    559.0944    207.7909
      170.8394   1805.3627   1939.8256
      144.0748    651.6211    323.2349
     1653.5737   1101.1676   1067.0668
     2109.9146    128.7607   1759.7192
     1393.8707    592.3066   1760.4086
     2108.4480    866.3943    759.4528
     1145.1606    224.7237    451.9504
     1868.4949   1023.4261   1125.0518
     1734.3811   1074.2764    115.7041
      846.3212   2235.0686    950.3684
      169.4791    152.8803   1437.5615
     1451.9277    191.4313    229.1078
     1109.9969    377.6274   1702.2933
      498.7708    194.6374   1930.0470
      257.4310   1151.2479    158.2094
     1680.5105    489.1017    332.5002
      424.5691   2258.0735    808.5199
      415.2785   1325.7645    197.7427
     1221.7404    819.3861     28.0327
     1498.1178   1839.9530    768.7305
      483.0333    857.2634   1866.2563
     1086.3345   1546.7311   1395.2827
     1487.3009    168.8870   1045.8624
        9.5591    131.5526   1129.5989
     1160.7455    366.4072    706.6326
     1141.5759    558.0223    308.1944
       25.7703   1749.4923   1069.5585
     1166.4023   1511.1892    795.6442
      716.5565   2063.2317   1263.9834
      682.9181   1650.3175    635.0676
      943.6375    145.1082    348.1383
      925.1901   2052.0032     74.4603
     1364.3712   1996.8038    374.6626
     1596.3468     38.2471   1220.8484
      587.9504    338.9764    556.9724
     1665.2920    869.9365   1022.6121
      475.6057    189.4023   2168.1826
     1097.9774    933.3311   1860.5417
     1403.3799   1442.8727   2248.5767
      478.3291   1468.9520   1792.3497
     1901.7452    209.0194    523.9580
      252.2154    802.7988    736.4714
       50.2553    428.2219   2187.0886
     2215.1646   1907.8984    154.8808
     1636.6556   2260.3682   1904.1613
     2133.6687   1524.6720   1691.9872
     1910.9709    830.1241    902.6808
     2207.7185   1890.0563    935.9758
      409.6346   2134.8167    172.4324
     1951.7805    233.4185   1918.3118
     1347.6565   1655.6497    661.7758
     1790.8967   1635.2549   2075.6431
     1752.6418     82.8058    664.9075
     2043.2748    997.4014    997.7870
     1946.1223   1371.5824   1820.1646
      469.2287    459.7779   1128.1284
      311.7290   2077.8381   1062.4994
     1731.4012    307.3213   1578.7816
     2190.1716   1475.6820    855.3254
     1912.3556   1756.3402   1950.5981
      582.9475   1221.8651   2107.3291
      277.4572   1317.5931   1836.7096
     1015.4551   2105.1223   2116.2820
     2003.3486   2226.0303   1628.7126
      396.7790    197.8886   1517.8224
     1448.6224    667.7858   1978.9856
     1219.8934   2216.6948   1862.9071
     1637.3231    681.8535    424.1245
     1453.0464    194.8788   1859.2014
      862.6534    656.0093   2218.7493
      921.0251    621.6672   1292.7173
     2020.6805   1315.3788   2221.9937
     2109.6477    899.5643   1178.2124
     1428.9550   1232.5627   1478.8181
     2228.2263   1095.3623   1593.4418
      709.2641   1618.0396   2170.8899
     1516.2803   2131.0818   1611.6302
      900.3532    694.0259   1815.4371
      618.0848   1329.8434    663.2772
     1693.3206   1357.7891   2112.4275
     1220.0031   1832.3572    253.8024
      916.5953   1447.6188    910.3651
     1446.6108   1711.2010   1832.4799
      641.8550   2092.8364   1823.4187
     1752.7966    610.1874   1301.2958
      485.1793    429.0220   2203.9309
      517.1985    775.9888   1471.1682
     1031.1027   1936.4492    243.8828
     1830.8654    979.6972   1674.8386
      868.2255   1128.5297   1544.9335
     1382.7303    895.4732    866.6891
      288.6569    493.3761     40.6465
     1347.2683   1623.2643   2010.6925
      655.8818   1594.7465    394.5197
     2173.1582    986.5330    220.9822
     1213.5597    816.9200   1485.2793
      882.7852   1716.3934   1024.7721
     1201.0677    629.8809   1361.9816
     2095.0676    905.0920   1997.3945
     1815.7576   1305.9912    137.7987
     1576.9923    444.9730     18.4903
     2093.9900   1080.1445    629.0245
      556.5907   1748.5017   1489.0657
     2206.3159   1909.5039    513.2424
     2055.3044   1337.0908    201.0238
     2025.9972    787.9437   1345.5599
      635.4937   1013.9787    895.3242
      790.6685    673.6023   1563.4364
     1200.2611   2214.6931   1441.9153
     2137.8726    948.1268   2235.4045
     1358.4846    626.9796   1526.4011
     1634.8026   1533.4639    275.2251
      205.0253   1017.9501    898.7183
     1441.5624   1445.5538    654.7738
      612.7224    569.1064   1493.8187
      304.4619   1858.5120    626.9635
     2051.0776   1477.4932    403.7088
     1740.4150   1203.8848    497.5768
      236.4221    535.8506    505.0717
     1900.2719    109.2440    836.5781
     1095.5980    586.8220     69.6567
      803.1556   2055.3833   1517.0985
     1896.2274    333.0707   1405.7987
     1976.1631    265.0475   2120.0405
      661.2842   1679.0217   1121.0901
     2225.2913     93.8616    565.9727
      266.1830   1693.7405    376.6982
     1326.0258   1650.6388   2235.2407
     2009.8046   1118.2610   1710.1782
      255.4258    747.3334    944.1091
     2067.7307    557.3020    585.3377
     1358.8743   2094.9011   1016.7346
       84.0669   1284.3229    934.7562
       24.9750   2178.8008    191.3524
      236.7639   1548.0403   1824.3533
     1776.6388   1692.4375    163.7404
     1253.0388   1447.8208   2098.0120
      605.9197   1459.1168   1998.4197
      212.4804   2254.0710    259.1957
      714.8002    115.4463     59.0011
      103.3635    416.1086    882.0099
     2064.1416    690.4750   1941.9609
     1948.6487    576.6982   1401.9479
      682.5848   1036.9307   2197.4919
      193.2591    255.0238   1260.5378
     1701.8440   2238.9895    832.6220
      693.7823    767.0927   1813.6982
      146.7298    188.8512    941.2738
      937.1545   2243.5969   1503.1727
      967.4720    603.2432    459.4687
     1032.5035    193.6904    160.5348
     1663.1715    288.9292    176.7001
     2206.5146   1004.0641   1355.8953
     1774.3077   1352.2892   1670.3749
     1767.4774    422.1997    953.3082
     1828.4174   1177.1710   1545.0693
        4.5744   1193.9058    538.8677
     1798.6244   1936.5283    277.4799
      797.1462    475.6827    559.3560
     1324.5118   1010.0756    235.8934
       87.1763    933.7331   1516.8441
     1561.1368   1968.9453   2207.8445
     1118.6464    527.6696    923.9782
      724.6892    482.6994     75.6507
     1299.1527   1598.6946   1310.6837
     2004.5475   1275.9203    477.8021
     1629.8033   1808.5599   1472.2340
     1938.8114   1189.6903    945.3412
     2061.4951   2045.9358    788.2435
     1440.8733   1075.3434   1648.4487
      931.1249   1641.4707    805.3762
     1753.7406   2145.9951   1254.7186
      604.5524   1148.0020   1128.9460
      891.8537   1011.2179     35.9295
     1619.9677   1873.8105    150.4332
     1638.0168   1553.9161   1692.4652
     1602.2498    868.5093    776.1886
      805.8434   2253.3813    484.3640
      346.3543   1535.8059    145.7778
     1103.0400    195.9909    835.5509
     1783.9583   2011.4377    515.9944
      366.6034    328.5010   1328.8859
       84.2164   1104.3854    271.8427
     1814.0400    744.4247    244.2342
      751.3199   1095.7692   1756.3033
      557.0045    132.1954   1659.5439
     1968.7374    320.0949    858.6758
      324.7902   1722.9139   2254.6353
      790.2632   1113.7256   1317.3773
     1855.3954   1653.5131    994.6466
      716.2233   1475.7216   1778.4847
     1676.4597   1983.3413   1584.1469
     1552.2018    755.9605   1187.5018
      692.9006    452.6617    311.6436
      569.2954   1393.3999    340.6304
      738.0582   1429.0734    502.9914
      525.9529   2240.3354   1486.6356
      730.2939   1288.5172   1472.0841
      115.4955   1207.3909   1948.6462
     1207.3025   1365.0121   1419.8347
     1619.3423    599.1888   1797.9124
     1023.1701    952.3332   1500.3450
     1001.9738   1419.9446    203.8761
     2120.0229   1579.5942    618.5164
      408.7434    684.2347    621.5884
     1865.2152   2127.4897    701.9738
      724.1269    257.8207   2006.4330
     1423.2269    833.6276    103.7011
     1147.7745   1204.1442   1539.7987
      128.9843   2191.0576   1121.7456
     1129.3893   1379.1442   1213.4329
     1561.1504    501.5345   1130.1029
      904.5865   1370.3641   1931.3794
      481.1593   1624.7148    982.6188
     1482.0430    208.2786   1611.2194
      951.5570    365.7692    873.2709
      950.8940   1181.9012    230.9125
      337.5654   1419.8623    735.2584
     1230.8156    299.6775   1278.1543
     1541.9182   1353.0828   1635.6487
     2100.4775    562.3827    194.0287
     1768.5771      2.4093    466.7665
     1932.8940   1042.3654   1923.2637
     1096.4624    322.7452   1067.7924
     1323.0518    570.1362    984.9792
     1571.3611   1458.9447    886.3871
      542.0299   1502.6511   1181.7908
      423.8717   1117.8170    959.1230
      581.5493    985.6390    364.1180
      637.1573     48.9326   1861.2865
      402.9700   1946.0414   1247.7579
      468.4861    714.4556    849.4096
     1930.0264   1508.6406    204.2821
      985.8498   1867.5801    883.2270
      169.0809   1984.8832    225.7385
      156.3224   1877.8916    434.8559
     1577.1139    927.2230   2196.2043
      541.9525   1880.5790   1873.3796
     1236.1063    145.1640    216.2691
     1408.5251    512.6228   2144.4534
      670.1282   1578.1514   1359.7522
     2222.3628   1356.7993   1528.3510
     1586.9304   1974.5829    447.8338
      832.4611    882.4631   2117.0920
      587.5311   1959.5701   1103.2737
     1940.8270     87.0219      6.2633
      945.7618    429.8843   2246.8792
        4.6558   1891.6713   2088.5576
      344.5219    601.7773   1464.0920
     1457.5215    419.1121    194.4775
     1167.9940    395.7432   1473.2904
      561.7897   1162.9241    239.3340
     1005.3260     86.1361    549.7229
      355.8507   1655.1462   1622.8965
     1621.6255   1415.6707     76.9103
     1815.2747   1389.5322    366.5808
     1333.3351   1280.4293   1686.3525
      219.6557    732.6558   1260.2325
     1534.2037   1096.5358    432.3039
     2157.1936    641.7560   2248.9907
     1015.4066    392.9227    518.9135
     1127.2941   2078.8594    922.8398
     2184.3557    984.7510    463.4275
     1693.7266   1263.1274    887.0607
      948.8975   1521.9822   1706.0845
