      975.8981   2237.4092    183.9039
     1146.0029   1426.9156   1138.3861
      526.9979   1596.6190    178.7162
     1331.4711   1083.0422   1673.0062
      711.0203   1866.4580    502.4209
      514.9073    636.0492   1074.8445
     1798.8340   1636.9512   1028.5509
     1478.3784   2053.4849   1165.1604
     1631.7946    326.6391   1010.0284
     1413.3688   2183.5237   2215.6082
      643.6602   1369.1218   1530.5050
      944.2198    275.9398     75.6199
     1196.3827   1879.2177    333.7310
     1188.6439   2240.7236    760.9998
     1637.0798    898.8550   1169.7605
        9.5968   1352.2472   2261.4597
     1089.7096   1606.1841    926.7191
      873.8345    302.6863   1380.9282
     2218.6953   1845.1560   2226.4607
     2146.8772    300.5340   1976.5295
      945.9499   2051.5823    932.3174
      712.9106   1936.6422   1652.0052
       66.3104   1083.5413   2252.7039
      635.1426    999.8553   2212.6541
     1307.5935    791.6454    683.3653
       89.7822   2222.0537   1522.9479
      295.7863   1507.4348    845.8770
     1436.4662   2143.3804   1727.7321
     2138.6951   2068.0522     38.5162
     2001.4901    164.9202    260.3663
      761.2066    716.1603    515.1447
      158.2264   1306.2764    713.0646
      482.3885    253.2265    623.5891
     1830.3901   1580.4447    769.8602
     1247.6652    851.5092   1626.2461
      756.6493    158.6788    675.5353
      958.9784   2040.2684   2196.3389
     1173.7860    453.0090   1308.2634
     1724.0145    157.7264    708.2245
     1495.1641   2017.8641   1990.4320
      384.6132   1435.3301   1480.2716
      670.1255    333.9948    243.0034
      468.3644    280.8197   1068.4594
      207.1539   1836.3464    964.6844
     1725.3048    180.8991   1211.2917
     1563.2722    159.5018   1737.0620
      890.2897    383.9517   1161.1697
     1271.6821   1092.5375    499.8976
      147.4355    492.7541   1349.5651
     1165.9919    980.5361   2156.5212
      712.5316    842.2418   1049.6481
     1142.2114   1538.2555    397.0636
      172.3274   1267.6049   1337.7673
     1893.9744    796.9639    161.2463
      719.3643   2236.3533   1776.6420
     1568.3046    863.5831   1421.9023
     1649.9098   1448.5701    578.5229
     1455.1324    371.0868     37.8378
     1538.8873   2026.5563    412.1911
     1747.2687    655.9365   1484.5818
     1877.1564   2239.6995    615.8284
     2049.1628    701.1408   1058.9113
       60.2365    173.3493   1679.3611
       51.1867    657.6124    617.6763
     2167.4211    648.0727    406.1754
      991.3374   1128.9703   1320.1399
     1432.2753   1103.2472    278.3404
     1547.5992   1499.0653    328.4155
     1178.5216     19.9087    510.4229
     1516.0222    752.2673   1641.9701
     1337.7323   1275.0515    717.2889
     1593.8468   2011.9022   2245.4861
     1431.6455   1187.2765   1373.0919
      454.8227   1710.4224   1997.6377
     1650.7103    222.2336   1472.4438
      456.4005     72.3827   1935.3138
      751.5879   1607.1206     87.8999
      330.8319    203.8609    819.6850
      849.1488    264.3579   2071.7217
     1470.0983   1626.8564    718.1293
     1983.6959   1422.1228    894.4641
      754.1211   1037.4551   1224.0377
      546.8882   1861.0857    749.3818
     1462.5791    793.5768    239.1611
     1570.9242   1314.7183   1543.4155
      625.1254   2220.0806   1263.7815
      367.1310    575.1699    180.9097
     1177.5477   1619.6024   1280.3678
      889.5723   1481.5920   1649.7905
     1141.7426    416.7788    189.0756
        4.6213   1554.7125   1761.0088
     2155.2402     19.1591   1230.8690
      223.0332   1628.2961   1118.3696
     1352.3378   1400.7483   1928.3037
     1711.7520    389.6762      9.3738
     1046.9526   1749.0522    507.6655
     1411.7188    249.7547    307.2150
      182.3602   1292.2478   1780.3853
      234.6189     14.7595     94.9865
      308.8803   1861.3171   1880.7147
     1708.8184   1173.8701   2028.9451
     1799.6229    702.1649    947.1190
      866.9782   1527.2438    889.1642
     1473.6283    625.0934   2233.7441
     1977.2843   2088.4353   1250.0098
       97.2831   1120.5751    923.4350
     1506.0861    362.5018   1879.2949
     1503.4222   1848.3317    594.9249
      655.0693    766.1387   1790.3075
      300.6216   1137.0824   1100.2625
     1505.0865   1228.1301   1827.3821
     1415.6041     90.6103   1505.5477
      235.6648   1876.5482   1192.2512
     2106.7007    552.9800   2145.9817
      218.1924    491.2338    728.6124
       25.1513   1753.2573   1282.9091
     1327.5197    631.9946    480.0496
     1850.5957   1714.7306   1564.7017
      974.7048   2175.3494   1733.6212
     2220.4871    879.5330   1578.5104
     1698.4666   1981.2629   1340.3678
      233.0266   1011.7601    369.2353
      141.8849    234.1531    330.1163
      965.6711    893.1321   1138.1342
     1929.8126    149.3676   1977.0322
     1643.6741   2178.3901   1553.7567
       24.3821    706.2485   1146.2417
     2210.7566     24.6770   1966.6858
     1075.5466    874.2615    892.4841
     1631.8110    950.7112   1919.6134
      727.2524   2146.1638    598.6370
       49.5128   1221.3729   2034.5907
       19.7387    161.7760    709.0656
     2123.5554   1612.3623    689.9018
      249.4113   2134.9373   2021.4543
     1176.8339   1885.4187     72.2556
      136.0754    327.6841    884.6897
      308.8717    119.7997   1591.7261
      580.1364   1533.1196    885.0452
      428.8575    392.2079   1458.9974
     1172.0870    176.9339   1370.5665
      917.9711    359.1863    356.5948
      580.5363   1377.3022    406.4774
      638.1883   1296.8833    883.0408
      967.3849   1482.3818    584.2335
     2262.7251   1350.5151    933.9037
     1046.5421    834.7440    662.5485
       84.0784    467.9653    209.1306
      788.0475    847.7228     85.4898
     1965.8982   1639.3420   1825.6228
     1459.6364    544.3771   1419.6370
     1294.5521   1808.8376   1454.7714
      390.5496    187.0073   1327.9229
     2083.2708    371.7057     74.9748
      585.9801   2000.0380    953.8987
      948.8160   1810.1888   2254.4497
       39.6863   1832.6270   1850.9839
     1116.8434   2237.1619    994.0172
      946.2556   1922.0547   1954.6550
     1959.2402   2137.1545   1963.9636
      910.3055    999.5768   2115.2595
      463.6810    513.3446    632.6354
      149.7875   1392.1547   1562.7062
      293.2794   2113.0383    328.1615
     2119.0562    812.0398   1792.5692
     1829.4584    744.7832   1217.7526
     2047.3782    641.3140    809.8525
     1906.3143   1159.7053    264.0615
      508.0182   2025.4348    143.7159
     1445.5376     34.2154    485.2884
      612.7521    832.4583    313.0130
     1523.3027    937.4518    496.7430
     2003.2880    504.5975    566.2368
     2012.4980   1062.6941   1642.5652
     1189.9855    729.5421    231.9741
      571.4098   1121.5969   1451.7053
     2123.9885    361.8243    367.5447
      945.6145    630.1204   1183.7964
      412.5222   1260.0023   1299.0613
      256.2867   2026.5138   1655.2474
     1350.3038   1478.2979    918.2380
      499.7531   2166.9790   1599.9049
      680.6525   1503.5603   2116.1165
      879.7030    941.3151   1757.5515
     2247.7898    215.4100   1173.5031
      875.9709   1780.8049    309.2809
     2128.8340   1598.9766   1063.1990
      831.4059    874.1439    770.1943
      647.5897    703.2616    739.7654
      418.1516    732.7964   2229.3921
      233.5640   1857.0553    384.5066
     1081.5322   2063.5427   1159.7399
      442.9561   2224.9966   2218.5808
       65.1125   1156.7162   1542.8177
      833.4260   1271.7274    459.5381
      461.0610   1454.5686   1980.0210
     1390.4331   1085.5184   2091.6201
     1228.9186    641.2499   1119.6653
     2070.7866    983.6519   2068.5061
     1194.9147    682.5845   1417.5400
     1383.0427    522.8685   2059.2656
      158.3494    829.7496   1802.1858
      167.4591   2234.4075   1224.4689
        9.2445   1772.9004    230.3610
      168.5536    938.3983   2081.1555
     1277.5162   1875.6251   1213.3916
      852.6468   1214.2930    730.6499
     1946.8629   1447.6501   1115.9364
     1299.3876   1671.9264   1062.5833
      326.0390    691.8258   1417.2059
     1921.7770    882.4545   1455.1683
     1903.7100   1657.3312   2061.4626
     1682.3447    962.8439    208.2951
      994.5669   1829.8672   1297.5099
     1963.9642   1832.5906   1152.3462
     1136.5928    647.9865    856.9278
     1773.7257    629.4061    622.7706
      674.5964   1295.0708   1250.7382
     1868.4264    428.8141    222.4710
      592.6129    596.2467   1510.8402
      239.3927   1647.3687   1375.2656
      625.7697    180.4319      6.8274
      948.2216   1427.1472   1289.0289
       20.7702    644.8631   1679.7321
      435.8300    902.9678    985.9832
      697.1210   1345.6055    131.3795
     1543.3936    673.4673   1877.8868
     1856.8098   1394.6147   2081.1919
      938.1860    398.7607    868.5923
     1432.5435     37.9767   1946.8019
      478.9588   1860.0873   1662.6536
     1852.4395    165.2327   2243.5847
      507.2489    656.3322   2011.6716
       29.7559    680.0067    872.7719
     2248.2405   1194.0149   1168.5781
     1971.7521    275.3460   1338.1769
     1818.3107   1393.2317   1790.9789
      437.2009    944.9930   2036.4873
      559.3733    500.6174   1766.5380
      535.5787   1986.8071   1389.0916
     1671.5768    228.6315   2046.3625
     2247.1990   2216.5266    311.4760
     1195.0242   1537.0740    700.5304
      697.7666   1258.9421   1720.9382
       73.2870    977.2308   1261.9858
       95.6433    428.1881   2106.3831
     1726.0369   2164.2676   1133.7343
      247.3989    718.6371   2063.5977
     1878.7313   1273.4816    681.3488
     1717.1541   1184.9342   1747.9808
      542.3141   1696.5858   1414.6716
      855.7123    654.5863    930.8181
     1877.0151   1988.1123   1507.6840
     1927.6143    352.5514   2123.1631
     1765.1791   1907.3909    344.1777
     1343.1813   1259.8540    980.5950
      688.9668    968.4391   1949.8049
     1194.5347    412.8250    423.7919
     1277.4561     81.9528   1757.4777
      797.4551    795.1143   1576.0111
      707.6362     49.7910   2045.9415
     1311.5864    967.6044   1399.9255
      353.9862    193.7416   2142.9980
     2121.9426   2111.4360   1514.2445
     1771.9625   2153.4646    398.8170
     2010.3381    645.4609   1607.9556
     1296.5248   1639.5026    180.5995
      725.9496    282.8258   1777.1207
      296.3579    985.2728   1350.8378
      688.2748    489.1099    973.0811
     1143.2030   1291.6783    581.1343
     2228.8337     94.1872    140.4161
      222.7765    250.6997    571.6815
     2183.5676    940.2385    760.6259
      702.9827    359.7641   1532.6111
     1968.6884    819.4769   2170.8330
     1128.5427    193.3641    298.3191
     2085.4680    133.0512   2181.6206
       51.1641   1512.0881   2042.8468
     1509.1047   1814.8116   1250.5531
      135.4630    689.7087    305.4266
      528.3795    877.5783   1550.2723
      962.8965    664.0546    157.5117
      379.8124    538.0546   1247.3344
     1345.8818   2000.1161    180.9565
     1202.2014   2185.4404    293.3619
     1677.9845    383.9201    555.4721
      137.7013   1562.7667    385.9716
      743.3691    967.3896    548.4719
      602.9940   1200.1367   1995.5123
     1161.2341   1955.1624   2086.6958
     1549.0437   1152.6860    977.6742
     1864.2865    607.2198   2257.5381
     1340.6289   1361.9543   1663.8986
     2019.3796   1013.7036     61.9062
     1908.2854    929.7385   1134.1956
      183.3569   1986.8651    621.9911
      429.0861    319.5939    150.9734
      621.9230    115.6608    423.8471
     1202.0154    877.8779    437.6953
      391.0888   2084.7339   1178.3833
     1661.8090   1308.5524    822.3342
     1496.5194    614.6542    659.3403
      726.8290    185.3258   1202.2681
      952.1201   2221.8530    736.7419
     2211.5947   1818.9526   1014.3163
      938.2879   1273.3361   1534.3276
     1457.7198    400.5869    513.9218
      769.7906   2109.6814    310.5650
     1928.7124    696.6257   1950.5664
      151.7628   2082.3230    976.5181
     1081.3545   1141.2333   1019.6411
      977.5738     48.0814   1302.3893
      197.1673   2245.1147    742.7441
     2174.7974   1699.6068   2000.5829
     1178.5629   2144.7712     29.8367
     2062.5168   1146.6559    891.6882
     1423.1440   2010.4320   1437.1056
     1079.2031   1289.2434   1757.3077
      787.8663    803.2980   1354.7742
      232.8650    558.0358   1030.4127
     1469.2169   1749.2588    356.8069
      367.4478   2208.0049   1407.2024
      941.2126   2183.3296   1997.6428
     1699.6927    509.3372   2052.9629
     1329.4180    339.0965   1531.5082
      978.9318   2072.8726    480.3888
      401.7425   1732.3875    963.3531
      352.2065   1011.3392    804.8560
     1206.7961   1639.2227   2137.2383
     1227.7953   1983.0267   1673.5608
     1912.0857   1923.6428   1834.6555
     1595.4619   1870.3751   1573.5614
      868.0328   1133.4839     47.2460
     1212.2860    552.0413     15.3217
     1044.0828    997.8770    150.6269
      693.8613    598.7097   1237.4373
     1895.6925    255.5656    515.2206
     1053.1956   1710.7523   1520.9252
     1112.1644   1456.8346   1529.0117
     1130.7028    233.2657    832.1826
      201.6261    868.6865   1578.8760
      500.5073   1655.5792    606.1115
      795.1660   1281.6097   2140.6260
       75.5008   2021.3750    180.0371
     1709.7765   1698.9003   1778.9423
     1628.2668   1788.0127   2025.0236
     2163.3760   1455.0103    231.6661
      276.9071   1654.1162   2106.7122
     1705.4758   1378.5728   1062.9620
      194.5311   1365.5570   1065.9932
      606.0728    228.2776    869.7112
      701.7781   1408.1033    660.1888
       47.9081   1877.0500   1525.8331
     1318.5244    916.1603     96.1055
     1396.0900    776.6975   1262.8407
      972.0019    258.3244    598.9512
      155.2292   1908.4061   2095.1016
     1340.8844    564.2118   1669.9126
     1045.9349   1668.4148    144.1087
     2254.2683   1076.9630   1823.5582
     2010.9254    923.1742    348.7591
     1001.8101    171.1196   1882.9969
     1415.6022    401.0337   1172.2938
     2242.5112   1595.7355   1533.2310
     2142.1663    128.5825    521.6249
     1294.0402   1360.8176   2173.0581
     2139.5332   1372.2557   1893.7128
     1709.6538    185.5865    196.6761
     2131.0671   1334.4913   1345.3540
      859.8952   2214.0754   1105.1759
      519.8601   1784.1270     10.1789
     2103.0906    143.1448    933.7692
     2152.8472    423.0684    884.0791
     2043.1233   2145.1294    482.7115
      106.0240    207.9546   1417.8582
      547.9185    302.1087   2000.6639
     1768.1671    936.5405   2216.1807
      763.1892   1789.8940    933.0122
     1798.5985    597.4854   1751.9941
       69.7939   1621.7174     40.5066
     2259.1067   1724.6859    552.5418
      625.4737    641.7707    131.3682
        9.6408    704.1696   1982.7183
     1402.9904   2027.2781    792.0379
     2083.0566    528.7775   1901.6659
     1883.0552    971.6041   1942.5057
     2076.0535   1493.1433   2135.7488
      936.4153    550.6222    648.3386
     1308.9521   1347.2113    332.1984
     1484.9114   2233.1335    241.1656
      458.3010   1368.7341   1082.9496
     1991.1602   1379.3260     77.7049
     1015.8214    565.1444   2081.7339
     1773.3198   1984.5234    598.2501
      284.5125   1771.2618    656.9915
     2179.4453    427.6454   1452.8092
     1971.8468    320.8328   1081.5920
     2188.1892   1288.1475   1679.8329
      907.6486   1151.5120   1934.4585
      168.7913   2219.6709   1796.8986
     1293.7352   1659.3129   1628.4846
     2179.8606    467.6114   1154.1412
     1132.3566    315.4341   2124.4634
      463.0107   1545.6499   1710.0300
     2038.9136   1488.6273   1579.2097
      734.4183   1872.1057     71.5217
       42.8207    701.3520   1415.1060
     1932.5536    678.3471    373.5488
     2001.8264   1666.4161     76.5987
     1667.8558    748.9176   2074.3645
     1779.5588   1098.4487    915.0734
     1414.5640    257.8603   2078.2563
     1362.1051   2222.8743   1058.9512
      530.8068   1113.6044    395.2723
     1511.9255    287.4746    754.3898
     1863.0137   1021.0469    663.8961
     1628.7438    667.2888    417.0885
      261.0692   1990.9142     46.7513
     1934.1747   2160.2712   2191.7053
      839.8784   1333.1227   1074.9469
      725.4005    723.3869   2135.4797
     2167.4092   2205.1462    742.9633
       43.2268   1500.3185   1267.6886
     1609.0223    400.9591    290.3627
     1144.6707    441.7589   1035.6166
      422.7018   1510.6182   2232.8411
     2176.6980   1186.5637    192.3682
     1257.7321    132.7992     40.0402
     2130.9897   1097.5002   1394.8412
     2244.8967   2094.1233   1735.2184
     1857.8998   1435.9095    370.5001
       61.4512   2199.4360   2180.4746
      865.7262   2085.4492   1332.7260
      333.4871   1199.9871   1959.8633
     1465.3312   1407.3590     99.6121
      966.9833   1900.4581   1661.0004
     1658.4866   1265.9005    254.8416
     1859.1080    193.7548   1643.7197
     1859.8501    468.4507    847.5300
     1061.2335    628.2401    433.3498
     1615.5836   2160.6226    641.6236
      186.9682    304.5258     51.8141
     2105.0239    662.3533    158.8252
     1617.9421     99.3089    971.6259
      252.8596   1367.4637   2126.2427
     1389.6265   1869.1466   2162.5234
     2214.4839   1963.8135    484.0622
      290.9900   1138.8555    593.3992
     1943.1274    888.5970    882.2683
      243.2921   1988.3127   1416.7524
      572.0258   1848.6653    322.3197
     1632.7308   2111.1636    887.4144
     1893.6670   2159.2600   1687.7396
     1556.5853   1614.3344   1192.2832
     1955.2334   1485.8789    566.6930
      430.3978   1547.0627   1238.8184
      323.3006    493.2612   2226.1208
      280.5405   1750.7001    179.4507
      997.6954   1827.3556   1041.8037
     1878.5361     31.8764   1423.1599
     1597.3130    470.7840   1667.5054
      741.5846    502.5887   1987.6019
     1545.0432    123.6002     11.2175
      227.5256    908.9001    114.1374
      575.6245     36.3221   1056.3501
     1495.7285   1840.4849    940.4859
      550.0519   1093.6257   1076.6918
      571.4478   1046.1930   1720.1488
     1901.2095   2212.6035    846.9706
     1756.2365   1724.9124   2252.5298
      323.5327   1118.2377   1553.4034
      875.8812    729.2789   1925.5796
      770.1494   1864.9381   1442.9874
      543.9103     16.7201    218.4737
      452.4809    467.3555    870.5587
     2115.4487    847.6096   1298.3601
     1673.7880   1529.6882   1985.5608
     1188.9526   1176.7305   1233.6704
     1540.5363   1176.9729     30.2725
      804.4675    545.6060   1674.5306
      723.5170    424.8799    739.9683
     1636.1925    547.4519    857.7310
       73.4293     56.3192    985.2482
      751.2458   1922.2695   1162.5641
     2115.5842   2089.0281    987.6035
      786.0179   1605.9912   1394.7887
     1662.3857    645.8105    174.6117
      369.4503   1272.6539    841.0765
     2020.1338    804.1645    600.9641
     1563.8599   1011.0696   1650.8451
      178.3462    385.2204   1621.1483
     1187.2203    472.2456    651.3023
     1775.4401     34.3251   1814.8618
     1655.3628    408.7042   1317.7798
      501.1032    893.0733    575.7811
     1575.5266    626.4215   1138.3257
      778.7075   1671.6462    695.9394
     1838.8381    489.1288   1193.8552
     1436.1401     34.9940    753.2355
     1992.2284   1887.6207   2117.9822
      441.6955   1953.7596   2135.4080
      604.0294    380.5414   1275.2578
        4.1608   1096.3043    602.9565
     1175.2693   1142.8010   1926.4611
     2180.2346   1431.0419    491.3740
       81.3881   1260.7913    450.7909
     1050.8019   1241.9735    275.1211
      791.3371   1961.6586    727.8004
     1830.0624    356.7308   1854.2777
     1860.9175    442.0116   1507.4963
      317.6998   1338.5242    414.5003
     1758.1038   1477.5880   1564.9700
      309.4721   1025.1975   1809.0171
     1273.8967   2203.3716   1322.9023
     1330.5677   2066.3572    510.2487
     2027.1892   1941.4550    686.8339
     2001.4192   1665.0215    339.7020
      217.8891    188.8535   1925.0857
     1486.5181   1644.5281   2249.3003
     1940.3156     35.1330   1112.5206
     2073.8887   1204.4550   2165.3770
      776.8967   1139.2698    262.0091
      572.4073    137.8866   1689.1327
      412.6054    336.6230    395.5314
      956.2527   1424.9540     24.2564
     2055.5173   1895.4189    288.0803
     1030.6273    878.5871   1387.4813
     1172.6774   2229.2744   1576.1444
     1316.1929   1454.9205   1349.1678
      373.3886    802.1694    277.9499
     1089.0773    869.7869   1931.5721
     1741.6019   2192.3142    111.6204
      799.2369    561.0713    317.3422
      950.7131     83.4393   2199.4285
     2226.9792    402.4544    630.0053
     1078.8068   1200.2988   2189.9871
     1553.8434   2257.2151   1323.0280
     1589.9258   1595.9771    923.6335
     1308.8976   1032.2708    869.6431
      326.1855    579.2092   1629.4780
      146.5240    875.6518    985.6619
      436.7155   1270.8186    183.2921
     1253.2247   1805.1587    833.4968
      661.8315   2087.9290   2036.5919
      674.8820   1537.4402   1851.5760
      909.3401    842.9227    359.9208
     1128.1713   1105.9683    744.5240
     1837.8203    857.0802   1729.1763
     1211.3199   1243.6997   1468.0135
      893.3168   1707.6321   1822.2881
     1014.2859   1760.1707    757.2408
      174.0359   1541.7906    624.0559
      966.6912   1978.1381    221.5693
      152.4694    897.2875    719.5444
     1382.7339   1541.1383    519.9294
     1853.6600   1981.2770    886.0490
     1169.4869   1430.8239    118.7807
       75.8373   1606.1932    881.0851
      515.5497   1011.5300    155.9024
       46.7535    188.3493   2147.3010
      945.6629   1612.7507   2086.5786
      219.5681    320.7328   1186.3015
      842.8459   1388.0139   1900.7167
      345.1544   2238.8044    539.3978
      898.3083     73.5757    449.4595
     1780.0475   1991.9177   2069.5483
     1734.5425   1807.6141    812.3834
     2149.2339    100.5209   1486.6826
     1977.3206   1743.2231    888.9678
      544.7607    623.8651    397.5599
      306.5046     62.9384   1038.8855
     2260.4934    944.8339    207.1734
     1522.2018    916.7401   2239.6069
      268.0244    770.8939   1181.0990
      982.8505   1046.9811    467.9676
      540.8727   2249.6531    685.4475
     2016.9875   1589.5265   1333.9343
     2102.7451   1823.4224   1695.3834
     1730.5081   1095.2736   1504.2731
      177.4394   1225.9731    207.3342
     2064.0962     64.2239   1748.9314
     1303.1973    230.1367    609.0639
      394.1474    772.1121   1764.8031
      726.5613   2213.3489    855.3633
     1760.7206    867.6878    449.5944
      574.2599    444.6751   2192.7480
      113.3650    657.3879     20.2249
       22.1303   1944.4056    799.9116
      670.9408    414.1776    493.1052
     1429.8140   1832.5149   1803.9009
      465.2577   2063.8984   1834.5999
     1216.6617    609.0892   1894.4069
      346.1013    725.5480    820.8019
     1462.5776   1266.1304    514.3609
     1576.1995   1109.0460    689.5362
     1640.3932   1165.9961   1253.3054
     1832.6895    217.0976    909.1747
     1364.0585    932.7748   1864.5027
      304.5279    757.3641    529.0980
     1386.3940    533.6255    235.6484
     1975.6710   2170.5081    233.0817
     1037.1134    733.7115   1711.4036
       53.5939    432.4796   1868.8849
        3.4701   2031.8617   1270.6938
      711.5597   1670.1747   1636.3806
     1806.0979   1205.3531     47.6236
     1038.3698    773.6408   2191.0896
      527.0370    842.0794   1259.4880
      901.1478   1471.1898    292.0554
      765.9728   2155.1799   1529.8353
      791.7973   1059.4395   1530.4862
     1541.6755   1627.3259   1488.6241
     1956.8840   1198.4064   1100.1705
      404.0836    319.5949   1755.4524
      602.5779   1001.4854    798.2079
     2220.6184    833.3564   2232.6216
     1534.6276    920.1405    913.7297
     1056.3584   1063.6833   1594.5752
      219.9584   1467.2732    138.7624
     1113.9042   2004.3459    702.8038
     1076.3203    190.9034   1122.0891
     1948.4495   1792.2319    534.8838
      316.4871    486.3282   1911.0071
     1687.9240   1705.0804    512.0103
     1059.0968   1363.3138   2007.3340
     2075.1707    376.5986   1687.6089
     2045.7858    608.9886   1343.8704
     1227.7357   2001.5004    978.9678
      631.5580   1865.2194   1872.1471
      412.6076   1937.5684    537.5205
      200.5268    478.1061    462.1818
      520.2194   1283.1495   2200.6758
     1409.1304    694.2919    921.4851
     1741.8073   1392.8834   1334.9246
     1377.2043   1677.8566   1977.6750
     1116.2274   2035.8706   1447.2861
     1413.1840   1043.3715   1149.7739
     1913.5869   1124.9680   1353.9872
      331.2883     95.1412    334.5380
     1919.6870   1307.8563   1539.2241
     1274.7758   1766.5179    564.6229
     1211.0570    872.5499   1168.5984
     1462.6021   1360.2424   1181.2441
      606.2585    120.4214   1439.4368
      892.2056    150.1555    933.8357
     1673.0427   2220.7158   2077.3513
     2156.4500   1282.5160    706.3404
     2033.3896   1213.2069    453.2898
     1225.0994   2115.8813   1901.3539
      821.1038    493.0148     32.0495
     1539.6093   1528.2659   1733.6458
      979.4199    415.2770   1825.5615
      808.4492    142.2796    202.8785
      728.9550   1599.3368    467.2601
     1875.2296   1920.2522     95.2160
      532.8496   2123.6899    414.7193
     1595.4785   1847.0312    150.4199
      837.3879    145.0253   1581.9890
     1268.0448    341.7922   1817.4368
      238.9585   1730.7892   1640.6023
      536.2214   1179.7614    648.2220
     1777.6298   1719.2874   1306.0116
     1266.8496   1167.2479    119.5506
     1147.4255   1528.1614   1818.2792
       84.3827   2241.1304    515.5601
      446.3371   1292.0933   1752.4620
      442.0538   1420.6396    643.2691
     1334.8134    443.1750    858.5891
     1074.2200    250.8882   1604.8892
     1755.4672   1650.3994    229.8571
     1168.1616   1786.2987   1860.1476
      243.7141   1544.7937   1876.1388
      919.0379    570.4150   1461.4329
     2181.5791   2021.9656   2012.7666
      829.4946   1069.7544    929.1927
     1979.0684   1205.2869   1931.9812
      332.9404   1125.8214   2261.0359
      379.1185   1599.9326    385.4160
     1668.5796    138.9901    440.1870
      742.6360   2173.1389     17.2161
     1153.3085     44.4585   2044.5179
     1113.8035    509.4526   1595.0187
     1683.7021    835.3198    728.1649
      523.7308   1825.3444   1177.3810
     1425.5311    176.7550   1226.4486
     1358.9677    202.8285    993.5611
      356.3269   2073.6816    800.3820
     1328.4681    764.7990   2073.4250
     1987.3424    273.0303    730.7997
     2082.3645   1851.8042   1391.5657
     1666.2565   1998.7612   1809.0212
      715.7802   1786.2059   2074.7178
     1708.0823   1911.2803   1089.7695
      623.5269   1540.8109   1128.6578
     1532.9481   1356.2831   2080.8901
     1715.3011   1147.8124    450.4784
     2148.4338    973.4910   1057.3322
        6.8937    895.2737    482.5548
     1731.2725   1455.5265     46.9048
      854.7460   1645.2201   1128.1345
     1059.5841   1343.7834    833.5962
