      796.6354   1906.9689    141.2272
      712.7992    915.4207   1469.7709
      161.0729   1712.0421   1296.0986
     1381.3934    989.7499   1580.3079
      188.0132   2048.6252    208.8838
      396.8814    364.6824   1637.9799
     1529.6619   1135.4641   1272.3278
     2120.0747   2041.1810   1289.5369
      904.5507    127.1988    615.5212
     2223.5059   1409.0083   1817.7244
       35.9897   2262.9651   1337.6284
      372.3994    857.9242    668.6345
     1834.3289    935.5389   1136.7858
     1398.6226   2158.2356   1372.2135
     1212.0590   1255.1997    480.9681
      920.7674   1477.0022   2083.8044
     1777.6432   1179.7205   1978.4738
      351.7481    251.5381   1252.0774
     2207.0698   2234.3132    688.2576
     2023.5975   1130.7418   1706.0616
     1175.1754   2133.3835   1021.0482
      196.7596   1715.1476   1839.2888
       45.7997   1146.3416   2253.2524
     1204.7275    813.2790   2035.5884
      553.1368   1019.8430    203.8219
      628.3123   2173.9463   1172.9724
      212.8646   2143.2354    708.3333
     1940.9766   1859.7662   2001.3536
     1958.6693   2158.1897    119.4163
     1616.3785    509.6024     96.2847
      751.7427   1187.5098   1671.1378
      907.1668   1271.8634    717.9226
     1103.6001    294.9477    286.3192
      723.8126   1287.9794    453.7101
      294.7615    677.1989   1419.1699
      900.3174    762.4683    678.7631
     1162.6447   1523.8672   1906.8596
      567.8490   1356.9048   1367.3737
     1902.8770    761.1741     13.5476
     1850.9161    398.2147   1813.2428
      111.1582   2251.8130   2242.9480
     1047.6475    506.6693    782.8876
      900.9296    176.7081   1571.6614
       13.6381   1925.4991   1039.3729
     2137.5920    589.1723    411.4310
     2261.0144    380.3025   1956.1261
      650.1112    178.2474   1313.2799
     1786.3746   1065.4470    116.0529
      273.9733    329.2218   2249.5112
     1295.5018   1294.3246   1703.3379
     1238.2742   1831.8921   1320.4204
     1515.0702   1222.2089    395.6810
      324.6452    637.9916   1100.1793
     1592.8383   1872.0043    464.1248
      625.2075   2060.3660   1978.1095
     1593.5718    487.6598   1340.8347
     1212.4408   1893.6271    827.8950
     1813.8826   1603.3123    223.3089
     1436.2864   2206.7290    375.1003
     2095.4795    140.9071   1613.3928
     1378.1841   1097.8726    995.3316
     1192.0924    394.4153   1310.0205
      657.2096    572.5083   2222.3076
       13.3822   1192.0347    277.1161
     1849.2117    766.5261    883.5615
     1767.3699   1118.0365   1503.2981
     1749.3252    967.3441    515.9921
     1033.7438   1979.2587    507.8777
      188.4342    923.0012    979.1968
     1519.3282     99.4324   1401.1449
     1391.0481    804.7719    519.6604
     2076.3611   2260.4326   1860.5287
     2101.6648   1444.8641   1510.4741
      370.2317   2036.2506   1856.1096
     1716.5333    145.4126   1108.6772
      459.8094   1218.2572   1597.3901
      889.5785   1402.7589   1065.3835
      156.6861    203.9861    887.4008
       24.4996    870.9485   1636.0070
     2168.6177   1970.3727   2209.2935
     1222.2163   1439.1102    175.5100
     1551.4095    231.2794    473.3567
     1255.8877   2102.8040   1637.4625
     1303.7495    340.7249     74.7529
     2016.8240    708.7827   1526.9004
      823.3427   2055.8625   1544.8662
      132.7809   1253.0469    666.7196
     1866.5387   2162.0417   1502.9451
      807.5717   1618.8947   1496.0039
      308.2197    562.4277    318.3067
      945.8229   2242.2690   2257.7598
     1897.1862     89.5597    350.1051
      573.0762     97.3828    777.3105
      964.1597   1384.1437   1447.9941
     1694.1256    192.5399     52.6654
      605.3448   1724.6765    397.4566
      766.5668    154.3568    952.9617
      676.4959   1653.4971    935.7563
       23.9272    941.1338    533.6047
      521.6715   1667.1742   2205.4443
     1919.7157    362.9969   2102.3408
      422.6900    735.0220     84.9890
     1262.7473   1642.2140    995.6446
     2034.8114   1011.9875   2083.3284
     2176.1011   1909.3594    688.1802
      497.6714   1210.4958    687.3198
      957.0152    625.3531   1677.6427
     1840.7473   1573.1888    989.2347
     1100.7539    516.9793   2080.6184
      241.5779   1402.2474   1142.8357
      398.8304   1719.9224   1605.6838
     1075.3226    907.9257   1407.8401
      406.0083   1425.5858    400.9568
     1770.3156    126.8858   1677.0035
      662.1843    439.1532    604.9474
      200.6018   2002.3701   1408.6271
      270.5505    271.0353    354.2921
     1679.1660   1852.5337   2168.8000
     1022.6705   1241.5850   1860.3676
     2075.2271   1545.3635    834.1245
     1986.7330   2019.6001    461.7278
      365.7559   1824.5333   1104.9225
      685.8541    786.8929    467.4580
      787.4218   1065.8057   1193.9758
     1057.1208    109.2388    863.0582
     2215.6726   1919.2635   1561.4734
      202.8748    642.1354   1815.4099
     2253.8103    555.3733   1677.7147
     2144.3870    768.6626    817.6043
     2198.1082   1153.4021   1286.0032
      238.6868   2240.3689    343.3936
      275.1492   1412.2288   2041.9791
      884.9774    542.7174   1122.0304
     1819.8689   1610.8961    511.1538
      430.5249   2156.1218   1539.3636
     1716.3168   2137.0125    571.1569
      268.0858    252.9769    633.7941
      441.0765    951.7178   1145.5778
      640.7800   1413.3807   1876.1116
       96.3665    164.9852   1688.6825
     1444.4395    570.8243    757.9708
       81.7154    547.6315    694.3890
      275.4096   1004.6107    308.2585
     1067.2423   1704.9148    183.4691
      236.5142   1516.6519     87.9570
     1976.3289   1309.9691    551.5605
     1685.4546    767.0615    239.1162
      411.2885    541.3777    779.3475
     1300.0891   1043.3540    191.9787
     1610.1505   1217.6320    738.7257
     1976.4746   1422.4596   1976.3446
     1582.6803   1576.1481   1907.5713
      849.7318    725.9928   2008.3035
     2175.8987    193.9247     13.3331
       39.9455    778.3188   1319.0399
     2209.1697    719.0250   1973.5563
      111.7585    969.2202   1956.3903
      640.5041   1890.4662   1389.9993
     1131.2302   1880.3077   1705.1251
     1483.3309   1978.1416   1972.4456
     1398.5880    357.0196   1998.2272
      923.7709    727.7424    106.2130
      476.8180    538.4816   1989.2224
      120.5866   1497.8087    498.7265
     1706.0371    846.1319   1432.1616
     1825.8615    502.1193   1063.7847
     1155.8859    930.5948    778.5584
     1474.7952    514.7941    414.8044
     1076.4911   2148.1648    228.2853
     1874.2375    141.2728    854.7842
      462.7548   2063.4646    486.5784
      777.8999   1021.6937    879.2034
     2136.8530    982.7108   1059.6256
     1887.9045   1817.0220   1194.6609
     1224.2230    684.8521    256.7739
     1214.4972    140.4742   1654.2289
     1310.7200     62.9722     70.6995
     1240.2892   1311.0001   1270.2065
      227.1614   1130.0345   1246.7697
      173.5836   1572.2649    839.4304
     2234.3728   1222.9985    874.9258
      603.3712   1919.7085   2190.7957
      656.8195    857.8646   1779.8052
      945.1449   1430.6437    288.3401
     1944.4248    391.2605   1452.1707
     1477.1309   1706.3191     73.1300
     2019.7786    954.4146    349.7684
     1022.0767   1052.2504    321.2982
     1106.8239   1084.2451   1091.3708
     1274.6124   1856.9171   2102.3872
      663.2711   2238.8672    344.7511
     1054.7345   2114.9268   1878.3806
     1393.2579   2256.0757   1959.5660
      573.5829   1276.0393   1000.1246
      707.6613   1979.4098    862.3868
     1108.0907   1062.7487   2208.8647
     1749.5891    810.2400   2000.6147
     1690.1218    431.6187    651.8696
     1644.4115   1040.5046   1745.1649
     2112.2290    167.5202    991.5060
     1405.9758    718.9498   1296.7896
       45.1062    762.4733   2253.4722
      460.7055   2244.4153     17.4485
     1292.4585   1850.6752    352.5380
      701.8295   1241.2083   2218.7852
     1661.5137   1931.1427   1225.3391
      995.7053   1631.6986    676.4702
     1432.1562   1589.7701    529.9969
     1839.7822   2093.4783   1034.5839
      541.5308    524.8847   1331.9800
     2214.0847   1558.1727   1186.9384
     1984.6901   1593.0238   2251.6868
     1906.8169   1334.0380    186.9039
     1586.9835   1618.1919    843.8222
     2160.0076   1645.5883   1925.5839
     1268.4174    715.2690   1036.3611
     2116.4409    447.9723   1150.6407
      454.8333   1628.2349   1255.0159
      911.4529    446.0773    407.2614
     1001.7748    957.0872   1678.6163
      188.1544   1812.0544    365.7498
     1232.5476      4.0877    605.4171
     1067.6041   1528.3604   1664.8060
     1776.6719      5.3419   1973.8435
     1595.7906    619.9067   1690.7162
      469.2832   1552.7576    675.6813
     1464.3173    853.5138   2165.7905
     1424.2875   1365.0004   2172.6970
      234.0644     28.1553   1105.5723
     1003.8751     10.9543   1316.1758
      177.5371   1360.9391   1540.2252
      940.5669    155.9352   2012.5386
      209.3968    116.3515   1939.8954
       26.4370    522.1577    190.9858
     1884.2260   1170.5802    932.7537
     1933.3551    411.1794    244.1303
     1640.0753   1445.5605   1269.5750
      930.6103   1867.5676   2063.0681
     1244.3776    545.0867   1828.8392
      981.3323   1950.3452   1234.6260
     1331.5155    196.7118    850.1972
     2088.2739   1881.3602    201.3699
     1674.0259   2004.7560   1721.5800
      608.0897     88.7202   1702.3438
      596.0970    756.8427    957.0258
      666.8825    222.6357   2255.9453
     1806.3082   1534.1523   1611.6235
       31.7965    452.5352   1385.4447
     1490.6068   2226.7456    943.8251
     1526.4730    882.5854    776.3071
     1423.0354   1480.6261   1560.4252
     1296.1296    197.9565   1213.0186
     1696.8704   1879.7977    785.7595
     1415.1807    312.7276   1567.2048
     1664.1212   2142.4507     92.7953
     2094.6650    268.8277    690.7300
      640.0795   1795.1179   1862.2185
