      956.3605   2198.2324    202.1192
     1107.6129   1304.2296   1223.1707
      560.7123   1569.6400    250.2834
     1259.0155   1065.6919   1658.0234
      788.4897   1958.0309    564.3074
      490.9854    727.8330    967.2269
     1888.3652   1476.0225    962.9559
     1410.0490   1971.8555   1240.7347
     1556.1089    364.6253   1027.8245
     1353.3716   2133.4912   2074.2231
      635.6920   1426.4879   1518.4274
      874.6599    278.4841    226.2002
     1057.4011   1852.1967    419.4502
     1110.3044   2183.7573    702.9777
     1705.2856    925.7664   1092.4850
       75.3335   1453.2314   2113.5168
     1149.7284   1503.6565    985.0399
      801.1099    120.6752   1443.4691
     2251.3125   1742.6907   2177.7988
     2036.5875    222.3922   1991.4194
      953.5984   2165.0483    928.2498
      659.7347   1995.1322   1825.7700
       35.9059   1123.5258   2226.8589
      624.6926   1002.6256   2092.1152
     1414.9012    879.8077    674.3591
      125.1676   2258.4431   1516.0557
      287.9114   1602.6178    815.5683
     1372.3190   2172.6956   1743.7670
     2103.1611   1985.1147     78.7093
     2036.0314    137.9485    193.1003
      666.0059    805.0106    660.1835
      124.6462   1411.7488    818.0680
      449.5760    234.4195    641.1730
     1756.0604   1532.4070    747.1891
     1146.9163    775.9250   1670.8741
      734.9445    223.6924    655.2910
      934.0361   2017.0753   2256.6313
      978.2580    354.9909   1354.2656
     1712.0768    195.5767    535.9348
     1548.8656   2014.4131   1940.7983
      307.9226   1469.1108   1623.0576
      665.1190    445.7245    312.8846
      587.5324    384.5002   1150.3466
      185.2846   1889.0050    883.6846
     1718.9939      5.9180   1362.6549
     1468.1171    209.8649   1732.2163
      903.1906    446.5465   1065.2219
     1265.7147   1175.9073    356.9315
      155.2969    431.4942   1355.0564
     1138.7009   1038.7439   2132.2937
      756.0365    821.4730   1015.4533
     1191.1241   1600.0975    417.2218
      176.0590   1235.3387   1365.8250
     1947.4302    885.3368    163.9832
      764.8902   2232.2844   1863.1614
     1621.2974    883.9684   1423.8588
     1676.6469   1415.5319    528.8817
     1417.0282    398.8606     99.1565
     1639.0651   2080.9841    207.4426
     1748.4692    671.7711   1495.8872
     1889.4816   2258.1301    631.6972
     1942.2780    760.1876   1102.7104
       22.3649     88.0550   1717.1356
       54.4645    788.0663    546.5843
     2195.7227    596.4734    399.8968
      990.9653   1082.9740   1342.6512
     1467.4006   1001.8702    228.3202
     1633.4126   1546.5105    260.9730
     1223.6642     38.3329    519.6894
     1357.3917    827.6160   1488.6858
     1293.6726   1277.2406    783.4878
     1612.8134   2005.4042   2235.8159
     1395.5682   1207.1880   1249.6688
      352.9467   1701.8289   2029.9077
     1586.0718    213.9452   1408.5876
      504.1391     83.7535   1949.3536
      765.8124   1608.6028     46.9322
      449.7855    191.7327    876.0577
      879.0820    359.6150   2148.4856
     1533.2665   1694.7034    722.3276
     2034.9280   1445.9774    762.3218
      699.4295    977.3157   1224.0579
      640.9617   2049.6978    796.7100
     1428.0162    675.2491    203.3814
     1442.2588   1144.1713   1514.8042
      667.1254   2182.9456   1270.7990
      350.6485    587.0897    216.2900
     1124.3246   1634.4166   1228.4567
      938.3452   1398.6320   1606.9723
     1135.1084    374.9356    114.0937
       18.1527   1605.8125   1682.3566
     2003.4984     73.4560   1163.9473
      220.9017   1590.7649   1066.9983
     1219.8597   1552.8688   1764.5753
     1703.1992    416.5168      9.4916
      960.6995   1765.9006    631.0372
     1293.8606    223.3177    276.1719
      148.7665   1303.0089   1761.0508
      220.4792     75.9374     33.8693
      326.1505   1940.6345   1839.7194
     2033.1534   1059.7825   2084.4197
     1755.9189    731.9862    871.3297
      855.6443   1486.4532    728.8023
     1535.7578    621.1421   2224.1187
     1923.7592   2130.4612   1239.1306
       52.2839   1114.4827    901.9395
     1493.4559    466.3109   1830.3879
     1534.4543   1895.0605    525.8190
      492.1566    569.7798   1743.7224
      227.3982   1185.9106   1085.7764
     1387.9332   1369.3750   1835.9299
     1339.4354     87.6928   1449.1407
      228.9100   2050.9607   1102.7283
     2104.0706    592.5487   2210.1353
      167.7412    442.3641    615.7647
       68.4593   1816.1921   1096.5750
     1346.4810    608.9777    548.3363
     1928.5596   1857.4797   1617.7919
     1050.5736   2192.0955   1843.4171
     2077.1860    883.0639   1573.5507
     1680.7775   1971.3523   1262.5553
      370.6292   1145.9891    171.2459
       13.5943    173.1546    359.1964
      950.4573    857.8076   1184.4622
     1846.9753     58.4616   1972.9253
     1558.9225   2186.6863   1588.1708
        9.3886    647.9293   1237.7623
     2262.6992    110.0854   2100.8481
     1046.2845    907.7744    949.4577
     1629.0773    925.0471   1922.8734
      649.0471   2171.2588    485.5038
      147.8490   1194.9012   2017.2820
       16.0106    154.6832    727.4167
     2156.1362   1604.8276    561.1771
      219.8160   2169.0359   2033.1993
     1363.6188   1938.0721     74.7214
      250.4709    327.8794    805.2645
      290.2812    165.7027   1531.7921
      505.3013   1587.3335    942.6368
      401.8255    377.5797   1521.9792
     1249.4861    315.8826   1328.4069
     1016.2020    485.0388    333.4767
      619.8428   1398.4342    454.0632
      600.1525   1299.0148    945.3281
      946.4375   1549.7601    517.1664
     2176.8521   1378.1364    957.4777
     1114.9087    844.0677    540.3466
       27.3999    530.6905    136.3333
      859.2799    855.4050    172.1831
     2000.3872   1594.5815   1725.3845
     1496.9199    613.6906   1483.0128
     1315.8829   1732.8258   1600.4612
      375.2184    239.4684   1281.3792
     2005.4088    319.0513      7.2723
      795.9867   2038.3102   1101.8053
      984.0751   1759.7158   2257.8599
       46.5673   1908.2257   1843.8473
     1191.7159   2254.0652   1067.7178
      926.5185   1945.6051   1960.6741
     2002.7827   2132.2080   2016.6838
      897.6835    983.9251   2110.4851
      441.7065    512.1580    738.4348
      103.2878   1449.4014   1490.3552
      223.5907   2155.6997    310.2055
     2071.2078    740.5417   1826.0687
     1744.1514    697.8317   1245.4978
     2205.6399    568.5258    699.9202
     1949.8306   1135.9896    283.1736
      522.9908   2063.6082     66.8769
     1475.9047     70.2809    349.2628
      650.1004    877.6114    398.6477
     1545.6335    966.4786    457.3847
     1983.3535    443.1983    663.7037
     1863.6061    813.2538   1642.9734
     1119.1068    739.2967    278.9329
      585.0393   1182.9014   1472.9138
     2104.7996    383.7000    271.5145
      921.9963    613.2706   1292.8622
      402.3167   1373.2278   1412.1337
      163.5719   2132.8035   1754.0371
     1382.7269   1522.6388    839.1612
      477.7198   2209.2468   1449.9597
      802.5601   1486.2490   2087.0923
      830.5693    976.5217   1791.3484
     2187.5745    322.2046   1185.9258
      906.2465   1738.5538    257.1333
     2150.6741   1613.2266   1055.4401
      893.4834    912.0476    760.4717
      428.3813    824.6317    741.5021
      454.1323    822.3349   2232.3701
      345.2925   1903.9436    247.1602
     1020.6857   1968.8933   1138.3254
      458.0803   2254.5471   2202.7012
        9.8584   1139.7756   1611.3275
      887.4062   1279.9263    504.8974
      556.2331   1432.1702   1957.7867
     1426.5320   1036.3578   2071.2302
     1170.2085    477.4774   1143.4381
     2245.2041    947.8218   2002.2422
     1225.4800    541.2892   1426.0734
     1314.2477    512.7357   2067.8315
       21.1049    903.0760   1735.4962
       17.4472   2255.9121   1144.6906
      102.0397   1755.4708    411.1091
      217.4047    927.6982   2118.9602
     1248.2291   1830.3118   1092.3154
      777.3836   1153.1614    838.2557
     1774.6135   1511.7052   1373.2916
     1376.0508   1595.0243   1111.0695
      298.9172    717.3334   1354.6078
     1899.9854    972.9814   1393.3196
     1887.9447   1640.2826   1987.9740
     1697.2181   1048.3064    165.8152
      852.7280   1918.0594   1374.7640
     2068.7998   1812.5277   1200.5724
     1185.3715    679.2838    809.9083
     1785.0156    668.0909    605.2065
      715.1977   1307.0988   1189.5282
     1800.4988    273.1535    228.2455
      521.5687    617.7901   1420.1344
      226.6461   1789.0356   1316.9492
      675.5216    172.4063     58.3447
      934.2408   1462.6050   1237.8025
       12.0671    593.8210   1744.9888
      361.8535    933.3193   1020.5002
      842.7062   1344.3075     77.2201
     1641.8787    706.3775   1736.2030
     1830.1538   1336.1293   2044.9735
      934.6297    408.3421    714.5267
     1444.0731    113.2923   1983.5044
      462.2701   1919.7555   1642.1405
     1802.5270    179.6757   2198.8618
      503.5561    666.0731   2010.6742
        1.2909    666.1583    960.1955
     2240.5381   1074.8580   1151.0182
     1951.9929    297.1113   1288.8687
     1923.5521   1277.4155   1825.4761
      426.5620    919.9783   1944.9595
      628.5822    377.6534   1615.7020
      406.6031   1987.4127   1282.2349
     1707.0571    247.4601   1971.7294
     2230.5632   2219.2017    189.3040
     1141.3317   1559.3241    704.2570
      785.7323   1221.6268   1694.6187
      134.6286    890.2297   1213.4547
       27.9947    383.8568   2099.8237
     1708.8110   2185.5854   1096.7391
      198.9292    770.8273   1896.1350
     1820.3170   1254.8331    726.6755
     1699.6741   1155.7228   1895.1935
      460.7031   1724.9489   1395.5236
     1007.1143    666.9044    977.8885
     1847.8135   2065.5164   1484.1460
     1934.1007    454.2726   2063.5464
     1790.7772   1905.2656    381.9265
     1383.3513   1326.8678   1044.6799
      691.4471    789.8926   1888.3527
     1170.9908    313.3095    480.8947
     1214.1846    173.0222   1800.3640
      603.2852    752.1572   1654.9126
      732.3677    129.4487   2099.1250
     1234.4053   1034.5627   1399.6924
      475.9354    257.2452   2180.6746
     2152.7466   2233.4094   1325.1498
     1727.3242   2239.4341    398.4445
     2076.9907    607.9236   1576.9772
     1488.9899   1658.3236     45.9708
      708.7599    234.5510   1873.2413
      356.6615   1043.9978   1287.5402
      652.0793    552.3261    872.1638
     1196.1115   1359.1245    524.7238
     2257.7612    233.1240     62.4139
      227.0103    191.3564    526.4368
     2237.4436    893.2930    749.2047
      880.8698    321.4756   1612.1324
     2036.6570    807.7417   2072.8643
     1058.9177    149.4410    304.9030
     2047.2029     24.9153   2255.9524
      148.1518   1676.0597   1905.3673
     1364.6259   1783.5022   1372.6730
      156.2572    740.8711    289.1450
      506.5307    919.6671   1487.6158
      904.6918    605.6979    116.1952
      373.6385    482.4287   1252.5067
     1435.4874   1963.0961    306.9207
     1246.1941   2167.8521    238.7749
     1773.2142    439.3745    484.7098
      143.1135   1487.9661    270.8535
      728.1774   1050.5004    571.0846
      720.4352   1173.8141   1925.0233
     1168.3688   1949.7568   2177.5466
     1566.9001   1200.0750   1019.8006
     1819.6169    737.1129   2247.0891
     1381.6207   1407.9032   1577.7931
     2060.9060   1080.6324     70.0237
     1956.2528   1035.6018   1135.9111
      190.1446   1979.2590    486.5143
      458.3586    330.1839    166.9776
      587.7954    201.2985    410.7833
     1332.9115    837.7236    396.8571
      505.3802   2053.2803   1049.0688
     1568.7081   1367.5432    783.5475
     1494.1774    662.5324    758.9969
      765.7814    207.7123   1175.3949
      822.1311   2195.6426    666.9437
     2166.0742   1856.7200    870.4820
      815.2568   1285.8264   1408.3423
     1496.3987    408.9012    624.6943
      812.3855   1988.5696    274.5238
     1813.5463    725.5728   1980.6141
       51.5045   2135.5984    908.1509
     1098.8217   1229.4052   1002.2130
     1089.1354    116.0584   1331.8177
      251.4976   2249.8430    699.1006
     2141.1243   1704.0680   1913.2175
     1184.5056   2200.9648     14.7687
     2099.0605   1114.2637    777.2645
     1340.4055   2028.5918   1488.2621
     1174.1709   1308.0227   1728.7520
      757.6974    794.8975   1408.0332
      115.6366    438.6696   1028.4570
     1474.6139   1666.4994    394.3508
      267.1376   2234.7976   1271.3137
      944.3716   2226.2102   2110.0002
     1665.4056    503.0714   2005.5389
     1419.1219    381.9987   1564.4055
      997.9384   2131.4736    455.2998
      468.3130   1823.3749    846.9996
      430.1913   1130.3206    867.4277
     1234.3068   1705.7111   2219.1572
     1131.6459   1960.0543   1651.2664
     2057.4758   1929.8063   1847.6488
     1593.8807   1814.0693   1469.0808
      978.7011   1103.1167     49.6305
     1250.0129    649.5602     42.2018
     1085.6302    998.6273    249.8827
      687.6905    637.8807   1163.3508
     1941.5367    258.3774    444.1417
      945.1816   1773.6897   1579.7833
     1108.4856   1572.4386   1526.9142
     1124.9554    170.1679    822.5038
      198.3780    943.5240   1476.9655
      500.7141   1642.4144    622.1964
      791.9706   1221.4585   2145.4421
       92.4347   1884.2559    120.0521
     1694.3651   1783.0706   1776.0179
     1618.5671   1758.6028   1995.9714
     2231.8311   1362.0573     74.4998
      216.0970   1588.1218   2214.3474
     1785.4608   1255.9938   1070.5681
       96.9446   1360.8866   1150.0046
      654.6500    300.3171    901.8740
      635.2197   1393.1666    726.5840
        2.4847   2016.8257   1597.5946
     1264.2328    902.5768     99.8770
     1409.1205    675.0968   1228.9189
      977.2400    146.5273    594.2488
      217.2530   1880.9547   2125.7344
     1381.0900    672.4700   1703.5410
     1302.7288   1715.8684    225.2455
     2176.7607   1175.0551   1839.7621
     2065.8459    984.6891    489.4363
      966.7258    198.3748   1964.3932
     1495.4757    431.5115   1264.2635
     2191.1431   1805.9758   1539.5894
     2073.0405      3.9245    448.5523
     1321.7185   1314.6964   2143.3765
     2180.9644   1433.1011   1911.4095
     1525.9373    299.3409    348.3146
     2162.8755   1309.9366   1337.4640
      939.6579   2249.8501   1151.8030
      447.8791   1802.9915     24.0644
     2110.0034     33.8884    926.7513
     2177.4797    381.6911    872.4776
     1936.0895   2058.5120    508.2539
      116.8896    169.7078   1299.3370
      502.4594    373.5843   1958.1801
     1782.9973   1010.8049   2147.4370
      722.5914   1831.0151    946.9186
     1884.2332    543.5657   1754.7701
       15.6314   1617.9883    137.4757
     2201.7976   1874.4082    614.7023
      588.0223    671.6837    192.4867
       46.9310    653.7081   2077.5762
     1383.2356   1989.4475    723.0494
     2144.3552    495.2299   1941.4572
     1933.5879    989.5978   1878.7058
     2050.8474   1564.6805   2164.5935
      834.9388    679.4706    773.4434
     1359.6613   1398.8217    309.1705
     1430.5007   2189.8892     77.1957
      401.1886   1411.0631   1109.6204
     1996.1862   1426.0752    119.7470
     1053.6072    526.1505   2134.7207
     1716.2092   2032.0028    597.9723
      285.4866   1759.9695    603.9828
     2146.7754    433.6848   1409.7021
     1979.5116    283.0589   1023.8875
     2120.0110   1411.7164   1585.6359
      973.6923   1174.5691   1908.6359
      427.9529   2190.0808   1735.2242
     1526.2977   1586.2081   1662.3258
     2077.9336    540.8753   1141.7142
     1213.9885    288.3065   2059.5657
      380.7433   1670.4171   1740.4774
     2048.0627   1619.7294   1427.8854
      718.7986   1857.3822     30.6578
       43.5078    704.9038   1462.3110
     1869.4191    663.0200    364.3445
     2035.0312   1702.2531    131.5366
     1531.5613    718.5754   1985.5817
     1875.2932   1027.0061    906.9893
     1504.1458    314.1329   2114.7173
     1424.1473   2119.8335   1014.8400
      545.2192   1128.6316    359.3466
     1409.5591    253.2285    826.5437
     1874.0514    930.5933    693.3629
     1590.5178    644.3532    456.5206
      278.5877   2068.2109     45.8749
     1883.8478   2118.6167   2202.5605
      901.7952   1379.3965    969.2025
      730.1163    774.1461   2198.6982
     2120.3887   2106.9175    712.6160
        1.9136   1662.0940   1322.7487
     1650.6669    508.0885    213.2981
     1114.4796    414.8529    906.2444
      531.4398   1528.2738   2179.9797
     2212.5032    908.3066    291.4072
     1322.6818    149.7511      4.8279
     2199.3545   1052.7668   1389.7590
     2220.6846   2213.6238   1912.1042
     1817.6259   1309.1677    311.1237
       66.6521   2127.8962   2212.6833
      941.1218   2145.5210   1404.7258
      405.8712   1166.1329   1955.9893
     1542.9012   1387.7557    103.0876
      925.6743   1994.1172   1670.2964
     1560.4038   1231.1743    321.5093
     1748.2963    127.5896   1645.3798
     1941.9515    536.4929    911.8285
     1036.9458    604.2840    557.3341
     1490.1782   2163.8640    506.2377
      219.8483    365.4125     49.5232
     1897.0054    534.2767    144.3644
     1549.0763     54.9450    943.5903
      287.2929   1314.6810   2167.7048
     1394.0314   1859.9642   2074.7712
     2231.3560   2009.3663    343.8349
      194.6562   1195.6686    703.6785
     2041.4436    727.7265    798.3630
      241.5030   2012.7654   1526.0452
      595.6957   1831.7445    259.1245
     1641.6426   2051.4097    874.2134
     1843.6260   2104.9062   1762.2231
     1614.8987   1756.8167   1163.5691
     1915.4535   1500.3190    531.6930
      249.4425   1540.9213   1319.9146
      257.2947    550.3251   2116.8079
      295.8647   1677.0834    167.3650
      933.5167   1734.2594   1129.0256
     1951.0020     99.1169   1520.7970
     1677.9813    405.0940   1672.2690
      685.3582    504.3880   2062.5537
     1604.4730    183.6476     96.1244
      167.9549    952.9195    143.6077
      502.6405     82.6386   1121.8878
     1497.3282   1845.7312    928.6583
      528.3631   1139.8336   1146.3293
      564.4810   1053.2352   1729.0597
     1858.2903   2254.8652    897.1269
     1706.4094   1737.0126   2203.9927
      327.7669   1165.3671   1573.1194
      932.5587    683.8201   1973.1914
      604.0413   1940.4640   1421.7345
      430.8578     21.3224    208.7623
      393.4120    481.6482    981.8823
     2097.3184    837.4677   1305.1809
     1709.7246   1485.2374   1861.3127
     1231.1271   1041.6777   1138.1584
     1471.4910   1163.9769     22.9967
      764.0130    535.2834   1820.6267
      679.7388    497.1364    607.4097
     1694.5659    500.2030    765.6205
       37.9672    154.8464   1002.6818
      657.5663   1832.1881   1195.4385
     2124.3376   2037.1187   1057.9442
      786.9128   1617.0525   1438.1333
     1701.4069    778.0927    209.9818
      363.5573   1379.4385    885.0198
     2049.0781    731.2158    517.6880
     1477.4413   1102.2294   1805.4502
       87.5917    339.7426   1592.5200
     1234.3253    404.8707    682.0747
     1604.3392      0.5409   1816.6461
     1695.0928    422.0552   1380.2366
      436.8224    920.0510    523.7596
     1608.5148    619.9109   1045.1689
      717.1400   1719.4148    745.0399
     1800.4209    443.8589   1101.4973
     1620.4460     21.7763    699.2803
     1957.5923   1851.0558   2138.2024
      527.6386   1867.6857   2084.2290
      718.3793    390.9220   1359.4224
       33.4944   1059.6216    502.7354
     1231.3135   1164.9835   1959.7192
     2225.2778   1318.9623    643.3354
      151.4640   1293.9238    455.4512
     1082.4287   1353.8719    266.9598
      908.1677   1932.0039    837.7150
     1878.7881    325.4270   1823.3425
     1900.7908    372.7712   1511.3241
      371.9760   1375.2853    375.5061
     1784.2435   1618.5853   1594.6901
      217.9427   1049.4130   1795.6042
     1238.2656   2139.0400   1301.4133
     1227.1143   2031.3120    491.0500
     1903.5656   2028.6555    802.2280
     2128.5774   1489.9285    345.2940
      247.1970     79.6204   1851.8820
     1539.5664   1511.3877   2088.5061
     1763.6151    159.8211   1109.7050
     2102.3892   1306.7450   2113.8772
      849.2792   1148.0278    287.2863
      586.4899    120.5108   1678.5077
      404.4242    391.6687    434.0674
     1028.5450   1540.8378    106.9437
     2102.9587   1802.6019    360.2203
     1041.8522    873.1311   1473.0312
     1128.0074   2244.4585   1589.6935
     1289.5769   1445.6893   1299.3435
      395.8767    867.4248    248.4223
     1082.5951    930.9839   1873.5388
     1795.3959   2261.3350    154.8949
      812.2537    670.9774    374.3297
      971.3928    152.3603   2256.1785
     2193.5767    317.3535    558.7970
     1045.2537   1345.8323   2172.3860
     1522.5818   2145.3074   1369.5071
     1616.8353   1565.2653    979.6443
     1367.4601   1039.7858    936.3071
      229.0554    578.4946   1559.9987
      130.1338    878.4724    963.8320
      606.2751   1305.0334    178.0399
     1274.3945   1735.2666    849.4762
      711.2258   2030.3234   2100.6357
      727.3407   1512.8317   1795.5485
      895.4293    911.0714    455.7765
     1188.2588   1012.3454    719.4066
     1536.1445    916.2687   1664.5377
     1122.3665   1320.8336   1461.4071
      844.6027   1773.2196   1810.2401
     1009.8401   1694.4376    890.4424
      143.4637   1517.0068    564.2566
     1135.0876   1942.7244    187.1122
      221.5580    958.5929    708.0447
     1407.9519   1463.9399    571.3774
     1860.0514   1925.0178   1041.4208
     1278.1541   1464.6210     74.7933
        1.8198   1627.8831    810.3337
      662.0687   1026.4429     90.3416
      237.0623    253.1644   2057.1709
     1017.8852   1639.8142   2036.3295
      263.3616    238.8570   1095.1106
     1011.4692   1421.4513   1927.9495
      388.6003   2222.0591    482.0523
      830.7206     82.5280    425.2924
     1800.7117   1971.8203   1961.6790
     1736.8264   1794.7631    809.2123
     2195.7478    159.7737   1471.1910
     1968.2668   1703.4248    824.1058
      559.4806    650.4738    446.2164
      311.8268     18.3139    956.0605
     2110.4985    697.5255    189.0847
     1587.7911    875.7475   2254.9285
      241.6940    685.5702   1083.6080
     1089.9089   1104.0598    497.7907
      570.8778   2258.5901    725.4913
     1968.5958   1461.5442   1227.3928
     2076.1270   2159.6077   1596.6631
     1731.3959   1089.7683   1641.5798
      134.0453   1200.9561    193.4864
     2025.4104    110.5155   1754.2421
     1334.5653     13.9204    784.5841
      341.1047    811.0057   1678.2982
      695.1780   2258.2415    946.5813
     1825.4225    932.7025    405.8059
      483.1410    544.8860   2242.0374
      210.9355    720.6111     32.1565
      115.8005   2051.3196    701.9116
      832.8123    346.7367    459.8811
     1413.1204   1895.4617   1741.6321
      492.2297   2100.1770   1972.3542
     1193.0825    633.6453   1919.6909
      227.2310    653.0831    780.0834
     1434.7373   1156.6364    607.3215
     1609.8978   1046.4734    838.8819
     1651.0874   1105.3142   1298.4984
     1750.7699    267.0941    852.2574
     1359.5922    864.7153   1865.1302
      318.7663    633.4497    504.6169
     1297.9503    490.4978    322.4634
     1949.4395   2112.5891    245.2580
      869.7336    755.7103   1705.7886
       30.5890    282.2877   1872.6802
       42.7212   2023.8401   1293.8905
      631.5823   1684.7618   1635.9688
     1817.1608   1242.2539     43.1860
     1029.8032    798.9734   2223.3052
      495.6301    815.4632   1215.8480
      847.1334   1465.6584    289.6371
      671.2378   2153.9280   1611.2981
      802.4985   1011.7328   1508.2620
     1533.1860   1572.3958   1405.7449
     2018.9908   1266.1495   1093.7538
      355.7500    297.9119   1762.8817
      598.9404    967.1415    845.8729
     2226.8838    853.9742   2250.4285
     1501.6724    827.8627    940.1729
     1014.5273   1092.5138   1652.5291
      324.9248   1397.8263    108.7767
     1134.8890   1896.7324    699.9133
     1041.1730    228.6022   1118.2272
     1913.5776   1819.0203    617.6264
      234.2863    496.9102   1823.0222
     1681.8152   1655.2102    508.0186
     1275.9675   1550.2914   2048.7405
     2113.7979    368.3058   1679.6489
     1951.7142    599.2054   1334.4431
     1198.8546   2035.6458    938.5609
      573.0831   1737.3187   1868.5427
      523.1957   1903.0432    586.0956
      154.9910    470.4587    344.9751
      549.2184   1229.3159   2175.7200
     1262.7955    778.3588   1040.0532
     1623.2140   1286.0599   1460.9979
     1463.3538   1649.0886   1877.4365
     1138.1700   1857.0374   1409.0148
     1453.9058    925.9495   1195.3604
     1894.2502   1223.4991   1368.6863
      250.1175    185.3544    245.3248
     1887.2196   1372.8545   1593.9069
     1305.8293   1750.1439    586.5115
     1169.8892    730.5556   1266.8289
     1632.0511   1409.8204   1184.8916
      568.4489    199.6712   1419.8442
      899.3173    149.1360    906.4390
     1609.0503   2257.5605   2133.7747
     1976.8943   1252.0123    566.1288
     2166.7754   1230.7682    326.3851
     1203.7861   2013.6328   1901.2056
      715.7512    467.7679     48.5927
     1603.0613   1339.5773   1717.4567
      985.8688    401.9836   1827.6063
      690.5346      2.4871    258.0304
      737.8939   1698.6617    480.4662
     1837.1985   1894.9014    125.8964
      517.4210   2058.2781    308.8899
     1625.6021   1803.8397    188.4257
      909.4981    103.6138   1680.2205
     1234.4645    401.9446   1756.3809
      160.4841   1786.2286   1609.8822
      468.4907   1146.2812    606.1054
     1834.4568   1812.7183   1367.9506
     1234.0149   1179.3477    115.4946
      968.5544   1586.3691   1748.2246
       42.0509   2224.4058    530.2411
      512.9432   1325.9722   1745.1415
      362.8735   1380.0151    637.5870
     1382.7787    547.1367    943.7625
     1117.2683    289.3044   1573.9135
     1869.8671   1651.8223    308.5737
     1186.8075   1773.5239   1878.4199
      297.4514   1450.2357   1916.8018
      806.1367    570.5671   1551.1436
     2244.4187   1954.7374   2085.4939
      864.4814   1072.3989   1085.5664
     2015.7299   1128.3173   1586.4924
      370.8797   1065.8286   2199.5620
      361.1812   1627.0896    387.1766
     1413.3662    185.6273    565.7829
      737.1663   2181.0688     32.6108
     1178.4626     11.9052   2049.2148
     1055.6927    572.4866   1646.1255
     1661.1552    866.6231    651.8434
      392.5172   1787.0118   1088.0332
     1444.1465     99.5082   1194.4016
     1303.4989    260.7314   1106.3369
      394.4053   2052.8135    768.0555
     1322.3289    844.1086   2125.0188
     2031.3254    199.6633    726.1449
     2064.3547   1975.5731   1388.5453
     1640.0394   1988.6162   1628.1715
      773.8127   1746.2943   2063.8364
     1840.0867   1664.9086   1127.9484
      611.1198   1559.1584   1254.4860
     1589.3887   1296.3865   2105.5491
     1724.5681   1127.7579    545.2028
     2112.7803    905.5514    997.9396
      263.0689   1075.9137    419.8264
     1771.4508   1509.9363     31.9015
      756.4500   1582.9558   1000.4521
     1017.5806   1293.8187    755.8430
