      828.8979   2238.5637    168.6034
      827.5737   1505.1302   1135.4653
      614.8936   1767.1616    203.8202
     1235.5602    974.7566   1629.6989
      600.1962   1891.5605    597.2170
      588.5128    542.5840   1012.7980
     1874.3593   1529.4840   1224.7532
     1437.3579   2000.1466   1182.2289
     1537.7151    349.5253    920.0685
     1419.3840   2116.6511   2214.7273
      566.7623   1511.9536   1553.8458
      851.4471    301.8254    173.4544
     1110.9545   1970.7172    439.9602
     1011.3257   2213.7871    763.2568
     1530.9473    978.8776   1247.6068
       62.5874   1304.1235   2176.8237
     1192.9609   1780.7196    794.0836
     1309.0386    215.8409   1483.7977
     2119.5276   1863.9319   2219.9880
     2160.9048    366.5089   2035.6449
     1013.1530   1822.2261   1148.8752
      698.6728   1921.0468   1673.5469
       64.4727   1089.8654   2084.9778
      904.1486   1222.3955   2098.9695
     1244.8995    868.9024    681.5844
      129.0405   2127.1995   1523.5468
      326.0070   1595.3318    837.1446
     1462.2097   2230.3379   1682.0936
     2083.3350   2089.0444    155.8035
     1923.9697     93.8106    285.3733
      758.9810   1023.3529    511.3210
       91.8840   1318.8281    686.4409
      463.9618    118.5992    624.2873
     1774.3979   1479.7979    798.7802
     1285.5299    720.3420   1675.5920
      741.4922    336.8194    742.7914
      841.7700   1987.6937   2142.1489
     1324.1182    424.7337   1418.0865
     1986.8745     31.1099    544.5038
     1633.5571   2052.4553   2070.0945
      398.2445   1379.4475   1319.2205
      515.7581    296.7252    360.0257
      523.7629    339.3469    990.4547
      209.7355   2014.2793    850.4866
     2058.9612    187.5812   1222.0924
     1683.8329     56.2677   1765.1361
     1019.9991     53.2767   1189.3180
     1090.1238   1259.4785    551.5781
      135.5140    610.3761   1474.5156
     1102.3278   1093.8932   2171.9756
      690.6161    786.8619    936.1486
      942.2177   1388.7771    394.1887
      186.9765   1365.4164   1426.2701
     1620.8210    800.3634    192.2495
      871.8737   2252.2698   1781.0576
     1603.4879    823.3225   1413.6964
     1684.0088   1374.1481    612.1506
     1345.8120    307.1017     64.4958
     1464.2206   1976.6824    602.3994
     1791.1919    718.7712   1584.4020
     2180.8589   2153.5532    559.1298
     2194.3770    561.2789   1044.3843
       61.0807    241.8858   1843.0011
        4.3977    623.2211    657.2543
     2260.5701    776.8313    296.4060
      769.3966   1246.8038   1266.1309
     1305.6847   1241.8781    530.6753
     1562.5854   1568.5724    428.8058
      941.6812    315.6148    650.2077
     1423.8066    864.4699   1554.1543
     1094.2805   1316.6772    794.2662
     1830.5723   1933.3628   2112.6443
     1436.7557   1104.7959   1072.5068
      345.9955   1489.8235   1966.3741
     1671.5527    194.6399   1438.1160
      271.4642    155.6874   1896.2621
      737.6390   1852.3331     32.4207
      368.0049    161.9783    927.3052
      940.2208    296.3139   2033.0426
     1621.9414   1595.6982    661.3589
     1920.4750   1406.0568   1026.1462
      768.4709    944.9560   1100.6787
      449.7521   1994.7822    730.1920
     1509.6628    872.4868    377.0768
     1586.7452   1424.0336   1514.5626
      761.4127   2171.7820   1361.7882
      320.5681    649.8428    181.4642
     1229.5551   1744.4681   1223.6630
      741.9090   1640.8036   1645.3254
     1117.8940    389.2797    126.5462
       14.1530   1454.5176   1787.1200
     2020.3525     69.5980   1416.5781
      234.4399   1613.0995   1053.8718
     1135.3031   1491.1473   1876.8286
     1864.2200    468.1354      9.7778
      792.2701   1993.9543    649.1426
     1305.1108    375.9187    290.9260
      138.9416   1256.7976   1635.6855
       48.5883    168.4089    313.6308
      253.1241   1730.1937   2028.9780
     1846.5833   1156.8193   2198.7244
     1910.9410    759.2407   1143.5165
      761.3691   1477.7164    730.4765
     1561.5165    675.1254   2258.0796
     2006.0576   2090.2209   1279.6418
       20.9327   1417.0518   1074.3771
     1559.3285    406.2234   1758.3007
     1707.4724   1844.1063    606.7217
      271.9973    818.4401   1883.8961
      222.8666   1106.6428   1093.2485
     1436.6554   1480.7140   1771.7074
     1405.5808     44.8724   1442.3882
      209.6748   1776.4336   1260.5026
     2214.9512    572.7065   2040.8552
      157.1550    468.8967    589.1834
        1.2604   1795.5311   1287.1151
     1288.6697    790.3284    439.4580
     1877.2688   1861.3943   1556.9877
     1049.9397   2166.0117   1639.9606
     2013.0927    919.6124   1540.8773
     1824.8402   1969.2942   1328.7605
      342.8677   1057.2239    385.0495
      167.8521    235.0808    520.3239
      922.3621    830.2092   1212.8330
     1889.2482     59.4680   1850.9279
     1604.8046   2089.7083   1344.0081
       61.3272    751.7353   1084.5635
     2185.0276    138.3944   2029.2670
     1269.0663    990.4045    944.4297
     1676.5773   1022.6168   1790.7755
      658.3281   2047.5804    828.2553
      158.1854   1103.3524   1819.4296
      100.3962    285.5914    736.7075
     1975.2430   1627.6318    819.5104
      214.2376   1984.6919   2095.1270
     1181.7345   1798.8862     64.4756
      180.9576    318.0314   1011.5189
      318.8613    167.9689   1637.6479
      446.5453   1398.4669    944.3838
      523.5137    334.4745   1292.3597
     1288.5613    174.8256   1250.1136
      799.8032    624.9873    395.0099
      534.5617   1541.9476    562.4407
      575.0468   1223.0833    902.2224
      928.7642   1574.7069    538.2123
     2058.0217   1676.0575   1235.1337
     1071.4484    789.8729    581.0692
      146.5855    419.7663    388.8308
      643.7366   1007.6591    149.4805
     2045.1450   1741.2252   1686.6562
     1195.3534    563.4619   1554.6549
     1279.9340   1688.8319   1562.1801
      452.9244    168.0312   1132.3688
     2098.3254    424.1509     61.0153
      566.7468   2083.0728   1239.0963
      897.2184   1792.3699   2055.0962
        2.4362   1661.7231   1904.6844
      970.2729   2073.0491   1050.8224
     1014.0831   1976.0515   1928.9974
     2195.7087   2120.9614   2004.1169
      902.6731    925.9203   1858.1462
      511.9156    435.7000    778.2213
      320.3586   1522.7343   1488.6436
      215.8038   2087.6453    394.7242
     2081.9539    901.5520   1766.2946
     1900.0894    745.3704   1369.2374
     2088.1985    559.5516    833.2740
     1863.5474   1158.4397    313.3440
      456.1727   2146.3230    415.9180
     1382.6938    122.4175    452.4507
      535.7573   1159.6790    497.9297
     1565.3900    985.7555    607.6722
     1919.1047    456.9101    684.0759
     1784.3425    915.8644   1478.6359
     1223.1005    768.0044    206.2150
      401.2558   1260.6824   1122.6079
     1994.9635    427.0484    458.9728
      908.2432    340.5879   1252.4774
      293.0323   1179.1490   1325.6351
      321.7152   1943.2909   1906.9169
     1502.7220   1524.8678   1120.6194
      257.2896   2012.5671   1671.0127
      490.5031   1520.6913   2187.0627
      850.9709    863.3650   1647.5258
     2251.3184    186.2999   1328.8761
      752.0868   2022.8275    209.5467
     2038.8054   1479.1183   1387.5648
     1067.9119    909.3375   1033.7943
      572.3942    616.3561    625.7768
      501.4249   1084.1743   2051.8164
      324.3044   1872.8934    302.2249
     1159.3453   2102.4265   1120.4354
      392.7281   2082.7024   2159.9031
       70.1941   1163.4984   1380.1073
      718.7758   1210.1737    355.4804
      434.3322   1275.3943   1903.6616
     1302.8289   1118.7462   2025.6365
     1017.4252    695.8455   1007.1888
     2103.4636   1176.0988   2128.5525
     1017.3168    707.6546   1384.5253
     1306.3085    517.2880   1974.5532
      154.9191    896.0798   1730.0179
      145.1079   2253.6848   1296.6084
        1.2874   1798.5596    328.5835
        2.6095    977.1924   1898.8827
     1251.0601   1888.1619   1505.1323
      953.0824   1120.0897    694.8507
     1881.4021   1320.4615   1352.6470
     1450.4991   1735.8995   1139.3035
      509.3357    557.0681   1247.0786
     2021.2755    712.4953   1607.2428
     2088.6006   1697.9080   2081.2964
     1515.9575   1048.3640    175.2322
      909.5784   1667.9745   1276.4688
     2045.8284   1885.7450   1334.0718
     1263.5587    748.9882    986.8350
     1903.9187    699.9227    717.5579
      615.4163   1364.9955   1386.6865
     1921.9718    290.2655    167.1606
      544.4014    521.7167   1511.0883
      141.3652   1677.0750   1450.0110
      615.8638    291.6643    130.7636
      912.7166   1423.8182   1326.6534
      151.9137    661.8295   1686.0873
      520.4406    834.1078   1072.9176
      749.1289   1407.7003    258.7365
     1669.0160    748.3261   2069.0510
     1945.0742   1536.3965   2087.5332
      934.0347    497.8177    838.0541
     1245.9729    116.2174   1985.8121
      461.1169   1916.5334   1689.2463
     1737.2551    262.7029   2221.9558
      507.3524    680.3925   1892.7864
        4.9516    745.5234    877.7563
     2088.6042   1414.9453   1187.9269
     2078.5422    401.7563   1356.8938
     1839.6691   1687.1248   1786.8606
      329.9710   1031.0189   2165.0667
      402.2789    731.8600   1671.0975
      564.8633   1834.5928   1288.6915
     1574.1665    181.0066   2079.1479
     2157.5540   2250.2620    350.2880
     1130.6505   1711.3700    592.3245
      526.5380   1128.6239   1586.5707
       82.6931    965.6697   1173.6405
      175.6239    646.8154   2020.3855
     1923.8900   2252.7029   1170.0146
      188.9160    665.5559   2217.4844
     1701.3953   1165.1969    708.6502
     1744.0114   1104.8488   1605.9520
      366.3641   1775.0360   1442.6277
      815.0816    601.8253    995.9546
     1948.9720   2090.2722   1489.3064
     1848.5728    358.8348   2058.1052
     1711.1731   2141.7759    307.3369
     1301.6161   1366.7457    721.8776
      561.0748   1116.8599   1822.2909
     1160.4365    472.6472    481.6049
     1271.3352    158.1848   1724.5535
      808.2300    825.8282   1412.9270
      510.0139     26.6744   2028.5850
     1340.7070   1014.8516   1410.3657
      366.3530    284.0093   2037.7383
     2060.6807   1976.0990   1672.0399
     1620.4946   2177.3611    595.9268
     1997.3979    468.5359   1627.2850
     1317.2604   1625.7903    483.8362
      801.5191    143.1896   1942.9209
      626.1036    920.2260   1279.4960
      763.7969    356.0351    951.3163
      955.0320   1385.9702    658.3568
     2155.5859    359.8866    279.4702
      253.0917    112.6613    700.2680
     2144.9990   1163.6019    796.4874
      749.3106    476.4260   1647.6003
     2037.7483    771.5267   2208.3130
     1072.6688    333.7986    322.6934
     2158.1011      8.5079   2239.7134
       11.4233   1680.5338   2135.5010
     1423.8027   1857.2515   1337.2822
      163.3841    915.1254    251.8936
      589.4367    911.1747   1674.4287
      990.1484    734.5166    174.3984
      379.6843    634.3987   1080.4678
     1228.7563   2039.4728    243.4202
     1126.3684   2258.5610    406.7270
     1778.4612    180.7712    626.7567
       81.5962   1545.6873    261.6534
      870.0643    923.4811    692.7258
      361.8378    962.4229   1696.5830
     1097.0719   1892.5957   2124.2271
     1300.1593   1242.2589    887.5205
     2040.6962    543.5179   2156.2114
     1368.5853   1472.8453   1555.8291
     1837.9442    886.0939    152.0514
     1751.5186    874.4704   1222.5867
        2.7859   2053.9060    367.5637
       78.9856    342.2966    157.6396
      592.8427     85.6310    439.5836
     1338.8737   1003.1857    515.1152
      387.5335   2247.5076   1285.4888
     1559.7880   1603.8988    884.8940
     1690.1101    632.4398    641.3240
      697.3611    262.4723   1186.4661
      793.3499   2215.7036    653.5740
     2097.9893   1877.9075   1103.8008
      759.7944   1418.1152   1554.9509
     1344.1326    577.7574    415.2412
      665.9142   2036.6963    440.5665
     1875.0110    625.7096   2053.3943
      234.1834   2062.5623   1332.9637
      953.2599   1058.2025   1128.5719
     1075.4834    188.2980   1372.4418
      224.6714   2219.3083    912.7831
     2160.5930   1869.0640   1846.2543
     1187.3970   2068.2319     27.3416
     2102.3645   1281.2996   1027.7335
     1340.3789   2071.0669   1369.1694
     1168.5397   1489.2834   1640.5247
      703.4471    702.5392   1177.2458
      150.4314    548.7803   1055.9503
     1497.8597   1763.3127    526.4141
      335.0424   2229.7109   1517.1929
     1060.6394   2179.9031   1892.9938
     1539.7982    400.1468   1997.1482
     1542.3984    404.7450   1526.8463
      971.4301   2109.6702    540.4879
      528.8170   1533.8268    780.9879
      299.0292   1224.7543    895.7485
     1114.8500   1687.9229   2073.3118
     1268.0488   2097.1184   1644.5767
     1863.1097   1901.6166   1805.0626
     1456.3979   1854.9323   1569.7540
     1154.9614   1159.9667    127.2643
     1322.6855    537.0131    106.0700
     1100.7823    881.9720    358.0710
      735.0153    478.0630   1200.6387
     1807.7797    274.2555    404.5938
     1088.4688   1766.5042   1396.7728
     1419.8905   1419.1718   1306.8422
     1332.3826    405.5724    742.2218
      234.2346    804.8262   1533.4501
      476.9959   1726.9642    687.4547
      711.3580   1283.9893   1918.0206
      218.9448   2155.8357     25.2973
     1666.9082   1861.1866   1718.9589
     1670.5496   1847.8368   1936.2234
     2135.6135   1588.0967    301.3948
      121.5197   1868.7516   2251.1528
     1689.3959   1502.6807   1015.3276
      206.7327   1357.0579   1169.2299
      656.1896    139.1944    989.9727
      743.6845   1240.3971    586.6762
       40.7904   1942.5006   1655.5564
     1344.9508   1090.4366      8.9663
     1389.3629    779.8682   1326.6571
      841.8174    257.5416    458.4905
      103.6524   2026.8514   1872.9951
     1477.7963    779.2738   1784.8374
      946.7643   1826.4512     13.4745
     2096.2031   1158.3937   1868.4351
     1963.1047    833.3362    541.8815
     1081.5952    142.9961   1831.5665
     1366.2318    641.5134   1149.9199
     2262.0349   1695.5443   1665.5696
     2041.1483    214.4659    402.1567
     1342.0728   1346.6418   1926.3953
     2045.7682   1569.3870   1862.9418
     1648.1453    111.0588    317.2735
     2210.2456   1606.7343   1432.8445
      984.7953   2097.0818   1278.1729
      549.4210   1737.6742      9.5408
     2078.1106    358.9120   1082.5409
     2233.1394    332.8456    931.5856
     1973.6823   2101.1079    381.7031
       66.0756    399.2884   1416.9202
      536.5544    445.9323   1949.6836
     1932.2898    965.6547   2200.6216
      788.6030   1926.5134   1001.1922
     1881.9062    367.5432   1780.4132
      107.6136   1531.1567     24.5482
     2128.2998   1684.7487    509.5500
      450.7916    656.0618      5.2720
       32.4323    745.3617   1863.5830
     1418.9353   2239.3110    639.0403
     2160.9512    578.4256   1752.6400
     1883.2533    830.3500   1969.2379
     2184.6133   1469.8374   2154.8140
      883.6886    746.8736    833.5220
     1319.3208   1432.6307    388.9382
     1507.0630   2179.8167    401.6215
      413.1272   1502.8118   1136.0947
     2040.6202   1584.4423     37.8986
     1066.2861    569.7836   2027.9843
     1914.6453   1851.7437    487.0167
      177.7849   1792.0027    891.2285
     2259.3943    452.3470   1620.8112
     1940.3329    519.0795   1022.9351
     2206.5935   1274.5459   1694.5533
      909.1038   1151.7479   1890.2881
      263.7636   2180.9846   1964.9460
     1508.4075   1644.7878   1654.2640
     2257.9092    583.8915   1265.9873
     1126.8119    233.3286   2187.0859
      384.3706   1745.1677   1830.1997
     1896.6061   1507.5013   1670.1205
      548.9487   1993.0596     60.8148
       64.7361    790.7928   1341.7534
     1853.2789    596.7764    502.1578
     2217.6169   1683.7520    118.7089
     1813.9314    718.4553   2241.7158
     1742.7386   1036.9863    875.9280
     1366.7676    280.2430   2099.2681
     1538.0685   2212.3916   1045.6284
      298.1028   1279.0104    306.4587
     1550.6050    296.6797    684.9885
     1927.1044    993.8924    759.4059
     1722.0038    399.9123    593.6422
      354.2142   1912.0070     69.1334
     2024.6986   2059.8418   2200.1775
      782.9714   1196.1285   1018.0283
      691.1097    770.5814   2260.0171
     2259.5322   2181.6873    848.6686
      200.0169   1551.5442   1282.6132
     1556.4810    357.1110    409.8740
      973.9092    423.6263   1048.3104
      273.0315   1440.3690   2175.2109
     2201.2568   1217.5841     87.0012
     1312.3821     79.6664     92.1252
     1977.1947   1160.3009   1182.9218
     2240.9812   2162.8689   1695.8214
     1767.0944   1551.7917    506.2737
       98.7230   2248.6152   2125.7915
      923.4086   1906.7635   1357.3594
      247.7444   1236.5677   2013.4816
     1286.4099   1627.1683    191.5424
      907.3179   1841.6741   1578.6254
     1536.8987   1346.8416    418.5445
     1981.8492    191.0560   1655.4624
     1736.0300    334.6010    791.5112
      908.1181    867.7184    455.1634
     1628.3501   1996.6794    765.8083
      115.5324    117.4621     71.1208
     1984.0889    645.7021    111.7454
     1734.1631     18.5174   1113.2651
      113.3640   1507.4963   2010.6617
     1331.5172   1926.2028   2144.9998
     2074.2939   1832.1538    691.7456
      431.8362   1154.5081    715.4781
     2052.3555    735.0161    961.6011
      406.5597   1990.0723   1480.4835
      531.4702   1949.7135    300.2632
     1750.8308   1931.4658    971.6795
     1852.4197   2118.3545   1707.8094
     1659.8268   1637.2103   1225.1121
     1931.3994   1454.4410    634.8409
      415.3489   1722.6591   1161.4265
      372.7802    551.1436   2070.7336
      395.6829   1714.1276    170.4716
     1173.4344   1956.0447   1264.3853
     1833.8138     48.4439   1567.1327
     1604.7230    599.8007   1677.1125
      707.4521    593.9172   1841.8857
     1528.0280    187.2970     46.2168
      277.7224    836.5347     54.5180
      608.3434     48.4234   1235.9735
     1496.1393   2155.5771    817.8204
      397.2909   1018.9387   1208.5782
      387.3211   1291.9899   1513.9685
     2079.5688   2230.8396    754.6132
     1903.1636   1746.7153   2232.7102
      225.7643   1073.5411   1543.7924
      877.0421    735.1551   2031.1898
      750.9026   1779.8092   1394.8673
      337.5902    104.3507     87.2228
      333.6601    463.4023    932.1905
     2036.3939    578.7807   1207.6143
     1570.1729   1518.5857   2107.8276
     1162.7515   1145.4165   1082.1661
     1443.5181   1254.0803    101.5182
      640.2413    690.5438   1640.2559
      703.5544    569.6139    800.1746
     1807.1691    554.0015    849.0209
      228.5310    116.1389   1102.3799
      756.7124   1756.9276   1142.3953
     2177.5674   2055.5977   1435.1821
      483.9430   1585.2676   1350.5916
     1725.5527    578.9219    148.9782
      204.0953   1424.2302    935.0240
     2197.6868    780.7821    528.3892
     1620.8527    883.6502   1642.8782
      316.0822    502.7057   1632.8829
      998.5783    567.0938    652.1899
     1399.3013     58.5859   2143.9482
     1508.1484    551.3087   1332.6633
      499.5483    960.2264    595.3417
     1763.4474    585.7496   1223.5819
      872.2669   1805.3549    784.9894
     1886.1208    379.8679   1220.6604
     1668.1873    154.5842    946.6603
     2028.7273   1942.2412   1994.0120
      424.3845   1856.5374   2131.6648
      699.4348    383.9261   1436.4436
      132.6118   1114.1831    750.1407
     1225.6731   1146.5975   1802.7009
     2225.6455   1453.1376    497.4555
       22.9329   1319.9581    328.4861
     1159.6561   1101.1278    375.2489
      907.0871   2015.7062    850.4742
     1692.9371    250.4651   1892.9696
     1772.3324    465.7483   1592.6215
      169.5741   1396.8617    461.9598
     1743.7170   1687.1700   1573.1095
      323.7166   1023.9136   1919.3832
     1401.7291   2222.0498   1214.1912
     1296.2039   2107.6853    495.8264
     1858.4526   2008.0347    779.0253
     1942.4531   1644.0339    408.6966
      277.7697    357.1286   1810.7496
     1699.4561   1794.8108   2237.1729
     2085.3718     93.0094    997.2195
     2121.1482   1385.8563   1977.7545
      824.1718   1042.4508    252.4889
      434.0906     43.4637   1811.1007
      384.6392    319.4167    530.9940
      867.3821   1345.7223     11.8389
     2068.8259   1906.7877    333.3708
      996.6730   1351.6949   1510.7245
     1106.9585   2059.7136   1444.5907
     1061.0283   1549.9818   1165.9213
      468.6544    711.7869    376.7721
     1066.6201    737.1962   1631.7830
     1700.5708   2067.6128     99.6610
      554.2879    769.6878    192.1220
      921.1896     10.6116   2223.9014
     2217.7327    330.5963    496.5925
     1043.8796   1453.9510   2091.6956
     1701.4119   2084.3967   1150.1429
     1640.6583   1742.0955   1010.9983
     1394.3456   1055.5032    740.3961
      311.1568    578.1309   1852.5219
       49.9977    949.5308    969.9759
      519.0646   1531.5565    160.1952
     1380.6732   1733.1265    914.0483
      819.1147   2170.0667   1987.0742
      708.9113   1645.2678   1919.9541
     1027.0065    963.4282    159.7760
     1190.3876   1132.2854    731.0582
     1718.0238    736.4439   1833.3525
     1275.6649   1182.0745   1285.0878
      872.0991   1753.1765   1774.9286
     1260.2462   1886.9070   1050.5211
       94.5135   1647.2871    497.0228
      962.3927   2112.7466    312.8545
      279.6443   1001.1689    625.3459
     1154.5564   1481.2179    570.0223
     1922.0643   2024.4246   1077.7328
     1162.4849   1555.3375     23.9990
       63.9305   1583.4332    866.6490
      722.2167   1228.7435    113.9088
      127.5048    199.3438   2056.7332
      806.0274   1436.9285   2073.6428
      215.7231    494.9823   1252.5182
      830.8242   1275.2610   1701.1636
      316.7885   2168.4568    613.0092
      726.5707    152.5065    285.0039
     1830.4652   2112.7449   1951.8958
     1754.7013   1750.1766    815.9068
     2239.3042     19.1407   1469.5221
     1971.4020   1819.3988    919.6424
      583.7684    521.1354    420.1621
      413.4828    168.6345   1382.9030
     2076.0117    844.1519    159.8900
     1625.1375   1194.2731   2239.4390
      248.3597    939.1924   1352.6746
     1096.6422   1000.2337    562.9377
      466.8072   2250.7476   1039.7675
     1988.2690   1678.5985   1460.4165
     2045.5735   2121.6191   1844.3751
     1509.5305   1203.1324   1284.6356
      112.0298   1066.2010     34.6612
     2154.1233    267.4069   1531.4929
     1331.9132    336.3441    524.6904
      176.7538    889.7990   2098.6660
      660.4373   2127.8342   1025.9598
     1716.3188    999.8306    337.5216
      395.6861    797.3433   2080.9932
      108.7097    570.2640    166.5462
      154.8706   2020.6010    601.0595
      830.6290    711.7040    606.5092
     1442.9263   1986.8275   1971.5422
      467.5022   2098.9417   1895.7236
     1158.2822    594.1379   1816.1095
      291.4143    594.8327    729.4722
     1490.6544   1219.7375    626.4230
     1527.0319   1223.5334    874.2217
     1574.6707   1305.7916   1074.4891
     1884.8741    196.9836   1057.8254
     1353.2474    949.4084   1851.7106
      304.0190    847.8165    428.9915
     1420.2695    702.2776    232.0002
     1882.0487   2164.8857    137.2514
      974.1678    486.5401   1640.3636
       85.4585    468.4145   1846.1243
      172.7976   1893.6288   1453.9844
      612.6402   1764.5205   1774.5767
     1995.1528   1093.2710    110.0110
     1029.0552    842.0050   2217.8606
      439.4962    798.4119   1280.2567
      856.9357   1610.1650    334.4669
      493.3638   2131.3513   1683.1024
      698.9936    986.0002   1493.4434
     1567.3607   1614.6674   1410.5604
     1786.6047   1296.1448   1151.9999
      474.7819    285.0378   1777.5193
      479.6031    884.2443    833.7303
     2225.4778    827.4135   2076.8669
     1743.8665    649.7512   1021.4777
     1016.9313   1048.7137   1710.6931
      144.9749   1338.1428    145.6052
     1046.5929   1928.6278    663.2726
     1268.2137     47.6903   1076.8467
     1878.2412   1693.2642    638.5717
      538.2266    494.7451   1723.9122
     1712.2029   1744.4401    416.5380
      929.6976   1603.1699   1940.1542
     2012.3132    501.2017   1928.0587
     2155.1682    582.1693   1473.7748
     1276.7131   2256.8828    832.8385
      783.1907   1929.9608   1916.2106
      385.2991   1948.4362    525.6024
      177.9931    695.6127    525.2415
      453.8597   1292.8333   2118.5977
     1455.7858    842.2805   1041.3776
     1663.4692   1421.2122   1274.3521
     1282.2809   1636.0020   1800.5535
      704.5145   2153.9324   1615.1500
     1549.5332   1003.3569    886.0215
     1949.0186    951.6794   1310.5707
      352.3802     82.3134    439.6387
     1749.3470   1109.6071   1279.6189
     1280.2775   1878.8540    587.8904
     1305.4202    971.2048   1179.9539
     1347.6647   1287.1635   1109.4698
      656.5486    154.9743   1430.5275
      862.2339    148.7097    796.2492
     1825.6366   2168.9617   2168.4070
     2052.8196   1385.8451    833.0773
     2123.0222   1309.2037    641.2510
     1227.8717   2008.1823   1881.6426
      523.7951    508.4112    155.7643
     1598.5378   1395.2234   1911.8331
      905.5219    262.7602   1760.4037
      469.1848     96.5050    233.9900
      868.7822   1944.2296    407.9930
     1891.9629   1937.0201     78.8368
      574.5413   2165.0725    603.2762
     1382.3949   1850.7931    121.8514
      677.4252    245.2187   1647.9144
     1157.9718    333.7573   1979.5442
      213.6641   1772.1788   1649.7899
      683.5591   1061.0006    718.0150
     1818.2720   1737.1145   1340.0919
     1088.6350   1326.8462      7.4980
     1072.2864   1699.8312   1655.8113
       85.3028   2237.4456    675.7929
      364.0659   1432.0399   1697.3378
      313.7033   1598.4932    572.9226
     1499.9114    497.1971    573.4443
      873.1404    301.8336   1504.8651
     1467.7987   1703.1011    275.4110
     1257.6438   1846.9358   1735.7777
      146.5081   1509.6940   1624.7544
      943.8082    501.9069   1411.5731
     2257.9492   2060.4170   2218.4084
      876.8719    991.2200    896.3663
     1931.7910   1264.9039   2003.2118
      272.7298   1230.8370   2254.6104
      380.7645   1479.2357    389.8839
     1571.3163    157.7952    502.9714
      603.8658   2187.1582    221.5352
     1175.1437     25.8018   2213.8647
     1325.9180    374.1270   1634.8204
     1726.6548    872.1343    698.7351
      405.9795   1817.1582    904.7242
     1324.5201    394.7140   1193.9366
     1422.8549    137.9513    897.4674
      455.4209   2055.1553    959.6418
     1256.4283    926.8212   2089.6978
     2162.4033    391.5309    716.1466
     2177.2275   1833.0654   1511.7838
     1627.8818   2087.8455   1809.2843
      494.3423   1659.2303   2020.6028
     1630.5872   1876.3202   1198.2158
      753.9417   1642.8165    916.4633
     1480.3284   1265.4615   2095.5659
     1828.5267   1028.0874    553.5055
     2145.6328   1062.3987   1074.5406
      110.0833    951.6902    468.4183
     1475.7157   1462.7405    232.2853
     1193.1370   1685.3654   1011.8937
     1023.5884   1169.4551    929.4810
      828.1274    515.6403   2033.0101
      446.6237    968.0055   1468.2798
     1193.4530    456.8819   2170.6201
     2217.8784    790.0114   1612.1747
     1110.5658    784.7567   2035.1337
     2142.8882    135.9272    172.6317
      224.3785    290.2977   2240.4651
     1010.0933   1761.2013    409.1253
     2112.5273   1178.5770    386.8168
      703.4052    340.9854   2088.8916
       15.2707   1412.1057   1302.5660
     1340.6266   1219.6122    288.2986
      685.8469   1829.3512   2100.2095
      749.1808   2125.3430     10.6836
      641.2410    847.4568   2055.9607
     1268.7461   2156.1487   2060.5969
      140.0846   1541.0010    687.4458
     1040.1997    160.5576   1604.2588
      668.4882    812.5464    718.9343
      946.4094   1132.0712    440.7285
       54.4968   2254.8149   1882.5681
     2000.2345   1757.0619    195.6774
     1119.4355   1268.2555   1979.0742
     2009.5492   1333.3776   1541.6649
      261.5381    237.5400    309.5522
     1803.7614   1513.6582   1438.5165
     2236.8831    253.2363   2244.3306
        0.4245    963.6940    671.0271
      811.4078   2247.6455   1156.4835
     1141.7565    771.1718   1188.3184
       45.5873    847.6617     49.5089
     2164.1555   2248.8315   1242.5679
      946.1705   1292.0350   1116.3070
     2241.7439    548.3682    418.3787
      652.3337   1423.7300     10.1636
      763.3876    817.0788    279.8638
      710.0753     65.8500   2112.8735
        1.7563   2012.2267   1227.9211
      343.5360    480.4574    312.8831
     1007.6044     86.8637   2037.6967
     1253.8903    247.4515    924.3523
      619.7646    619.3432   2101.8391
     1467.4097    734.1696    601.8656
     2112.2461   2117.9836   1064.6423
     1224.0027     16.6778   1543.5566
     1304.8433    746.8934   1935.3231
     1692.3478    247.5215   1185.2762
     1525.4022      7.0322    175.1327
      884.7095   2036.0753   1737.5133
     1337.2477   2228.1892    301.7360
     1616.6976   1280.6332    255.6189
      496.2077    893.3505   2255.4866
     2011.4519   2045.1122    611.3828
     1772.9381   1250.4189   1803.0592
     1965.6615    941.8929    349.1961
     1440.4839   1996.1060   1742.8512
     1701.3917    403.9448   1353.5555
      886.7188   1791.5275    568.4793
     1929.5903   2188.0217    923.4041
      684.8735   1788.3596    422.9917
      196.8998   1915.1482   1084.4813
      686.9560   1428.5330    962.2894
     1199.5811   2079.6506    674.5364
      308.0370     72.6467   2130.9807
     1250.4243    628.0779    621.9105
      613.2059   2068.1985   2081.4832
     2177.5581   1421.4529    157.5465
      715.6867   1046.1592   1958.2024
     1001.7551   1203.5306   1315.9005
     2126.6033   1227.7314   1335.4772
      801.4681   1251.5203    798.4414
     1468.6616    263.2150   1340.1207
     1168.3702    531.3357   1113.2178
       53.7645    127.0225   1656.3800
      624.2118   1819.5148    849.6546
     1101.9365    990.0782   1307.5354
     1667.1647   1258.6285   1429.9449
     2258.6487    362.9390   1178.4012
     1577.3191    540.6662    804.3563
     1629.5223   2245.1279   1537.9607
      625.6494   2259.3245    818.3098
      426.5921   1335.9249    546.5672
      588.2631   1320.7145   1703.2672
     1133.1584   1319.4120    332.1019
     1347.5825    621.2650    814.0394
        8.2916   1972.8582    733.5674
      877.7173    197.1474   1050.4366
     2119.4741    336.6312   1791.7744
     1484.0720   1017.5073   2126.1284
     1847.5886    140.9957   1311.3409
      111.2794     11.9630    458.4202
     1097.2455    735.4344    820.9292
       14.3324   1976.4062    964.1108
      901.6172   1594.0798   1484.3282
     1160.3652   1403.3210    997.9724
     2168.9570    167.7779    785.1381
      948.3096    474.3358   1855.1588
     1722.8569    829.2521    474.8837
      649.4442    796.5890    492.6505
      186.7082    416.8299   2029.5231
     2114.9326   1578.7321    986.4619
     1536.7196   1766.2987   2070.6221
     1615.9167   1625.2339   1881.9772
     1821.4576   1480.3129   1893.4136
       53.0701   1759.1744    683.0724
     1350.6820    185.7052    679.4822
     1267.3776   1309.3857   2170.1719
     1371.6385   1486.8842    933.9355
     1200.4420     21.4857    602.7502
      353.0676   1192.3799   1717.6315
     1875.8149   1810.1362   1148.1840
      839.8857    140.7820   1330.5001
     1096.9014    953.7667    818.0928
      499.1709   1140.2695     25.0214
      447.0627   1737.1755    442.4242
      227.0811   2243.3872   1717.3079
     1902.4369   1256.5382    743.7846
     1088.4775   1033.3934   1960.5487
     1560.8857   1050.7131   1462.2566
      514.5178   2215.1985      9.1160
      812.5230     86.3295   1575.4609
      319.3557    325.4553    745.2157
      934.9239   1589.6217   2221.0056
     1129.9321   1577.5703    339.8974
     1019.7557   1676.6475    163.3665
     1295.7292   1789.9884   1990.8579
     1676.1265    511.1151   2131.4131
     1824.2499    118.2024   2067.8203
     1074.2087   1953.6577   1673.6781
     1051.1526     42.0098    973.3160
     1469.2882   2062.8613    174.1746
     1447.8156    776.1609   2090.0298
     1930.2888    493.0063    258.2167
     2033.6001    687.2493    371.1197
     1483.7914   1157.4843   1899.7223
     1738.3347    992.0013   2046.7465
     1079.8123   1302.6768   1732.5991
       34.5791   1208.4198   1166.0706
     1244.9861   1391.4026    159.8858
      663.9915   1980.9945   1462.2950
      541.4796   1154.1558   1356.0763
     2011.7307   2251.8757   2038.7769
     1546.2361    911.6790   1942.1760
      734.7740    605.5436    187.9285
      403.5016    916.6056    223.9060
     2247.9521   1593.6676   1178.4258
     1696.5710   1177.7882   2011.0774
      764.5883   1588.7150    127.1649
      182.7995    315.7705   1608.6160
     1091.3839   2223.1467    171.8870
     1343.4590   1949.1317    814.4186
      690.9642    137.5252    619.0681
      840.2828    226.3673   2219.8484
     1764.6958     96.4560    115.7858
     1894.2439    628.6572   1782.7321
     1362.5607    322.3503   1865.9991
      549.3941    212.3625    811.7858
     1611.1055   2260.5337   2220.4949
     1075.6669   1792.3628   1865.1818
     1277.5107   1541.3832   1155.9056
     1509.6849    610.0902    983.4542
     1555.5688   1665.3513     57.4545
     1515.0564   1935.4886    980.1391
      394.5557    324.7397    159.3277
     2243.4248   1050.1213   1680.1790
      848.5261    887.5638     63.9414
      838.4091   1808.5344    226.9913
     1269.5261    707.6849   2210.3792
      247.4506   1199.1272    532.2466
      273.8727    869.9211   1090.2114
     1448.8169   2215.3354   1941.7638
     1783.1466   1545.7058     11.2512
      166.5095   1761.2560    178.1711
      942.9554    502.8701    211.6875
      127.3712   1828.3861   1854.3334
      185.9139    664.7114    333.0107
     1687.1802   1095.2764   1071.3127
     2124.9041     94.6876   1794.6019
     1398.2886    550.9392   1754.9207
     2108.8574    799.5124    736.6437
     1149.9508    212.8578    488.4022
     1901.0597    993.2449   1071.9597
     1735.8512   1086.8109    127.2538
      827.4107   2237.1135    919.2120
      184.6778    139.3110   1457.2456
     1448.6874    225.8248    244.1337
     1152.4819    388.8923   1744.2291
      580.2775    215.8776   1941.8796
      312.2703   1083.8099    147.6301
     1722.3140    502.4288    372.9605
      413.2155   2209.0300    803.8230
      451.8455   1339.5472    130.7760
     1219.3033    911.1546     54.7076
     1513.6750   1805.0186    758.4636
      509.2177    908.4071   1881.0978
     1118.4355   1538.6216   1415.9827
     1469.2988    190.8313   1125.5278
        5.9352    160.0473   1119.7030
     1145.9242    366.0609    672.0115
     1174.6458    561.6291    275.0363
       40.4283   1757.6952   1062.3013
     1166.3110   1535.8278    817.9183
      781.7624   1996.9132   1195.0302
      709.3098   1670.6967    624.1406
      961.4843    111.6898    327.3524
      971.5369   2039.4568     80.2936
     1412.8431   1922.2589    377.4576
     1589.2620     40.6832   1296.4943
      591.5225    323.6199    568.0198
     1667.6855    868.2538   1020.7680
      510.5411    196.7154   2197.7263
     1126.7831    867.8497   1799.1975
     1409.0391   1468.5001   2261.2615
      522.0054   1549.8373   1792.6549
     1992.9554    239.8265    620.6606
      174.2491    826.2199    718.3803
       34.5082    471.8560   2232.2585
     2225.8030   1926.2363    153.9992
     1662.9294   2254.2351   1999.0437
     2112.7869   1513.6439   1639.7823
     1848.2174    811.7920    884.9908
     2213.3015   1780.7673    861.4910
      395.7477   2114.6191    206.1511
     1991.6263    225.7498   1956.9202
     1371.8073   1630.0897    710.1374
     1733.7914   1635.3171   2053.8721
     1602.8883     71.2919    764.3883
     2087.3032    947.7799    896.5402
     1993.7611   1345.3256   1770.9343
      368.1302    391.7151   1144.3075
      286.0544   2116.0046   1106.9144
     1730.5759    263.0068   1640.7449
     2238.8008   1381.2620    856.8662
     1910.2505   1749.8499   1980.1860
      687.6587   1228.3933   2144.3384
      191.1735   1340.4989   1838.4688
     1039.7002   2118.2385   2119.7825
     2065.2139   2246.5886   1609.6642
      476.6350    326.0697   1544.4175
     1518.4158    601.1227   1950.8038
     1263.0547   2220.2754   1809.9933
     1581.2081    663.3099    416.8206
     1489.2770    136.3540   1865.4740
      874.4191    640.0262   2241.3398
      949.8994    592.3367   1205.4230
     1997.7936   1351.3339   2249.2297
     2134.1453    833.9519   1155.3098
     1410.3229   1231.4869   1491.4409
     2149.0454   1128.0305   1520.6570
      712.6179   1611.3652   2169.1731
     1487.9802   2069.3823   1536.0481
      930.4985    702.5433   1812.9598
      584.3414   1346.6802    690.5236
     1778.8032   1372.2439   2117.0486
     1235.6669   1789.5762    345.8504
      911.7635   1416.1084    932.0129
     1467.9358   1782.7201   1842.2616
      663.3785   2105.0120   1854.2671
     1666.5396    620.7884   1447.4679
      522.2993    423.2357   2194.7986
      574.8489    787.0076   1445.3195
     1064.7705   1898.1047    206.6889
     1853.2155    905.1242   1725.6250
      910.8182   1134.2689   1527.2427
     1398.7598    841.2356    808.5908
      283.1359    484.3531     39.6501
     1416.1246   1566.9020   1978.7253
      616.9233   1576.5311    354.6404
     2197.9890   1014.9113    193.2879
     1217.8662    815.8159   1448.0815
      967.6368   1636.6798    973.0901
     1211.5519    603.2767   1329.3235
     2057.2788    958.5552   2008.5344
     1821.8607   1316.4418    138.2184
     1559.8737    413.4394     47.5251
     2071.8982   1070.7704    596.0651
      583.4838   1781.7112   1520.1031
     2204.9463   1900.2452    515.8639
     2014.8518   1273.3765    236.1118
     2105.9084    802.0615   1353.8192
      654.1864   1005.3817    918.9294
      876.7859    666.4536   1538.1018
     1183.6609   2241.7209   1332.1721
     2152.8267   1002.8931   2239.1394
     1431.0840    621.6221   1522.6898
     1689.9972   1547.3711    234.2239
      273.3993    959.6717    880.1612
     1453.1018   1478.0348    591.7075
      717.7231    627.0216   1390.1465
      271.7554   1810.6442    680.1887
     2038.0721   1432.3074    418.4731
     1710.6208   1195.7703    476.9989
      378.0810    527.9344    529.0909
     1880.9568    121.5028    839.0584
     1103.9337    604.3828     47.8390
      873.7863   2062.5374   1518.5632
     1903.6686    301.2644   1458.5419
     1989.8909    259.1373   2197.6462
      629.4762   1579.3994   1143.8867
     2214.7581    119.4808    562.4452
      259.7231   1646.7230    347.4158
     1360.0732   1688.6561   2198.8333
     1972.4409   1118.0332   1682.3933
      263.5918    720.7946    915.0649
     2069.4524    603.8951    578.8350
     1350.1230   2087.0466    990.0735
       75.4573   1182.5079    949.9655
       20.1935   2184.7354    152.1252
      211.0649   1598.1416   1810.6569
     1764.7463   1744.9323    197.4018
     1245.0878   1498.0178   2074.0786
      575.8057   1439.1708   2002.6796
      215.4240   2251.3091    248.8732
      681.4131    103.5358     54.5795
       88.8615    502.2720    844.7170
     2072.0876    719.9270   1924.4877
     1910.3147    539.7178   1423.9955
      691.6343   1023.4013   2201.4805
      197.6627    263.8529   1262.9564
     1719.1454   2161.2512    900.2247
      704.4556    802.0292   1846.3245
       78.4874    125.8216    915.9470
      980.1425   2253.7412   1431.2970
     1016.9202    658.7400    413.5544
     1007.7551    179.6245    108.2871
     1690.2518    314.1350    218.1934
     2178.8127   1004.7184   1295.9257
     1796.8564   1324.6383   1589.9152
     1758.2986    382.7293   1022.5649
     1907.1541   1115.5303   1465.6510
       34.7983   1155.3298    527.6133
     1807.8633   1930.0836    295.2310
      756.4219    479.3217    581.3758
     1302.7117    974.1412    257.1932
       41.0513    949.9918   1472.5763
     1538.5336   1942.3848   2226.2231
     1155.5099    495.5997    875.4442
      735.8923    463.4362     24.3427
     1347.0861   1619.7417   1363.4130
     1915.9587   1260.0396    509.0535
     1646.1951   1858.6676   1448.9244
     1927.6398   1166.1759    951.0311
     2078.5374   2019.7394    855.6597
     1448.8778   1072.2966   1675.5524
      968.5099   1607.4414    752.2765
     1790.3658   2198.7681   1372.3698
      600.0380   1108.2161   1125.4556
      908.8468   1116.8937     25.4768
     1588.2106   1860.3147    183.7352
     1675.1094   1502.8171   1697.1371
     1622.9724    764.8173    828.6090
      797.4792   2241.0098    425.2355
      292.1210   1505.9420    167.8238
     1117.7126    168.7032    754.9588
     1784.5823   2050.0530    532.9415
      305.1265    398.1757   1437.7806
      114.7421   1129.7957    278.6086
     1840.9229    723.8525    301.9298
      762.9485   1080.3694   1709.8153
      525.8459     83.2058   1598.1415
     1981.0605    313.9118    876.7992
      292.3952   1672.1182   2245.6973
      841.0751   1045.4320   1327.1918
     1865.2892   1637.1912   1029.1631
      746.8129   1470.0803   1810.9980
     1714.9722   2029.2211   1574.1403
     1583.2395    714.6185   1190.4624
      736.7275    408.9029    324.1392
      558.6219   1373.8054    354.7455
      737.6080   1441.0449    496.6642
      552.7243   2196.0222   1439.5586
      708.0623   1219.2600   1510.3854
       29.0506   1272.1646   1935.0071
     1214.2385   1341.3601   1450.4457
     1737.2057    505.7509   1883.6088
     1006.1915    927.2414   1504.7808
      978.3312   1454.5601    177.8181
     2144.8293   1577.9373    696.9879
      397.4721    786.5465    645.6474
     1839.5907   2221.7766    699.5721
      729.7006    349.7383   1857.4994
     1430.5587    853.1677     52.6797
     1149.2017   1152.6047   1492.4744
       65.8819   2169.2085   1072.5315
     1132.0403   1349.2700   1222.2426
     1560.4193    443.5815   1145.2494
      935.4902   1375.2606   1886.7606
      508.1612   1637.4119    977.6787
     1494.4476    183.0240   1634.9695
     1017.5343    280.7424    881.7284
      939.3990   1237.4786    225.9738
      343.5203   1391.8506    720.2603
     1123.5687    394.5346   1289.9976
     1576.9606   1273.1222   1688.2177
     2168.6448    576.5347    225.3043
     1779.1107     19.9492    456.6743
     1879.5438   1058.8575   1882.8118
     1130.6837    263.2361   1111.7098
     1348.1592    435.8004    968.1867
     1540.2612   1417.0369    784.7907
      609.4847   1355.9664   1157.0712
      426.5121   1073.9447    980.4824
      582.0936    963.9382    369.8003
      659.2928     75.3068   1778.5033
      383.4981   1941.0765   1189.9613
      484.3437    655.2866    860.2849
     1911.6283   1501.4318    208.2462
     1016.2195   1848.0416    956.2256
      175.7975   2009.8063    196.1602
      182.1789   1852.3228    466.2458
     1660.0284    910.8790   2260.7029
      540.8272   1882.1245   1926.2635
     1206.7495    173.3855    274.9884
     1414.1967    521.3435   2160.2119
      702.8558   1573.1815   1364.7517
     2234.6836   1363.7321   1498.7933
     1619.3464   1953.2085    409.0819
      883.4254    966.1988   2095.8066
      557.9847   1879.9038   1066.3489
     1963.6498     92.2234     35.6464
      965.6317    423.0795   2220.3599
        5.9105   1889.7834   2057.2759
      366.9274    641.3806   1427.7665
     1517.7308    506.7317    241.4129
     1124.2543    346.5297   1505.0435
      515.0019   1164.2456    275.0959
      974.5486     92.8171    558.9311
      408.2736   1674.4347   1620.9121
     1626.1826   1409.3256     39.1838
     1802.7880   1385.3975    373.5016
     1311.5057   1292.3541   1688.9368
      231.0101    698.5598   1246.3965
     1514.4962   1096.0863    389.2784
     2228.8987    678.0034   2255.0466
      936.5590    449.0736    450.9967
     1139.4175   2042.1779    898.3651
     2164.4497    958.7352    395.2599
     1742.8521   1297.0540    897.9158
      947.7752   1515.8738   1709.3008
