      826.8423   2034.2241    167.0415
      998.6888   1190.6903   1661.8473
       74.6890   1610.7933   1204.4375
     1289.5929   1350.5983   1120.6583
       67.2873   1849.5671    396.6268
      625.4329    316.6358   1911.1118
     1326.2206   1151.4580   1893.7883
     2160.5410   2036.4738   1715.5802
     1097.8368    513.9169    399.7997
     2228.7935   1701.4661   2083.0950
      726.7999   1647.7073   1327.3944
      373.7242    946.4000    309.3308
     1180.5105   1076.8992   1288.1726
     1271.9161   2241.6860   1201.7610
     1678.9866   1444.9279    830.9525
      792.8503   1296.3815   1966.2239
     1554.9493    746.4679   1792.2948
      284.5046    509.0888   1109.9573
     1345.1581   2208.2639    826.6304
     1912.4221    642.9598   1683.3324
     1229.8927   1631.7523    365.1114
      721.5661   1921.2432   2117.8542
       70.6738   1418.1150   2082.4878
     1339.9531    825.0256   1944.0515
      109.5258    989.6602     83.4308
      687.5189   2177.3418   1553.7461
      458.7587   2091.7485    497.3863
     1902.9254   1762.8390   2224.8247
     1290.6222   1941.3601    543.2446
     1918.7471    315.1949    205.2283
      769.6475    511.7913   2140.3713
      576.0947    670.8952    338.1259
      292.4543    291.9485    739.4991
        3.3143   1517.6991    319.6932
      180.3777    918.4395   1735.4108
      913.9843    974.5966    479.6890
     1518.8704   1796.4360   1952.8425
      497.5117    869.7052   1742.8401
     2109.6643    902.1816    216.9213
     2231.3611    213.3664   1859.9196
      334.2436   2077.5920   2228.8372
     1747.1310    554.5516   1415.6847
      563.7180     24.9285   1252.8313
      311.0331   1125.6943    758.6263
     1900.9249    415.2538   1156.7775
     1784.4327    299.2946   1718.1571
      422.2288     43.9331   1803.1177
     1647.4298   1091.0625    181.3471
      364.5876    458.4724   1939.4623
     1293.4954   1296.0450   1546.6738
      994.5359   1337.8615   1244.8979
     1547.9187   1745.0601   1591.8077
      911.8396    765.8204   1068.7747
     1754.8524   1607.6864    592.7726
      977.4089   2082.6013   2109.9583
     1365.8127    280.6678   1274.4915
     1019.5200   1998.6278    393.2901
     1730.1212   1737.4955    325.2684
     1385.0010   1900.7770   1075.7028
     1834.1339     23.0463   1457.7141
      916.0506    573.4753    760.8116
      634.3075    494.4430   1249.4961
     1201.3888    606.1702   2104.6807
      209.9430   1312.0835    143.5721
     2070.5669    415.9665    645.1391
     1674.6262    777.9944   2103.3052
     1710.3756    995.6247    676.2336
      769.0355   1254.4449    471.7931
      199.7447    863.9310    646.4509
      837.4584    293.3885   1478.0984
     1259.0532   1261.4954    133.2446
     1922.0685   2189.2976   1831.5543
     2110.1768   1359.4453   1877.5787
      180.3143   1733.2889   1418.8613
     1974.1099    835.8177    898.7393
      516.4492   1571.9915   1833.4751
      657.1442   1304.8750    971.0413
       69.8570    176.2199    562.3583
      184.7186   1283.1304   1328.6157
     2133.7961   2037.9208   2052.5422
      936.2115   1371.5121    145.1787
     1319.5516    815.8768    747.7609
     1232.8647   1723.4283   1719.6420
     1827.1721    631.6069    672.4722
     2210.9189    528.5371   1767.1150
      842.8824   2206.2246   1266.2104
      420.0124   1259.3752    351.0538
     2146.4812   1622.9926   1459.1802
      236.4873   2029.6127   1646.6613
      359.4339     41.1481    272.2069
     1585.8364   2060.0884   2013.1442
     1286.2032    222.8179     15.6787
      470.0238    687.0840    702.2141
      736.4784   1579.2407   1674.8638
     1095.4991    110.9144    422.6857
      479.2151   1796.0253    223.2098
      587.3616    100.6008    678.0916
      562.5875   1481.0087    437.5374
      122.4180    533.4778    716.5982
      259.2186    807.1412   2086.9873
     2045.1963    398.4851   1447.1262
       33.8333   1190.7161    355.9401
     1140.1100   1046.1907    282.0825
     2214.4001   1095.9331   1971.2552
     2153.2686   2027.4878    862.4559
      638.8265   1008.9501    558.0302
     1080.1499    442.5441   1101.0912
     2253.4746   1998.1122   1289.8295
      514.5751    307.2611   1578.8154
      417.5382   1653.0662    931.9954
      696.5381   2227.7463   1953.9005
      956.0294    893.7512   1323.5907
      729.4401   1159.2109    182.8428
     1472.9841     38.4200   1558.9124
      410.2737    157.2838   1070.3016
      315.5515   2091.5859   1316.0281
      274.8879    317.3477    122.6496
     1594.8712   1470.7534   2039.3755
     1091.6991   1333.5764   1984.1622
     1903.3621   2152.3154   1029.7513
     2088.9202   1835.8954    184.4117
      409.1564   1521.5177   1527.4008
      559.3468   1430.9635     17.2686
     1180.1978   1616.7858    993.3549
      823.3724     35.9570   1025.9470
     2027.7399   1643.9824   1714.7781
       42.7829    492.4370   2132.7351
     2195.4832    204.9463   2242.3459
     2240.1296    372.1897    960.7575
     2259.7854    860.4698   1142.0303
      443.3336   1741.7676    563.6204
      196.8682   1972.5848   1956.6172
     1242.2074    704.1176   1063.8785
     2025.3208   1157.7417    451.1351
      928.2373   2207.6587   1809.4071
     1845.7001   2222.7061    134.5270
      713.2092    433.1206    871.0957
      348.6769    901.2965    996.2500
      385.0230   1317.2012   1994.5557
      136.1046    466.6309   1531.1719
     1411.9368    714.2938   1314.8837
      965.9785    838.1622    124.4877
      714.5011   1599.2812    666.2404
      994.9871   1719.9366    526.2672
      173.2791   1646.2742     61.1225
     2146.0986    813.6230    608.8445
     1227.8196   1182.5709    523.0436
     1229.3872    185.7097    933.8284
     1747.6702   1331.0918    194.0708
     1853.2926   1521.4307   1056.7009
     2055.5100   1134.2346   1491.8463
     1445.2009   1697.1694   1249.0195
     1184.6572    170.3147   1601.7383
     2091.7051     10.8060    418.8702
      128.6203   1113.7722   1051.2661
     1997.4392    904.0455   1888.5068
      324.5104    668.3688   1524.7684
      904.1577   1865.9563   1318.0629
     1089.1021   1643.8953   1373.8872
     1249.8800   2005.3735   1816.6559
     1855.1438    203.5254   2168.0833
      542.2553    360.3192    278.2451
      600.8234      4.3484   2262.1277
     1049.9874   1165.6104    731.8796
     1649.8357    974.4067   1224.6312
     2153.5806    100.3573   1535.5750
      669.4015    991.4290    898.5443
      998.7053    241.2058     18.5250
     1122.5104   1637.3259     22.2928
     1726.9509    347.5813    494.5625
      660.6176   1939.2850    761.2125
     1564.5596   1357.7576   1168.2979
     2083.7529   1289.0413   1169.1368
     2170.2949   1683.7751    972.7310
      888.1891    558.0489    227.2967
     1619.7546     49.2043   1937.1569
     1563.7312     79.5237    248.9128
     1683.6351    989.9333    978.6586
      917.1227    896.7808    759.4825
      538.7162   1818.1484   1139.0414
     1951.5748   1125.9132    756.1092
      419.1519   1773.1641   2035.1014
       75.9259    962.7149   1397.8866
      703.4671   1628.1299    178.1545
     2237.3887    487.1327   1243.5303
     1409.3143   1592.0106    176.7494
     1884.4005    156.8825    995.8854
     1188.6978    804.0897    489.4552
      872.2042    906.3981   1655.0142
     1191.1550   1941.2747   1461.2480
      184.4709   2072.5066    540.8627
     1305.5631   2042.4265   2163.8467
     1723.4305   1955.6754   1469.0641
      450.2874   1277.0624   1240.9714
      798.7584   1630.8722   1005.4451
     1073.9114    629.5336   1543.1477
      998.3267    839.3966   1972.5062
     1468.3749    730.9843    242.8194
     1768.8390    924.5809   1567.4375
     1669.2224     66.1469    536.3234
     2084.8923     80.2127    778.9627
      618.6885    915.9719   2046.9431
      767.7534   2239.0923    431.5316
     1103.4087   2221.5972    155.1796
      564.2994    400.9199   2246.6057
     1847.3651   1839.4596    818.9316
     1287.0641   1421.9568    679.5787
     1361.4076   1042.3934    928.7098
     1749.5188   2024.4930   1204.2023
      595.5533    818.7997   1357.3828
     1902.1777   1790.4177   1215.4313
     1949.6787   1462.4354   2204.6223
     2154.5830   1276.9054    131.0455
     1557.1484   1437.6388    509.7024
     1815.3456   1244.4877   1948.7080
     1249.2051    431.9958    651.2714
     2192.7961    117.6520   1248.3239
      622.2819   1875.1895   1819.4159
     1414.5450    396.6769    272.5656
      741.1113   1172.8613   1391.6614
      160.9314   1933.1591    983.0348
     1611.4534    332.4462   1041.8679
      726.9484   1616.3763   2066.8069
     1391.7960    416.4992   1895.5740
     1933.7622   1340.5706   1648.6646
      524.9432   1968.0288   1429.2261
     1970.5745    550.8833   2000.1219
     1388.9346    935.2733   2202.1240
       85.2226     23.7241    947.2906
     1598.9877     35.1452    982.4344
      155.6674   1573.7218   1780.0332
     1166.8162    211.8495   1969.1665
      307.9013     83.4350   2122.3508
      206.4379    687.1274    276.5299
     2243.8430   1175.3007    750.7719
     1832.8848    748.3052    240.6616
     2144.8755   1501.6088    725.8146
      915.5626   1085.3274   2173.2656
     1396.0708    927.0617   1584.8322
      442.1620   2136.8257    895.6401
     1546.7882    762.2150    558.1440
     2229.4165   2138.3877    182.3957
      547.8840   1205.5391   1787.6786
     1383.8920    566.5222   1585.5198
      220.3540   1587.4998    716.6022
      850.7644    429.1523   1726.7690
     1825.8289   1440.7434   1348.1156
      282.1699    275.0415   1364.2935
     1009.4001   2095.4829    887.5295
     2016.1136    781.3702   1324.1431
     1759.1007   1646.4247   1768.4258
     1527.1008    258.9576    735.7150
     1497.0023   1721.9971    870.5460
     1578.1560    474.5697   2231.7520
     1551.4832   1992.2988    256.3073
     2247.0112    504.6566    193.2031
      985.2434   1799.6791   1997.8868
