      693.3158   1816.6077      3.7669
      683.9116   1188.1854   1477.5603
       30.4347   1780.0092   1376.4362
     1313.6019   1518.8899   1479.6484
      407.5522   1772.8457     29.5319
      435.6484    500.7690   1706.6418
     1358.1917   1211.1351   1459.2906
     1933.3490   2075.5872   1563.2291
     1014.9052    232.9394    605.9684
     2230.6638   1661.8237   2011.5199
      138.8520   1956.0165   1086.1858
      563.5784   1036.3329     90.4072
     1437.1482    827.8512    986.2099
     1224.6272   1990.6864   1143.6185
     1597.1150   1080.1165    849.8068
      729.1339   1414.6564   2115.8770
     1717.9586   1159.7091   2143.7981
      380.6959     59.6352   1239.3275
     1788.4886   2046.6050    884.0070
     1685.4702    719.2258   1881.8242
     1069.6775   1854.5566    497.8005
      467.7149   1969.2649   2001.0032
       94.7030   1182.9551   2048.9133
     1284.0964    709.4569   2209.3574
      342.3323    575.4194    249.3870
      729.8180   1803.5471   1450.1313
      117.4531   2163.5923    490.4716
     1766.1678   2070.2717   2082.1755
     1902.0699   1975.8362    546.3868
     2177.3552     11.0816     98.3161
      668.8350    921.5177   1809.3215
      505.1157    822.5559    428.8673
      543.8362     29.4259    311.4400
      378.9864   1548.1876    352.7784
      343.4323   1146.6322   1290.1263
     1387.5060   1064.4436    482.6428
     1254.7159   1802.1606   2126.9250
      547.9724   1349.2401   1639.7992
     2231.8945   1024.4462     59.5173
     2231.9221    655.9151   1869.4166
      157.1599   2239.9666   2185.3711
     1417.2941    432.9448   1126.0500
      650.7883    198.9143   1411.0930
       58.7612   1341.6978   1069.4067
     1998.3612    557.1596    527.9070
     1787.0300    271.7969   1614.1252
      272.2865    208.9868   1546.0103
     1820.4121    929.3857    107.4932
      402.2451    577.0593   2198.9446
     1230.8075   1293.1403   2006.8649
      808.8967   1420.1254   1242.0713
     1474.0938   1802.8505    750.1783
      795.2968    711.2608   1219.3658
     1981.8667   1698.5012    350.6012
      622.8583   2248.4324   2161.5188
     1056.2887    265.2280   1473.8815
      971.6693   1893.8455    824.2537
     1648.2938   1795.4633     66.4247
     1480.3160   1909.3557    394.6996
     1915.8763     66.2883   1232.8948
      937.7778   1083.2051    969.4312
      981.0634    580.4358   1450.0684
     1029.4999    430.9586   2167.3206
      193.7185   1300.7506    145.9980
     2219.9114    501.6375    919.7245
     1663.5659   1160.0073   1749.7845
     1702.4325    907.8877    462.5794
      964.3332   1610.4125    547.9977
       16.0441    728.9448    614.8049
     1352.1024    157.3707   1579.6831
     1143.0848   1355.3583    304.5046
     1795.7440   2251.3682   1843.5822
     2129.8557   1252.7773   1764.4873
       13.7946   1926.1322   1710.5170
     2003.5851    483.5358   1446.7661
      186.9129   1202.4724   1629.0322
      901.3192   1699.5427   1146.7485
      138.6123    397.9986    714.7301
        6.5218   1100.3320   1396.9819
     2077.4136   2056.8833   1975.2003
     1040.8220   1217.6766     34.9234
     1629.4102    499.7288    442.7241
     1169.0972   2068.4773   1482.9269
     1755.8237    646.6207    174.2061
     2138.8379    861.3472   1517.0034
      965.0490   2120.6838   1150.5012
      217.0638   1202.1569    454.0972
     1865.6691   1788.3325   1311.2107
      560.8867   2198.8352   1521.7690
      434.5742    249.7424      2.1181
     1533.4229   2198.4441   2237.0815
     1708.0214    333.0789     43.9020
      226.5065    341.3282   1074.8873
     1269.6670   1613.2294   1766.7269
     1122.1189     12.7298    229.7577
      321.1684   2056.6858    251.0993
      588.7645    229.6992    743.8967
      702.5204   1627.8722    380.8692
       74.0749    529.6350    369.9990
      364.5468   1039.6592   1526.7870
     2024.7072    297.5985   1873.8182
      241.9003    911.0934     67.0215
      864.3781   1260.5842    311.4154
     1965.2794   1103.0911   1985.2380
     2210.0308   2110.3604    926.6984
      657.9082   1073.0516   1120.4105
     1233.3383    632.6091   1591.7740
     2225.7195   2196.7795   1315.8694
     1244.7054    463.1960   1897.2968
      271.2527   1475.6885   1150.9906
      250.5817   2168.0283   1559.4937
     1225.9274    966.3216   1325.6669
      521.3145   1297.3890    443.7558
     1935.0824    601.5128   1764.2867
      481.2900    463.0397   1036.9750
      657.4515   2236.8914    925.7315
      149.6577    183.4678    313.8808
     1549.4261   1777.6929   2045.2886
      845.9338   1380.3022   1855.0736
     2092.6475   1489.5962    969.0476
     1879.8124   1468.6793     65.7262
      526.5713   1465.5752   1338.7871
      838.7786    967.3040    247.8537
     1083.4712   1201.3170   1239.5035
      868.7341    157.5453   1175.2045
     1941.5581   1743.4764   1839.1721
       89.6276    328.4654   2084.3201
     2180.4707    136.0666   1598.0894
     2009.1239    722.9423   1085.5183
     2140.8862   1078.3107   1128.2020
        6.6090   1601.3453    392.0784
      108.2473   1970.7955   2039.4817
     1125.1255    787.9852    922.8677
     2098.2139   1293.7080    402.4239
      916.9469   2162.4082   1556.3854
     1806.6271   2029.3765    152.4723
      423.5716    444.1840    578.7806
      297.8823    704.0736   1004.0419
      487.9998   1185.9940   2043.6056
       19.0721    508.0963   1318.1342
     1449.2528    652.5255   1235.3499
      703.4091    862.1067    685.3790
      788.8728   1563.0580    837.3499
      983.9298   1619.7975     57.7387
       41.9920   1736.0131     37.0030
     2090.9238    941.9366    397.4188
     1583.0145   1377.3795    266.8189
      828.1635    542.3839    811.0977
     1573.3511   1491.6510    557.9558
     1931.4677   1154.0109    845.8934
     1856.8694   1356.3049   1659.3224
     1733.8728   1726.6163   1579.2755
     1217.5056    929.0842   1768.5511
     2162.3777     85.3800    603.5101
       38.4343    769.0490    941.7540
     2203.6619    784.4213   2161.3132
      318.8132    799.2455   1694.8693
     1096.4594   1798.5674   1448.0437
     1010.8864   1789.7003   1738.7382
     1429.5526   1835.9314   1778.3491
     1953.4030     67.4583   2224.0498
      575.6347    317.3515    320.2161
      443.4887     55.5797   1954.8663
      408.6911   1179.3287    701.9891
     1809.7405    856.6003   1471.4547
     2048.0972    277.5348   1165.3560
      774.9377   1261.4467    717.7032
      935.7377    611.8306    568.9736
      872.3577   1911.4108    275.1347
     1536.5525    180.8079    302.0351
      449.0830   2026.7361    594.4225
     1255.0851   1096.6592    822.2795
     1920.9163   1159.7568   1260.2803
     2112.8679   1791.8859   1110.4280
      809.0038    569.8242    270.4401
     1342.6960     33.5475   1955.7108
     1497.1497      8.0361    553.0460
     1506.0656   1190.1649   1148.3970
      324.7090    606.9113   1394.7742
      426.5034   1788.8517    868.5330
     1858.6940    797.2117    761.8635
      313.3217   1487.4512   1992.1069
      130.4824    904.9449   1213.9108
      629.2092   1325.9296    139.9612
     1883.2716    900.3777   1794.6205
     1472.7556   1489.9933     49.5939
     1700.3206    133.0864    711.3429
     1064.2582    765.6013    157.1346
     1079.7927   1221.8672   1573.3519
     1300.9885   2050.7346   2205.9988
       77.6581   1958.6577    328.5248
      895.3557   2008.5072   2161.8708
     1540.4221   2178.6028   1671.6937
      311.1598    999.2078    970.5215
     1204.2179   1666.8684    885.2419
      913.5482    752.8630   2079.6899
     1430.6478    930.6710   1975.8760
     1265.0582    689.0995    394.0939
     1486.9863    943.1091   1596.7689
     1874.9128    146.6483    488.2428
     1653.5414    286.9116   1263.8276
      240.6601    929.7228   1979.0168
      794.5108   2185.9695    402.6775
     1181.0352   1702.1589    274.2997
      590.2725    756.8889   2082.3618
     1579.7806   1901.2098   1042.0854
     1207.5204   1376.4479    660.7814
     1427.1028   1432.7245   1013.1168
     1474.8165   2185.6958   1291.5935
      631.5845    803.3469   1434.0707
     2092.6318   1510.4451   1301.7262
     1709.4552   1486.7471   1897.7557
     2084.4329   1265.3845     83.9981
     1780.7587   1734.6263    710.1711
     1616.2910   1441.7108   1435.7134
     1069.4302    502.0912   1087.5540
     1948.3589     47.6089    896.3103
      290.0232   1784.6609   1747.0945
     1278.8273    287.2523    736.3352
      954.1844    915.9574   1548.6292
      142.9124   1756.5659    737.9275
     1741.1970    526.7469   1056.7954
      611.0377   1656.7740   1870.5458
     1576.8867    288.7979   1826.6149
     1649.6398   1169.0963   1420.4015
      602.3969   2059.8875   1163.9131
     1878.1206    577.2990   2105.5076
     1430.2245   1139.3939   2206.4260
      146.0559     74.5697   1081.5963
     1189.4902     45.9425   1193.6633
       69.5155   1564.3740   1660.7749
     1262.2664    195.5296   2227.2686
      173.4313    172.3818   1861.0576
      106.0319    402.2086    103.6846
     2212.5642   1176.6201    713.9851
     2119.6128    555.6531    115.4809
     2077.3562   1565.5325    647.9941
     1020.5972   1713.3427   2019.2073
     1545.9835    490.2139   1510.8601
      717.5970   1907.4438    621.1863
     1560.2655    621.7536    689.8872
     1995.2659   1876.4254     48.2360
      920.6783   1528.3617   1547.3719
      949.6064    285.6853   1827.2886
      568.6067   1466.3474    674.0120
      880.9471    199.8204   2149.0662
     1759.0745   1374.5382   1188.1046
      751.9167    416.9620   1145.1663
     1098.4368   2127.1680    639.1426
     1692.4373    899.1076   1109.6764
     1364.9556   1757.9092   1292.4434
     1486.7308     74.3480   1038.8778
     1755.0796   1549.6934    951.0421
     1431.7368    477.0804   2224.8167
     1389.8220   2158.4861    268.2625
     2006.2512    329.4940    251.7875
      507.5358   1971.7269   1655.0409
