      765.0920   2059.9709    522.5420
     1327.2524   1147.0061   1374.6896
      258.8620   1067.5074    359.9609
     1168.5734   1172.2502   1822.3116
     1044.0089   2062.4578    597.7682
      158.4879    556.0556   1206.9827
     1232.8309   1507.5355    898.2050
     1272.3009   2032.2134   1114.3385
     1490.3821    400.1804   1147.6727
     1429.5176   1982.8569   2192.9956
      891.8077   1427.0793   1484.6161
      567.5706    693.0436     60.6874
     1233.2710   1265.1727    396.3315
     1098.1901   1835.9561    859.4036
     1768.1854    698.7724   1155.0061
      186.9271   1635.7222   1990.3054
     1353.9271   1572.4434   1767.7926
     1059.3176    130.9835   1333.5229
     1895.6051   1787.7721   1880.1036
     2215.2495    388.6495   1905.6674
      823.2131   2131.0522    864.0027
      600.1269   1841.0521   1854.4891
      422.4977   1299.8691   1797.1886
     1199.9232    631.2963   2203.0110
     1383.6761    726.1578    723.0385
      300.3684   2019.8345   1419.4463
      360.0815   1623.9008    602.4790
     1468.1160   2085.6553   1770.9805
     2170.2578   1840.4238     98.2349
     2209.6289      4.2300    178.3987
      436.7820    825.6465    532.9200
      273.5091   1353.7283    670.0757
      443.1772    457.5970    463.3582
     1393.6128   1529.5663    695.8011
     1032.7222    767.5485   1569.8060
      609.9260    202.6471    416.0911
     1264.7217   2196.0625   2155.0811
      777.5695    730.2980   1694.5771
     1528.5845    138.2274    538.1436
     1493.7119   2185.1055   1992.8130
      317.4919   1483.0687   1659.9797
      678.9579    586.7645    382.8052
      383.2148    445.8999   1121.0739
        3.4928   1913.0288    644.8383
     1914.6416    224.2287   1423.5323
     1974.1155    187.7367   1803.8173
     1121.7642    406.6895   1219.1072
     1391.8552   1380.5690    165.0205
      144.4303    437.2393   1502.7349
     1565.6510   1304.5651   1921.5396
      592.5529   1027.3328    785.3168
     1064.0668   1474.9989    164.1154
      441.8398   1006.3133   1358.7631
     1589.1158   1092.7057    150.7429
      969.0091   2223.5522   1814.8292
     1849.8916    785.2984   1401.9612
     1611.9504   1389.0093    913.2043
     1497.6429     66.0795      5.9607
     1739.6689   2090.1619     44.2498
     1955.7236    506.0606   1141.7972
     2119.6750   2195.3025    548.8761
     1878.6714    856.4473    771.8114
       34.6167    178.8181   1661.9969
      227.1900    913.2932    753.6930
     2173.0208    418.7034    513.1019
     1614.2620    997.6635   1476.7321
     1424.7054    875.0736    195.5872
     1167.6633   1849.7102    361.2676
     1073.4540    197.0544    773.3752
     1076.0403    720.3625   1323.3088
     1326.5511   1206.1101    783.4350
     1909.8984   2111.2373   1948.9984
     1578.9567   1238.3278   1310.8793
      564.5922   1564.4708   2153.7258
     1269.8202    316.1368    847.0817
      406.1970     45.3840   1622.8511
      526.4152   1075.3398    344.1654
       85.8859     19.3712   1074.0913
      541.4360    459.4379   1995.5382
     1679.0028   1636.8071    855.7305
     1998.6981   1507.9036    880.8235
      980.6003   1313.7297   1035.3120
      453.9337   2171.1614    990.6970
     1446.7639    580.1024    183.1250
     1690.2750   1287.4871   1655.3335
      701.4981   2024.5449   1353.0563
      144.3932    852.5066     46.5141
      796.6494   1846.6000   1516.5345
      934.6765   1139.1172   1597.5887
     1114.6737    189.3907    114.4360
      284.9138   1709.4856   1387.6497
     2068.9131     85.6880   1223.5240
      362.0254   1387.5732   1141.2572
     1350.6323   1469.3909   2059.8162
     1898.0135    117.3683    158.0871
      860.1356   1648.8978    673.4855
      916.7583    206.9043    477.8952
       34.2554   1410.9585   1690.6049
      179.2253     86.4870    127.9620
      729.6516   1961.1508   2202.9395
     2150.0730   1317.4282   2201.1807
     1531.9634    617.0561    897.4279
     1088.9235   1594.3304   1150.3134
     1684.3406    515.5686   2238.0308
     2156.1953   2108.7439    942.1364
       44.9849   1377.6481    479.5326
     1092.0485    575.6447   1805.0862
     1482.2142   2054.6636    923.3681
      718.7166    179.8664   1880.6904
       31.7269   1089.0909    737.8592
     1627.1758   1551.2229   1676.3539
     1288.7764    124.8350   1570.9943
      328.9117   1752.0204    953.9758
     2165.2764    568.9330   2172.9556
      298.3738    358.2377    214.3299
      129.6254   1540.6129   1085.7621
     1232.9977    597.7764    409.1086
     1786.9084   2034.1281   1600.5824
     1139.5132   1963.9612   1997.4614
     2009.7584    916.0682   1619.8893
     1952.9066   1818.5839    891.3322
      374.0604   1352.4470     78.2950
       15.6135    111.5499    437.7310
      806.3825    874.3370    904.0532
     1717.7517     81.0345   1994.5123
     1551.9685   2217.6956   1500.9653
       48.1078    885.4098   1491.0240
     2192.0256     42.7780   1977.1205
     1493.5272    931.1014   1258.7571
     1562.5337    964.9114   1810.2756
      606.9910   1817.2957    629.2222
      127.3687   1164.7848   2171.0239
       68.6069    292.9635    710.9238
     2169.2686   1620.2172    637.0647
      187.3134   2233.0916   2101.0334
      818.2251   2037.7374    200.8229
      308.4023    225.1986    867.2203
      351.8494    159.9432   1868.9385
      691.5994   1427.2743   1096.4326
      352.4607    240.8521   1479.9980
     1312.2251    385.4469   1422.0303
      731.9927    422.8961    640.0319
      765.2908   1177.3730    904.7444
      447.9085   1343.2134    868.6718
      818.8328    871.1354    392.7932
     2175.0312   1319.9644    763.1848
     1063.9757    858.1512    683.8906
      191.1667    580.8881     58.6235
      707.0764   1071.2440     71.5505
     2011.7823   1961.8860   1410.8127
     1318.2009    421.5381   1658.6580
     1080.0601   1676.6425   1943.0034
      677.7522    259.0775   1634.9813
     1986.7040    424.8498     72.5126
      962.1100   1562.3181    932.3754
     1023.8497   1792.3668   2220.9502
      106.1407   1953.3329   1905.0620
     1097.9847   2238.2529    928.5539
      928.4309   2144.5535   2149.2542
     2115.6921   1962.0581   1761.8925
     1290.2125    849.6599   1868.8304
      165.9960    542.9185    440.0599
      380.3621   1282.6670   1400.5950
      308.9966   2261.5679    390.3178
     2146.0020    795.1533   1806.6730
     1713.4280    499.3200   1395.9303
     2121.8242    489.0515    818.9092
     1933.3787    851.0036    363.2388
      536.6120   1848.8951    196.5076
     1235.7390    327.6736    471.8265
      407.0096   1075.4579     62.8013
     1493.3566   1229.5853    571.2489
     1850.7780    336.4676    698.4736
     1870.8246   1130.5963   1436.1757
     1088.5258    801.6804    274.4168
      839.0941    867.5166   1235.2795
     2128.8247    634.8591    233.7696
      773.2248    590.6021   1178.2842
       23.4051   1348.8707   1315.2778
      436.7841   2110.0576   1938.5680
     1426.8527   1426.6337   1201.8123
      637.0413   2138.8264   1695.5460
      467.7018   1586.8777   1826.9531
     1037.0543   1012.2422   1377.4637
     2155.6758    411.5926   1290.7406
      780.6417   1656.6083     41.4117
     1792.5052   1278.8044   1126.6439
      994.5970   1333.9382    697.3530
      812.9020   1095.6926    577.0053
      450.1069   1054.6500   2016.4844
      366.5536   1932.0482    471.7357
     1185.9761   1638.4305   1477.4365
      670.9966   2196.3782   2026.5028
      625.1507   1362.6903   1329.6085
      385.6414   1399.5090    393.2307
      681.2604   1290.2864   1993.5287
     1807.1005   1344.1825   2065.5835
     1340.3175    921.1797   1038.4645
     2254.2710    950.9609   2078.2361
     1595.1498    244.4454   1554.1687
     1151.5945   1020.5320   2089.5149
      186.2756    919.0058   1882.0332
      180.6102   2108.2622    895.4441
      329.9645   1636.1704    210.1150
      402.2327    704.8107   1898.2399
     1350.4448   1752.5891    913.7644
      966.2628   1400.8386    364.9622
     1586.6421   1861.7749   1017.3958
     1815.7341   2090.6516   1016.3557
      261.3424    786.0259   1351.5287
     2180.2214   1127.2854   1768.9225
     1791.8141   1870.4917   2167.8721
     1770.8796   1270.8556     72.0143
     1065.2155   1897.5347   1676.5217
     1962.3801   1823.2133   1177.6014
     1042.4419   1049.2521    899.9651
     1799.9662    594.1813    836.0706
      518.7744   1104.3079   1642.4971
     1838.8352    393.7720    286.6136
      367.7784    541.6094   1399.7064
      237.4689   1924.5970   1173.9874
      786.6498    400.6599    221.3767
     1078.7351   1330.7827   1305.5370
      441.8246    468.2060   1692.3192
      284.3780    746.4128   1032.6481
      695.3867   1360.5237    108.3964
     1958.7083    510.5244   1751.0735
     1989.5890   1560.4073   2225.2981
      727.3770    120.7662   1048.0536
     1462.4562    234.4809   1819.9442
      514.9440   1945.6023   1583.0079
     1738.4586    226.8759   2260.0845
      207.5082    407.1860   1841.0184
        3.9819    702.7125    653.5917
     2067.5386   1503.5032   1213.5402
     1429.0464     78.6087    925.0227
     2184.4917   1666.6191   1796.8165
      405.7576    908.9994   1702.0750
      716.3412    491.8220   1489.4028
      962.5540   2187.8555   1147.2019
     1185.6644    267.3227   1894.0763
     1929.9730   2047.7554    280.3876
     1082.3049   1628.1198    569.6534
      762.7839    504.7363   1823.2389
      166.8763   1126.4716   1256.0322
      106.0487    286.5240   2098.0046
     1556.1239   1931.8380   1395.7931
      178.5175    671.7085   1660.6493
     1729.6281   1439.2224    638.9504
     1953.5723   1494.6909   1792.0536
      790.9426   1651.7858   1274.5809
     1014.3050    747.3492   1059.3397
     1822.4784   2112.9033   1316.6818
     1716.0631    373.8944   1854.5865
     1734.4679   2144.4880    518.2423
     1543.5918   1107.0212    972.9783
      639.3597   1401.4169   1592.1233
      980.5198    566.7224    476.0263
     1000.0743    218.9889   1668.8419
      777.4423   1032.9056   1813.3562
      798.3768    217.9912   2137.6575
     1428.6027    743.3495   1572.0374
      503.0785    188.2032   2158.9150
     2245.4956   2055.6636   1311.4603
     1665.9712   1926.0098    347.9552
     2018.9226    550.1130   1486.4363
     1290.4318   1649.8136     91.9540
      797.2803      2.7237   1448.7101
      155.7648   1149.7888   1624.3834
      456.1921    616.0739    701.1656
     1352.2153    960.5444    511.9281
     2225.6138    310.1611    162.8676
      298.9917    213.1086    597.7299
     2096.0146    847.6993    570.6530
      884.6641    568.1111   2056.4263
     1877.7546   1064.5115   1838.1428
      757.5512     42.2561     82.5958
     2069.4856    127.1870   2193.7000
       74.7203   1570.1639   1458.0792
     1296.2251   1765.7582   1207.9611
       50.8016    874.1403    322.6663
      731.1373   1010.3417   1488.9224
      859.9609    657.6510    140.2281
      200.6706    537.1341    821.1086
     1563.4257   1832.1823    704.8285
     1018.5738   2254.2034    287.3458
     1705.3857     83.1516    297.1853
      127.7478   1292.6825    213.1030
      415.0822   1132.7667    569.2110
      993.9927    872.0839   1992.8600
     1306.2097   2158.8545   1397.0618
     1857.0918   1004.1876   1138.2183
     1910.2776    391.0656   2040.3574
     1304.8014   1012.1692   1617.5558
     2250.4058   1055.9274    174.1387
     2153.4121   1095.9705   1318.8717
      502.6942   2208.8625    582.9210
      524.7747    453.2881     29.1312
      521.6727    128.2383    186.6582
     1080.6910   1051.5463    509.5711
      122.7596   1590.8070    814.8819
     2088.0312   1199.5000   1050.8021
     1617.4580    860.8694    768.9912
     1030.4764    425.7613   1530.2023
      550.2477   2122.0603    331.0087
     1805.9303   1702.2256    589.5231
      794.9558   1203.5392   1274.4086
     1879.5640    567.3744    501.0841
      578.4036   1623.4766    817.7460
     1671.8193    640.5808   1967.2521
      185.4851   2182.0400    626.9808
     1232.8323   1190.5837   1108.5942
     1203.0653    147.5156   1083.2559
       27.5827   1877.7079    956.5865
     1670.4718   1824.5099   1703.0812
     1109.2139   2046.1039     95.3687
     2214.7092    882.7737    904.2629
     1377.6608   1853.8831   1590.7222
     1017.4030   1469.4869   1726.7040
      535.2682    413.9860    884.8904
      446.6007    192.8421   1144.4958
     1313.5127   1823.8074    624.6954
      462.3151   2207.3320   1272.1636
      750.5038   1648.3041   2006.8381
     1459.6439    822.1112   2185.6177
     1469.8131    112.4737   1229.7621
     1412.3540   1919.0798    226.5419
      630.5242   1921.3024   1100.5339
      282.2112   1015.3821   1001.7806
     1557.8428   1348.8029   2198.7869
      891.1044   1933.1755   1839.7991
     2092.4424   2216.6748   1703.7024
     1442.9568   1527.2499   1473.9512
     1016.4781   1171.2568     69.3508
     1109.6112    483.4735    175.8530
     1247.1873   1075.2695    177.0979
      532.1475    747.2527   1154.9580
     2013.5765    176.6694    442.4545
      786.5425   1567.3245   1775.7310
     1228.5605   1325.9406   1585.4777
      949.5850    300.2686   1029.2114
      536.6375    728.7577   1484.6912
      664.7659   1312.9242    396.5437
      875.9712   1091.7969   2137.9048
      415.6221   1930.6003    764.0186
     1710.6427   1969.8296   1938.7201
     1651.7432   1664.6460   2020.4355
     2173.0422   1563.6172    198.3221
      279.1403   1345.6859   2067.8601
     1802.4825   1526.8524   1080.8696
      140.6442   1264.8973    984.9316
      724.4257    285.8799   1298.6501
      666.6540   1374.6461    708.0176
      277.9422   1772.0503   1743.0127
     1006.0030    851.1230     26.6729
     1410.3809    662.6442   1305.2484
      655.6111    126.1685    768.7772
      405.8019   1858.8148   2146.1138
     1614.8070    542.8948   1639.9242
      936.8229   1743.5311    298.5678
     2225.0737   1380.3302   1953.9952
     1984.6016   1382.9884    523.5112
     1016.1225     82.7747   2065.9128
     1297.2733    584.0670   1049.4755
     2253.6506   1871.2562   1522.6371
     2043.8125    113.2329    853.8102
     1460.0605   1065.7356   2066.3650
     2025.2758   1676.6469   1562.2124
     1183.8765     71.8940    601.9489
     1739.1394   1440.2344   1412.7428
      979.5626   1907.2483   1199.1130
      231.2702   2055.9458    145.0846
     1689.8677     70.9663    806.6284
     2221.8125    315.5526   1006.6542
     1568.7870   1625.7113    441.4097
      129.7073    136.3142   1349.3246
      386.0798    768.7893   2152.8538
     1752.9603    972.0549   2133.3108
      798.0966   1858.0464    861.3028
     1918.9802    714.4657   2041.7422
       21.3791   2000.6539    380.6897
     2031.6757   1822.1035    435.9599
      394.8456    793.5252    213.3102
      133.2967    630.2318   2031.1030
     1705.6841   2071.7378    760.9690
     2210.3416    562.1212   1680.0698
     1956.0095   1111.4288   2134.2441
     2159.6060   1834.1775   2086.5784
      625.5696    631.2028    948.1746
     1270.1768   1531.5466    382.4142
     1351.1997   2239.7468    261.1487
      498.5489   1643.6442   1131.4869
     1830.8220   1540.1921    310.5163
     1131.6873    363.4550   2115.6377
     1393.7874   2112.6611    509.8870
      140.3643   1701.2988    353.9099
     1756.4963    250.1009   1177.6619
     1538.2296    338.1720    880.1671
     2033.2064   1423.9321   1524.3921
     1140.7189   1321.0449   2102.2812
      157.8890   2143.2195   1688.2609
     1385.3693   1774.3502   1952.8582
     2198.9297    646.3790   1044.4767
     1458.0045    353.5019   2074.4067
      528.5825   1689.2123   1413.4440
     1779.5309   1732.4822   1378.0743
      720.6885   1613.7928    406.0495
      174.4460    271.4601   1164.6101
     2067.8538    864.2675      6.4910
     1840.4670   1792.5452    170.2100
     1739.3940    787.6527   1668.8672
     1842.8824   1133.5128    865.7211
     1405.6360    552.8589   1900.5840
     1544.4106   2122.4260   1204.7919
      739.6938    724.0221    659.4095
     1555.6484    449.4543    586.4207
     1791.9324   1018.2354    511.3394
     1665.7791    719.1549    498.2558
      464.9951   2152.1738      7.5855
     2024.6560   2108.6008   2210.9644
      602.4713   1058.8455   1112.9043
      678.7846    787.2522   2025.0712
     1988.4844   2019.2667    754.4602
       31.7281   1734.1451   1241.1523
     1731.2123    767.6532    140.8463
      995.9996    534.4910    782.7447
      954.6198   1476.3811   2121.7117
     2107.2786   1139.9076    435.4494
     1394.5118    280.5399    129.8568
     2220.7434    858.0422   1184.7333
     2119.9314   2252.3669   1464.9139
     2025.3712   1272.7078    195.8908
       97.0397   1972.3210   2204.0354
     1021.3997   2068.0574   1383.2264
       86.9501   1637.3530   2239.8040
     1597.3804   1649.3087     88.1857
     1185.9954   2181.6597   1663.7839
     1703.5920   1270.9713    388.9772
     1698.1156     25.5983   1715.1471
     1946.7416    289.4480    997.3236
