      570.5393   1991.5873     75.1947
      394.0049    938.1311   1356.8749
      104.5766   1500.4586   1407.0641
     1211.6062    690.4747   1588.8090
      117.8001   1833.3632     74.5249
      374.8087    415.1203   1842.3080
     1395.6210   1139.2168   1281.7970
     2107.3572   2113.8965   1386.2866
      932.8286     81.6178    833.4086
     2108.0659   1285.2273   2109.8879
      246.4994   2259.2727   1298.9979
      225.7387    811.1514    644.0528
     1807.6016    994.2617   1228.4124
     1147.2578   2032.4495   1320.1172
     1637.6339   1212.4803    382.2991
      598.9796   1777.1219   1979.8689
     1429.1697   1509.6589   2241.8516
      169.3219    308.2072   1246.4445
     2111.8660   2230.4143    854.0392
     2137.1221   1012.1334   1802.5640
     1158.9740   2012.2101    833.7504
      176.2955   1580.3602   1858.2485
      206.5882   1161.9052   2156.3496
     1017.9805    817.2257   2169.4800
      506.6164   1275.6465     90.3498
      697.2147   2082.1509    818.7061
      348.4680   2210.1880    721.6366
     1928.5493   2011.6248   1883.9180
     1906.8773   1997.0399     60.8515
     1589.9386    599.5863     52.9734
     1204.8708   1079.3966   1464.9441
      721.7454   1393.3092    681.1393
      786.8497      7.0511    147.1436
      894.3569   1170.8491    296.9779
      489.9896    484.9574   1382.7896
     1024.2509    644.1104    466.7545
     1318.9210   1672.0599   1919.2686
      807.2342   1105.6946   1508.3292
     2091.6047    670.3481    129.8503
     1893.4557    656.4230   1743.7208
      185.6560   2110.4766   2164.5237
      957.5616    423.6575    856.0430
      698.1815    199.9991   1710.7690
       70.8902   2118.4089   1110.5464
     2133.2134    533.2141    512.8270
     2253.5798     93.0295   2021.0527
      527.2571    157.0072   1358.5270
     1578.7017    893.2900    297.1340
      140.0410    358.3103   2255.5527
     1194.7742   1053.3816   1780.2180
     1126.7341   1665.6064   1092.3906
     1748.0369   1802.2026    245.0730
      351.8807    503.5461   1004.2050
     1404.6062   1932.8877    424.5188
      587.6708   2115.3752   1798.3766
     1682.0374    718.5938   1361.0771
     1481.3207   1633.5482    967.2281
     2202.5898   1412.9568    194.4308
     1284.4731   2095.7141    122.8037
     1953.1382     44.7978   1620.0282
     1512.5955   1327.0309    896.8477
     1123.1403    370.0923   1168.5343
      562.5975    593.6453   2066.1340
        7.4314   1324.6860    522.2526
     1890.8356    888.3141    956.8488
     1764.3535   1293.4281   1523.8248
     1858.0902    493.6784    781.6691
     1141.5052   2065.8938    498.4748
       96.3927    568.1387    833.2208
     1518.2189    189.7838   1613.5673
     1305.9542    900.9424    315.2037
     2111.8118   2067.7410   2114.6013
     2241.5486   1259.1952   1727.6497
       62.6789   2199.6614   1768.3544
     1561.7974    230.7810   1307.7207
      533.2348   1356.0519   1527.9526
      989.5209   1392.2117   1232.3789
      240.0357    191.4760    979.4151
      146.1074    914.3843   1680.1520
     2100.4482   1790.0740   1585.9271
     1339.6989    989.8839      2.3184
     1305.7533    314.3938    356.7001
      847.1794   2089.2585   1053.1096
     1549.5613    123.9668    341.6926
     1974.7374    787.5312   1373.9133
      886.8786   2083.8469   1563.6560
      211.9345   1158.4673    699.8148
     1853.5104   2063.7888   1271.8842
      688.8640   1369.9843   1865.6423
      817.7245    276.4879    425.7424
      764.4860   2152.0012   2052.6726
     1956.2231    141.3927    690.3365
      716.6699    103.5006    657.1732
     1225.2512   1515.0116   1526.1160
     1897.5607     81.4176     61.3991
      591.0725   1818.4911    658.7986
      659.2484    306.2662    866.0732
      387.4319   1611.3553    705.4818
       89.8662    714.1442    393.8409
      295.7371   1692.9319   2209.8538
     2012.5498    341.4057   2132.9919
      651.0953    514.3911    323.8881
     1168.6514   1664.9656    788.0438
     1827.4000   1275.4479   2207.7512
     2165.8943   1864.4279    979.0764
      583.1799   1047.3013    599.9352
      881.7081    456.4076   1747.8718
     1876.7415   1417.5125   1030.3975
      965.7844    147.5064   2043.3154
      210.8106   1056.0890   1074.9280
      487.4689   1822.7333   1629.9296
     1176.3918   1012.8337   1071.8472
      485.5601   1304.2429    462.9208
     1880.0299    220.9470   1846.1847
     1080.3763     66.4042    200.6877
      167.4940   1893.2971   1319.9553
      298.6056    466.0575    282.4561
     1899.1859   1688.0543   2254.6523
      985.9450   1425.8638   1842.9016
     2022.5569   1647.2039    707.1818
     2064.6016   2230.6458    460.7289
      406.8840   1864.4808    964.7173
      478.9191    813.7525    396.9955
      809.6431   1123.7627   1125.4043
     1062.5146     47.1152   1146.7653
     2137.4736   1727.4062   1224.0790
      262.7422    661.9594   1841.3271
     2210.8247    569.9269   1862.4670
     2188.2976    963.6060    586.7248
     2064.6458   1197.7760   1448.2861
       95.2758   2113.0964    377.1606
      426.8334   1325.1735   2031.0310
      615.0212    787.5497   1319.5529
     1812.1088   1771.8937    533.9669
      573.8047   2165.5471   1529.0399
     1754.5566   2198.6721    473.5060
      157.7615    161.9736    690.2969
      222.0123    672.8045   1178.5620
      462.9498   1584.5521   1851.4462
      330.9338     62.8066   1660.3990
     1426.6633    496.3964   1123.5371
      391.6151    399.2372    699.1450
      318.9158    898.5561    161.6831
      739.1116   1612.1908    313.0314
      428.2252   1530.9873    231.2510
     1959.7057   1346.9771    516.8085
     1534.0530    707.2838    800.4952
      623.2576    675.7277    624.1757
     1272.7363   1281.4875    129.7967
     1729.5140   1060.8029    744.0196
     1876.0348   1367.2649   1899.9076
     1654.2021   1535.7328   1736.1902
      482.1288    696.5391   1669.9968
     2241.7722    148.3180    127.1028
       55.6743    544.2661   1574.1705
     2262.5879    840.1148   1965.6974
      340.1421   1250.1532   1745.4924
      671.2073   1899.8204   1267.7458
     1101.9899   2151.6445   1783.1151
     1393.7848   1967.0908   1918.5135
     1476.4000    425.9858   1921.2650
      567.5413    714.9603     98.0092
      382.8963    877.2662   2048.6860
      198.1222   1594.8054    440.2287
     1569.1836    772.7658   1730.7640
     1751.9014    623.8246   1054.4390
     1275.7063   1058.8507    757.1964
     1592.2904    561.0356    435.8305
      968.9100   1995.6836    180.3572
     1654.4847    170.5550    986.4385
      373.5387   1804.5724    410.7044
     1014.5991   1013.7856    570.9974
     2212.8831    768.1912    993.7865
     1807.9471   1811.5150   1049.1908
     1233.0027    620.4705     56.4489
     1229.8231     11.0734   1550.2881
     1563.3082     50.3811      2.9801
     1583.9695   1662.4763   1476.7106
        0.9217    874.7460   1413.9930
      261.9444   1657.1328   1218.3606
     2067.0044   1327.6416    813.9778
      233.1292   1926.4023   1771.6208
      653.9076    960.1321   1834.3109
     1152.2338   1346.6519    707.2396
     1801.9990    399.2678   1339.7341
     1515.3094   1904.1425     34.7310
     1952.5573   1055.3490    398.2137
      660.8488   1009.2271    106.2508
      825.5297    699.7259   1018.0455
     1189.8896   1628.3300   2167.5427
      733.7208   2060.4646    427.3463
     1050.5699   1999.6571   2094.8831
     1588.3411   2108.7795   1719.6884
      452.5448   1295.9006    906.1125
      924.7862   1780.9489    481.7184
      820.4487   1055.7744   2125.4468
     1861.9156    650.9229   2088.2505
     1683.2936    292.0551    597.2851
     1765.3701   1063.6965   1736.9603
     2150.8198    189.2576   1298.7155
     1495.3888    914.0328   1505.7534
      125.6276    671.6998   2206.2532
      440.1206   2226.3696    356.3246
     1112.7701   1561.6942    277.5556
      918.8929   1369.9873   2257.5710
     1538.7946   1807.4117   1271.4148
      897.0152   1611.9459    763.6661
     1366.9723   1337.6405    474.5804
     1495.3263   2034.7212   1282.9667
      942.7817    770.3295   1482.8417
     2192.2449   1326.0027   1086.5399
     2030.4097   1624.8462   1937.0641
     1763.5748   1467.8268    255.7323
     1620.2617   1447.5101    687.5396
     1685.1100   1730.5680   2061.3167
     1100.6543    693.9088   1273.4730
     2192.0134    477.9321   1214.4752
      695.3445   1361.2075   1318.4463
     1242.1379    514.4073    643.6011
     1012.5234    808.9937   1818.4635
       14.7787   1937.4741    637.1317
     1309.2076     50.2069    614.1724
      967.6854   1669.4976   1341.7400
     1694.8934     82.2298   2012.4152
     1351.9423    754.2499   2050.8506
      129.5160   1722.0905    889.1938
     1668.7070    892.9545   2163.1914
     1377.5493   1233.2861   2108.7522
      526.3783     64.3022   1037.0461
      708.2261    410.5687   1203.3090
      188.8171   1131.2976   1433.5361
     1310.3776     47.2968   2065.2144
      275.5112    156.1154   1943.4879
      110.1433    199.0222    407.7675
     1632.9039   1388.5724   1247.1216
     1881.7356    450.3316    151.7836
     1987.8635   1484.1641   1340.2450
      873.3617   1726.8484   2194.7593
     1140.8624    511.7358   1932.6562
      794.0058   1843.6106    880.7179
     1267.2170    276.5013    870.3915
     2040.9847   1752.6882    257.3720
     1311.0956   1789.9835   1623.3442
      680.0945    325.8577   2148.8132
      581.0161    966.0612    904.7316
      543.5510     96.8532   2187.1501
     1762.4287   1903.8781   1677.0193
       21.0620    264.1497   1672.9958
     1481.6273   1936.4370    897.5325
     1580.8940    935.6121   1003.5130
     1405.7999   1306.6725   1791.6848
     1004.7649    247.5925   1424.4988
     1798.9547   2102.7078    830.8584
     1467.2465    539.0827   1580.5614
     1757.7214   2202.1614    204.5234
     2111.0122    351.2816    842.2938
      822.2178   1744.6752   1668.4681
