      994.9000   2114.1990     14.9547
      970.1042   1506.7288   1375.5652
      762.2065   1699.3395    185.0187
     1337.3816   1212.6140   1640.5681
      592.4944   1646.0374    579.1675
      720.4394    636.7571    864.2864
     1975.7631   1509.5767   1048.4097
     1247.6104   2026.5497   1051.2307
     1188.2111    335.6622    608.7496
     1655.2749   2206.8389   2226.4587
      457.8486   1560.8783   1326.5360
      882.9949     91.9193    113.7630
     1561.4536   1894.0331    476.0757
      778.0461   2208.0913    584.4062
     1279.3914    783.7634   1241.1627
        6.8044   1208.9954   1992.9327
     1294.2094   1849.1646    503.3438
     1405.3927    363.5591   1335.7191
     2044.1227   1768.2573   2090.6106
     1953.1249    356.3716   2166.2468
      807.3339   1570.3417    968.3312
      651.4269   1776.3467   1827.8903
       38.8390    828.5324   2008.3613
      730.9901   1240.1577   1978.6354
     1001.3913    629.8665    803.8541
      256.7306   2031.7625   1561.5409
      297.5329   1490.2404    752.8990
     1556.4232   2131.0334   1683.1448
     2069.4895   2134.1426    108.6608
     1916.6895    124.8616    253.2749
      557.4304    691.9363    441.1824
       40.2869   1188.0031    456.9662
      558.1194     64.8990    459.2234
     1664.0249   1393.1550    819.0578
     1464.8560    750.9603   1529.6210
      686.1837    108.3661    751.5000
     1028.5659   1906.8185   2142.6028
     1315.7623    462.8377   1650.5632
     1986.5392    130.2579    508.9622
     1756.5486   2252.8538   1965.8491
      224.8442   1374.0919   1511.4176
      437.3980    318.8684    438.5021
      539.9097    327.7480    697.3820
      583.2478   1891.2667    743.8012
     2010.8289    115.8537   1143.9503
     1488.2480    269.7903   1654.5231
     1084.6378    226.2988   1101.8853
     1192.3523   1357.5854    529.4125
        0.0937    698.7357   1551.8120
      838.3375   1142.3073   2219.5583
      685.1260    810.7155   1058.1713
      733.7808   1283.1886    171.3466
      457.2646   1263.5817   1645.8782
     1654.5784    756.4661    168.6678
      901.9936   2090.1277   1758.8925
     1644.4481    925.5371   1379.5015
     1785.0630   1168.5155    689.1154
     1205.0614    362.8252     38.5002
     1481.3479   1970.3252    726.5955
     1677.9875    770.2646   1615.7667
     2197.5054   2261.3406    333.1020
     2249.5261    681.8733    858.1512
       46.2570    168.5220   1892.3322
       13.0562    431.8814    913.3681
     2069.4656    700.5081    315.8284
      894.3718   1385.7028   1600.8414
     1203.3032    988.4359    287.5979
     1391.1102   1380.5493     89.5052
     1060.2626    540.2460    522.5347
     1255.7506    913.2425   1589.6449
      702.9302   1412.3971    619.5681
     1911.1639   1905.1206   1942.7855
     1286.8141    942.5936   1070.2825
      244.7314   1340.7452   1986.6583
     1662.1168    284.9137   1457.6414
      305.5227    111.3098   1870.9894
      757.2535   1874.1675      3.9120
      462.2315    127.1026    867.9598
      871.4628    499.8115   2021.9932
     1538.0760   1732.8977    716.8265
     2212.4832   1338.5247    660.8566
      460.5959    973.3072   1167.4940
      766.9949   1854.9994    469.3607
     1725.3903    757.3967    416.6419
     1306.1046   1650.1434   1664.9340
      879.2982   2223.8999   1521.0604
      277.4435    757.2039    165.9971
     1241.1396   1573.3348   1352.4506
      627.4373   1691.6617   1516.2327
      969.6318    529.8782     49.8005
      223.1966   1049.8309   2036.4569
     2176.0959     59.3502   1723.3374
      297.0424   1526.7500   1001.9536
     1366.3972   1540.8818   2103.2986
     1786.4990    276.9417     91.3212
      830.9348   2103.3103    355.6566
     1361.1582    523.2639    236.1029
       75.0826   1043.4678   1826.9596
      250.9148     45.2947    368.3289
      141.5627   1660.1343   1797.3354
     1874.6119   1400.2621   2173.0637
     1999.7843    780.5370   1163.9622
      849.8984   1694.3707    645.5236
     1718.5603    752.0821   2134.3496
     1829.3285   2250.8342   1364.4109
       78.5443   1535.1434    832.8756
     1554.8885    564.3600   1758.4824
     1789.8040   1791.0225    664.8730
      169.4704    509.7817   1686.8665
      267.1075   1052.8960    970.0388
     1455.4362   1419.7469   1886.0964
     1632.5951     76.4771   1322.7793
        6.2620   1495.3228   1445.2352
     2160.5710    591.5568   2041.1873
      153.8690    285.2393    452.9837
      115.2815   1690.2987   1196.9344
     1252.4694    670.9281    690.1804
     2009.0847   1748.1909   1425.4388
     1351.1116   2107.2671   1901.0249
     2023.9109    705.5376   1617.6748
     1851.7421   2033.8037   1001.7512
      261.3972   1402.0319    400.2166
      339.0282    129.1665    608.4850
      838.6528    767.1802   1485.5347
     1895.4468     38.7200   1753.0958
     1595.3003   1852.1649   1328.9994
      226.1182    574.7867   1106.0725
     2033.7529     68.5496   1952.8256
     1418.7281   1325.4729    899.7456
     1907.9978    902.2262   1739.3552
      850.1098   2186.7615    819.1075
      135.5388    809.4933   1751.2897
      196.9796     97.1080    947.3062
     1881.1854   1524.2542    645.8325
      141.3074   1871.3002   1967.8976
     1352.9995   2030.1572    296.3817
      139.6143    302.9217   1080.9393
      180.0041    217.8537   1634.8265
      207.7411   1262.2772    874.7513
      423.4522    171.9905   1457.3251
     1341.2048     94.0659   1223.4957
      547.5519    826.1349    157.1546
      452.0687   1371.7869    595.2311
      533.0712   1122.6693    994.5017
      737.9618   1515.3926    344.8251
     2163.6443   1621.0187   1279.6554
      766.5474    748.9278    642.7571
      124.5992    158.7634    213.3770
      748.8149    942.6161     56.4089
     1902.9675   1547.2373   1569.4181
     1228.1429    703.7098   1745.7058
     1094.4282   1581.3732   1153.7534
      365.0393    123.5267   1146.4324
     2115.3196    168.2476    101.9169
      583.0912   2052.3701   1170.9124
      698.2856   1589.0446   2146.1428
      137.1348   1241.4232   1707.2729
     1039.4313   1985.3569    882.8804
      873.6335   1858.0084   1959.2903
     2166.5774   1768.0262   1823.8610
     1037.9946    897.1841   1804.1764
      593.2674    567.2779    663.1271
       40.1243   1459.2784   1676.3258
      393.2648   2173.9299    255.1290
     1916.2698    579.1162   2092.6746
     1764.4619    560.8957   1436.4009
     2000.5259    675.2218    761.6465
     1777.6874   1467.0685    145.9901
      364.9934   2116.7219    513.9032
     1347.8268    219.2941    252.2209
      410.1455   1072.2148    114.8081
     1858.7448    605.1443    276.7907
     1875.9127    343.5723    633.2234
     1765.1337   1036.8435   1574.3179
     1470.4589    934.8109    237.0755
      338.0380   1299.5175   1083.4570
     2183.0369    288.4763    338.1510
      983.5186    459.5340   1008.4646
      292.6264   1100.2980   1244.4404
      245.0828   1864.1737   1728.7048
     1247.1790   1581.1051    902.8698
      416.0212   1858.5774   1479.4464
      268.4766   1816.1112   2176.7153
     1022.2495    991.6465   1508.9490
     2210.8701    195.1708   1500.3607
      757.0195   2152.6833     74.8509
     2131.7122   1398.4089   1219.2332
     1096.2048   1096.6497    750.4000
      674.3698    458.7338    430.8572
      524.7176   1049.5237   2002.1956
      167.4389   2099.7637    337.4191
     1181.2235   2241.8655   1073.9551
      765.4032   2055.3130   2108.8799
       17.4781   1132.9617   1496.1577
      915.6815   1304.1450    359.9719
      744.7919    976.6449   1911.5039
     1340.5449   1310.3351   2113.6628
      996.6382    390.2548    756.4191
     1979.1300   1078.2229   2189.1853
      965.8812    667.6076   1727.6152
     1529.4490    636.3257   2035.1016
      518.2087   1079.1829   1414.0734
       64.7459   2079.0378   1367.6188
      203.6169   1799.8545    207.7189
      400.1936    671.0708   1711.2369
     1174.5847   1811.0100   1569.1180
      909.6776   1254.8427    618.2894
     1798.3346   1218.5312   1411.2299
     1309.6355   1717.3326   1111.9102
      527.2441    612.1726   1397.6855
     2134.2673    904.1726   1412.6444
     2009.8356   1507.1611   1941.2294
     1691.4912   1030.4487    263.8867
      627.2518   1419.8043   1506.8751
     2069.0317   1892.4515   1134.4377
     1354.7355    749.4701    907.1021
     1924.3602    848.2719    586.6793
      438.4533   1309.6028   1375.9640
     2064.9592    629.4016     64.3577
      400.7811    458.3219   1553.9716
      184.0240   1649.8901   1560.9124
      645.8545    163.0537     43.4563
      708.5823   1178.0879   1552.1011
      123.7760    398.2700   1487.6091
      428.3847    743.4448    967.9816
      661.3798   1057.2823    253.2698
     1719.6089    763.8145   1873.3698
     1944.6726   1613.0924   2262.5500
      821.2003    512.5455    636.1221
     1002.6172     70.2435   1712.0378
      460.1115   1943.2990   1686.6422
     1598.1409    191.7282   2138.3992
      604.2021    894.9440   1540.8521
      146.4792    708.4921    655.9161
     2258.2720    725.3163   1128.5732
     2074.2578    277.6038   1328.4053
     1686.2424   1546.8811   1754.9014
      592.3059   1095.4125   2249.2615
      284.8755    661.7300   1515.8021
      809.0191   1921.1066   1310.2366
     1379.0835    343.0971   2106.8228
     1994.0868   2139.6475    378.2868
      986.4088   1535.1240    234.1557
      889.0127   1154.4536   1729.7961
       22.2299    986.3275    987.4756
       98.3054    513.9271   2113.4944
     1965.1332   2122.2456   1191.5371
      232.3013    747.2614   2134.6794
     1835.3923   1065.5443    480.1380
     1638.1481   1243.5508   1751.6566
      579.7481   1804.9404   1281.5760
      954.1756   1161.5789   1167.3356
     1854.9343   1885.0013   1292.8667
     1552.2809    337.5512   1888.7396
     1804.2977   1733.7148    445.1203
      964.0699   1512.8304    480.7947
      807.4366    922.0398   1708.9574
     1164.3259    105.6272    439.4955
     1217.8356    261.1053   1841.5460
      856.7173    489.7261   1514.7032
      677.0007     15.5806   2107.3552
     1403.7521    965.7235   1356.4691
      404.3247    309.9537   2242.0891
     2065.8796   1990.7812   1411.5898
     1677.0349   2088.4988    605.2559
     2184.6021    467.1033   1630.1981
     1438.2151   1667.2709    425.2088
      823.5951     50.7678   1885.3406
      680.5603   1083.3607   1204.2235
      478.3086    497.9647    869.6706
     1082.9521   1778.1769    651.2155
     2176.2932    525.5059    413.6116
      299.8828    305.7143    798.5817
     1899.7747   1362.3418    843.6540
      637.9383    399.4876   1590.6436
     2230.2766   1010.4153   2152.1440
      948.4512    327.2511    462.9128
     2176.2869     99.3199   2139.8789
      262.4065   1608.1226   1988.6736
     1282.9856   1890.8430   1288.0535
       66.7315    900.4111    515.0295
      665.1236    634.8954   1617.9786
     1242.6085    745.1137    162.7960
      514.7037    582.8353   1105.3853
     1397.4797   1881.0488     50.0953
     1304.8900   2259.0569    246.8831
     2015.8674    420.3102    176.6685
      300.9573   1646.7388    470.7019
      893.5564    849.9228    869.0441
      348.3561    850.5838   1894.0266
     1208.4675   1735.1647   2205.4304
     1342.5593   1148.2872    559.3438
     1653.1182    417.9027   2117.6052
     1426.4279   1480.6221   1638.1624
     1787.6670   1222.4176     57.3791
     1806.5065    937.7147   1041.6262
       34.0319   2261.3999     68.1463
      196.9798    563.4474     53.0945
      899.3786     92.7069    386.7967
     1425.8685    873.7948    460.7637
      331.7680   1965.9005   1226.7202
     1511.5078   1543.0483    893.7319
     1658.2125    940.9656    610.3097
      702.0605    425.9976   1114.4514
      601.4788   2025.5409    530.1408
     2174.9504   1667.0111   1027.4697
      802.6116   1591.2614   1674.7816
     1492.4358    670.8505    323.1361
      913.0761   1931.1172    213.1481
     1788.5414    478.2931   1894.3367
        1.2357   1845.4917   1563.8499
      880.4742    883.7606   1217.4965
     1044.1409     21.1531   1289.4763
      274.1979   2212.3787    764.4414
     2246.8606   1848.3953   1317.6305
     1182.4854   2012.5312    108.3576
     2131.2703   1333.4720    904.1555
     1509.2042   2106.5107   1411.1896
     1246.8004   1437.4856   1787.3142
      766.6122    610.6348   1291.3206
      253.7247    547.7482    843.4299
     1314.8132   1600.7924    660.8425
      367.6069   2238.3555   1609.4412
     1162.5818   2257.1687   1916.9365
     1386.5984    114.0127   1951.4956
     1522.9218    487.8501   1534.5188
     1034.4923   2175.6938    502.4336
      519.1934   1437.7025    902.0733
       59.7928   1221.1085   1063.7948
     1139.1440   1463.0851   2249.7236
     1160.0134   2249.6438   1524.7816
     2046.0504   1907.1652   1697.2509
     1334.6055   2025.2511   1522.3784
     1233.2632   1176.6913     56.2907
     1078.9641    507.6725    268.7124
     1150.7242    771.6577    383.1372
      493.1750    357.8680   1304.8536
     1901.4214    355.4225    386.9552
     1074.6385   1871.9414   1071.8469
     1648.6469   1377.6794   1551.0295
     1239.6968    497.1765    900.7983
      345.2311    880.9146   1418.1726
      738.9386   1324.2546   1011.4882
      687.0894   1308.0150   1760.6696
      274.7818   2047.4025    102.0929
     1431.1105   1789.6941   1491.4316
     1686.5616   1829.8866   1956.2040
     2018.5338   1569.6458    261.0615
       42.2037   1850.6066   2250.1113
     1549.9666   1306.3961   1083.4396
       65.5845   1004.6340   1274.1411
      622.1000    229.5143   1045.5483
     1096.3943   1129.3988    492.5829
      408.6245   1696.7500   1738.0887
     1720.8192    994.4737      4.4549
     1195.3151    460.7588   1190.0083
     1069.1101    229.6272    211.3477
       44.3239   2011.6760   1767.9639
     1676.9180   1016.1748   1787.8414
     1215.9498   1796.8551    211.8661
     2179.3955    910.2512   1680.5394
     1851.5558    970.1453    808.1018
     1176.9697    213.8844   2123.6169
     1396.2443    551.0956   1104.8241
     2260.6057   1455.4297   1903.8629
     2123.4319    332.6219    577.1308
     1178.1594   1459.7528   2013.9128
     2042.0317   1432.2251   1751.4122
     1683.7994    217.6717    329.6626
     2126.3044   1320.2177   1500.8134
      781.6399   2201.6360   1282.8544
      499.6471   1337.4941    122.1961
     1775.3783    469.3287    801.5507
     2190.0376    136.8962    997.3047
     1984.8126   1921.3513    262.3951
        0.3263    448.0011   1263.8473
      488.6977    268.5873   1987.6870
     1784.3115   1169.5909   2042.8717
      819.6551   1961.5887   1059.7908
     2033.4779    526.9545   1814.1743
      171.7837   1618.2418     55.8441
     2195.2046   1989.8748    444.3028
      673.9810    628.7179    207.9465
      218.8870    623.2510   1921.7915
     1331.2333   2118.2759    515.7893
     2072.5405    815.8249   2130.6790
     1851.7814    930.2898   2062.4604
     2118.8862   1428.0422   2176.5881
      867.7297    652.5794   1050.2949
     1414.3568   1424.6973    382.7179
     1781.8597   2203.6582    413.1173
      547.9797   1345.8956   1172.6233
     1680.1233   1657.2876      0.8654
     1030.9601    688.7384   1955.9351
     1951.4756   1974.2314    552.8564
      446.3052   1684.9786    811.8807
     2044.0377    270.6866   1708.3567
     1833.6095    699.5887    936.9740
     2153.3315   1214.9093   1734.2860
     1108.8793    940.1129   2055.9373
      168.3571   2230.6038   1735.7307
     1343.9813   1913.1814   1754.0400
     2092.3137    581.1572   1022.7938
      954.6898    265.8514   2238.5916
      289.8464   1430.3389   1765.9072
     2090.0925   1174.3322   1300.6162
      652.3418   1973.9929    238.4506
      114.2127    901.0223   1516.3456
     1965.7661    588.9364    500.9340
     2204.6272   1594.5963     50.2479
     1593.1699    981.1637   2037.1702
     1871.8362   1239.1776   1169.2802
     1333.2256    601.2726   2194.2202
     1515.1703   2261.3650    705.8644
      286.6240   1401.3842    120.8876
     1618.3333    315.7387    613.0475
     2253.8374   1146.2527    805.8615
     1722.6482    495.6674    500.7026
        8.8901   2008.4539    162.4592
     1840.2341   2078.2346   2117.1270
     1084.0623   1431.1636    973.9740
      646.4779    800.4470   2093.5264
     2259.0950   2240.6108    820.9968
       76.1658   1278.3618   1301.9011
     1648.3030    464.2686    265.5815
     1000.8715    666.0709   1301.1948
        3.9357   1659.9230   2075.1531
     2166.2571   1184.9148     59.8951
     1392.9053    101.8219      2.6934
     2080.4307   1033.9287   1114.8101
     2210.5684   2125.4087   1566.2327
     1649.7389   1586.9858    550.5165
       60.9903   2087.6904   2168.8770
     1037.0040   1998.8513   1500.3538
      405.0290   1229.6488   2175.0037
     1403.4071   1619.7986     76.1486
      787.1484   1945.4161   1570.1833
     1430.2535   1383.2136    649.5504
     1759.0865    266.4451   1707.9847
     1412.5985    467.9591    694.1592
     1299.5817    573.3923    494.7191
     1519.6987   1789.9789    938.7783
      312.9618     35.7840     60.5230
     1900.7986    797.4564     67.7533
     1744.9314     38.2713   1087.4594
      101.8666   1436.1318   2159.8489
     1204.4650   2105.9709   2115.4304
     2256.2722   1693.1808    566.0769
      698.9506   1194.5808    782.5875
     1748.2692    697.2488   1208.7609
      385.2162   2166.5542   1375.8932
      508.8759   1895.4220     62.9967
     1977.0350   2023.4843    786.9278
     1796.2478   2071.9651   1758.2589
     1541.3367   1608.6035   1131.3452
     1958.3951   1328.1224    537.4650
      374.8090   1747.1444   1158.4611
      648.5547    500.8243   2007.5972
      387.9690   1670.4863    230.4156
     1030.7765   2038.2166   1230.8224
     1688.3027     36.8564   1583.7198
     1287.2101    572.2891   1389.2007
      679.0683    260.9355   1840.7476
     1488.3892    362.8781     79.9667
      158.7131    971.2584     42.3304
      852.0194    170.6096   1195.0560
     1562.0668   2118.6279    929.4130
      208.6596    842.3724   1149.8280
      795.0296   1011.8881   1410.3600
     2139.8289   2148.3621    633.0823
     1927.6285   1697.6031   1784.8461
      273.0098   1125.6611   1529.2615
      788.2478    664.9897   2239.1074
      887.1234   1714.4047   1478.6958
      539.0760    396.8122    174.8621
      359.9420    373.1407   1072.8223
     1848.5461    798.3380   1425.2672
     1502.9160   1736.2072   2120.6794
     1344.6218   1456.5437   1108.9376
     1588.5632   1287.9224    228.4348
      795.8258    497.2683   1773.9401
      777.0825    275.4634    580.0432
     2031.3311    412.6472    858.1391
        3.4358    131.5345   1234.5126
      857.4456   1715.4025   1150.1560
     1932.8038   1654.5333   1212.1885
      205.6373   1477.9253   1287.9146
     1795.6289    554.4084     36.3660
      108.4963   1465.8995    568.4360
     2147.4937    875.3605    718.3068
     1501.3953   1002.9882   1627.7053
      198.9919    261.9035   1314.0629
      749.9359    355.8749    849.9357
     1351.6241     20.5150   1720.2626
     1515.2844    666.6628   1314.4801
      581.0059    894.6095    594.3871
     1569.3489    600.8929    766.7750
      829.0712   1849.7351    837.0469
     1788.1635    434.2143   1031.0209
     1611.8882    198.2578    867.6646
     2028.1571   2098.9980   1832.4127
      514.8524   2066.2063   2058.8406
      731.2126    294.0928   1377.0731
      150.8597    992.3571    766.0398
     1205.2712   1206.2786   1899.6815
     2098.0933   1540.2352    504.7601
       15.7294   1379.0284    146.3944
      982.8600    950.0977    379.7857
      934.5398   1989.9952    606.3193
     1602.1853     99.5906   1821.0780
     1957.1862    422.6068   1498.5356
       76.2382   1575.1710    322.1158
     1652.3129   1678.9105   1537.4858
      349.8451    934.1492   1661.3718
     1239.7815   2122.9004   1295.1306
     1526.9282   2210.2158    379.1501
     2031.6462   1781.6090    458.7437
     1823.1923   1739.0822    204.3148
      308.5356    361.6928   1848.6075
     1805.0825   1831.8654   2168.4321
     1884.4994    202.4313    922.0098
     2037.4476   1264.1617   2000.4169
     1047.0208    988.4971     67.2071
      524.1426     13.0041   1853.4362
      344.7820    483.2703    597.9531
      808.0538   1492.3956     62.7008
     2179.0903   1755.7667    225.8263
     1159.3839   1365.8801   1552.1613
     1157.7213   2087.1067   1729.0375
     1051.5372   1770.9840   1321.4756
      298.3561    747.3738    416.9886
     1260.6586    986.0909   1852.9346
     1790.0757   1978.1287    105.1163
      241.2100    996.1404    308.1266
      961.0066     38.9802   2100.3386
     2208.7805    104.0712    540.3488
      955.2322   1655.7522   2108.2637
     1718.2480   2079.7908   1220.8118
     1786.2750   1637.3682    902.9462
     1383.3176   1180.6853    292.6646
      381.9329    506.2655   2096.1714
      178.3555    803.0291    899.2328
      642.4573   1293.4272    424.0667
     1088.9067   1537.9727    701.4835
      647.5568   2152.9807   1671.2090
      482.3747   1314.0465   1925.1710
     1299.1758    958.3670     52.8445
     1542.8943   1136.0187    735.8569
     1797.6885    569.5119   1675.9343
     1528.0386   1046.8743   1011.0286
     1015.2302   1592.3435   1880.4493
     1019.0967   1698.7075    903.2821
      157.4887   1845.1705    457.7495
     1051.6139   2198.6631    256.7533
      400.4148    728.7866    690.0028
     1197.7147   1652.5126    444.2126
     1747.2316   2229.1509    836.3101
      998.1946   1736.4561     82.5499
      173.9372   1743.8600    955.4138
      925.5821   1112.8505    206.1330
      179.8889     66.6784   2100.2297
      630.0275   1350.0750   2172.2041
      281.0876    503.6746   1321.3674
     1119.0150   1127.0573   1664.8390
      437.0738   1826.6548    523.3179
      845.5293    385.1136    200.8700
     1598.6310   2045.1129   1927.5503
     1717.0175   1930.0122    825.7250
     2099.4995     11.8723   1371.7542
     1948.2136   1775.9868    941.1040
      406.2788    568.2023    294.1576
      557.3896     54.6780   1240.8962
     2154.1816    900.1588    126.3843
     1614.7548   1392.8536   2224.3591
      144.0411    718.8367   1337.8417
     1011.0757    785.1935    600.6701
      388.2024   2168.4666   1041.3442
     1918.1237   1428.4100   1339.9250
     1945.2749   2141.1748   1587.0927
     1562.7378    839.3916   1131.9713
       25.6330   1065.5421    228.3553
     1941.6432    491.7643   1254.3087
     1425.7815    175.1395    513.9680
       32.8373    756.8121   2241.4541
      675.9464   2253.9551   1022.7037
     1819.1479   1266.2626    324.4215
      487.7577    666.9552   1952.5867
       45.1458    528.6601    204.3199
      131.1618   2236.4263    564.8708
      885.2382    626.8409    384.6100
     1356.8488   1933.4938   2066.5806
      287.6615   2093.4465   2129.2058
     1340.3210    519.2883   1901.2537
       72.8325    438.2143    648.0774
     1735.2341   1183.5713    950.4446
     1212.7241   1292.0048    758.9769
     1384.8169   1178.9132   1191.8044
     1820.3358    281.0585   1239.7058
     1446.9148   1140.7037   1865.8009
      541.1794   1131.5282    581.3292
     1547.5452    579.2592     46.5685
     1829.6077   2209.7903    132.7708
     1088.7305    505.0249   1527.7869
        0.6182    419.4087   1879.5508
      235.1144   1765.9900   1377.1710
      508.5079   1595.9764   1933.3474
     1964.1877   1057.6686    166.9166
      888.1002    868.0239   2086.2776
      400.7911    751.9380   1231.8374
      588.3594   1569.2003    106.8285
      337.7000   2097.1968   1856.1084
     1113.5428    976.0914   1280.9177
     1487.4706   1570.3319   1392.6273
     1635.5660   1360.2301   1301.4814
      466.2540    213.1273   1680.7277
      616.5277    893.5691    843.0784
     1975.3351    762.7551   1921.0054
     1754.6445    700.0569    704.3864
      999.5167   1219.8290   1414.1161
      213.8900   1209.8865    220.1768
     1281.3303   1853.8818    854.4367
     1391.9167     93.3928    954.3616
     1684.9821   1356.3337    551.7745
      503.8293    465.0029   1790.3727
     1606.5132   1565.6232    278.8622
      555.7542   1055.6671   1728.7268
     1805.7867    250.6140   1964.8357
     2106.1218    656.5809   1363.9419
     1086.5925   2239.9067    809.2758
      764.3567   1541.1943   1912.6904
      421.6188   1938.0442    311.9414
      325.6928    999.4255    553.8427
      414.4336   1478.6322   2159.8953
     1412.6438    878.5717    701.2853
     1721.0936   1611.8488   1319.9766
      991.1931   1333.0869   1798.0685
      613.9789   2047.3733   1428.8845
     1606.1017    873.5427    867.1575
     2020.2155   1070.4121   1538.6820
      708.5625    204.1929    318.7135
     1660.4658   1102.3707   1203.7908
     1245.4736   1550.0938    223.0225
     1053.0149    951.4058   1025.2640
     1246.7595   1131.3015   1420.1393
      774.6117    166.0590   1633.7656
      988.0435    163.4212    665.1528
     2066.9504   2137.2026   2133.6877
     1770.9894   1462.3978   1087.3627
     2173.0637   1368.5326    354.8226
     1147.6357   1916.0651   1907.4137
      481.2172    627.7375     10.7928
     1824.3103   1351.8916   1884.3180
      953.1125    256.5461   1919.7654
      440.1990    172.0696    207.5015
     1102.2432   1957.7765    396.7697
     1732.5260   1956.1729    349.8312
      548.0987   2173.4163    706.5336
     1581.7163   2078.6375    183.7754
      636.4421     44.1934   1463.7535
     1120.4388    450.3741   2063.9099
      412.3438   1844.5850   1963.1833
      835.4996   1009.6992    700.2952
     1478.3373   1942.0676   1117.2876
     1012.1272   1297.3300     88.2303
      943.8094   1814.9077   1728.0858
      100.3458   2003.0527    667.8051
      396.9332   1510.1056   1558.2483
      220.6849   1728.8112    689.8007
     1482.4819    389.1012    438.0500
     1209.9662    263.0035   1587.2708
     1552.0638   1798.4204    219.2117
     1240.6368   1706.1669   1946.2538
      330.8622   1130.9498   1809.5968
      957.6341    418.1167   1271.2654
     2195.3535   1946.2477   2020.6322
      825.9380   1026.9886   1000.2380
     2074.6516    980.0055   1909.6555
      149.6883   1213.3253   2225.4641
      481.7253   1481.7117    341.3263
     1708.8098     86.4395    570.0136
      618.8833   2253.2705    239.7807
     1165.4994     51.6806   2252.1096
     1125.8745    754.9252   1476.0260
     1997.1499   1135.1422    920.7498
      570.8257   1593.7679   1085.1447
     1336.3853    297.3297   1098.9426
     1393.2615    236.9073    761.1108
      609.6545   1819.7063   1010.9089
     1291.5526    759.8593   2007.4106
     2102.5728    193.7338    792.0886
     2133.2200   1618.6173   1604.7772
     1854.9427   1842.5385   1552.0905
      481.3203   1696.3663   2202.8828
     1480.9719   2157.5635   1159.2629
      707.8276   1561.6544   1295.1228
     1640.0441   1512.0660   2020.9944
     2081.2173   1096.9370    654.7791
     2057.3594    875.6573    948.3275
      237.6404   1242.8798    621.1285
     1590.3655   1143.2777    447.0806
      902.0871   1444.0688   1155.6713
     1335.7399   1065.6327    855.6607
     1119.0714    729.0894   2199.4387
      628.2182    812.3625   1312.9135
     1471.2784    823.4840   2202.6394
     2186.7922    695.5438   1806.6281
     1348.0084   1042.4777   2097.4172
     2178.0405    390.7813      1.2775
      134.9459    279.5482   2252.2886
     1171.8843   2013.3132    692.6608
     2062.7363   1148.5321    401.0414
      671.0490    427.5400   2245.3740
       45.2455   1460.1887   1070.6786
     1517.0142   1135.6395      5.5188
      648.5358   1823.2172   2055.0186
      527.3353   2146.3186     58.5916
      573.3406    820.2663   1783.1632
     1474.3359   2194.1311   2065.7781
      166.5280   2082.3296    930.3758
      968.7246    207.5703   1456.8773
      400.8006    949.0297    801.6967
      747.3344    830.5971    376.0368
       30.3684   2184.8516   1953.9564
     2030.2755   1897.0472     52.3432
      936.6059   1360.6532   2106.0918
     1879.4768   1318.8962   1600.9875
      278.9525    361.2669    203.0807
     1713.8508   1811.6058   1076.0756
     1885.5811     97.5119   2201.9062
      437.0766   1205.7004    797.0478
      916.0133   2190.2122   1046.9456
     1121.4423    690.4125   1069.4371
       52.5613    795.1005    280.1626
     2225.5281   2156.5764   1164.5409
      867.6570   1440.5724    774.5610
     2191.9858    676.0456    579.8799
      423.4045   1198.0587    345.5718
      941.9416    770.5760    160.8757
      756.1046    233.0547   2072.9758
       95.8511   1955.3361   1129.5286
      165.5304    543.2660    387.7858
      971.3502    335.8258   1685.9380
     1175.5516    239.1436    852.0464
      748.2465    709.1570   1902.7178
     1209.9204    932.8868    568.0870
     2049.1387   2214.7061    930.7343
     1418.2714     90.4288   1483.2766
     1463.6559    861.0556   1832.1510
     1629.3394    637.5563   1005.0466
     1602.2339     88.8514    143.1829
      671.2620   2027.0122   1869.1749
     1398.5769   2138.9631     13.1239
     1838.1246   1505.4385    385.7509
      422.7350    904.8984   2181.8203
     2051.2791   1805.7573    708.3329
     1931.8210   1148.5807   1781.6442
     2117.5107    915.4963    410.1031
     1642.5892   1856.5347   1717.9163
     1640.8866    457.7731   1246.0994
      973.3870   1746.5378    389.9514
     2176.2812   2027.6946    936.2628
      578.2984   1725.1909    347.4816
      397.0240   1940.4271    940.4742
      765.3632   1290.5328   1331.7278
     1350.9055   2151.7390    831.6076
      434.7871     53.0591   2125.3408
     1208.7383    350.4713    381.8618
      986.7485   2080.7119   1968.0510
     1986.9114   1356.8373    129.2773
      947.8652   1095.9377   2000.2583
     1167.1254   1310.6445   1244.5211
     1906.8036    980.5828   1298.4584
      936.4618   1219.8235    897.3989
     1609.6887    239.7542   1104.0770
     1188.1063    289.2738   1338.8798
      159.4267     13.2327   1450.2883
      671.4456   1643.4579    801.2558
     1202.7804   1186.2964   1012.1342
     1536.7695   1174.3839   1441.8745
     2092.0608    344.0605   1097.5544
     1540.5679    423.2076    949.7021
     1714.5426   2032.0188   1503.2836
      626.0129   2065.4299    901.1544
      777.7518   1055.0376    455.8595
      562.6408   1497.8317   1749.4987
     1158.0857   1306.6571    303.4451
     1560.2324    675.3601    551.8284
      333.6657   1957.5465    701.8177
      905.1669    171.4389    918.7160
     2062.2979    310.7014   1990.9396
     1564.5737   1262.6815   2030.3713
     1927.7582    170.6139   1512.1062
       91.7327    205.2117    728.4403
     1136.8922    849.8900    840.2615
      205.5937   2213.7090   1170.3243
     1058.0374   1588.8998   1594.7585
     1377.5110   1357.8289   1384.7649
     1968.2236      7.8193    719.7673
     1097.1910    489.9995   1818.7709
     1894.4791    879.5260    308.7874
      496.0152    928.7247    365.5605
      181.0788    313.7741   2018.7322
     2088.2092   1570.9462    805.7228
     1594.3124   1955.6517   2195.4722
     1473.6719   1690.7302   1848.8854
     1837.8322   1628.0101   2008.7843
       16.0043   1833.1925    806.6934
     1237.8903     23.5462    652.2390
     1130.6350   1196.2679   2114.4648
