      704.3600    181.9056    304.1194
     1692.8622   1212.1797   1065.7637
       33.6646   1637.4734   1986.1288
     2197.6616    645.4603   1299.2837
      368.9955   2152.9871    785.4271
      102.0800    642.8927    710.5284
     1576.8514   1837.5483   1153.6479
     1807.0466    660.2405    176.5173
     1230.6718    845.3623    726.9752
      581.6548   2153.9905   2225.0278
      931.4212   1758.6521   1220.7555
      846.1497   1954.9078    177.5124
     1040.7360   1981.2361    649.7050
     1130.6996     62.2530    649.3110
      368.6786   1980.9923   1901.3077
      197.6363    517.1285   1792.8279
     2002.5686   1579.0668    153.3911
     1528.6094     41.2807   1866.8241
     1949.8033    803.5791    622.9451
     1131.6749   1114.7134    885.5022
      758.1816   1926.0427   1798.8884
      484.8053   1509.1621    777.4089
     1021.9977    368.1438    843.2795
      430.5647   2120.3862   1067.9725
     1093.5049    970.3210   2252.4158
       31.1007   1182.5145    892.1422
      950.8209    791.1881   2073.7185
     2102.2466   2141.6765   1163.0535
      330.2242   1400.4036   1661.3478
     2056.2961    238.2021    422.2555
     1151.3204   2093.3481   1347.4110
     1260.4918   1800.1962    131.5438
      666.2313    832.0819    148.4536
      783.8418   1007.5098   1161.1931
     1368.4037   1842.9674   1650.1975
     1785.5576   1315.2316   1794.3156
      958.5694    693.0822    994.7598
      429.6997    848.8557   1074.4698
     1128.2312    988.4316   1750.5708
     2071.4729   1378.0132   1902.9344
     1943.5934    222.3085    804.6942
      554.0991   1119.1466   1602.6289
     1341.7666    435.2177     77.2990
     1641.0466    470.3174   1845.9061
     1718.6641   1794.0973    833.4713
      892.2700   1340.7314   1914.0868
      700.3082    127.6171    757.9435
     1450.1880    611.9271    729.5853
      550.6533   1633.8497   1906.3126
      203.0493   1155.6730   1197.7819
      802.9564    646.2823   1464.0826
     1467.4719   2207.3909    147.2928
     1415.5894   1120.4686   1252.7898
     1429.0660   1417.6334    137.0951
     1799.0758   1531.8987   2192.6838
     1700.6302    563.7905    495.1911
     2019.8193   1485.6748   1151.9531
      546.8040    613.4745    738.8038
     1000.8922   2193.7822    863.4606
      149.9816    853.1872   1599.5205
      811.2506   1646.8940    300.4680
     2006.3359   1022.4869   1205.4760
     1594.4326    631.4955   2079.8650
      485.1283   1067.4703   2007.8447
     1965.0007   1601.8496   1475.1124
      555.3086    518.8004   1068.5355
      977.8071    558.6667    130.3866
     2191.5449    174.8788    119.9292
     1762.4464     82.5668    623.4343
     1698.7225    803.5603   1657.7139
     1119.3958   1358.7434   2222.9885
     1965.9725    443.6447   1978.4409
     2060.7004     89.6139   1891.7826
     1775.5748    219.0613   2184.5769
     1661.8966   1667.6512    321.5314
     1041.1937    196.0300   2029.9591
       30.5579   1637.7246   1292.3080
      747.9711    948.0219    674.4713
      982.1046   2141.9561   2011.2013
     2106.2710   1154.8859    324.7423
      134.5913   1420.5034    714.7159
     1572.2333   1188.9189   1553.0891
     1036.8650   1181.1969   1367.0958
      363.1106    193.7967   1711.4243
     1459.8346    213.1021    526.7913
      679.7574   1745.3701    813.3123
     2244.7061    491.7957    415.4614
     1793.2744   1644.6860   1940.1101
       56.5499   1061.3370   2139.1750
     1854.7776    881.7322   1893.1863
     1764.7009    125.0622   1119.6997
      852.5263   1240.8855    696.1658
      567.7349   1475.3652   1605.7234
     1479.7249   1539.5814   1830.9154
     2162.1077     52.8669    653.1531
        5.9902   1422.9607    234.7547
     2095.7429   1727.0343    936.4431
     1132.4839     82.0535   1059.6239
       45.0399    258.5036   1019.4751
      795.7164   1758.7954   2151.5718
      441.4896     12.3430   1408.1388
     1774.9303   1183.7599   2225.9817
      946.1503   1772.1951   1649.0721
     1363.4050    408.8279   1654.0743
      721.8718   2123.4141   1319.7777
     1207.1864   1619.7469    475.1464
     1544.4977    587.1481   1099.7126
     1349.9724   1522.6050   1338.8402
      736.0247    274.2982   1753.5330
     1905.2053   2011.8502   1359.0048
     1459.9078    171.8355   1237.4119
     1201.0178    379.3279    485.7040
      353.1910   1759.7516   1117.0334
     1156.3721    657.9678   1867.9446
     1109.2361    652.0112   1413.0042
      214.5500   1925.9146   1429.2775
     1607.5979    350.0587    156.6420
     1839.9987   2118.1299   2081.2424
      991.5927   1411.5428    334.8102
      489.6687    420.7168    126.1617
     2238.8918   1792.2583    610.5920
      493.5948   1332.8943     33.4348
       25.3389    259.3235   1542.2712
      303.9056    413.4359    386.5076
     1749.1785   2059.5413    507.7374
     1760.7870   2179.0117   1671.7101
      877.5909   1396.0585     76.3096
      604.7207    787.5405   1658.5253
     1881.4309   1830.0135   1758.2362
     1903.1650    473.0668   1363.3085
      331.4183   1372.4130    328.0971
       10.4414    598.4904   2148.3601
     1060.9297    272.6345   1496.1117
      458.2930   1431.0851   1162.4215
     1332.0054    803.3741   1279.0304
     1442.5286   1773.8649    679.0975
      368.4731   1830.2872    338.7035
     1416.9097    794.7953    152.2893
      836.2507    355.8590   2150.4658
     1215.2340   1673.5146   2007.7499
     2091.3896   1443.0768    709.1680
     1547.6677    977.5903   1994.7362
     1371.0787   1240.0516    476.9018
      413.7011    336.0154   1367.5200
      179.9619     27.2548     33.9912
     1355.2288   1195.2610   2020.9711
      356.5367    978.2267    463.7039
      489.2942    108.4006    100.4438
      378.7068    388.8775    835.0760
     1574.5212   2165.1230    733.5801
      221.7714    939.0607   1903.3300
     1983.7056   1951.6642    175.8746
      962.7203   1400.8219    933.2062
     1722.0918    764.6884    836.4368
     1201.9856   1332.3829   1563.0187
