      907.3602   1832.1377    521.1218
     1603.6139   1277.5514   2258.6711
     1316.6892   2076.5583    848.8041
     1913.8999    199.0648    919.8750
      678.3026   1826.9777   1864.6063
      562.0859    188.3658    345.4306
     1592.1687   1769.2544   1053.4843
     1210.1819   1410.9672    406.0222
      830.1967      7.4400    840.5405
     1122.1476   1988.1528   1120.1559
      408.7720   1900.4714    388.3705
     1115.6646    678.6606     31.4086
     2117.7859   2009.3765    753.7338
      707.0734   2053.0149    446.5740
      226.1243    171.5361   2243.0249
      532.9003   1264.3612   1351.7964
     1859.6030   2177.8279    287.3705
     1927.1316    374.5359   1275.6019
     1903.4838   2075.5920   2021.7037
     1129.1476    663.5081   1334.0361
      387.5220   2246.0098   1203.1664
      615.0090   1857.8668   1062.2302
      602.2117    866.9788   1551.1879
      707.9642   1324.4329    951.0347
     1385.0564     34.7489   1558.7633
      434.8675    972.3879    808.9152
      706.0612   1799.6525   2144.2065
      820.8978   1887.5729    824.9822
     1222.7059   1952.9877    587.1375
     1502.7064    560.0102    771.9915
      550.1143      6.2339    570.0524
      344.0463    722.4828   1034.1409
      197.3497    498.3119    614.9742
     1412.9872   1025.0491    973.8612
     1999.1848   1226.9978   2195.9277
     1230.1733    387.6249    918.2338
      968.5901   1462.3748   1569.2858
     1195.0864    687.3431   1664.6913
     1452.9061    548.6470    465.7576
     2003.0814   1387.4645   1883.0043
     1229.7401   1546.5859   1532.9784
      806.9399    970.7332    978.1053
      818.0363    657.9687    937.5331
      443.9576   2164.0701    901.6204
     2065.5012    617.5076   1076.3827
     1006.7208    114.9213   1837.5804
     2137.6018   1316.6128   1511.8501
     1850.4513   1329.5524   1395.0874
      802.1691    759.5211   1898.8245
      901.1980    910.6766   2140.0178
      910.0828    382.1418   1171.3802
      859.4727   1681.8337    219.3234
      948.3719   1680.9924   1862.3536
     2214.2700    293.3889    506.5718
     1014.5931   1928.3077   2058.9580
     2201.3677    214.3246    819.3524
     1916.3035   2138.4634    592.4620
      902.8151    215.0545    361.4825
     1364.4576   2260.5510    393.3272
     1137.7681    154.7718   1359.3699
     2102.5129   1651.2814    408.6906
     1871.3345   1874.6285    228.3335
      939.4109    273.3241   1605.7273
      129.8757     13.9062    915.7590
     1888.5239   1270.6416    470.3718
     1342.3142    355.1063   1519.8165
      281.2921    928.8961    290.2617
     1374.6500    117.6054    966.5338
     1756.9752    782.6078    645.9826
     1573.6340   1619.9966   2189.3672
       52.5283   1607.2363   1234.3495
     2101.3892   2133.9490   1792.8839
     1943.0665    766.0215   1952.3783
     1767.2010    912.8881   2216.0083
     1491.9429    615.6508   1376.0553
      803.0190     36.5738   2242.3333
      454.8771   1356.6384    431.7745
       98.1050    416.6121    282.9460
      141.3771   1245.9823   2182.0642
     2083.4827   2183.3713     60.3417
     1558.4603   1344.8838   1165.9502
      257.3498   1256.9263   1156.0165
      934.8842    798.7739    382.4825
     1034.5201   1287.3423    890.5712
     2060.5784   1790.3993   1608.4603
     1042.4857   2034.2787   1733.2128
      571.0125   1725.5665    781.5184
     1598.2661   1340.4138   1558.2064
      306.5891   1756.5607   1724.9995
     1118.3982    704.5999   1058.5381
     1444.9030    827.9923   1713.2734
     1310.1505    285.7449    603.9808
      593.3040   1592.0664   1642.8846
     1606.1947   2244.9077   2166.1299
     2131.0500    960.7131    629.0284
      399.6610   1910.3080     58.7639
      819.1871   1368.0015    232.6573
      412.7530    588.2375   1637.9291
      722.1329    421.3633    695.5474
      414.4978   2152.7515   1869.8961
     1157.2921   2237.6174   2135.5820
     2237.9053    365.7603   1076.3398
      880.6191   1756.5483   1305.9976
     2192.1035    649.1364   1986.3492
     2256.2744   2247.5430   2050.5674
      194.8005   1507.3951    221.3912
     1707.3151    648.5314   1751.3334
     1907.3541   1614.1614     94.4499
      642.5559    419.7609   1562.0382
     1062.5431   1661.1270    891.6599
     1671.0992    292.2701   1348.1334
     1523.7267      2.7678   1234.0439
       84.6203   1551.7482   1528.6912
     2165.6062    111.2829   1661.0084
      396.6075    624.0143    736.4620
       61.6515   1823.6686     58.8017
     1815.4640    160.2812     45.5504
     2185.7546   1521.9590   2251.6003
     1900.5133   1786.8865   1280.1594
     1716.1051   1515.4209    938.9249
     2121.8396   2063.2568   1069.5594
     1374.2737   1832.0950    268.2066
       60.7886    363.4897   1422.1677
     2040.4421    654.3254   1507.4615
     2127.9751    865.6897    873.1491
     2250.4155   1776.2750   1841.1158
      703.0366   1044.1168    324.8997
     1522.0165    179.5580   2075.2576
     2198.6484   1265.3246   1161.6880
     1873.1113   1095.4222   1740.5587
      595.4644   1597.8557   1370.7494
      120.8625   1456.6896   1911.9785
     1137.0283     33.7547    912.3353
     1854.8965   1177.1899   1156.4077
      321.0295   2027.7589   1510.0696
     1608.0577   1774.5582    164.6736
      176.9530    220.5339    606.6249
      539.3133    272.0473   1047.7982
      667.7232    537.7749   1152.7778
     1235.2815    972.6717   1481.9657
     1865.9581    491.1936    290.1105
     1559.9315   1114.8945    291.4304
      569.9362   1637.2255    106.8126
      517.9042   2189.3472    124.6613
      151.6443   1800.9092    850.9130
     2222.0989    438.6317   1688.6193
      115.8120   1127.3635    871.1006
      461.9877   1070.3783    465.1247
      220.1994    873.7208    588.5031
     1679.8058   1457.2107    642.9222
     1262.9309    345.4511   2130.1804
     1568.5804   1975.3040    671.4066
     1315.9972    311.6019   1776.6782
     1940.5337    183.7149    380.5975
      185.4388   2169.1602    622.7962
      548.7507   2076.4316   2098.4624
      481.3760    929.0256   1236.9329
     1278.9996   1142.6650    732.3214
      408.8725    132.6685   1564.3436
     1912.2438   1774.7827   1920.6948
     1783.1815   1482.6127   1783.3413
     1134.2318    545.9618    615.2603
      443.6273   1263.6357   1750.8003
      915.0553   2162.1741    282.7509
     1585.8136   1423.7607   1982.0573
     1745.9827    586.7371    963.1433
     1774.7534    943.4299    906.8322
     1246.7083   1265.3442    112.2739
      765.5512    756.7877    163.0377
     1631.2386    166.9115    322.6647
      190.4867   1467.0607    843.1320
     2051.7288   1050.8384    223.4854
     1657.1316   1049.6759    588.0519
     1952.2974    335.0781   1931.7065
     1040.0952   1480.6119   1292.6802
      287.0615   1663.4014    602.5701
     1628.0116    498.2212     60.0972
      511.6034   1286.0435   2173.9724
       37.3718    750.3671   1713.3931
      502.1973   1962.1696   1324.9246
      649.6233   2167.9297   1707.8038
      312.4903   1689.1544   1463.7854
      997.2466   1507.2883   2239.2185
     2061.7332   1347.4211    233.3352
     1910.6239    759.1049   1226.5953
      955.2887   1174.5488    506.4964
     1700.4617    990.9257   1520.3660
      677.1963   1034.2104    657.4228
     1345.0625    284.2692    152.5090
      770.2728   1222.5626   1940.8192
      137.8174   2201.7212    269.6865
      630.7289   1676.6990    488.0514
      627.8397    950.6942   2155.3562
      291.1779    995.3749   1506.0505
     1519.6989   1476.5144    335.1626
     1187.6898   1867.6470   1557.9358
     1319.0884   1989.7683   1883.3794
      862.0773   1440.7698    624.0626
     2230.3955   1162.8673   1795.1492
      147.8532    543.3078    893.8086
     2234.0720    958.3870   1485.8239
      887.7282   1172.0988   1289.6747
       92.6542   2069.4854   1670.5664
       66.8378   1123.0879    192.5756
      150.6078    699.0031   1319.1713
      863.5031   2232.4182   1123.0724
     1204.4020    927.1193    418.7694
     1082.9542    507.4633   1907.5834
     1795.7631   2007.6313   1464.8613
      478.4842    584.9888   1898.9791
     1990.8832    542.9433    783.5564
     1459.0896   1655.7858   1828.5790
     1105.2582   1002.2704   1225.3875
     1514.5919   2219.6760   1886.0874
     2205.9197   1989.6509   1417.1995
     1396.4064    743.1016    114.7948
     2137.1538   1476.5173    780.1313
     1609.7253   1892.1621   2004.3074
     2135.8621    416.2689     60.8113
      710.1805    199.7580   1375.9824
      345.7615   1907.8773    993.4270
      691.9593    309.5456     82.5608
     1541.3387    898.1006   1210.8243
      192.4995    182.1168   1755.0851
      641.6785    752.7026    446.5008
      770.6230    507.6935    426.3670
     2234.5515   1040.9174   2144.7454
     2073.1187    828.3304   2259.1992
     1036.1086    860.7843    772.3710
     1637.1606    174.2935    671.5461
      140.5484   2032.3192   2052.7693
     1887.2369    262.5837   1586.1952
      890.4293    838.0226   1275.5818
       46.5980   1000.8895   1154.9446
     1833.0135   2135.5837    998.0334
     1430.9957   1712.5275    525.8235
     1228.9800   1341.1448   1821.8190
      519.3185    212.7347   1990.9451
      189.0379    408.1111   1974.3901
     1002.4588   2194.6008   1468.4667
     1677.6904    412.5948   2002.3556
     2123.0034   1966.3693    416.4051
     1321.2656   1528.0186    780.4546
     1457.8961   1000.3617   1905.9797
      453.0815   1592.5760    996.6461
       29.2496     86.2535   1272.1006
     1845.3591   1735.9165    555.7759
     1094.2260    871.3561   1881.9427
     2019.2605   1764.4225    893.0060
     1661.0314   1798.2714   1600.3621
     1386.7859   1983.9315   1349.0302
     1303.9199   1753.6558   1045.2432
     1835.2610   2177.8882   1712.5334
     1344.8795    625.4146   2005.7289
     1623.4738   1595.8214   1340.2753
     1147.5819   1978.9200    114.2516
      162.7615    703.0562   2128.8687
     1309.8480    812.8206    626.3741
     1363.3091    966.2219   2123.8140
     1243.5386    357.8222   1230.8876
      580.1721    602.2017   2190.0789
     1055.6779   1271.3627   2094.2202
      823.3179    399.7315   1990.9587
     2086.1777   1783.0687   2138.8076
     1070.0475   2251.9216    613.4017
     1919.9663     28.7537   1342.6130
     1764.4182    790.0811    338.8411
     1487.6865    468.4338   1032.4028
       74.5698   1335.5076    511.2570
      738.3950   1225.6383   1598.7865
     1319.8048   1257.5319   1404.2596
     2159.6304    687.0087    296.7950
      287.2836    409.6685   1155.7739
     1922.8307   1460.1150   1141.7917
      944.6948   1083.2935   1719.1879
      236.7559   1123.2961   1893.6498
      962.0764    464.6306    177.8605
     1982.5928   1243.7123    821.0869
      431.2063   1531.2443   2002.1165
      739.6392   2036.3840   1478.7419
