      613.1086   2066.8105    749.2290
     1854.0901   1206.1853   1571.3029
     1294.3834   1869.2241    594.6386
     1517.0972    103.4544    663.9758
      291.4398   1839.4459   1591.0000
       32.4722    238.6179    585.1278
     1625.1947   1847.2946    502.1551
     1122.2266   1749.2028    857.9789
      840.7770    108.6282    688.2468
     1348.6989   2016.8131   1731.6837
      344.6978   2018.5900    615.8403
     1195.2202    254.0220    259.7217
     2118.9392   2189.6812    717.6353
      902.6507   2122.6489    422.7775
      282.4213     37.2765   1693.0682
      179.7191    806.7617   1358.5410
     1712.4982   2142.1699    617.1992
     1823.1785    267.6104    751.7918
     1921.7460   1727.7769   2126.8091
     1588.8024    438.6824   1959.3516
      434.4789   2014.2103   1118.5048
      562.4508   1703.6080   1192.1899
      666.5212    196.0892   1333.8075
      731.2736    960.8565   1136.6036
     1483.5286    196.7348   1359.2638
      681.1940   1592.8601    882.5610
      650.2693   2005.3326   1761.5167
      819.6298   2138.8340   1429.7303
     1246.4614   1748.5409     58.7275
     1659.4259    367.8739    449.8277
       21.1346    109.4273    302.7046
      266.5985    929.7729    701.4020
      576.0750    820.4717    618.5775
     1531.3252    582.9987   1173.1167
     1740.8544    716.9187   2170.5232
      728.6677    333.9912    908.2877
     1423.1362   1120.5675   1885.7384
     1283.4781    412.3188   1413.6627
     1261.5085    244.2277    578.6130
     2219.6814   1424.6287   1514.0599
      859.0052   1119.4657   1412.8365
      771.6457    591.7204    758.1138
      491.1875    120.9250    513.1234
      600.9165   2224.8186   1141.2882
     2106.9988    831.4327    911.2483
     1118.9814      8.8803   1483.6512
     1743.3662    927.4198   1094.5022
     1082.4790    601.4253   1501.5322
      178.1947   1084.0197   1857.8851
      984.8530   1077.1771   2155.1331
      835.7800    403.0217   1433.7213
      959.3519   1674.5635    525.8688
     1002.2369   1876.7900   1465.4568
     2124.1965    552.1178     67.5293
      514.2053   1771.9536   2108.0774
     2201.7964     38.4296   1338.8206
     1847.7686   1754.9491    157.1553
      958.9065    475.8394    344.4208
     1181.4799   2091.3521     61.3738
     1514.8226     67.0027   1687.3191
     2196.3411   2024.7240    267.5555
     1987.9652   1440.4885    489.2762
      410.4004    607.0124   1920.6405
      236.3942     82.3086   1128.9823
     2034.1654    937.8739    295.6573
      762.7324    733.1083   1424.4030
       21.4289    688.9617    292.1628
     1066.5977    445.6348    588.8774
     1607.8859    483.6646    754.6186
     2173.3206   1158.2313   1785.3036
       49.6457   1331.8433   1219.1323
     2112.8979   1875.1199   2212.0232
     1324.6313    814.2070   1582.0291
     1474.7969    825.8293   1915.0455
     1647.9171    854.6753   1356.0634
     1159.2125    157.5907   2117.5156
     1079.8190   1432.4868     88.7724
       11.2980    101.2052     10.3616
      889.6223    469.5962   2129.5713
     1994.6815   1740.5328    626.8186
     1768.8539   1672.5521   1207.9866
      287.7312   1739.3138   1053.2271
      683.9802   1432.3945    497.6868
     1431.5566   1620.3530    692.7907
     1343.5759   1734.9469   1513.0284
     1199.4098   1890.0956   2058.8643
      443.1536   1257.5059    718.1733
     1813.1737   1684.8866   1790.2078
      150.3847   1580.3971   1993.3510
     1156.2588    678.7897    221.2835
     1145.6115   1134.4279   1737.1238
     2208.4854    221.9956    871.2716
      357.1187    817.9196   1611.1008
     1308.0092   2170.3484   2087.5034
     1725.4308   1035.7285    180.4010
     1048.5178   2070.2227    679.8220
     1179.0725   1085.8588    248.2231
      389.4913   1443.8684   2179.1689
      166.8359    367.7271    234.3974
      181.1378   1924.7167   2148.2764
     1430.5526   1703.4167   1900.6467
     1769.9916    540.0080   1353.0316
     1006.6468   1438.9474   1122.8165
     1605.4840    390.1435   1615.3298
     2157.5063   2121.5356   1938.4984
      188.7712   1516.6970    309.2645
     2029.6993    121.6855   2105.5979
     1924.6058   1428.9010    170.3291
      743.8931    462.8843   1162.5862
      847.2465   1348.9492    744.2446
     1708.4037    756.4181   1658.5883
     1249.8918    234.8583    970.1087
      328.7987   1525.9292   1339.1653
     2055.9858    276.9304   1696.5577
      489.5273   1096.8506    990.0994
      120.4833   1815.1785    515.5200
     1665.8997    200.2070    189.2571
     2147.6160   1723.3700   1718.8757
     1473.1122   1892.2861    929.8214
     2005.2605   1189.9702    987.3292
     2072.4702   1960.7712    984.8505
      691.3574   1512.5792    152.9073
       74.8454    537.2880   1225.8728
      975.5487    278.8116   1676.7500
     2072.0193    463.4749    751.9070
     2029.1862   1533.5573   1396.8546
      509.3549    658.6641     89.9578
     1608.4139    134.1394   2058.7588
     2186.4580   1304.2526    757.7144
     1459.7262   1157.1315   1346.8771
      809.3658   1872.2969   1102.2186
      512.7322   1057.8188   1791.9114
      404.4477     58.7119    823.6331
     1616.0372   1870.6200   1263.1787
      298.7919   2049.8828   1892.7698
     1720.2185   1960.0022     63.5052
      415.7780    476.1325    813.5448
      130.0627    263.9987   1472.0463
      689.7489   1049.6726    318.6949
      481.7754    869.3172   1304.2482
     1851.5580    640.8592    976.0302
      882.0928   1302.6920    244.0061
      107.3624   1740.5586    120.3958
      561.1513   2091.6135    379.4124
      646.8224   1760.7333    471.5538
     2223.8394    825.0580   1804.4250
      165.5583   1531.8296    619.9882
      437.5569    378.2194    358.3886
      430.1564    739.5005    391.5623
     1719.8168   1832.5090    797.5273
     1285.4535    115.3036   1818.0302
     1717.2450   2109.1653   1105.9760
      805.6611     69.3858   1907.7502
     1987.5331    115.1717    256.0792
       79.8728   1994.4639    829.7231
      644.0161   2109.7786   2187.4497
      301.0451   1096.1000   1167.6726
     1007.2471   1268.9189    539.2780
      150.1520   1205.4856   1558.2787
     1727.9192   2111.4209   1893.7190
     1716.1715   1337.9242   1862.0541
     1197.5974    499.7661   1154.7500
      522.8328   1581.8713   1834.7130
      892.5702   2164.8025     91.2074
     1907.5138   1222.4908   2210.8774
     2083.6948    432.2376   1076.5159
     1463.6234   1014.0692    973.0538
     1321.6925   1250.8457    759.8057
      922.3169    915.8523     94.4253
     1406.7421     27.9645    153.7780
       82.8920   1023.7971    400.2379
     1597.1478    793.5649    477.2511
     2168.0508    915.3496    632.0897
     2002.3784    809.6809   2010.8267
     1398.2075   1464.9795    970.9296
      461.7477   1316.5068    298.9471
     2073.4211    371.2303    358.2991
     1043.7057   1632.1339   1648.9514
      142.3798    567.2877   1668.5226
      477.3351   2102.6528   1478.3772
      970.0730   2030.9276   1683.7833
      226.8583   1995.2548   1349.5221
      901.1135   1466.3336   2044.7185
     1647.7766   1346.1268    576.6979
     2071.6501    678.0709   1295.9490
      748.5505   1820.1235    198.4482
     1698.7788   1293.2277   1130.3655
     1328.8744    816.0004    677.6359
     1287.3951     14.2700    471.9160
      689.0890   1412.9276   1519.3906
      341.3316   1812.6827    218.2050
      835.0878   1855.5963    720.3099
      866.9155   1846.8463   2007.6718
      264.2171   1411.4855   1786.4570
     1449.0802   1103.1490    406.7451
     1462.8229   1384.9923   1834.5656
     1151.4939   1084.7285   1283.5103
      753.0671   1268.4886   1202.5538
     2155.5188    934.3597   2233.4402
      580.5856    765.7232    965.5740
     2124.2007    543.6211   1810.1132
      447.8948   1077.5780   1445.7356
       89.1724   1952.1294   1601.4849
      358.9770    932.3881     58.2086
      562.3461    484.4538   1427.7610
     1310.5513   2228.7041   1258.7448
      994.5730    842.4633    526.9829
     1550.9752   1126.5513   1636.2662
     2011.4697   2241.7551   1640.2521
      350.3657    397.6649   2145.9202
     1981.8195    156.5422    550.6755
     1600.8242   1202.7396   2151.8655
     1101.0629    982.3118    794.7037
     1176.8486   1393.8671   1513.8488
     2237.5015   1640.5568   1153.2251
     1479.2701    709.4264     93.8506
     1689.8402    899.3942    787.2531
     1235.1428   1543.5033   2140.1562
     1894.9169    688.0122    151.9477
      622.1945    410.7549   2049.9832
      406.2797   1580.0093    746.5314
      285.5817      9.2889    143.1901
     1282.2478    805.2791   1158.1122
      383.3834    587.0855   1105.1296
      411.5223   1074.7756    421.7448
      702.8485    624.7725    442.1603
     2216.1519    934.7275   1534.0336
     2254.9595   1292.2679   2186.1121
      902.7346    736.5937   1086.8702
     1795.9254    157.0807   1387.6571
      401.0097   2243.5007   2074.6721
     1966.4330    480.3500   2101.1016
      690.9689    521.9625   1697.5869
      233.9604    599.5141    575.3785
     2161.7539   1979.2892   1322.6147
     1645.8564   1521.3420    206.5532
     1688.1033   1572.6454   1536.9680
       34.1140    450.4236   2098.8962
      182.6149    194.5343   1878.7582
      903.8632   2259.3818   1167.0531
     1266.0236    571.0133   1852.5171
     1870.9629   1998.4824    325.1884
     1373.7004   1666.2739    306.8958
     1831.5078    961.6647   1815.1139
       77.9258   1091.8496   1018.3970
      434.6129    247.7463   1225.9158
     1913.0809   2257.9749    974.2905
      807.8660    733.6998   2093.7200
     1924.7604   1614.0376    919.7836
     1669.9874   1662.2517   2141.8579
     1213.6780   1780.6234   1125.9543
      970.0032   2198.2925    901.4534
     1937.1172   1851.6669   1523.5382
     1653.7371    406.6799   2246.3079
     1579.2496   2069.6411   1449.3632
     1413.0671   2006.6896    302.8906
      159.2797    717.1954   2126.5964
     1145.6562    425.7676     44.6168
      849.9726   1317.1919   1774.3218
     1079.4155    426.8377    885.8285
      932.7682    741.4914   1771.2784
      783.8445    991.8647   1870.2809
      664.8635    144.6743   2127.6855
     2098.2332   1470.4176   1905.1093
     1330.8049   2147.4656    890.2241
     1782.6995    256.8021   1812.0825
     2162.2917   1252.7498    287.5701
     1560.5948    163.1780   1095.1256
       37.6078   1550.2311    867.5828
      316.2792   1408.0884   1056.6617
     1301.9349   1366.9645    357.5224
     1946.0679    657.6206    547.7767
      138.6525    598.5297    977.2249
     1686.9601   1407.7112    865.5398
      452.0910    306.1612   1753.9437
     1152.8597    813.7393   2239.7896
      703.8887    351.3135    205.9767
     2015.8690   1039.9056   1318.3500
      611.9439   1130.0793   2075.8523
      582.8860   1765.2405   1504.2357
