      535.5011   1736.0220    349.0716
     1164.4669   1400.3312   1153.2762
      821.8483   1649.8271    375.4684
     1418.4205   1038.1857   1628.7667
      292.2632   2238.3347   1037.5129
      635.0004    508.8815    453.5429
     1363.7505   1626.1445    586.3624
      522.0820   1793.0509    641.1633
     1029.5558    545.3105    851.6075
     1723.9464   2135.6382   2238.1982
      291.8189   1940.9525    854.5793
      789.5064     58.7482    100.5863
     1885.4933   2220.2485    717.8264
      658.6183   1940.7778     94.5768
     1278.7317    442.9284   1778.8439
      136.1226   1045.3754   1850.6066
     1729.0948   1994.7784    627.8257
     2215.3931    371.6234   1147.6989
     2235.3857   1894.0455   2254.3987
     1969.5453    543.8863   1972.9250
      432.9590   1596.1201   1488.3038
      691.2671   1746.6083   1539.4858
       23.1578    122.1938   1831.0425
     1350.5670    757.0733   1688.6671
     1137.9755    767.9918    741.3181
      412.8886   2104.8662   1331.1141
      198.3040   1520.9204   1642.4315
     1306.6318   1943.6865   1845.9718
     1893.9598   1966.1770    210.7831
     1951.0972    109.4786    367.6022
      764.1497    312.5910    597.6958
       71.2817   1125.9281    521.3634
      392.4687    558.8295    597.8165
     2135.6592   1235.3746   1388.0813
     1251.0739    895.7902   2026.4320
     1057.8286    263.2744    879.3214
     1172.9209   1469.2214   1976.4625
      858.2330    365.9797   1599.5924
     1545.4329     72.9608    830.4649
     2106.2095   1818.1946   1959.0365
      264.5928   1349.8334   1416.6576
      692.3247    556.7089    819.5639
      733.9108     63.7125    888.8554
      569.2829   2021.5162    749.4293
     1698.6541    841.9521    714.6057
     1393.9462    187.6119   1107.0588
     1574.1270    476.4231   1181.9866
     1241.4773   1002.6500    908.0994
      400.3455    479.1125   1367.2456
      966.3032    595.1956   2206.6157
      320.8003    320.1880   1583.5118
      839.0281   1384.7313    202.5173
      821.5304   1407.3807   1536.1276
     1818.6504    907.2922    457.6874
      731.9504   2012.9583   1849.4521
     2137.1431    826.4764   1474.0398
     1592.0966   1427.5754    276.0915
      897.6655    378.8311    230.9980
     1025.8981   2185.2917    431.5743
     1642.3414    548.6182   1702.7517
     2102.0398   2148.6899    209.2514
     2201.3899   1093.1534    748.3051
      302.8229     92.0521   1844.7809
      108.0447    552.3232    608.1504
     1781.4316    891.1392    163.1774
     1023.2899   1249.0148   1513.5249
      621.6086    908.1871     92.7733
      721.5057    774.7965    366.2124
     1270.8574    536.3591    660.2827
     1736.0575   1092.4698   1877.5012
      427.4250   1544.5874    860.2952
     2137.6333   2067.5142   1857.6202
     1131.2911    872.8562   1211.8535
      834.2336   1076.8361   1915.9460
     1941.8154    967.2528   1290.6281
      673.2926     21.7923   2094.3142
      578.3795   1673.3534     80.7298
      224.1240     19.2345    471.3982
      731.4407    521.2662   2086.8391
     1828.1414   1933.7469    850.1906
     1804.2999   1662.1099   1058.7340
      588.3395   1007.9043   1354.5812
      892.2734   1133.9354    503.5098
     1627.9058   1747.5840    737.6346
     1416.9443   1702.0137   1679.8557
     1003.3963   1905.8752   1409.3904
      667.8766   1098.0939    812.6304
     1705.2905   1813.0138   1498.7102
      522.1279   1558.3568   1793.5570
     1081.6278    592.7591    263.2655
      350.0506   1003.6322   2091.2781
     2185.3096    168.7098   1517.1903
      492.5618   1326.7773   1612.8291
      886.2219   1824.7999   2141.6165
     1566.1879    732.0460     13.5443
      952.2748   2072.4343    201.9474
     1531.7518    799.9126    268.9079
       30.9554    979.2092   2183.7788
      267.9572    281.6658    589.2977
      375.4701   1915.6023   1510.5389
     2188.4207   1484.3499   2153.5969
     1781.8888    698.8743   1158.1031
      621.7867   1793.8369    951.5494
     1067.0280    341.5150   2014.0107
     1899.7284   2073.5483   1695.3727
      105.5792   1431.2194    662.6238
     1950.6824    132.2410   1797.2789
     2088.5874   1197.6140    443.4534
      147.4138     53.4192   1559.7261
      939.7083   1286.1129    981.3957
     1352.6339   1368.5602   2173.4028
     1679.3063    257.4076   1003.5641
      300.5345   1460.4606   1157.4817
     2192.4995    829.8329   1904.1664
      423.2359    815.4713    758.3347
       98.5400   1762.8422    696.2012
     1145.9377    358.8119     60.7951
     1676.3588   1565.3546   1695.6747
     1277.0210   1813.2870   2139.5090
     1897.7672    974.0845   1567.4066
     2051.7864   1789.2302   1024.1904
      358.1571   1528.1588    508.7286
      124.9548    260.2840    875.1611
      874.8422    907.0399   1603.4901
     1938.9119    213.1184   1264.4526
     1987.1329   1693.2865   1607.2826
      111.0434    655.9673     77.4782
     2063.9280    319.5561   2114.6057
     1105.1327   1386.1458    770.1642
     1405.0625   1185.8600   1840.3588
      959.6304   2063.9048   1111.3486
      171.0940    726.1340   2066.0852
      333.3392     31.0437    761.1825
     1656.2946   1540.7560   1419.6312
      113.8189   1681.2709   2194.6660
     1614.0447   1715.6119    458.0930
      266.6128    556.7485    828.7972
      119.8696    146.3941   1278.0769
      513.7255   1291.3732    821.7217
      578.5608    428.8163   1790.1099
     1203.9669    106.2898    495.6349
      649.6932    768.3638    613.6831
       72.1382   1483.4304    391.0556
      169.7317   1394.3677    926.9719
      601.1480   1316.0691    403.0651
     2101.9314   1290.6991   1642.6195
      609.3976   1031.4697    455.5593
      506.6105     54.6238    586.2810
      688.9014    565.5602    104.1747
     1911.5533   1632.0354   1314.6619
     1491.8341    334.1159   1407.6202
     1633.6991   2137.4695   1630.1654
      402.8780    143.7557   1347.2910
     1953.3339     38.6614     44.6523
       34.8107   2230.2590   1086.0007
      898.5622   1521.0751   1866.2361
      651.4514   1100.9932   1654.5410
      920.7533   1808.9366    150.8484
      807.2784   1765.0149   1228.4565
     1827.4965   1788.8656   1896.5358
     1635.2607    822.6188   1645.9340
     1175.8119    244.8899   1284.9099
      317.8913   1407.7212   1873.8943
      758.9974   2162.7603    551.6360
     1840.5740    787.5645   1926.0472
     1842.6899    113.7387   1526.9248
     1607.5535   1097.2134    744.8690
     1139.6718   1358.0575    149.5774
      209.1485   1515.6647    124.8577
     1365.3561     20.1442    313.5140
      141.4181   1089.4423    153.8613
     2002.3649    550.3641      6.2656
     2142.0752    413.3341    483.3719
     1791.7654   1210.3734   1445.8877
     1549.1185    994.6978    459.0045
      276.3715   1119.0951    697.4507
     2199.8972    167.2341    220.5303
      867.0421   1495.0361   1162.4888
      386.7318    599.0353   1045.4755
      425.6727   2128.4734   1967.4401
     1040.6416   1625.4554   1386.8247
      299.7206   1983.5793   1094.4014
      653.1164   1517.5709   2132.6033
     1133.3717   1119.4354   1095.1200
     1903.4786    709.8375    922.4097
      672.6079   2210.9917    300.8717
     1932.5302   1438.2866   1518.1777
     1310.2722    721.6591    450.9064
      783.2418    190.4902    394.1743
      634.5117    914.0537   1986.4745
      255.8336   1946.1564    600.0974
     1193.5298   2235.1631   1047.8442
      704.6315   1744.4438   1904.7991
      143.1130   1261.0656   1640.4445
      987.2735    871.8130    450.7298
     1025.3339   1321.7988   1780.9846
     1107.4885   1050.9357   2200.7083
      671.9568    589.9671   1174.8408
     2059.3901    830.9880   2221.8171
     1248.1365    554.4612   1278.7806
     1416.8955    650.4990   1982.9861
      857.0916    793.1064   1297.3323
      129.7327   2043.1656   1366.1537
      263.2545   1269.7295    343.1632
     1020.2363    684.4609   1620.3092
      989.7119   2014.6274   1956.0636
      895.0735    559.5189    624.6667
     1267.0935   1101.3318   1408.6212
     1550.5166   1777.9741   1188.1279
      528.4409    320.5372   2039.6140
     2130.0522    692.3263   1184.3761
     1366.5748   1630.2780   1932.9818
     1238.2911   1338.7073    452.7038
      847.1639   1137.9913   1234.9233
     2191.4756   1677.4501   1230.4098
     1421.9315    855.5173    710.1030
     2121.5815    824.7775    882.3311
      583.5937   1299.3784   1350.3545
     2214.0991    464.0852    188.7269
      538.4944    139.7239   1768.0106
      459.2100   1787.3171   1193.3711
      644.4453    311.5328    134.1501
      564.9260    816.6084   1064.0526
      240.0326    384.8920   1120.3806
      349.4645    989.8132    399.1947
      847.8037   1086.7972    188.4773
     1940.7120    676.5783   1427.0415
     1982.6556   2047.4131   2135.5005
      626.3640    349.6830   1020.5258
      787.3121    103.4966   1663.7144
      155.9505   2168.8254   2028.9845
     1757.2009    189.4768   2089.3342
      979.5349    502.6523   1368.1090
      431.4137    740.6252    324.5175
     2191.2207   1576.1299    839.9151
     1908.4244   1048.8350    748.3344
     1491.9231   2166.6187   1931.8654
        9.3887    519.5915   2122.3958
      157.5324    686.7244   1766.4999
      807.5411   2076.9153   1530.6860
     1081.3743    700.6277   1915.5458
     2126.8042   1837.0905    276.7894
     1148.7438   1644.7139     93.2074
     1161.3711   1008.2770   1737.9418
        2.5179   1071.7206    998.5320
      132.8785    266.4649   2104.0229
     2107.2024   2262.1746   1262.0214
      474.2131    695.2881   2213.1897
     1723.3040   1351.5299    826.4515
     1424.0505   1382.1373   1688.6255
      915.8199   1735.9061   1014.5513
     1254.1769   1985.3345    994.6614
     1837.9144   1985.8557   1073.0153
     2119.6541     85.2580   2036.6160
     1515.4985   1929.4098    942.1142
     1130.6337   1718.3931    380.6706
      470.1980    693.6459   1867.4078
     1009.4837    136.9993    270.2671
     1124.4348    338.7006   1518.4288
      880.8743    676.1296   1035.6747
     1078.8673    232.8855   1801.7025
     1133.7721    884.8368   1491.5557
      326.7144     65.9756   2179.8767
     2174.6392   2007.2238   1556.5721
     1456.4095   2017.7417    677.6279
     1769.8196    407.6127   1514.7362
     1397.3854   1204.1949    313.3454
     1640.0820    161.3987   1678.5270
      192.9608   1726.3251   1015.3600
      117.8097    873.3985    683.5775
     1031.6619   1082.7722    749.7627
     2079.7039    487.3164    762.9035
        9.8708    497.8823    893.9072
     1729.2185   1176.7748   1105.7117
       50.2292    478.5046   1534.4327
     1730.5151    572.8802   2119.4822
      454.5077    180.7703    303.1093
     2016.2910    759.4058   1715.6847
      663.9865   1296.4480   1938.7947
     1184.9867   2095.4219   1296.4513
      124.2737    799.9618    368.1820
      550.0321    852.9782   1615.9711
     1329.3312   1106.2938     86.2437
      382.7231    811.0648   1390.7445
     1497.1875   1605.5450     22.0019
     1710.8451   2256.5571    255.1653
     1851.5494    626.2845    231.5640
      235.1745   1768.9335    273.0993
      870.2990    863.8245    764.9816
      393.9107   1116.3197   1763.8180
     1149.3529   1164.1344   1988.0756
     1348.3057   1164.9728    694.0837
     1615.4980    391.9519   1927.3506
     1139.7747   1534.5620   1624.5901
     2149.6750   1360.3168    112.9202
     1473.5577   1055.0072   1089.2574
      178.5829   2028.3904    115.5453
      512.4809    309.5077    739.3057
      979.4879     77.2694   1198.6825
     1239.6798   1042.0896    472.9097
       69.7512   2048.2971    381.5531
     1200.9418   1675.3616   1116.8480
     1878.1274   1328.5444   1156.0503
      920.9578    342.7536   1082.4822
     1275.3652   1968.2250    443.8695
     1815.4468   1216.3313    521.1571
      908.0591   1712.6653   1675.3120
     1635.7671   1113.3718    220.8465
      815.8712   1896.6976    417.2867
     1383.9740    436.4913   2186.5012
      176.2859   1722.9491   1398.9785
     1209.5883    750.1660   1014.6168
     1079.6587     25.0922   1480.1517
       94.9105   2130.7356    741.7808
     2049.3655   1463.5615   1018.7942
     1209.6393   2135.6958    152.5571
     2166.8499   1998.4381   1260.9570
     1898.3337   1875.3600   1317.3689
      950.6421   1550.4304   2154.8826
      631.0494    602.6899   1478.1337
      409.2044   1071.6772    934.4191
     1263.8861   1780.2328    772.2858
      546.3267   2172.9846   1558.1399
     1157.9689   2199.7756   1800.7594
     1376.0907     79.3206   1387.8844
     1558.7979    664.3642   1402.4647
     1057.9911   1991.7775    643.1705
        4.0978   1334.3394   1136.2617
      593.5648   1129.0841   1122.5059
      864.4284    826.8283   2090.3831
     1318.8475   1964.2587   1551.1456
     1744.9608   2140.1968   1970.1555
     1067.7289   1734.1206   1920.5137
      885.4492    807.9260    116.4686
      461.4072   1110.8547    146.5114
     1317.5677    598.6224    141.2726
      437.6245    221.8988    964.4410
     1503.2222      7.2778    549.3622
     1048.0265   1956.7107   1671.4186
     1547.8430   1268.7365   1345.4025
     1259.4542     12.0685    782.0867
      163.7900    762.5443   1513.5814
      577.5673   1510.0007   1145.1956
      292.5614   1097.1506   1521.2002
      463.0966   2139.6567    143.1050
     1489.7129   2209.5256   1048.3297
     1638.8551   1408.4657   1920.1306
     1574.0474   2032.4344    361.8362
      333.2244   1906.3827   2202.2053
     2228.2812   1576.7577   1493.3536
      249.0757   1052.0719   1205.6901
      728.8804      5.4052   1345.0049
     1169.1178    911.5587    220.9533
      427.7488   1837.4243   1854.5367
     1785.9323   1369.4062     89.3350
     1371.1444    461.4442    964.8154
     1395.4751    352.0480    363.4983
      267.9490   2085.5703   1737.8708
     1940.2751   1393.1644   1828.8591
      999.1245   1677.6561    626.6589
     2207.7385   1019.5764   1651.1924
     2168.6401    981.7510    229.5812
      821.7567    303.7869   1935.1276
     1370.8560    265.9304    735.4148
     2071.6892   1195.4447   2201.0088
     1784.0786    235.6186    702.4440
      914.8872   1277.6453   2162.6570
     1817.8276   1523.1951   2097.7107
     1075.1903    382.8009    481.9926
     2243.3525    930.8890   1240.8737
      678.0159   2007.1340   1195.2690
      262.4633    886.9645     12.7252
     1804.5248    476.7461    895.6469
     2154.2664    213.9670    683.4799
     1898.6644   1830.8846    494.2222
      133.1723    626.2448   1169.7013
       23.1923     53.1518   2239.2378
     2238.6045   1330.1832   1907.0602
     1145.0461   1588.3646    894.7612
     1816.0795   1104.1993   2167.8718
      435.5335   2045.7894    411.2452
     2150.7922   1681.3296    532.7538
      425.5546    397.4075     15.7917
      283.3051    420.7066   1859.4756
     1373.3539   1845.5576    205.3768
     2260.6804    427.2596   1841.6169
     1602.0044   1223.4169   2091.8394
     2155.5593   1565.8690   1786.7557
     1355.3412    877.4411   1365.1412
     1583.5183   1420.6600    551.4932
     1485.1224   2059.9265     21.0074
      763.9557   1562.0446    879.4175
     1920.1521   1650.2812    790.0421
     1316.7219    158.8794   1675.0740
     1932.9399   2127.0391    454.3728
      549.3813   2226.2390   1083.7971
     2118.0520    401.3300   1400.4126
     1582.3196    516.0538    753.9891
     2038.5549   1047.5730   1888.4462
     1522.7426    936.4803   1878.5179
      361.6016   1610.4337   2060.4365
     1833.8143   1798.9886   2184.5906
     1845.5342     26.8733   1042.6355
     1153.8749     88.0864   2168.3074
      135.3477   1625.1525   1888.3762
     1759.6074    934.1053   1073.7659
      817.3812   1801.5189    741.3356
      784.9687    701.5137   1819.4088
     1889.9114    629.4334    610.0859
     1714.8772   1674.1234    127.8343
     1535.8729   1003.1561   2169.6396
     1675.3579    935.1058   1379.5574
     1368.3608    170.5508   1985.7340
     1554.3923   2043.8588   1298.2793
      999.3195   1412.4703    474.9744
     1633.8423    231.3499    441.3720
     2038.7415   1383.5756    731.7004
     1901.7863    428.5871    423.1700
      600.3300   1557.2500    593.3909
     1564.2083   1884.5944   2020.6830
     1555.8243   1464.3535   1119.2212
     1224.2345    789.2144   2259.1111
     2108.9641   2203.0361    918.5947
      425.8209   1344.1890   2148.1201
     1901.5844    313.0748    122.9610
     1272.6409    541.7993   1530.3370
      146.0286   1232.5383   2120.6199
     2054.8899   1666.4735     89.0542
     1478.0000    121.8739      1.7763
     1998.5061   1152.2616   1010.6151
     1823.6731   2135.3733   1346.9388
     1892.4482   1127.7482    225.3334
      102.6574   1891.3729   1989.4015
     1300.1521   1445.7316   1409.7100
      656.5153   1189.3972   2204.9849
     1403.5382   1606.8246    309.7838
      598.0206   1944.1039   2084.8972
     1428.2908   1283.3158    946.6385
     1947.5978    411.9986   1710.5486
     1603.1482    520.4515    409.8188
      955.3129    127.9842    703.2097
     1816.5857   1492.0562    478.0426
      216.3780     95.4777    173.6627
     2120.4143    691.8171    336.8340
     2000.7247    243.4981    929.5278
       62.0670   1864.4546   1686.9286
      940.1516   2142.2136   2171.9055
     2004.7062   1417.9622    328.9628
      809.8191   1335.9821    705.5569
     1525.1827    791.2706    986.5417
     1435.5085   1576.9286    872.0464
      510.7228   1428.6685    149.4937
     2104.9338   1904.0636    752.7082
     1560.0966   1902.5337   1724.1101
     1721.9758   1284.8304   1684.1670
     2102.7480    868.2696    569.2018
      900.6744   2076.9502    816.2730
      908.6686     20.0997   1946.1801
       15.6484   1979.4865    966.7100
     1283.0454   1818.8881   1374.1473
     1652.8877     96.9623   1244.3263
     1914.4552    441.6373   1138.6750
      842.5053    232.7270   2186.8767
     1628.7749    383.3375    115.4309
      270.9538    465.6309    293.0720
      686.6673    335.0164   1329.2258
     2133.4788   2187.3118    596.4633
      173.4281    847.7977    957.6318
      859.1583    984.1675   1044.2653
