      718.3071   1706.0687    424.5184
     2048.5876   1674.8260   2198.7881
     1000.8453   2028.1987   1501.9471
     2200.3782    340.7404   1255.4071
      577.6605   1583.5887   1774.0083
      176.1940    362.7911    410.4677
     1955.0890   2025.1110    858.1856
     1052.6080   1511.6042    419.7700
      441.5680    212.4358    321.6257
     1603.0472   1827.3818   1237.9755
        0.3745   2144.8091    733.5192
     1097.0060   1318.4761    113.1776
     2258.3669   2039.6478   1038.8805
      458.7072   1996.9681    154.4833
      495.6323    257.6374   2221.6177
       76.7852   1592.2179   1265.0443
     1791.2747   2124.5647     11.5768
     1801.9076    623.5031   1053.0245
     1965.7402   2088.1504   1891.0802
      714.7404   1559.9681   1454.7955
      755.9075   2055.0273   1015.7932
     1129.9010    939.9251   1334.1785
       91.8095    364.2151   1615.6851
      677.5540   1687.4871   1033.0078
      551.6899    360.7259   1441.3812
      531.3181   1824.9519    694.1295
      589.3846   1871.1410   2088.0703
      802.9775   2261.0447    716.3625
      747.0693   1199.4489     83.7539
     2123.6697    126.5125    527.8632
       73.9031    444.4738    859.8531
      517.3766   1236.6558   1409.5555
      618.9811    747.8480    133.6351
     1481.0930    700.7062    899.3756
     2160.8586   1357.1658   2020.0328
      786.3081    781.1959   1217.9813
      780.2783   1214.2233   1809.8119
     1312.8773    669.2615   1452.4647
     1205.9807    143.0788    448.3717
     1856.5112   1589.4001   1762.2538
      804.7335    953.4654   1506.2681
       31.8507   1085.4342   1217.6307
     1194.7527    325.7325   1056.9233
     1726.0874   2180.0859   1105.2567
     1959.9323    729.1245    613.4094
     1061.9839    462.2628   2162.4875
      983.3120   1727.3650   1567.9650
     1470.1812   1408.8401    978.8801
      546.8035   1000.9764   2228.7075
     1268.8572   1534.3152   2141.8958
      306.2449    344.2462   1133.3975
     1201.5656   2042.3083     38.3649
      516.8881   1241.8776   1734.2379
     2065.8560    703.1152    204.6549
     1298.7662   1827.9978   1569.4510
     1974.7373    280.2023    921.5018
     1459.8584   2251.2327    891.6129
      119.3824    491.9668     42.2747
     1198.7891   1796.1948   1128.9387
     1202.4558     18.6911   1579.5718
     1661.6824   1621.2561    172.1999
     1720.0870   1998.7223    545.0712
      986.5587    581.1988   1665.6512
      363.3941    182.9403   1743.7574
     2234.4421   1437.7788    278.9219
     1735.7607    844.9714   2261.8242
      421.3659    923.4501    351.8388
     1703.4637    241.0421    379.0024
     1541.3467    580.1381    432.4905
     1753.6488   1450.0117   2099.2810
      666.3594   1949.5983   1740.1205
     2250.3657   1853.0282   1367.0883
     1884.9675    228.4179   1337.3546
     1900.1486    612.3935   1902.8195
     1529.4545    531.5542   1181.9999
     1130.4595     55.6553   2195.9729
     1095.3571    939.6298    736.5990
      343.7681    577.8538    450.8278
      310.0886    746.8414   2022.3492
     2179.6575   1841.4956    549.6365
     1373.6682   1386.5510   1313.6759
      496.5299    887.6528   1554.2214
      880.5063    986.4940    317.4991
      519.5969   1452.7363    635.9816
     1929.2478   1750.1934   1265.0967
      849.4956   2249.2729   1339.9718
     1867.4733   1127.4816    714.0670
     1867.6587   1291.8823   1320.1350
      184.4865   1871.1367   2111.7695
      469.2359    671.9259   1145.5310
     1288.2705    600.5178   1957.3882
      741.4536    369.9134    385.2108
      347.4390   2204.3899   1930.8232
     2111.5762   1970.6141   2147.4014
     1749.3856    503.2677    741.5461
      846.0866   1691.1469     18.3482
      952.1296   1797.8612    607.4150
      480.3483    715.3918    882.9036
      644.4322    171.4700   1049.4152
       11.3599   1978.7493   1862.7834
     1309.4055   2020.7080   1857.5374
     2162.2275     71.7126   1705.1436
     1668.6667   2121.7385   1577.2245
     2141.8704    632.3934   2147.6736
     2205.7053   2237.6704   2047.0150
      251.2162   2246.0452    205.7141
     1769.7548    733.6290   1456.6467
     1898.1259   1566.0657    288.7004
      744.3414    215.4276   1749.3602
      927.3420   1340.9940   1077.3033
     1586.5862    187.4153   1128.6113
     1652.0955    210.7593    758.9998
      356.2404   1546.8373   2110.2126
     2050.2200    510.7728   1585.8101
       91.8667    775.0406    710.1340
      301.8771   2130.4990    516.8100
     1980.9492    332.9508    313.9408
     1951.1560   1239.5713   2259.0562
     2068.6431   1640.1196    956.5343
      858.0037   1182.0730    814.1143
     2028.2434   2116.3115   1452.7661
     1279.8380   1837.2048    321.6727
       64.3558    812.2584   1707.5702
     2256.1501    663.1093   1204.2686
     1996.9153    998.7656    396.7103
     1618.3564   2243.7502   2065.3176
      203.3615   1875.1559    240.1516
     1704.1281    233.9146   1833.8301
     2145.7981   1505.0747   1527.4553
     1699.1455    963.4692   1890.8992
      300.2958   1738.5707   1051.4865
      101.1082   1223.3582   1627.1792
     1058.4786    338.1566   1403.8323
     2137.5356   1200.7330    979.5438
        1.3948   1047.4679   1966.2224
      897.2617   2127.0657    356.4048
      464.0336    400.7647    823.9755
     1023.8308     12.7014   1130.8683
      776.7514    680.0240    815.8770
     1283.0897    970.2550   1665.0616
     1636.2024   1121.8258    402.6524
     1430.8401    865.3865    180.0498
      347.4505   1218.9619    422.4819
      309.4242   1563.8855    134.7221
      342.1029   1360.2802    920.6061
     1599.6488    513.8878   1689.3630
      108.1747   1488.2117    705.5951
      215.7087   1035.2532     82.0772
      660.1678    958.6003   1040.9966
     1576.3505   1577.0442    503.3527
     1311.5493   1326.3943   1890.6127
     1460.4399   1252.1625      8.0081
     1770.8939    300.0930   2150.3914
     2181.9739    560.4035    515.8960
      499.6966   2218.5171   1273.2383
