      437.1547   1632.9371    458.1318
     1826.4821   1592.0654   2078.0586
      872.9983   1766.8048   1731.7587
     2080.1238    297.7143   1257.6156
      227.0301   1665.2380   1469.2002
        7.1209    406.9903    199.1409
     2058.5935   2214.4050    512.6852
     1073.0531   1470.1943    139.8084
      518.0826     43.9867     21.7092
     1434.7950   1467.9240   1262.6223
      207.7198   1989.6842    913.2504
      971.5913   1560.3041    514.9625
     1792.8818   1713.0148    755.1849
      489.0066   2028.0917    268.7562
      408.8561    525.6050   2088.6497
      418.4719   1672.5061   1018.1970
     1554.7678   1913.3958     27.5323
     2014.0410    640.4213    873.8265
     1961.9835   1750.8920   1645.9695
      678.3583   1498.2944   1371.4266
      490.7155   1979.1445   1263.3738
     1573.2310    711.9165   1608.2216
       24.0052    211.0654   1509.8210
      740.9654   1576.6927    942.4042
      394.9972     89.0233   1029.5552
      803.3248   2170.5273    997.0504
      754.1929   1972.4230   2126.3391
      957.3308   2020.2887    629.0865
      417.0003   1508.4712     47.4485
     2169.8816    253.2701    757.2512
      536.0212    689.3946    853.1038
      367.3788   1331.0001    807.2424
      950.7844    399.5719    117.0699
     1287.6284    481.5348    619.0330
     2168.6506   1214.2227   2238.1426
     1160.6161    649.4391   1008.6937
      788.1312   1411.0809   1724.8395
     1226.7598    749.1575   1754.2245
     1586.3574      2.2081    752.9186
     1985.7688   1185.2383   1496.2457
      705.6948    810.6436   1157.0438
      229.7289   1220.4464   1238.9072
     1636.4458    353.3128    792.8026
     1923.4513   1779.5294   1332.3907
     1649.0167    522.7719    394.0567
      931.4262    137.5775   1894.8912
     1016.7900   1528.9714   1282.6017
     2015.7833   1310.2888    875.1489
      827.2784   1043.7310   2168.7017
     1226.3358   1523.2356   1985.0789
      390.7459    336.1225    641.7369
     1660.1166   2230.8965    147.3911
      609.5668    902.1402   1605.4891
     2010.0574    985.7071    328.5053
     1342.8135   2000.5730   1821.3263
     1758.5898     47.1955   1136.0702
     1331.8712   1962.5596    977.5496
      381.1246    494.0902    112.2155
     1235.1511   1601.2437    959.7329
      780.4462    173.2091   1331.7300
     1242.5573   1755.2439     77.0883
     1873.3037   1960.7781    167.2325
     1264.5970      5.4748   1662.0546
      575.6375    558.5629   1677.6772
     2112.2993   1881.6902    364.1290
     1938.5151    735.0586   2194.2122
      141.3454   1308.7085    325.1365
     1463.2542     90.0539    365.9696
     1141.2645    521.0163    279.5947
     1805.9866   1192.9781   1897.1848
      801.2595   1949.4266   1438.7444
     2252.4097   1914.0326   1410.0591
     1827.4888    294.0886   1896.5870
     2172.7446    794.0358   2034.4508
     1737.7501   1035.2838    767.1635
     1081.2017     53.0222   2241.8486
     1183.1437   1293.9100    589.9268
      747.3615    724.0845     59.3936
      275.1340   1391.5957   2062.8853
     2138.5037   1687.2598    920.7527
     1314.2395   1139.1221    971.5657
      580.8353   1186.4945   1457.8195
      846.9271   1217.6958    505.8380
      964.7864   1263.8795    987.8305
     1690.7229   1572.5040    998.6613
      512.0160   2045.5211   1543.1974
     2241.1995    976.7122    570.7028
     1991.5752   1495.6427   1479.3822
      252.1662   1893.0281   2102.0034
      349.8186    396.5633   1448.4547
     1557.9922    803.8802   2070.0664
      631.9871    296.9951    345.8585
      601.0018   2127.8398   1914.4447
     2119.2654   2035.0055   2095.7910
     1849.8776    450.0956    655.3837
      969.8509   1951.6206     94.0141
     1233.1415   2212.1309    871.8286
      289.7054    716.8948   1175.1769
      478.1007    409.7011   1147.6406
      110.1204   2260.4790   1935.6056
     1170.4376   2230.2351   1336.9758
     1878.4427    187.0551   1501.7908
     1728.6342   2175.7759   1653.2568
     2004.4349     57.8529   2245.4580
     1589.1161   2166.3665   2082.5923
      164.5286   2153.8728     71.1886
     1318.2577    291.1979   1545.1117
     1556.8929   1317.8365    409.3569
      604.0817     54.2859   1552.6780
      869.2519   1069.8428   1321.8717
     1411.0811    133.5740   1306.0718
     1768.3955    408.1349   1103.2787
      545.6438   1631.8423   1951.3522
     2154.4849    619.4492   1179.8330
      306.9715    880.6209    501.2408
      572.2380   2219.0645    524.2786
     2252.4253     81.1967    352.8534
     1866.2863   1341.9341   2186.5349
     2225.7131   1472.9066   1186.8081
      489.3944   1004.0089    899.1492
     2181.7905   2109.0527    947.7831
     1427.0681   1764.5068    363.3297
      132.3977    811.5978   1809.1984
     1954.2102    899.8454   1227.2041
     2085.4165   1337.5525    270.1180
     1485.5455   1716.1049   1976.5521
      144.0252   2028.9962    458.7912
     1500.2367    528.1879   2258.9746
     2112.0720   1561.4248   1891.4198
     1983.8490    498.6506   1699.7549
      615.0994   1831.9576    710.6601
      176.4870   1264.7145   1501.4442
      805.5655    290.9189   1056.7087
     1632.3528   1246.4952   1062.3672
      329.4438   1109.2292   1835.0740
      853.0539   2143.9690    324.4854
      215.7833    554.5303    788.1519
      725.3326    716.1057    410.2247
      539.0866   1028.7400    318.1736
     1609.6025   1159.7045   2102.3582
     1444.6816    910.8889    352.4172
     1052.3942    917.7906    549.2811
      749.0088   1307.9899    213.5844
        9.4794   1592.8348    156.7693
      102.7565    968.5601    911.7473
     1497.3395   1369.8639   1665.7297
       92.9626   1547.9777    589.8625
      313.1320    810.0880     24.1434
     1160.1703    841.5069   1276.3945
     1223.6343   1769.5253    656.0965
     1525.4479   1717.1189   1518.3059
     1824.1045   1526.1232    162.1126
     1353.6927    270.7050   2219.7747
     1923.7291    277.3188    364.2211
      242.4162   2259.6191   1480.9202
