      425.3667   1472.3040    390.6031
     1632.2650   1445.8060   1731.7632
      427.0539   1666.4401   1925.7875
     2022.8424    574.3024   1340.5227
      469.2115   2222.5171   1577.8701
      150.1592    199.2021    407.5725
     2015.7211   1736.2433    702.9589
     1372.9082    844.6252    172.4996
      503.8390    531.1374    375.7827
     1219.9502   1746.7896   1537.7178
      228.5490   1980.2146    503.0658
      607.2463   1923.0751    951.4140
     2130.8213   2115.6221    337.5230
      630.4694   1016.6752    992.4306
       50.6079   1292.1477   1440.4849
      333.1407   1120.0573   1267.9825
     1472.1874   1465.2308    121.6849
     1939.8828    187.0774   1291.7745
     2105.3188   1118.8041   1722.5087
      825.7926   1550.0297   1369.3854
     1192.7559   2127.6587   1735.0038
     1240.4204   1422.7069    754.3665
      188.4379    182.6360   1103.5006
       22.7690   2042.3361   1431.9658
     1013.5453   1078.0430   2014.3412
      626.7927   1980.0526    636.7215
      371.6654   2249.8032   2207.5266
     1264.8450   1665.8353   1255.6635
      528.0314   1776.0094   1327.9257
     1999.6415    143.9679    747.9736
      943.4445    117.3076   1536.2509
      756.2181   1706.5114    377.6400
      485.7877    338.5463   1016.3376
     1616.7927    169.8855   1315.3087
     1787.5524   1741.3134   1325.7747
      989.9893    696.9139    166.4274
      849.3757   1366.8602   1940.1281
     1354.6757    727.2319   1742.6643
     1340.6039    634.4036   1443.1849
     1957.6029   2100.0195   1488.0327
     1620.1045    715.2131    533.4114
      628.7410   1421.6483   1094.7236
     1300.4784    263.1548   1034.8252
     1962.1477   1462.3184   1506.2158
     1437.2732    543.1835    238.1785
      370.2994    540.0504   1595.8966
     1235.9286    996.9611   1077.2628
     2154.8547   1118.8015    682.2268
      219.6490   1599.2863   1490.0846
      805.1540   1860.6296   1919.7604
     1030.8741    195.8066   1231.0916
     1934.7902   2111.3948    138.2691
     1209.9387    562.8399   1894.0941
     1676.9706   1144.5266    599.6963
     1753.9998   2038.8927   2151.3579
      725.8493    588.5243    665.1829
     1442.5339   2181.1765    907.2433
      549.8779     54.8360    366.2143
     1409.1025   1425.0278   1191.0918
       63.8198    311.0347    704.7212
      834.5137   1751.5315      5.4210
     1873.4829   1912.2493    446.4425
      594.2441    102.9091   1859.4630
      251.3454    802.1309   2008.3684
     2233.6904   1386.9491   1035.5758
     1539.5931    879.3645   1372.2549
        5.4916   1204.0448    118.7166
     1672.1355     72.1755     50.8005
     1395.9636    256.3688    208.3282
     2125.4741    702.3466   1651.3662
     1755.5961   2198.4785   1090.9403
     2235.5720   1935.1226    987.7545
     2084.0493     92.8177   1876.1259
     1837.2072    397.0345   2209.5625
     1870.3857   1165.3488   1191.1244
     1034.5649    196.7176   1869.1066
      451.0377   1294.5588    713.4398
     1117.8549   1055.4014    196.1248
     1304.3875   1515.9509   2118.4819
     1430.4906   1805.0272    730.5262
      932.4307   1523.4591    606.7935
      274.1347    832.8623   1480.7081
     1056.1572   1329.2695   1151.2379
      316.6131    667.0684   1003.9154
     1678.2494    727.3804   1214.6492
      215.8816   2119.6184   1854.7803
     2016.3593    776.9037    584.2410
     2158.1775    884.5793   1371.8820
       23.9584    819.7966   2251.9856
      730.6141    523.0732   1967.8578
     1712.6780    717.4017   1734.7919
     1089.3958    692.1271    616.9701
     1272.7079   1776.6577   1921.8645
     2191.5017   1875.6246   1711.0883
     2209.6250    499.9862   1015.1555
      199.9033   1680.5066      6.0067
     1173.4877   2222.5820   1086.4756
       52.1277     30.2894    898.7523
      143.0504    140.3996   1774.5365
       34.2961   1969.4272   2195.8630
      499.9078   1144.5502   1836.7008
     1794.4452    260.5658   1921.9192
     1847.4381   1935.4253   1773.4700
     1270.7960    606.7321   2238.0679
     1780.9387   1675.9470   1763.4475
      970.7138   1976.2592    326.5977
      901.9905    520.9646   1004.3246
     1726.9573   1538.4261    567.8519
      349.6696    500.0528   1952.2882
     1149.5760   1406.7310   1693.4121
     1414.9795    264.3505   1695.5442
     1354.3339    272.2216    633.6651
      768.6478   2104.7107   1368.2831
     1551.3951    478.4740   2168.4094
      846.6854    325.4811    365.1474
      550.7138   1694.5577    667.3400
     1794.8385    378.9716    293.5215
     2061.6504   1101.6772   2050.4033
     1733.0612   1928.1719    998.3632
      485.3612   1148.5966    326.7270
     1958.0109   1445.7328    833.4537
     1448.8984   1996.6178     88.0705
      637.0530    687.5448   2199.0339
     1363.8405    941.8758    691.4494
     2068.9436   1292.7634    446.3464
     1523.2302   1808.5941   1656.2030
      441.3479   1795.8105    277.2525
     1019.0960    826.8488   2146.8083
     2127.1177   1444.0280   1872.9324
     1685.4922     25.2138   1683.3336
      669.6362   1349.0784    494.3357
      708.8739    765.9431   1707.2400
      480.1649    134.3209   1265.7703
     1032.3798    953.7124   1479.0272
      251.1322   1061.6174   1755.4302
     1429.9431   1731.3966    405.2926
      187.0381    521.2615    122.3176
      260.5786     68.8762    733.4186
       26.3154    417.9091   1358.0159
     1740.6787   1146.9465   1919.9113
     1629.2529   1087.5085     77.5378
     1769.1963    706.5206    879.5977
      457.4089    829.6967    362.0393
       74.2506   1501.8389    696.1892
       49.4921    776.9013    856.7318
     1391.9553   1268.0190   1881.7867
      174.6708    707.6976    493.9105
      738.6835    948.1264    556.5629
      914.6669    688.7726   1522.0530
      987.6917   1831.6161   1005.7744
      693.1876   1246.4913   2211.5342
     1406.8009   1256.2297    396.7721
      874.5422     72.6836   2259.5667
     1214.8276      4.8404    189.7394
     1118.6560   2157.1934   2131.0271
