     1050.0179   2145.1919     59.9282
      955.1550   1551.2712   1250.4419
      946.8018   1729.0608     73.5661
     1256.5145   1139.5818   1620.4259
      543.1667   1630.6847    669.2386
      781.4419    562.9490    983.6516
     2028.8251   1646.3635   1078.8950
     1292.6958   1854.1042    946.3738
     1268.1016    279.9182    662.2543
     1602.8450   2163.7373   2250.0972
      566.6855   1504.9509   1390.1154
      833.7298    126.8802     95.2067
     1521.0625   1970.6846    396.3997
      822.3352   2254.5361    662.1270
     1284.0140    886.0524   1300.7422
       18.6472   1207.7500   1991.8788
     1283.8157   1866.6968    535.9474
     1346.4149    164.0763   1454.6979
     2002.6158   1750.5039   2069.1096
     1926.7542    438.4010   2159.6443
      875.0834   1785.1373   1067.5865
      740.1693   1834.7682   1820.1046
       46.4987    929.2292   1903.0165
      688.3165   1173.9811   2068.8213
     1075.9493    649.6461    663.0089
      214.5927   2075.9702   1556.1125
      293.2392   1546.9806    720.8138
     1563.3685   2224.0000   1763.0828
     2086.5210   2163.2014     90.1003
     1905.0861     97.2999    292.7690
      638.7993    739.3030    607.6935
        2.6221   1117.5280    581.2603
      616.3183     90.6311    541.5611
     1563.4080   1568.3887    785.5346
     1434.1252    723.9561   1687.4666
      604.3995     82.1074    800.8135
      906.4778   1956.0968   2223.0166
     1391.4323    411.4024   1508.2064
     1993.4785    138.2887    510.9703
     1859.7773   2246.7666   2064.0078
      233.4125   1358.9216   1497.2307
      398.0358    362.4393    420.3124
      545.0327    306.1743    674.8114
      553.4427   1887.1462    784.4269
     2040.1136    180.5060   1224.7495
     1532.9214    223.6180   1688.5110
     1026.4094    108.1252   1063.7854
     1130.0382   1282.1566    625.7018
       68.1922    737.5833   1556.9551
      903.8013   1130.5350   2218.3953
      808.2449    855.6909   1088.0176
      874.6045   1356.4957    277.6219
      505.0219   1231.7732   1636.7008
     1591.9282    775.0887    217.6906
      917.4214   2195.5833   1616.3164
     1561.0393    850.9483   1396.9078
     1569.7335   1314.2197    633.0840
     1250.4436    297.2285     59.9397
     1409.2101   2031.7056    649.6909
     1658.1075    753.6511   1638.3253
     2254.0776   2038.0962    425.8987
     2246.7974    546.6379    838.3043
       44.3114    216.0812   1737.8246
       25.4459    310.0881    792.1140
     2125.0957    745.5242    199.1932
      950.8561   1210.7921   1379.7324
     1229.5050   1047.9614    504.5044
     1334.9678   1326.3784    138.7229
     1035.5004    441.3294    554.9086
     1255.6411    874.5901   1576.9275
      744.8174   1316.1858    741.7373
     1946.7909   1959.0342   1975.2817
     1307.2555    857.4638   1054.5190
      256.8566   1326.6345   1953.7223
     1652.4390    232.1833   1428.3995
      337.5857    136.9361   1894.8750
      623.1683   1793.5323     74.8252
      386.3528    134.9664    910.6899
      861.6383    453.6523   2051.7385
     1568.9978   1805.7029    595.5351
     2149.4380   1398.7980    642.2388
      549.2814    874.8130   1132.6868
      722.0425   1832.7559    549.7947
     1708.8022    788.8608    437.1399
     1432.4608   1644.1460   1650.0829
      787.6403   2199.5085   1427.8663
      321.3311    757.1267    201.2361
     1330.6458   1773.4312   1457.0851
      629.5413   1701.7091   1492.3788
     1016.5094    461.8487     82.8454
      247.6820   1130.4293   2171.1040
     2073.0525     23.1963   1666.6324
      234.3269   1508.6735    992.0171
     1309.5222   1601.2798   2056.0432
     1790.6541    293.7081     79.8619
      787.8010   2115.0596    454.3409
     1384.2584    461.4683    257.0148
       23.6808   1144.9049   1765.9545
       52.4320     65.0722    431.9389
      197.6827   1843.4984   1784.6754
     1787.6914   1399.9027   2107.3093
     2040.1049    842.0676   1134.0200
      752.9227   1605.7943    764.6422
     1628.8353    678.5470   2139.8467
     1758.4020   2244.7661   1360.1206
       43.6383   1507.8323    835.2109
     1540.4573    489.5015   1730.8615
     1824.2657   1860.1776    586.2683
      204.5595    549.8768   1689.4252
      211.2246   1107.6660    933.3654
     1573.1461   1482.6924   1779.1742
     1520.6802     77.2070   1236.4072
      142.3100   1612.9132   1398.7845
     2112.6431    593.7584   2009.8337
      121.3188    339.2002    488.5992
        8.0986   1752.9099   1224.4041
     1337.4672    676.6657    672.0322
     1879.9502   1884.2385   1555.5870
     1322.2848   2105.0537   1869.4307
     2045.2150    720.8124   1588.6284
     1806.6675   1961.3732    992.4792
      312.3581   1355.5214    468.7116
      336.8642    155.9252    515.1638
      894.8057    679.6003   1384.6339
     1902.2656     84.3180   1835.4369
     1511.5765   2026.1685   1364.3252
      208.8856    633.9156   1116.7573
     2122.6143    130.9677   1920.3517
     1403.3638   1186.2319    907.4225
     1842.1584    933.6101   1818.5403
      821.0011   2118.9858    890.7011
      209.0540    874.3849   1688.7964
      125.0296    150.4668    988.5754
     1919.0894   1568.5236    676.6409
      131.4889   1984.3536   1966.5803
     1307.3582   2004.9948    308.5444
       54.1079    431.8293   1098.8467
      251.6497    282.5043   1681.7112
       24.5275   1252.6021    839.2191
      504.0820    273.2169   1313.5076
     1296.5549    150.2821   1140.6449
      660.2072    802.2827    193.3769
      513.1339   1359.9081    615.9243
      478.1652   1134.7416   1047.1637
      724.3193   1530.7358    524.9348
     2107.9011   1608.2582   1305.6523
      904.4440    842.6281    543.6049
       19.3569    115.7300    148.7449
      673.4437   1004.8872     10.7676
     1968.7996   1646.8802   1542.3119
     1137.3342    735.5125   1772.3840
     1208.5997   1573.3816   1320.6632
      320.8030    204.3912   1205.0087
     2031.4548    158.8025    123.9578
      555.2921   2083.7332   1225.6125
      763.3091   1685.0948   2136.5244
       14.7854   1393.5730   1760.3395
     1063.6847   2016.0277    944.2493
      950.0377   1864.2811   2012.0302
     2210.7041   1837.6848   1894.1282
      863.2657    851.4991   1870.4899
      600.0325    571.4976    796.5654
      186.7536   1582.4803   1652.1194
      327.8954   2117.9021    271.1808
     1885.1613    663.8062   2038.9260
     1808.0000    687.8829   1455.5732
     2029.8242    622.3694    667.5599
     1861.9310   1305.6234     69.9756
      518.0143   2173.1411    422.0848
     1346.7944    211.4045    256.2282
      470.7714    981.9581    197.3440
     1866.2797    680.0453    276.0504
     1920.3180    367.3815    624.5576
     1678.9934   1055.6245   1507.8395
     1345.5660    894.6741    250.9677
      287.2338   1225.1874   1135.5288
     2138.0920    211.2575    326.8086
     1111.6074    328.0602   1109.7045
      431.5007   1032.9799   1298.4592
      351.9680   2019.0847   1758.3370
     1117.6798   1533.5475   1029.0778
      403.2759   1917.3873   1451.1206
      300.2387   1740.1295   2159.5154
      890.7565   1049.7424   1704.7771
     2150.6458    239.8546   1476.6427
      796.0961   2078.3801    112.0038
     2059.1514   1340.8488   1224.4204
      979.5293    989.8850    925.4194
      645.2866    453.5244    491.7722
      601.9130    939.4159   1933.0966
      193.8099   1936.2290    524.4524
     1217.5437   2193.4519   1088.1006
      608.1674   2000.5560   2199.5757
       25.5938   1242.6720   1571.0258
      818.6131   1276.2390    519.1983
      690.5894   1135.4556   1806.6334
     1398.8495   1204.6476   2140.5344
     1007.7343    331.3854    852.1268
     1971.6733   1148.4963   2168.2290
      922.8647    757.4901   1629.1034
     1406.8914    656.1867   2059.1194
      496.9438    979.6664   1694.7493
       55.7965   2258.3774   1321.2803
      158.7812   1690.5883    210.9821
      401.8087    820.8400   1843.8773
     1198.0154   1996.3370   1470.2131
      910.3912   1133.5564    688.1230
     1848.4440   1162.8654   1371.5417
     1363.2607   1669.4200   1105.7905
      522.7077    555.1772   1399.0762
     2102.1892    916.8721   1393.2345
     2001.1758   1507.4896   2017.8038
     1615.7137    996.4097    292.1273
      826.0886   1500.4226   1458.6770
     2034.9683   1918.0930   1099.7427
     1405.5944    666.6844    904.2241
     2027.7731    763.6518    462.4626
      405.8926   1257.4937   1374.4689
     2047.6189    638.6495      6.0504
      380.6950    379.1440   1516.8395
      386.1315   1666.8167   1401.4727
      599.5245    157.3521     70.4463
      638.2415   1287.8622   1461.7377
       98.7883    380.6868   1512.7253
      457.2934    653.1794    984.7987
      680.5821   1156.1448    256.2505
     1588.0332    745.8615   1907.4375
     1968.9622   1570.8461   2241.1296
      823.1997    537.5456    699.1407
     1094.6448     98.4320   1730.3409
      563.6086   1917.0630   1663.3679
     1678.0636    127.1890   2174.3550
      409.7885    739.7078   1596.2888
       24.8991    763.7441    710.2368
     2190.6167   1137.3801   1297.1213
     2165.0730    419.9874   1274.2271
     1780.7637   1612.0524   1702.4174
      468.9669   1176.5437   2260.6282
      276.9791    618.9814   1446.0408
      644.3563   1926.3674   1402.7966
     1397.0535    432.6301   2157.8472
     2085.6223   2208.2439    334.9485
     1049.5614   1517.4777    210.5245
      841.5748   1259.9335   1602.1313
       17.6067   1007.6007   1071.2380
       92.9075    510.2429   2010.4666
     1890.9219   2137.9526   1148.2471
      274.0461    726.6289   2204.0381
     1681.0011   1111.1150    493.1458
     1498.2755   1266.5071   1654.1189
      512.8725   1819.9446   1209.3450
      920.3923   1123.1675   1138.5339
     1770.7070   1990.4698   1343.5183
     1514.0573    376.8138   1941.3025
     1616.9590   1710.5365    379.2628
     1008.6906   1494.8247    459.4999
      699.8395    884.3196   1672.1353
     1146.0562    204.0416    460.4703
     1312.5443    283.6486   1776.7135
      753.4879    455.4868   1352.7720
      679.5333     12.5612   2130.9453
     1395.2186   1079.0017   1410.9072
      382.4379    263.8962   2262.2124
     2087.1125   2073.9734   1313.3840
     1688.5531   2049.8997    557.1210
     2169.2097    507.2669   1543.7451
     1348.2649   1753.5760    254.2131
      826.0510     24.7561   1882.5936
      680.4786   1104.7764   1217.0828
      489.7776    388.0709    922.8805
      932.3838   1749.2438    562.8046
     2258.6248    486.3640    289.0672
      281.5062    320.9267    723.1628
     1928.6180   1299.1853    877.8697
      672.3537    407.2448   1584.5627
     2253.8926   1014.9500   2180.2947
      864.4500    402.3611    343.0850
     2193.8640    135.5704   2169.4629
      196.7301   1609.7615   1918.2623
     1319.5110   1899.6581   1242.2212
       58.6970    867.4231    463.0558
      732.0731    668.4599   1538.7643
     1237.1714    675.9486    234.0156
      394.2794    473.8306   1173.8339
     1364.6854   1818.9401     26.8018
     1194.3816   2258.7200    263.0359
     1993.1416    435.7163    158.1638
      209.9952   1628.5776    460.5116
      853.7667    755.9905    813.3533
      267.8880    916.3102   2019.7559
     1117.7863   1816.1033   2171.2178
     1182.3118   1101.4512    770.7834
     1676.8082    411.8224   2132.0706
     1419.6321   1488.4449   1469.8409
     1781.7780   1013.5183    101.5255
     1788.1775    949.8846   1064.9468
       70.4309   2179.0171    249.9298
      257.8609    502.9709    121.1988
      892.1071    137.2077    417.8393
     1471.6428    911.0643    528.1810
      326.7354   2045.2410   1255.5679
     1402.7367   1466.6263    975.3424
     1647.2307    970.3849    699.5175
      867.4965    325.4641   1108.3889
      644.0987   2088.7947    680.8199
     2221.2002   1784.2888    951.7173
      932.1163   1487.4987   1707.1788
     1447.4824    679.2690    404.6842
      836.2056   1841.2065    266.6984
     1721.2268    521.7861   1890.2483
      190.1567   1822.1642   1508.2305
      827.3880    932.4393   1344.1008
     1150.6945    198.9204   1314.0123
      223.4471   2163.7019    897.0401
     2178.5059   1840.7302   1436.3375
     1135.6896   1870.5016    140.0484
     2120.8171   1364.8076    991.0917
     1532.6261   2261.9526   1515.7043
     1259.5640   1431.3351   1663.3628
      672.7479    664.2305   1202.6516
      193.2846    558.6634    870.1066
     1406.1785   1789.1224    744.5355
      347.3242   2256.9324   1685.7196
     1088.9899   2228.5234   1933.7386
     1442.9633    180.0667   2210.7688
     1666.9377    467.6162   1499.1477
     1041.7383   2196.2983    493.9265
      349.9575   1326.2633    866.8779
       63.9234   1301.8915   1083.0348
     1206.5432   1395.5692   2148.7134
     1168.4960   2243.6521   1486.2439
     2054.3384   1986.7870   1706.2347
     1413.0680   2056.4629   1558.4540
     1189.0323   1100.6293    220.9152
     1126.9299    418.6569    269.6037
     1088.5061    880.9136    350.8596
      639.8478    442.5045   1149.3301
     1871.5867    355.5634    360.5095
     1105.2727   1766.8463   1099.1946
     1676.3578   1465.8959   1520.9556
     1235.0538    484.6558    825.8922
      259.7495    871.6266   1416.4519
      534.2668   1472.6426    876.7608
      822.3980   1320.8740   1873.6077
      225.8512   2114.9561     10.4222
     1563.2473   1834.7675   1573.4368
     1692.3737   1928.4143   2026.7258
     2103.5322   1641.9108    312.4912
      123.4420   1901.7550   2255.3870
     1663.7849   1323.1964    872.0530
      169.1475   1119.0160   1316.3286
      564.8504    205.6364   1060.3540
      994.5903   1092.9905    470.3704
      392.9045   1708.9766   1632.3177
     1604.2816    907.6028      6.0314
     1143.7395    664.6483   1324.6600
     1061.8041    210.0953    197.7112
       26.9663   1990.3606   1701.7384
     1654.2618   1064.5823   1780.7969
     1103.2920   1745.9281    353.1898
     2106.0481    920.2023   1699.5658
     1955.4528    928.0577    913.8511
     1234.6797    257.3778   2034.4033
     1401.6802    617.1601   1173.0865
     2152.7554   1607.4321   1856.3533
     2153.6033    408.2536    594.7043
     1344.0031   1412.1952   1892.1384
     2013.3448   1388.4111   1654.5205
     1608.4794    282.8896    316.0611
     2206.8113   1533.1914   1572.8652
     1013.3687   2246.5125   1278.8079
      477.6175   1403.7970    152.3038
     1803.7817    444.5435    983.8039
     2156.1462    249.7619   1018.2614
     1946.8594   1987.1635    230.1080
       17.6185    640.2024   1325.3810
      521.0338    221.8704   2076.8347
     1727.1322   1122.3896   2140.1621
      799.9691   1966.7549   1199.4496
     2039.8584    522.4018   1786.0785
      180.2080   1557.8782     12.2673
     2048.7769   1880.2927    461.8288
      700.3057    541.0719    252.1876
      175.5064    726.8768   1922.6819
     1289.6184   2171.1924    469.3947
     1979.7665    860.7253   2122.9912
     1751.9332    885.4714   2020.3497
     2112.7805   1345.7006   2190.9878
     1007.9239    565.6005    925.5866
     1362.1770   1381.5304    508.0399
     1705.8022   2113.5923    262.1434
      526.0581   1405.6844   1146.7230
     1727.8661   1536.5616     73.2516
      976.6334    632.4540   1940.0377
     1899.8112   2088.4102    444.9233
      378.6426   1719.0984    876.4041
     2063.2183    281.6297   1715.2264
     1961.5811    646.5624    990.6249
     2018.4355   1153.6957   1736.2749
     1042.8866    899.2902   2128.7524
       49.6849   2224.3135   1745.4585
     1301.1003   1884.0516   1687.5033
     2225.2112    684.8651   1072.0164
     1032.0342    244.2370   2203.9753
      370.0430   1489.8368   1813.0317
     2043.0952   1155.7742   1498.2308
      627.7032   1973.2367    260.8214
       34.6898    983.7190   1523.2616
     2050.0942    510.2990    384.5199
     2201.1008   1662.8700    101.6001
     1542.3647    972.1525   2033.3156
     1806.1658   1210.0524   1069.4889
     1215.1626    631.2417   2257.6235
     1554.8773   2249.8108    666.0716
      245.7284   1397.9990    240.8171
     1699.7509    246.0768    555.6458
     2103.5918   1160.4209    772.4639
     1806.2644    570.9894    538.8369
      138.5742   1945.7020    241.1106
     1880.2981   2029.1068   2181.9697
      968.8763   1263.1157    887.4931
      537.5938    801.3223   2144.0647
     2196.7937   2259.7336    867.7485
       12.7244   1372.6661   1371.3015
     1663.9470    524.0684    320.4231
      956.8004    618.1017   1158.9681
       46.3085   1717.7815   2110.8503
     2241.7505   1196.0201     96.0675
     1417.5536      3.7932    136.8506
     2097.7810   1104.4274   1011.8430
     2210.5803   2159.0935   1520.5259
     1414.5168   1631.6409    531.4426
       24.7607   2185.8472   2229.2837
      964.5174   2025.0314   1393.2247
      447.7546   1144.7505   1986.4166
     1435.9755   1541.9447     64.9517
      806.8998   1944.9487   1576.1748
     1368.0076   1402.7773    745.0749
     1784.5603    331.8953   1717.5536
     1738.8167    522.9955    773.6139
     1052.4333    616.3657    386.1600
     1545.3545   1766.3445    963.9596
      283.6981    106.0086    135.6383
     1815.6884    789.9841     33.2398
     1713.3893     66.5929    923.4819
       14.0408   1475.3030   2032.0138
     1149.1532   2055.0864   2101.0251
     2172.1760   1676.9768    644.2932
      518.7725   1151.7438    773.2569
     1818.8184    653.7020   1183.2142
      332.8515   2215.8608   1398.0499
      393.3944   1911.4027     74.4126
     1957.1674   2023.7245    742.4927
     1821.1659   2110.8745   1803.6099
     1648.3340   1564.2593   1053.5653
     1818.9451   1347.3643    628.5324
      252.7401   1803.8362   1248.4324
      581.6257    472.7777   1940.5194
      384.7145   1634.0276    151.9521
     1126.3383   2006.4199   1171.7905
     1753.3525     69.1882   1635.9803
     1403.5507    681.5560   1443.2485
      727.0194    264.4940   1882.1921
     1534.4601    338.6275     95.6349
      141.6883    905.8477     81.8292
      786.7963    115.5342   1205.1598
     1517.7474   1966.4156    870.1765
      272.6320    942.5379   1155.7090
      683.2687   1061.5476   1489.3522
     2088.3535   2155.8892    616.3608
     1982.9882   1763.3682   1787.3549
      264.7812   1095.6639   1571.4860
      755.3335    612.3901   2227.2012
      838.0578   1701.1447   1601.3552
      477.4337    374.0720    171.7744
      260.7657    348.2976    994.4794
     1787.4504    887.4219   1285.7783
     1540.3884   1694.4155   2137.5554
     1329.1272   1293.4264   1148.7579
     1631.2441   1248.1288    166.8314
      805.6219    547.6481   1795.6567
      812.1497    272.2971    641.6076
     2006.6360    451.8070    831.9404
       10.4340    209.0247   1260.9014
      824.9704   1728.9375   1336.0543
     1976.5199   1807.9510   1343.1007
      305.8688   1488.7894   1240.8993
     1739.7830    535.2960     80.9417
      115.2553   1430.0403    603.1440
     2058.8440    905.1011    669.3707
     1509.5746    968.8912   1652.1663
      261.4133    191.0435   1420.7765
      744.7748    342.8870    873.8759
     1445.5131    120.0173   1926.1522
     1610.0092    609.7471   1314.5249
      501.6129    925.8763    694.6342
     1692.8986    735.3607    908.7775
      791.4166   1845.0890    841.4064
     1694.1903    389.7702   1196.2634
     1753.3821    278.6924    787.1824
     2110.8940   2131.5686   1885.0079
      373.4052   1986.4843   2089.0571
      711.7836    210.6017   1399.5941
       11.8913    992.0616    788.6359
     1169.8060   1175.1245   1988.3119
     1993.9579   1446.2238    468.0518
       17.5931   1412.5325    146.3170
      944.8359   1104.9191    240.7458
      908.5563   1983.8765    703.4638
     1688.9874    176.1290   1941.7122
     1903.3522    447.0301   1502.7478
       29.3588   1491.3324    398.6840
     1733.3108   1710.9797   1470.3810
      283.8634   1072.9886   1837.6036
     1324.5305   2204.9319   1320.8667
     1479.2212   2261.9541    366.4594
     1885.5355   1692.5393    437.8452
     1910.1742   1711.1519    199.1621
      299.5908    417.5777   1900.6138
     1785.9318   1707.4464   2160.0308
     1926.8470    205.5999   1029.4739
     2078.5696   1310.5021   1890.2983
      901.0698    910.0886    120.6790
      573.5219     33.8875   1910.9475
      427.1306    533.8939    651.2476
      882.1755   1507.8981     11.9960
     2160.9343   1864.5298    194.5566
     1080.8213   1388.0409   1520.3934
     1124.4368   2098.0547   1692.8992
     1069.1387   1772.8478   1333.7013
      295.9244    741.0895    510.9927
     1125.3317    992.7189   1826.5420
     1724.0728   1928.7201     49.4292
      278.4940    961.7993    370.4809
      928.8852      3.1862   2148.8459
     2221.9858    141.7655    654.8370
     1019.3281   1585.0870   2071.8608
     1652.5291   2138.5911   1123.5231
     1808.2460   1602.7020    869.6057
     1403.6082   1149.9481    339.6588
      339.3081    495.1878   2127.3545
      185.1030    825.4175    940.8992
      601.1298   1381.2573    360.3661
     1251.0662   1614.5793    820.4949
      683.7512   2122.0947   1723.0697
      439.3278   1595.7150   1988.3054
     1144.8527    885.7894    103.9459
     1428.3309   1135.2471    630.0828
     1859.8617    683.7215   1757.0083
     1397.7361   1060.7915   1125.3203
      981.0873   1707.4382   1826.1812
      992.6619   1722.3718    863.4675
       27.8821   1779.6290    444.0800
      955.9911   2108.4971    280.4779
      340.1673    746.6790    771.9855
     1191.7272   1600.0680    553.9494
     1705.0498   2095.9822    849.0298
     1202.7904   1609.5028     21.6184
      174.5125   1750.5063   1012.7194
      706.9432   1274.1986     44.9947
      181.1110    113.0383   2152.3254
      672.8482   1426.1445   2132.7751
      194.2581    438.8390   1300.1842
     1093.4031   1228.9232   1767.1013
      480.6979   1966.2764    534.2144
      786.8121    352.6746     88.2015
     1636.4559   2170.0686   1983.5656
     1732.3304   1791.3070    787.1033
     2007.7053     26.3897   1390.7556
     2011.0890   1803.3966    819.2115
      499.3210    651.9830    379.5950
      577.7386     38.4568   1302.5992
     2058.2241    923.5754     98.6715
     1555.4767   1352.7279   2213.0869
       35.4968    873.5399   1266.2830
     1067.6184    918.8699    693.7936
      404.2133   2259.6113   1114.4327
     1918.8939   1393.9702   1418.5734
     1944.3438   2099.1721   1548.6949
     1592.3329    818.1811   1133.0129
       23.0812   1019.0308    256.9629
     1928.2578    427.2215   1242.2157
     1416.0375    206.8352    479.0443
        2.8825    766.7604   2122.0056
      662.2175   2235.2190   1050.0518
     1820.1875   1198.9596    328.7809
      397.1080    654.6318   1989.8149
       55.8406    594.0202     23.0425
      270.9412   2192.2876    506.3052
      813.3189    644.9968    446.5266
     1309.4822   1867.5038   2002.3143
      327.3855   2185.4209   1968.1597
     1309.3230    537.2359   1841.9386
      165.9318    549.5768    628.0428
     1624.4941   1106.8763    907.4063
     1191.6066   1330.5239    914.5635
     1568.9335   1289.0491   1103.2169
     1776.6262    113.0873   1169.9329
     1412.4377   1125.9586   1841.3613
      390.6956   1118.6488    568.7495
     1489.6462    599.4466     86.5689
     1846.6853   2213.8108     72.8274
      920.8563    471.3089   1577.8682
        5.0355    440.3132   1788.8263
       77.2652   2024.6135   1355.8846
      583.9008   1673.7872   1781.2650
     2033.7817   1145.2253    180.0066
      809.0790    885.7205   2122.0496
      391.9015    721.6310   1263.5553
      678.0444   1506.5410    137.9085
      553.8332   2016.8646   1914.8512
     1043.0973    865.5822   1402.4347
     1535.0682   1704.2189   1316.0752
     1723.6146   1384.1522   1280.0674
      505.1104    252.0945   1748.3800
      634.8224    793.2917    918.0934
     2083.2473    806.0060   1904.8433
     1827.3578    783.9290    713.7772
     1043.0532   1043.2371   1538.3854
      240.5665   1163.1676    134.6285
     1149.3707   1838.2825    746.1654
     1468.1122     30.2380    986.6392
     1688.8767   1561.2588    560.5945
      459.1723    522.3709   1740.6240
     1533.7731   1517.1411    302.0766
      557.4900   1348.4860   1885.0054
     1882.8491    336.8013   1930.7837
     2048.0371    645.1431   1347.0712
     1058.5431   2205.3306    817.9922
      762.2983   1575.1722   1907.3906
      390.5549   1852.1801    334.6230
      209.9395    941.1481    669.7338
      383.5772   1392.7896   2163.6414
     1311.8419    925.3204    762.2184
     1809.8414   1611.0565   1291.3336
     1085.2450   1458.0603   1866.7129
      578.5215   2133.7698   1487.1843
     1495.1274    916.5222    920.3898
     1871.5195    941.3138   1568.0049
      647.4458    247.7672    331.7286
     1619.5826   1102.0496   1255.7931
     1274.2103   1521.5380    317.8164
     1049.8971    873.2867   1132.6456
     1257.0737   1320.7465   1388.4875
      714.4603     77.8163   1674.7998
     1041.3608    147.1313    668.5593
     2082.6455   2201.7197   2112.8772
     1878.8719   1476.9741   1070.7152
     2164.2498   1272.9630    345.2695
     1124.3687   1912.5227   1837.1976
      495.5486    625.2501     73.9276
     1816.2603   1395.2793   1882.8082
     1001.2468    193.2575   1959.4178
      444.4326    135.1639    284.0990
     1040.9451   1949.2074    439.5276
     1765.9189   1902.4176    304.1031
      421.8655   2204.1218    687.5154
     1527.5138   1975.1896    151.7123
      517.7895    138.8423   1533.1334
     1140.1744    490.8842   2075.3706
      400.5744   1823.7340   1891.1711
      746.2671    960.9310    687.0322
     1605.4171   1895.3037   1190.0220
     1069.0944   1317.3224     95.6691
     1039.6007   1840.9139   1606.6274
       61.4881   2124.5457    689.5591
      431.2129   1486.7810   1576.5842
      361.5179   1766.9967    581.7220
     1500.0582    461.5468    531.8212
     1163.5339    292.4841   1535.4966
     1585.5352   1746.9489    146.5287
     1250.5863   1677.0759   1838.0131
      265.8687   1302.3311   1707.2189
      983.1205    372.1188   1324.2172
     2180.0828   1977.0354   2164.1411
      736.5093   1043.3726    927.8362
     2082.7871   1053.8621   1986.5306
      148.7792   1327.6085   2207.0540
      436.4714   1555.9464    418.0287
     1722.4719     46.4131    441.5739
      690.9991   2261.1807    259.7402
     1173.8839     60.6336   2189.3169
     1178.3470    566.5392   1571.0188
     1848.6619   1101.1904    771.6206
      414.6957   1622.3973   1103.4707
     1362.0164    372.3015   1013.1917
     1459.1327    189.6268    783.5941
      634.8567   1946.9424   1022.7744
     1194.4250    745.6440   2020.3295
     2014.5686    196.8298    776.6566
     2261.6458   1743.6841   1673.9069
     1748.0660   1876.3938   1782.9856
      501.5327   1611.8297   2225.5898
     1428.6031   2036.6002   1087.9836
      697.9963   1591.4170   1202.5670
     1588.8225   1484.2439   2014.7360
     1850.0199    957.8416    541.1113
     2135.8232    777.8208    878.8022
      145.9019   1203.5975    387.6822
     1609.8843   1322.4869    401.6954
      838.7454   1493.0178    998.8980
     1158.6569   1082.1383   1045.4062
      983.9398    679.7079   2203.6694
      591.1296    850.9547   1411.3025
     1379.2787    808.4155   2254.2397
     2248.1370    697.6234   1800.6907
     1304.2388    972.6935   2086.9653
     2192.2463    355.4077     43.3858
      142.1695    344.2986   2220.9871
     1165.9626   2068.5708    653.1482
     2007.7097   1182.6683    543.5350
      611.2058    416.4803   2205.6492
        8.7509   1535.8574   1130.7336
     1448.9031   1067.3684     82.0762
      592.3741   1789.8994   2029.1219
      514.2872   2136.5393    116.0037
      613.4151    695.1797   1746.5967
     1367.2538   2214.4631   2092.6736
       97.8105   1956.5709    852.3326
      934.9131    170.4398   1507.4045
      414.9525    947.3234    922.2438
      785.1890    957.2249    377.2174
       64.2532   2225.6743   1977.0522
     1988.4410   1852.3578     20.7169
      956.7853   1349.7606   2076.1763
     1787.2217   1273.0859   1662.1639
      154.8866    274.4994    237.0683
     1787.6168   1754.0421   1099.8669
     1934.3782    183.2453   2142.3950
      210.3729   1211.4446    677.4178
      877.6519   2156.8218   1117.2356
     1194.9294    564.0997   1079.3008
       90.8580    714.9283    236.0427
     2177.1672   2222.4851   1115.9135
     1020.1978   1467.4929    732.8850
     2250.3054    636.2846    488.4085
      432.8516   1211.0227    321.0527
      906.2556    656.7513    153.2681
      776.7676    242.9597   2119.3459
       36.4684   1989.3589   1111.0948
      245.2926    559.4731    377.0062
      895.5231    258.8449   1726.1249
     1194.5581    144.5056    892.8737
      717.6937    671.8959   2007.7712
     1233.3728    768.3205    507.2121
     1962.3560   2213.8040    889.7445
     1335.4120     25.3386   1672.3914
     1349.7819    894.8079   1869.3501
     1589.2833    521.7081    990.6688
     1677.8352     91.7170    169.3126
      907.6913   2020.2042   1794.6365
     1277.7874   2059.0378     51.2711
     1805.0828   1477.6307    280.0672
      399.6697    957.7986   2238.5259
     2197.4824   1914.3900    686.8351
     1851.4807   1144.4907   1945.5515
     2087.4995    996.8997    401.9008
     1520.5043   1968.6996   1825.0516
     1469.8518    331.7284   1306.3086
      835.5639   1610.5243    322.5610
     2112.6953   2045.2303    943.1268
      607.8644   1720.7078    313.0102
      346.4016   1931.0626   1038.0116
      772.2908   1333.8918   1253.3566
     1302.8215   2150.8269    863.1522
      428.5464     16.5028   2198.3335
     1250.3976    464.3552    503.8042
      798.0547   2066.0422   2012.5453
     2043.3383   1428.4583    189.9878
      920.2712   1078.9548   1963.6913
     1028.7107   1316.7125   1126.3350
     1974.1542   1071.3704   1212.1115
      708.3509   1274.0852    979.8326
     1568.7148    280.4140   1013.2923
     1238.7649    442.8494   1311.4985
       93.1252    114.0528   1531.0005
      630.9327   1685.8577    984.0609
     1147.5072   1097.5325   1277.0194
     1538.9657   1257.1724   1415.9043
     2081.2566    472.7704   1059.5297
     1474.7837    445.0450    777.9631
     1689.9734   2032.9915   1600.0288
      500.1805   2138.3767    911.2568
      644.3686   1140.8293    547.6028
      658.1976   1440.0790   1686.8872
     1110.9565   1290.3710    382.4031
     1549.6354    717.4567    661.2317
      329.9314   1971.1521    764.8352
      845.8828    126.4698    900.9087
     2164.7900    357.6591   2060.6743
     1580.5981   1243.9601   1963.8179
     1916.6819    198.7899   1519.2397
      190.9430     94.7122    709.3807
     1112.0409    777.6243    895.9483
      173.6689   2215.4514   1139.4984
     1141.3395   1617.7216   1569.1884
     1477.5776   1452.0284   1231.9196
     1829.6691     16.5057    684.5765
     1081.2479    394.6144   1820.3672
     1885.0995    933.5580    318.7898
      539.9733    908.3625    432.1382
      132.0904    273.7321   1952.0748
     2060.0935   1575.1382    868.2059
     1465.8994   1960.0747   2117.7837
     1514.7794   1715.2228   1878.3938
     1799.3770   1636.6859   1929.8813
      131.9529   1721.3027    734.2485
     1314.1658     44.9555    662.4016
     1164.7910   1105.4341   2233.5979
