     1080.3536   1673.7611    769.5483
     1620.4390   1388.7800   1968.5620
     1263.0144   1947.8391    788.5408
     1788.4583    256.8236    889.9214
      407.4473   1861.4231   1938.0222
      480.5876    126.4212    589.7189
     1545.9685   1920.4937    662.1842
     1192.3829   1446.2743    539.7237
      887.7817     36.5296    732.3243
     1223.0481   2120.4070   1200.9062
      464.3754   2077.9675    447.6122
     1045.4517    536.7914     47.6194
     2178.5442   2132.5637    769.5159
      735.4641   2086.5796    439.5638
      171.9720     93.7220   2220.8330
      560.9036   1326.7593   1342.3953
     1676.7140   2133.1714    156.0784
     1814.1992    292.2581   1299.0133
     1744.7412   1960.9570   2204.8857
     1320.5309    699.6478   1316.2280
      436.7442   2251.1711   1273.9988
      861.5876   1796.2715   1011.4697
      515.6964    660.0106   1641.0367
      866.3531   1153.1113   1025.3704
     1428.2048     67.2280   1581.9780
      520.5930    892.1681    859.2876
      704.3552   1786.4366   1944.3326
      680.6000   1831.4294    711.1756
     1161.7546   1913.1965    482.6487
     1558.2479    530.6667    778.5217
      222.0014    130.8894    516.4426
      354.0423    624.1520   1072.4064
      157.6871    521.8346    535.8156
     1397.9199   1033.9165    896.1927
     1910.1383   1320.1987   2127.4175
     1077.1006    323.7090    749.5810
      866.6926   1548.7733   1571.6320
     1120.9998    695.1118   1737.5370
     1502.9143    474.7289    356.3069
     2115.1338   1380.5569   1829.7313
     1415.0126   1495.1823   1531.2512
      842.4825    849.9304    985.6964
      722.9853    529.4730    969.4654
      550.2738   2198.4114    878.3491
     2103.3237    555.4613   1103.7051
      879.7874    149.4250   1878.7670
     2071.0693   1145.1541   1518.4797
     1615.0103   1294.8473   1391.0768
      831.1384    757.1299   1845.4202
      846.7895    892.7606   2170.6870
      927.6535    353.8219   1212.1395
     1093.8506   1712.9087    343.1724
      898.9718   1592.5729   1881.2438
     2244.0112    264.9590    454.8271
     1035.8236   1894.1475   2085.7227
     2145.9080    229.9252    909.1483
     1682.1527   2205.0371    449.6470
      877.2717    276.2180    427.7476
     1361.7023   2194.9563    183.4691
     1075.3065    143.4339   1423.9744
     2119.1514   1570.3920    467.1541
     1965.9503   1809.9325    259.4104
      897.0342    344.9076   1545.7532
      200.1446      7.4419   1005.8589
     1599.2815   1242.8988    389.0632
     1471.4368    583.2396   1633.4299
      114.2875    798.1700    137.9449
     1464.5657      2.9192    970.6645
     1767.6830    751.7650    608.3895
     1576.9879   1505.5951   2233.4011
      112.9160   1695.1511   1182.5299
     1957.7211   1917.1707   1659.4417
     1854.7527    553.9894   2185.7117
     1743.0099    931.4224   2112.5969
     1654.3820    694.2402   1271.7827
      991.2233     39.2913   2184.0168
      577.7040   1189.0994    345.6278
      298.5351    320.0284    292.5057
      165.3823   1223.2356   2179.3340
     2027.8599   2189.1143     94.3708
     1434.5890   1348.8811   1142.1173
      169.5972   1367.8400   1054.7925
      933.0067    910.3337    320.9806
     1149.9872   1401.0386    897.2223
     2041.7546   1595.1224   1440.2933
      914.1288   1895.8619   1772.7385
      521.5860   1483.1819    630.9793
     1858.8966   1346.9437   1597.0846
      250.2065   1758.4607   1631.0154
     1047.2576    629.5157    956.4993
     1472.9530    939.2413   1673.7634
     1556.4020    211.1842    591.1470
      449.2774   1479.5807   1876.6333
     1545.0793   2260.9270   2148.3247
     2261.6167    874.8508    573.7303
      867.6644   1856.4680    102.7157
      797.5712   1327.1678     60.4153
      321.7006    488.8870   1732.9316
      775.9756    396.6933    690.2477
      479.0984   2214.4070   2098.2246
     1064.3560   2135.4675   1914.3405
     2180.1379    271.4638   1251.6875
     1011.2444   1951.1541   1366.0043
     1953.2262    773.2850   1878.1945
     2131.7222   2212.2139   1949.6715
       90.8050   1707.8326    247.1790
     1727.9332    593.5345   1709.6938
     1857.1423   1545.7467    186.3987
      544.0231    513.9137   1291.2412
      785.5281   1450.4153   1092.3392
     1466.0841    356.8090   1377.2642
     1449.1598    154.2076   1236.0020
       61.8710   1372.1069   1602.8444
     2118.7451    165.0291   1622.7958
      510.3347    554.6055    671.5463
      150.2930   1997.2485    345.0962
     2009.2369    215.6255      9.3740
     2136.9189   1423.1771   2252.6267
     1789.3555   1858.3221   1052.8442
     1687.1935   1613.1268    835.6880
     2087.2986   2099.2778   1057.8887
     1462.5500   1800.1692    383.2941
      180.2657    468.5572   1480.4922
     1928.9048    558.4693   1395.9546
     2057.6841    833.3836    801.1777
     2207.7427   1727.3879   1848.9938
      410.2799    778.3118    316.0246
     1865.9584    117.1303   2025.5896
     2159.8459   1389.7806   1209.6908
     1722.9802   1097.5161   1740.0371
      683.1746   1674.8280   1305.6879
      170.0048   1473.7207   1939.0503
      951.0965    189.0762    946.1776
     1876.7686   1231.1083   1151.4891
      431.9121   2000.4473   1706.7129
     1663.3914   1825.6664    106.9605
      383.3991    345.7041    866.7472
      628.1728    202.1243   1068.3678
      747.4541    732.8014   1211.7219
     1217.1423   1150.1373   1516.3723
     1815.4054    401.3625    544.7427
     1431.4797    892.0944    236.4761
      530.2863   1673.0719    189.5140
      436.9437   2052.2742     78.4152
       94.8848   1710.6245    638.4031
     2095.8899    502.1865   1660.2037
      259.0611   1025.2576    747.2556
      338.2970   1006.5932    454.0609
      130.4623    800.8288    855.9509
     1796.1155   1758.0082    510.8476
     1143.2732    253.0056   1993.7101
     1725.1189   2143.6130    698.4739
     1235.0363    386.0913   1747.1068
     1969.6248    118.8431    339.5717
      185.8662   2123.5750    692.6942
      740.9495   2128.0874   2111.8738
      370.1914   1014.2808   1153.2983
     1432.5370    951.7080    532.5702
      224.5676    193.6695   1518.0105
     1993.0415   1660.3927   2073.5198
     1939.7008   1600.9762   1757.2313
     1263.8500    619.2283    588.7415
      315.3345   1178.4368   1825.2289
      891.4640   2216.4141    190.7362
     1548.6610   1625.0060   1724.5996
     1712.1221    722.7581    931.2197
     1784.7522   1114.0856    904.3701
     1241.1206   1222.2145    143.0850
      811.3423    668.7833    187.5414
     1630.0093    176.5170    227.0379
      267.5858   1338.1951    768.8679
     1996.2728    962.5726     21.0490
     1975.9121   1127.7634    573.3917
     2052.6797    380.5691   1880.6769
     1018.6743   1644.4712   1255.2875
      350.1321   1451.8597    240.2969
     1857.8087    501.1588    276.0629
      466.8776   1355.5879   2133.7905
      214.0580    886.9437   1674.6097
      449.4439   1867.9214   1265.6274
      650.2666   2155.6294   1763.3156
      330.2775   1480.8096   1445.6710
     1100.7385   1601.8119   2182.9419
     1951.3527   1320.3663    394.9004
     2041.5398    824.2004   1203.6260
     1008.5338   1252.7489    328.0861
     1836.6791    944.3239   1366.4282
      880.4834   1145.7407    605.4658
     1290.1036    412.0524     66.0747
      671.4934   1276.3669   1915.5238
       41.3406   2233.5830    219.6296
      658.4380   1732.0125    437.2873
      552.9607   1067.6176   2184.2832
      303.8619   1071.9324   1476.6633
     1537.1398   1507.0911    278.1951
     1298.8597   1938.3364   1451.7147
     1243.3396   1852.0603   1870.1851
      896.7651   1407.3209    713.8722
     2101.8269   1006.2139   1796.1350
       59.1705    477.2628    862.0699
     2218.2031    827.8403   1528.0424
      943.3919   1196.0457   1350.8821
       54.0889   2135.2849   1654.8607
       41.9153   1176.7245    207.8130
      296.4257    771.5079   1335.2722
      861.1393   2247.7200   1212.1127
     1238.3374    617.5997    259.9078
     1003.4512    556.4262   2044.2745
     1927.9480   1997.1812   1292.4242
      304.8495    554.2856   2201.3425
     1946.2654    481.9418    776.0104
     1361.7268   1766.8497   2123.9551
     1189.3151    946.7731   1077.9625
     1355.9119   2159.7407   1829.5360
     2217.3877   1985.9440   1371.5264
     1698.4078    679.3005    126.7550
     2068.8916   1337.3417    810.8014
     1629.7643   1948.9362   1906.8613
     2233.0232    391.3300     66.8102
      597.0551    219.8028   1547.3203
      334.2942   1832.7760    842.5806
      603.3260    203.7319    176.3574
     1507.0464    988.7495   1278.1136
      160.3159    241.1047   1885.0608
      614.3416    829.5098    531.4553
      569.6208    502.6514    365.3087
     2254.1453   1052.8640   2086.2727
     2155.8250    649.7639   2164.5327
      959.4709    760.7401    590.9888
     1924.6316     81.2078    703.4665
      201.7233   2000.0896   2015.6178
     1822.5254    272.5204   1593.0450
      876.1496    726.1059   1506.0547
       18.5506    908.8233   1149.7344
     1820.6621   2215.1951   1003.8105
     1442.4393   1606.2992    666.6191
     1303.5295   1509.3732   1886.0631
      565.0712    154.7588   1887.4916
       69.7253    409.0595   2085.6438
      822.3525   2244.8269   1544.0778
     1611.1566    452.9706   2230.5337
     2123.5645   2106.6321    439.5048
     1456.2706   1364.3947    807.7615
     1402.5464   1158.6422   1854.9265
      454.5298   1635.3262   1085.2378
       54.9132      7.5351   1378.3046
     1960.1720   1868.8492    727.2977
     1209.3910    914.5707   2136.5615
     2156.3745   1639.7343    961.8442
     1640.0177   1912.4647   1504.5254
     1578.4562   2126.5630   1305.3046
     1295.3112   1758.5990   1136.5529
     1871.3195   2241.7529   1704.0068
     1557.3776    755.9149   1920.6853
     1621.5872   1788.7255   1240.5392
     1177.1991   2001.0941     75.4548
      299.8779    947.8479   2163.7563
     1195.8925   1107.6530    594.4578
     1346.1758   1112.6392   2149.2778
     1194.4932    441.8000   1096.8785
      575.5088    438.4487   2013.5608
      976.7961   1147.9845   1954.5165
      817.1074    289.7086   2199.3066
     2207.2751   1886.9281   2193.7959
     1181.6516   2226.2747    601.4603
     1939.5386     21.6339   1342.9631
     2026.2017    835.4717    408.9813
     1524.3290    474.2086   1049.1998
       68.0203   1248.9352    511.4844
      536.7481   1293.0920   1593.1860
     1188.9832   1396.1312   1325.9163
     2121.3081    602.3192    264.7195
      178.9569    356.2369   1100.3829
     1775.4752   1510.2710   1290.3970
      830.3263   1003.2415   1681.8878
      527.4006    870.8376   1967.5691
     1246.9458    262.4388    462.9661
     2101.0239   1059.6423    916.4749
      603.1124   1661.0295   2158.6426
      639.9575   1965.3005   1453.2921
