      904.7462   2153.8296     29.4487
      970.6931   1530.1913   1287.3282
      898.5945   1573.5111    177.6425
     1240.4263   1241.9288   1436.4918
      525.8328   1630.9315    577.1693
      762.7570    627.3037    761.5778
     1834.4824   1534.0558   1004.4305
     1381.3534   2048.0269   1057.2188
     1312.6908    188.1320    590.8509
     1591.9883   2217.7356   2191.2358
      494.2947   1600.6792   1238.0134
      802.3492    102.3664    204.1246
     1531.1643   1880.3978    498.2980
      697.7841   2239.7449    533.1215
     1170.0151    743.7325   1248.6935
       20.3550   1118.6044   2051.9666
     1207.9086   1861.1659    511.0578
     1482.9860    249.8618   1255.8313
     2110.6448   1834.2677   1975.1101
     1948.5815    375.1569   2123.8591
      951.0479   1557.0667   1035.7975
      529.9267   2006.5287   2005.7484
       63.6153    708.8743   1995.3042
      679.8245   1195.2109   1986.6914
     1095.5518    705.6702    846.5064
      344.9396   2150.8489   1441.7296
      180.2623   1490.0823    756.0870
     1523.5952   2228.5859   1754.1873
     2004.7402   2073.0066     48.8725
     1837.4705     63.5691    152.8614
      494.6876    720.0764    472.7138
       88.3211   1240.1421    374.2348
      582.1977    202.3721    435.1208
     1613.6156   1227.5463    911.7097
     1382.7501    816.7070   1404.9200
      726.4525     95.8297    854.7521
      960.6295   1733.5358   2067.4048
     1225.6023    297.3476   1669.2767
     1912.3854     49.1267    604.5124
     1769.7006   2166.3823   1963.5531
      328.4418   1403.1810   1426.2494
      332.4200    397.7701    444.4509
      694.6216    315.4859    722.7208
      677.3771   2012.3706    732.5687
     1945.7562    239.1739   1224.7175
     1417.5890    108.9901   1518.9235
     1207.0061    246.9289   1064.0697
     1163.1151   1365.5509    664.6299
       13.7462    670.8727   1396.8315
      927.5955   1146.8264   2257.1460
      669.2272    849.8931    972.0761
      799.2697   1343.2928     10.8290
      475.1649   1286.2123   1678.7676
     1635.1235    705.4183    191.2190
      780.8077   2100.8245   1763.0634
     1723.4989    848.0773   1405.3732
     1755.5215   1139.5989    664.0551
     1114.2590    236.2666     15.9324
     1398.9280   2015.6531    783.4452
     1551.0015    813.2219   1713.1096
     2197.0652   2254.2971    504.4344
     2138.6416    656.5541    739.7858
      241.3464    194.4237   1869.9496
        0.5599    364.2619    830.3816
     2213.8748    968.7817    312.8864
     1043.3718   1411.6415   1555.5487
      958.1658    932.9269    302.7051
     1498.7301   1251.7446    118.8912
     1040.8275    529.5535    610.1204
     1343.3356   1057.2063   1833.3175
      692.7411   1392.3865    691.3774
     1988.4613   1985.5563   1829.3672
     1305.6420   1037.6113   1171.2844
      398.1345   1308.1764   2014.3281
     1736.4585    338.2535   1461.9762
      345.3089     40.0374   2113.0537
      761.2540   1783.9033      2.6820
      439.7760    107.4594    752.1588
      964.1829    592.9890   1949.6854
     1721.3860   1797.0688    660.4695
     2191.9531   1419.5532    656.6506
      539.1432    904.1282   1221.3221
      907.2875   1821.4196    578.6021
     1739.5408    891.7055    490.6945
     1156.3615   1658.7792   1776.0913
      820.8754   2187.7905   1467.5458
      450.7854    814.4707    210.6397
     1213.9283   1674.8605   1496.1057
      584.7479   1569.4775   1709.4116
     1024.4453    563.9033     30.8280
      314.5143    984.1635   2158.3352
     2257.6077     34.5035   1827.7900
      305.3979   1448.2596   1049.2880
     1434.5850   1787.2632   2141.7246
     1705.0714    424.4479     34.9345
      939.9502   2117.5396    417.8216
     1349.6915    504.4678    102.6291
      182.2221    892.3447   1912.1119
      209.1368    208.7381    359.4774
       66.6925   1756.3281   1618.3162
     1617.7501   1534.3832   2091.3242
     1922.6235    853.9127   1240.2061
      826.1655   1645.6208    786.4785
     1546.6781    791.9572   2151.6555
     1810.4276   2032.5647   1540.9386
       48.3016   1761.9060    803.7135
     1728.0085    597.4147   1691.4189
     1955.9177   1682.8710    544.0032
      118.3699    391.6621   1634.4781
      248.4476    975.9351    739.8282
     1292.7504   1497.8782   2007.7380
     1685.9430    108.2993   1266.3853
       79.7580   1646.0885   1360.6764
     2185.3433    395.8879   1845.5359
       65.3561    560.5149    358.6387
       87.2558   1611.1393   1057.7965
     1360.3101    729.2092    679.1951
     1884.1213   1647.2671   1471.4214
     1394.4316   2087.9390   1968.1444
     1917.6908    557.3065   1534.4434
     1944.7915   1996.7216   1047.0408
      112.2505   1470.0127    263.2023
      248.5744    140.5224    582.6243
      907.6378    682.9181   1498.7399
     1941.9895    139.1954   1521.2706
     1657.6351   1856.8873   1431.2039
      204.6646    580.4019    907.8665
     2021.2192     54.8161   2044.3380
     1328.7330   1243.0223    874.3488
     1902.8461    876.0137   1714.7706
      909.0601   2150.4600    827.1488
      220.1161    637.5624   1722.7277
      262.5128      2.2560    975.0209
     1741.1588   1523.1146    750.5417
      149.7077   1797.2295   1892.5468
     1414.7832   1854.2444    244.3561
       15.5101    339.6649   1168.6760
      180.9058     65.8270   1598.1210
      157.4354   1249.4229    641.8952
      689.0490    110.8295   1300.0791
     1356.0613     54.8498   1185.5183
      673.3165    985.0215    297.2335
      330.9222   1432.5349    476.1078
      575.5784    999.6804    767.3942
      768.6893   1500.7164    371.8998
     2070.6838   1568.1266   1216.0636
      791.9359    831.8846    544.8599
       95.9963    269.3391    141.2706
      846.2079    781.7683      8.5272
     1557.5723   1579.6050   1463.2410
     1235.1542    652.3290   1707.2574
     1266.3944   1463.1575   1266.2799
      329.8100    110.5397   1273.3835
     2075.2375    140.2977     69.8970
      477.6161   2025.0801    922.9895
      715.9482   1588.1810   1994.8558
      169.6014   1247.7003   1811.4387
     1112.9856   1924.9429    928.2469
      766.4398   1801.9225   1824.4464
     2055.6650   1676.5272   1671.5275
     1184.5142    898.1031   1742.4568
      454.4588    401.5811    723.2701
       31.5225   1416.6169   1572.1348
      476.4012   2222.3208    377.9055
     1857.8578    680.3208   2245.7532
     1780.1367    479.2975   1183.8064
     1994.4583    965.0768    754.2621
     1640.5096   1547.7006    201.9434
      387.4923   2091.6541    683.5493
     1343.0009    278.7140    247.4193
      324.3050   1101.5662    246.8325
     1893.0819    652.7602    344.1478
     1952.2653    266.8539    798.2987
     1819.0898   1193.1360   1597.7565
     1408.8444    945.4897    207.5155
      424.5486   1256.6639    830.7625
     2106.6235    188.4291    367.8430
     1035.1500    447.8419    979.4831
      399.3021   1175.9255   1166.7152
      229.5207   2095.0791   1926.5231
     1239.6506   1718.8427   1059.6656
      406.3515   1907.4094   1329.9126
      304.9064   1872.8083   2095.5457
     1133.1497    986.3251   1415.5746
     2251.9407    176.0340   1361.9834
      609.5127   2172.9438     25.4461
     2170.3083   1194.8976   1178.8363
     1167.3748   1075.6375    844.2222
      662.1599    420.6077    284.3323
      537.9332   1028.6893   1841.7469
      205.2361   2150.5032    409.7773
     1192.8129   2236.0251    942.9388
      804.4227   2055.3103   2038.0925
      114.9946   1085.5082   1391.3287
     1060.4869   1335.6870    346.1277
      929.9025   1082.4962   1992.5416
     1291.2966   1269.4458   2152.9822
     1044.3490    272.2552    751.3242
     1924.9171   1191.4404   2192.4905
     1007.1970    506.5008   1701.3149
     1434.8088    773.6703   1910.9287
      700.6454   1107.4969   1543.0610
       70.4768   2175.2930   1221.1174
      301.0163   1755.5149    303.8580
      501.2164    552.6849   1647.0206
     1150.0977   1977.2322   1807.2721
      875.9813   1141.8384    574.5093
     1587.4395   1064.5887   1163.8499
     1474.5479   1733.6123   1217.8892
      415.9947    434.0012   1420.0839
     2115.5586    863.1685   1446.6001
     1912.1532   1586.5189   1971.8888
     1655.7751   1103.9158    327.0787
      724.3860   1441.8359   1454.4144
     2254.1060   2001.0972    965.5769
     1333.3593    883.2711    943.0475
     2057.9844    856.2308    492.7320
      513.1235   1189.5341   1388.3457
     2136.8198    684.0240    184.7709
      388.9583    237.5872   1647.9321
      365.8665   1682.2382   1478.2865
      598.3981    261.5738     18.6427
      835.4835   1216.6464   1280.2626
      167.9984    396.1864   1368.4678
      382.4830    746.3002    754.8306
      818.5972   1183.3556    244.7851
     1760.5315    697.2724   1956.0349
     1828.8508   1585.4370   2260.4890
      762.9005    563.3663    491.7166
      903.6287    150.8731   1660.1785
      446.0547   1964.2405   1677.9382
     1709.4128    186.4230   2088.4700
      549.7525    802.8585   1545.7061
       46.4443    723.4024    523.6940
     2136.1528    700.7802   1020.5749
     2054.4124    565.9998   1264.3760
     1723.5815   1622.8473   1752.5654
      554.6420   1026.9464   2212.7642
      262.1735    734.6052   1449.0120
      747.8273   1986.4111   1312.0660
     1288.5022    447.0416   1924.3076
     2044.1425   2174.8831    300.1595
     1214.2974   1420.5895    113.1244
      953.1490   1148.6277   1626.6874
        4.9589    879.4785    820.8699
       27.6611    477.7055   2231.0173
     2078.5154   2220.8999   1108.3135
      262.1125    738.1749   2230.5698
     2002.3390   1153.9664    341.4765
     1598.1084   1356.7932   1838.3215
      737.2069   1657.8628   1273.9138
     1123.8379   1259.3777   1126.7203
     1775.7643   1802.0012   1147.1526
     1480.0023    397.6025   1729.0911
     1791.7560   1737.7826    354.4326
     1027.6479   1531.4585    533.2496
      802.7169    856.4644   1746.6073
     1146.6924     76.2925    340.0834
     1282.5226     75.7019   1806.5562
      826.8874    349.7285   1470.2308
      649.6307     58.0487   2007.1920
     1487.0386   1027.8860   1498.0131
      314.9001    423.3033   2204.0334
     1954.6381   2002.3093   1308.3969
     1679.9465   2061.3174    762.4863
     2140.9231    423.1432   1548.6978
     1321.8710   1597.3472    368.6314
      991.0726     13.6586   1859.1976
      722.6238   1104.3042   1046.0571
      473.5036    582.8947    936.2209
     1137.1989   1732.7635    734.6830
     2095.1619    520.3854    462.0213
      282.9335    305.0779   1048.9005
     1919.7007   1291.4613    789.8603
      627.7184    313.2011   1681.1730
     2134.7185    956.8091   2236.5005
      878.4818    283.4269    500.3452
     2252.8691    232.7085   2130.8535
      386.6231   1621.4250   2042.7402
     1260.4751   1928.5337   1332.3931
      246.5941    954.4774    464.0949
      739.1746    609.0250   1846.7952
     1146.4291    832.6304     55.3249
      400.9595    689.1854   1159.7374
     1438.0935   2036.0415     36.8698
     1474.6150   2174.9521    282.7473
     2030.7452    425.6715    141.6684
      221.8340   1869.3279    519.6406
      911.2164    929.5801    829.7340
      442.0244    749.7921   1895.7695
     1186.5988   1740.0706   2255.7427
     1175.0116   1170.9004    492.0067
     1549.2001    471.7901   2079.2375
     1343.7281   1441.4979   1678.8916
     1752.4757   1310.7380    141.7178
     1711.5466    967.0654    852.4602
       52.2913   2235.6833    168.0342
      362.2109    571.5862    207.7984
      984.9316     58.1068    600.8629
     1475.7501    903.0162    463.9852
      203.3815   1934.5085   1153.7200
     1480.5055   1476.4797   1011.2718
     1451.6885   1070.8824    665.9361
      730.3445    391.8770    948.5710
      538.6773   1933.9741    509.1445
     2071.0410   1739.4746    907.6791
      943.1021   1694.0325   1549.7308
     1473.7195    625.4452    398.9771
      893.5214   1910.3127    241.0246
     1916.1447    390.7518   1843.8514
      129.2978   1958.9053   1427.8917
      970.5787    988.4653   1112.5762
     1035.0804    132.9639   1285.7805
      154.9621   2057.4155    767.1836
     2206.8970   1849.9320   1176.9329
     1152.1775   2058.4641     86.8069
     2181.2644   1423.2168    930.0259
     1565.0449   2114.2646   1311.8260
     1158.6470   1299.6752   1870.4834
      675.1932    598.1293   1293.7006
      191.1790    494.3838    665.0324
     1399.8008   1679.3885    730.4357
      580.5992   2244.5735   1554.3385
     1169.1135   2248.8801   2102.8655
     1430.3438    156.6890   1990.4979
     1575.6947    593.2650   1395.6256
     1126.7430   2087.9014    681.0947
      564.9049   1537.5231    845.9502
      151.9002   1235.9451   1038.6000
     1007.0529   1492.6210   2146.5344
     1136.3143   2171.5645   1486.7499
     2098.3738   1954.1722   1559.1653
     1364.5024   2030.6597   1661.4585
     1129.3628   1128.8810    150.6714
      905.9921    667.2519    292.3419
     1209.1956    731.1238    308.4395
      540.1412    376.5466   1187.0233
     1915.0989    299.9627    484.0392
     1018.3494   1773.0315   1242.8177
     1532.2501   1277.3630   1581.0769
     1301.4473    402.4640    850.1107
      337.7897   1008.0784   1403.4563
      916.7170   1201.2832    833.6909
      752.5236   1388.0693   1710.0128
      296.4808   2028.0737    134.7676
     1443.1829   1738.4668   1666.6337
     1671.2362   1860.5199   1992.9561
     2001.6022   1470.9832    189.6584
       52.8438   1983.9092   2186.3137
     1530.6311   1347.0131   1285.9972
       84.6403    918.9308   1178.2202
      534.6893    118.6960   1088.7122
     1107.3983    851.7130    523.7794
      420.1174   1744.0303   1808.6803
     1629.4246   1041.4716     37.3665
     1272.7808    578.8262   1078.9854
     1001.1662    362.7779    243.5145
       48.1056   2025.0441   1712.7931
     1665.3524   1073.9509   1771.1031
     1122.8728   1732.3098    267.6467
     2261.7397    815.8859   1748.3123
     2164.9771   1128.9446    560.5696
     1096.5833    257.8640   1981.8583
     1595.7455    421.9181   1029.5494
     2203.5295   1503.1256   1839.1941
     2187.4304    295.4183    617.8188
      947.3836   1543.0897   1871.2457
     1929.9224   1341.2196   1814.9282
     1710.6240    162.8630    347.0411
     1914.1876   1390.8729   1388.5166
      758.6678   2132.6238   1047.4869
      558.5506   1282.3934    214.8526
     1590.8339    681.1268    869.0508
     2255.1267    109.0750    961.6929
     2007.2833   1820.1195    210.7840
      131.0328    587.4309   1172.9254
      505.9570    320.6627   2006.3511
     1722.9352   1214.1727   2057.6792
      804.6878   1873.4139    960.5319
     2052.3977    673.0827   1837.1105
      299.5770   1614.3396     64.0366
     2170.5786   1933.1821    542.3580
      637.9250    623.2656     87.0825
      311.1703    493.0303   1909.1022
     1393.1763   2187.8860    562.5795
     2107.1145    662.2215   2132.6873
     2061.5327    995.5983   1942.8770
     2111.0605   1457.1713   2084.6453
      897.4181    713.7139   1082.4714
     1475.3888   1335.4965    391.1282
     1641.9027   2192.4473    502.1284
      706.6331   1417.1713   1053.6731
     1650.8993   1850.9204     24.2729
     1117.1642    808.6955   2023.0642
     1849.7544   1970.3755    382.4219
      405.3233   1784.8929    745.3817
     2011.5233    156.2998   1739.8820
     1872.7644    693.6317    964.7871
     2103.8782   1098.7292   1711.5133
     1217.2224   1009.5752   2175.6914
      421.9418   2236.7222   1833.4257
     1404.0770   1697.9146   1934.1370
     2006.5977    455.3106    969.9111
      869.9128    129.7950   2191.7036
      283.1281   1521.6227   1719.0507
     1889.1522   1087.4167   1405.2145
      637.2846   2024.5140    305.6518
      215.8322   1018.4159   1655.3368
     1864.5924    567.5387    701.4124
     2156.8977   1688.8915     28.7649
     1490.4348   1051.9011   2060.8792
     1909.1185   1229.9252   1120.6377
     1309.1863    637.7767   2137.9431
     1476.5199   2252.4099    857.0759
      559.8167   1470.5389      8.3551
     1666.3530    255.6499    667.8175
     2206.5234   1172.1492    853.0713
     1667.8560    591.9064    544.7643
       60.4614   1924.5034    201.6608
     1888.9041   1919.9512   2138.5476
     1172.2603   1466.3469    912.5859
      655.3636    802.8093   2089.7063
     2191.0171   2215.0073    800.7159
       88.8055   1399.5082   1244.6552
     1663.6727    417.6621    289.2138
     1042.3335    541.8444   1356.3469
      122.6490   1603.8718   2138.8733
     2171.7712   1259.4476    116.1020
     1326.1353     16.6201     56.7400
     2043.6826    986.7164   1043.1868
     2138.9216   2253.6692   1514.4609
     1729.5262   1445.6583    446.6406
       50.2582   2254.9277   2104.5518
     1014.7032   1940.8427   1501.5122
      380.9008   1255.9619   2259.3586
     1405.3560   1580.5961     85.4831
      711.7776   1905.2012   1550.4358
     1432.3510   1431.7198    677.5063
     1720.3801    203.6566   1802.2430
     1457.1611    427.5448    625.0142
     1219.2955    424.1152    465.8651
     1545.3281   1809.0111    965.5238
      377.5629    115.7888    142.2676
     1902.1305    933.6030    123.1152
     1764.1084     71.1170    876.5959
      105.5923   1319.8530   2238.6917
     1164.0648   1962.5643   2073.6626
     2258.0203   1703.8981    417.8932
      472.8253   1079.8397    530.0212
     1535.0576    739.3914   1136.8475
      517.7827   2151.6270   1205.5209
      510.8326   1890.2362     37.6090
     2009.8397   2005.5760    722.3619
     1729.7177   2002.9425   1773.0520
     1729.8062   1520.7478   1226.6511
     2055.5154   1421.7609    447.5260
      490.6894   1801.1820   1039.9283
      757.6707    460.7419   2123.4968
      580.7620   1703.4786    266.7740
     1045.2197   2084.7383   1140.8861
     1672.1708     69.6937   1522.9602
     1299.6813    476.5580   1449.7822
      845.4092    321.2169   1892.9774
     1535.6113    230.0180     21.5440
      120.2361    908.7922    131.1483
      852.3500    288.6591   1170.5269
     1665.1163   2110.6638   1035.7877
      289.2395    984.1758   1009.1731
      837.3723    916.0360   1371.5321
