      654.3845   1914.5502     72.6772
     1079.6898   1315.5897    995.0323
     1121.8525   1511.8568     57.2164
     1296.0591   1275.8334   1451.1036
      339.2447   1808.9215    781.0339
      741.1583    744.0814    640.1777
     1754.4919   1750.1924    775.3267
     1210.0026   1975.3129    920.8578
      975.5670    188.2532    491.3855
     1728.1523   2253.3442   2208.7747
      413.2809   1672.6987   1128.3187
      581.9940    185.4100    126.3721
     1554.1888   1963.3726    493.2135
      597.3742   2177.8704    228.4455
     1271.2375    847.9186   1107.0024
        7.4213   1013.2414   1793.4165
     1354.4291   1968.3462    285.1110
     1452.6674    357.5421   1025.5800
     2185.1702   1883.6570   1963.3357
     1806.0149    207.6988   2076.9009
      725.7645   1550.1130   1030.6544
      536.9504   1652.0334   1998.5444
       10.3641    399.9015   1942.5922
      892.8301    766.6008   1988.4872
     1006.2542    807.5139    704.0050
      307.1008   2157.3264   1388.5023
      234.1890   1433.8374    957.0909
     1603.4885   2176.7705   1877.8381
     2151.0942   2094.3008     20.9742
     1825.9871    155.6614    341.6447
      564.2228    586.0452    455.9819
       58.9860   1276.8685    373.6494
      578.0699    253.0836    401.2769
     1953.5912   1267.5607    925.3329
     1314.4335    741.7011   1430.2815
     1007.7166    340.0831   1069.5923
      814.4438   1664.7687   2081.6646
     1014.8846    322.1288   1705.4371
     1910.2211     44.7957    738.1334
     1871.4531   2197.3992   2018.6191
      345.5500   1208.6754   1474.1050
      531.2929    655.0947    728.6965
      585.3925    374.3096    662.2946
      675.8268   2206.4670    922.3340
     1899.2185    502.9940   1255.4094
     1308.7458    196.1058   1249.8185
     1364.7561    555.4318   1174.6396
     1161.0186   1143.9037    557.5560
       38.5675    416.2008   1362.1825
      897.6100    549.6200   2122.8916
      650.8536    817.6154    890.3636
      657.4459   1316.0836    137.6187
      589.8987   1399.5217   1572.8026
     1779.4620    760.9479    266.7208
      848.1761   1948.0403   1827.5366
     1855.1725    982.7182   1181.6157
     1743.8601   1301.1179    549.6600
     1158.5203    199.2402      0.0918
     1220.4504   1963.5425    608.8340
     1505.3285    711.6766   1608.2018
     2202.2480   2229.9666    361.0251
     1964.2572    730.5165    778.4206
       91.9389    123.6903   1930.4362
      119.0156    358.0608    800.4206
     2057.7722   1260.5690    301.6725
     1047.0364   1304.1652   1389.1366
     1021.2704    834.6061     68.6652
     1043.3765   1244.6965    302.6671
     1322.4764    448.5872    767.0057
     1443.3439   1270.4667   1672.6086
      762.3155   1728.3956    727.6540
     2218.9973   2204.6667   1760.8083
     1287.8229   1179.3336   1123.5814
      708.9969   1159.5044   2067.9541
     1725.3148    509.8172   1451.6244
      506.3946    142.1653   2088.1003
      619.2764   1615.3287    135.1339
      445.4930    105.8476    686.4673
      555.7296    611.3972   2042.9855
     1908.4930   1539.8381    656.5983
     2019.1501   1585.5348   1012.7711
      537.2863   1106.7084   1204.7892
     1365.3671   1692.0525    506.0856
     1586.4550   1134.9764    730.7103
     1159.5312   1757.5603   1700.4722
      699.2499   1873.0979   1580.6295
      298.6927    970.4036    245.6355
     1158.7507   1571.5286   1436.3611
      688.0146   1443.9110   1894.8287
      808.4094    623.1349    200.4362
      172.8184   1101.2751   2046.5292
     2103.8567    231.9823   1642.9744
      508.2969   1356.4174   1062.3822
     1306.2241   1789.0503   1948.4038
     1656.6737    510.4018    342.2427
     1173.0227   2204.3289    407.4818
     1356.2993    488.9565     69.9375
      118.2367    803.1028   2032.4636
       71.5841    235.3507    460.4379
      253.2265   1505.9252   1580.4705
     1986.2972   1525.7859   2195.3425
     1621.0784    626.4129   1147.8199
      868.8791   1959.3607    637.7474
     1549.7958    527.0106   2175.7915
     1745.7532   2079.4404   1571.7942
       82.7809   1665.7810    678.8358
     1660.4620    262.0893   1645.0043
     2053.4058   1318.3400    620.6187
       85.8803    267.8636   1716.6246
      395.3674    960.1752    693.7674
     1400.5543   1580.3949   1783.7987
     1626.9866     89.9132   1115.1448
      390.7478   1467.8538   1322.6168
     2107.6074    504.8920   1738.8772
        9.0143    360.4382    198.8896
       91.8142   1668.4618   1031.4755
     1384.9139    692.4583    599.5723
     1633.5396   1547.1533   1584.0991
     1317.8730   2219.6052   2183.8499
     1870.0026    816.2077   1437.3324
     1894.8624   1952.4957   1077.7943
      306.3398   1515.4402    442.1577
       17.6730     34.6613    735.5649
      965.0061    876.6237   1589.0833
     1811.0692    192.2869   1298.3065
     1780.5496   1851.3621   1353.2875
      103.4288    627.6219    749.4530
     2114.1553     49.6423   2110.6130
     1372.6825   1210.0828    740.3074
     1756.1483    870.4106   1728.5895
      888.2183   2021.2257    930.2859
       44.7158    685.8778   1669.0604
      293.1340    235.1269    841.7688
     1760.6559   1578.3107   1112.7286
      246.6190   1678.4225   2014.8375
     1479.1183   1671.9299    161.8026
      218.9101    259.6228   1089.6345
       24.2448     90.6458   1454.3761
      126.4603   1104.9656    702.6611
      513.2351    375.4273   1567.4185
     1355.6455     64.7844    977.8983
      535.5922    764.8645    220.6232
      185.4907   1263.2552    102.4799
      651.7828   1101.5327    659.3361
      660.1284   1420.1115    467.0888
     2242.9565   1576.1438   1483.0292
      586.8436   1135.2924    342.0164
       87.8040      5.9714     48.0138
      596.6632    478.6881     20.3948
     1545.2069   1467.7261   1326.8080
     1278.9637    436.9875   1685.5808
     1274.5906   1449.9706   1198.1993
      453.7980     40.3201   1112.9039
     1958.7655    168.5130     84.5282
      145.6289   2219.8838   1002.9794
      782.2395   1456.8298   2187.1926
      545.7914   1175.2985   1801.3518
     1125.4432   1700.2762    650.2758
      768.0096   1672.6440   1828.3704
     2026.7465   1531.0343   1659.6879
     1308.5793    843.0593   1755.3481
      636.9697    254.3107    945.3372
      298.8150   1258.1492   1750.9213
      431.1468   2135.4998    472.4188
     1805.5950    519.9818   1992.6190
     1749.3704    331.1448    994.6491
     1686.3390    883.0939    676.4182
     1685.6901   1150.9314     37.1308
      778.7631   1728.8383    359.1552
     1382.4462     36.5163    254.9754
      179.1599    959.8606      8.6276
     1946.7031    931.4763    402.6304
     1904.0564    496.1412    508.3759
     1962.0139   1201.9463   1589.8162
     1597.9955    968.3210    308.1602
      160.2945   1392.3109    653.7600
     2088.7441    234.4650    337.6844
     1043.4974   1020.2585   1051.2479
      318.4914   1106.3575    938.3008
      200.1194   1988.2661   1827.3315
      994.7948   1627.2327   1189.9988
      205.4490   1899.1270   1098.7943
      467.2723   1897.0687   2142.7029
     1365.9553    993.1885   1463.0504
     2085.2004    262.3978   1229.6024
      367.5032   2198.3486      2.5313
     2166.4045   1003.3342   1262.3000
     1392.0980   1010.9731    538.9353
      820.8855    450.5844    448.7083
      429.2464    988.1485   2050.8220
      186.2706   2187.2390    412.6581
     1059.3658   2256.0293   1038.7291
      705.1987   2051.5073   2081.4834
      142.3796    950.3135   1471.6731
      956.2577   1464.2675    544.9448
      844.9012   1000.3524   1832.0120
     1342.8236   1145.9412   2255.7520
      944.5283    665.3170    985.0676
     2187.3652    993.0507   2230.2383
      838.3452    515.7692   1839.7034
     1525.7446    785.2978   1874.0715
      989.7257   1043.8629   1408.5737
       18.1415   2133.8582   1223.9716
      448.0822   1418.1522    223.3106
      535.4755    447.5488   1821.0857
     1319.7538   2141.3081   1876.1012
      881.4761   1121.4489    520.8096
     1547.4097   1118.1962   1216.0983
     1378.3086   1755.2979   1252.1060
      489.3773    699.8269   1519.0117
     2126.0208    662.5873   1374.6564
     1923.5518   1658.4728   1915.1287
     1480.9452   1267.2858    441.5086
      761.5955   1447.3094   1311.8958
     2204.6538   1872.2581   1283.2653
     1239.6278    791.7465    836.7006
     2114.0654    724.4801    543.8115
      718.4629   1203.6575   1438.6058
     2062.6846    755.9310    185.3692
      276.4941      5.4383   1648.4991
      511.4785   1664.6182   1480.9058
      846.2684    343.6291     76.3861
      780.2820    976.2381   1199.7687
      286.8997    186.1085   1444.4203
      505.5691    877.2942    446.2523
      801.5177   1109.4608    127.8642
     1747.3257    594.3134   1722.9493
     1963.3512   1861.4579   2130.4678
      790.3734    508.6856    826.0186
      798.9722    112.1807   1522.5941
      102.9274   2076.5369   1515.1953
     1532.4211    117.6089   2078.8391
      687.7736    922.0995   1447.5643
      212.2647    685.6257    279.9165
     2213.5886    864.1082    851.1519
     2090.2795    826.0132   1078.3422
     1432.5280   1921.7314   1662.6489
      388.5809    698.6333   2219.8511
      135.1661    672.3667   1370.9459
      486.1151   1884.0768   1291.0458
     1120.1772    441.7887   1990.0352
     1971.4342   2147.3191    225.7590
     1436.4109   1376.3505     62.1918
     1202.3645   1111.9351   1732.8793
       14.4712   1234.6049    961.0096
       53.4968    260.5840   2210.0630
     1817.5439   2168.3462   1238.9823
      117.4292    516.5066   2216.3521
     1896.8621   1072.4369    625.3431
     1550.7146   1272.9204   2002.5587
      674.6917   1710.5746   1238.3925
      995.0872   1455.9794    811.5003
     1610.2477   1989.1538   1029.4408
     1460.9193      8.0284   1660.8911
     1822.5724   1851.4221    405.7585
     1076.0186   1877.2784    280.9192
      583.4106    920.2373   1716.0339
      923.1182     70.9312    261.3134
     1202.2091     19.3424   1502.1382
      756.3330    623.0295   1497.7603
      691.1024      5.4505   1846.1074
     1692.0430    975.2656   1470.6071
      321.4562    357.9737   2179.0439
     2079.6389   1855.3267   1554.0326
     1607.5818   2132.3628    708.0025
     2010.8683    447.3133   1505.4751
     1616.1343   1599.6595    435.4340
     1178.6156     85.7733   1757.8055
      419.7347   1304.1268    665.8307
      371.6849    744.5753   1204.5535
     1241.3711   1422.8088    612.0319
     2197.8091    480.6309    497.0684
      320.4778    507.4102    964.9691
     1705.2469   1356.9272    827.2628
      700.5510    291.6969   1692.7977
     1937.3129    971.4969   2249.9749
      708.7491     20.9341    461.0069
     1989.7260    305.6797   1909.5623
      435.9915   1510.1508   2177.0007
     1297.1136   2156.0254   1200.2622
      172.6248    879.6210    503.7994
      664.6339    701.0508   1820.7252
     1238.9009    741.0208      7.4372
      326.8267    473.4386   1270.2837
     1452.1992   1967.3867     17.0278
     1640.0745   1945.4220    218.8279
     1805.3522    605.1306      4.9324
      200.0366   1892.8773    500.3593
      795.7478   1085.5763    870.3730
      317.2416    708.8931   1779.6543
     1091.0649   1653.4957   1935.6873
     1218.5562   1017.6249    232.7936
     1319.2667    344.6297   2105.3657
     1107.3105   1453.7809   1737.7491
     2022.9316   1254.4557     41.0122
     1473.1180    958.0112    946.2619
       82.8779   2011.3719    205.3829
      334.5858    350.0717    521.1877
      809.8173    204.8346    758.1576
     1175.8939    831.9531    404.5785
       48.5200   1920.2825    796.2705
     1490.2791   1327.9915   1003.9008
     1715.8177   1071.0409    965.2618
      602.9827    521.2849   1037.7744
      610.0156   1952.8538    558.8419
     2081.2766   1700.8201    533.8419
      850.8676   1563.2581   1575.1534
     1427.5599    749.4515    284.9421
      987.6110   1759.0415     52.2588
     1508.2069    437.5812   1902.8646
      198.1660   1774.2993   1424.0961
     1115.3707   1085.1390    812.1102
     1006.8349    166.8217   1321.6492
      418.1068   2108.1143    769.7896
     2079.0366   1839.1696    902.4070
     1028.8243   2174.8418     62.6616
     1974.5868   1599.1827   1334.3027
     1511.1184   2050.6287   1340.4631
     1248.4131   1311.8148   1960.6577
      762.9643    711.6838   1175.4597
      315.9720    599.3094    486.5762
     1462.2913   1868.2001    797.3684
      553.1190   2155.5757   1654.1307
     1076.9426   2137.0237   1994.9072
     1363.6329    225.5128   1870.7542
     1430.5769    321.6628   1487.7581
      986.0697   2207.8740    720.7146
      507.4107   1556.5985    820.2531
      175.4868   1242.7288   1197.6555
      937.0570   1034.3016   2123.4775
      937.0102   2153.2671   1609.5009
     1973.9281   2000.0059   1813.8887
     1196.8685   1931.5704   1462.7098
     1099.1451   1228.8174     52.4083
      792.6860    920.0082    357.4269
     1044.5012    495.1419    167.8407
      467.9773    251.2163   1262.4003
     1707.1450    187.1052    597.3812
     1013.0571   2147.1279   1355.8810
     1706.3801   1241.3630   1520.8605
     1104.7697    209.8404    867.2889
      451.5757    977.6468   1438.9492
      756.8075   1333.8223    750.8964
      864.8170   1306.6635   1692.4390
      367.3819   1957.5756    223.8937
     1393.4797   1640.8665   1521.7419
     1423.1998   1543.2799   2132.6265
     1860.1157   1589.7220    237.3527
      208.2286   1929.8818   2226.2654
     2059.8694   1283.6936   1209.9858
      150.8756    931.1714   1167.8303
      752.5107     55.5457   1158.0365
      934.4549    698.1422    412.4157
      357.9767   1813.4126   1663.2186
     1559.9242    827.6392     56.4961
     1183.9514    541.3857    994.5645
     1195.4485    250.5459    259.1311
       29.2810   1711.1965   1764.8542
     1785.6300   1387.3710   1819.2711
     1119.4192   1600.2310    319.3806
     1968.8860    731.6354   1700.3358
     2181.6074   1020.9260    543.3345
     1047.7620    161.6169   2010.2865
     1505.6833    349.1712    575.2409
     2230.1729   1322.5490   1758.7566
     2064.2515    216.0963    653.1646
      967.4628   1305.7915   2028.1503
     2057.0090   1353.9849   1927.8450
     1231.9327    270.5822    545.1193
     2222.2817   1272.1134   1487.2479
      611.4344   2188.0381   1371.0419
      536.9578    993.9485     53.7199
     1508.2621    610.6813    826.7272
     2227.5659    226.4322    984.2556
     2011.3511   1864.3541    203.0892
       60.8276    667.6140   1084.3423
      366.9024    232.3109   1835.6803
     1848.5332   1212.3920   2054.1138
      980.7984   1780.1217    886.5332
     2141.0713    696.4030   2034.7125
      162.7230   1558.8300     34.2883
     2197.1323   1952.9808    485.7928
      378.2582    466.2337    197.5731
      238.6985    473.3522   1606.2540
     1491.7919   2253.7544    493.8263
     2089.8691    428.4644   2230.1982
     1730.1442    834.8713   2011.5906
     2226.4507   1562.6383   2028.0936
      942.3461    514.9668   1321.6249
     1262.7799   1380.3470    337.7860
     1625.3264   2195.8569    177.0088
      780.4790   1245.0669   1129.9149
     1769.7764   1807.0894     14.2987
     1083.5144    667.0886   1765.1978
     1840.0856   2162.0896    510.5970
      456.0143   2050.7251   1078.7393
     1945.8507     10.7687   1486.3586
     1798.6178    506.0771    764.3640
     2030.2229    989.9799   1932.6871
     1212.5760    983.0133   2056.1697
      415.0050   2196.0342   1901.3285
     1667.6937   1611.3463   1975.1365
     2029.9827    489.2487   1024.2183
      780.1140     47.2152   2225.4675
      423.3114   1507.3879   1795.2494
     2099.3010    935.3821   1576.0000
      878.1635   2060.5278    290.0177
      295.3106    973.7077   1741.9391
     2060.8704    427.0842    750.5122
     2216.8818   1795.4485     50.7167
     1531.0529   1021.9877   2029.7086
     1958.1095    984.6888    904.8793
     1264.3281    638.0494   1980.9237
     1322.5985   2190.6753    737.6704
      861.2565   1449.4039    263.8316
     1524.9323    191.3956    812.4601
     2191.2478   1500.5664    825.4520
     1628.0073    604.2795    558.5051
       54.3990   1701.6588    298.4414
     1614.0367   1932.6361   2081.4153
     1231.9774   1652.1863    955.3963
      708.0042    782.7322   2217.7146
     2082.2717   2137.5603   1002.2319
       45.9449   1480.9807   1244.5835
     1899.4547    417.7095    259.7844
     1155.7571    375.8295   1425.7542
      246.4701   1379.6089   1985.5541
     2172.4729   1463.9999    162.4102
     1637.0656    292.6367     41.5998
     1737.0743    773.1666    965.0223
     2096.0642   2073.5408   1408.2059
     1690.1239   1448.9747      0.7588
      128.0069   2154.6934   2045.9911
      919.2385   1776.5085   1451.2286
      461.2691   1225.7347   2181.5112
     1197.6587   1906.8411      0.3668
      477.4613   1931.4037   1857.4242
     1506.7391   1511.2174    716.0362
     1906.5809     56.1800   1756.3828
     1298.0875    508.9879    352.5076
     1047.6373    525.5657    635.8530
     1564.0713   1649.2080    983.2119
      294.6518    143.2151    214.3828
     2256.4885   1025.7975    241.7928
     1921.6125    115.4713   1036.1802
        9.3064   1309.9653   2078.1477
      972.3120   1906.2825   2052.1531
     2167.6865   1486.0897    462.7979
      342.7038   1162.9719    437.6626
     1542.0162    847.0397   1271.0330
      786.5598   1961.0133   1233.3280
      337.0416   1700.8301    202.5286
     1990.9866   2053.8794    756.6450
     1710.9388   1780.7838   1749.3977
     1821.8368   1329.1224   1298.6537
     1806.6331   1294.4427    269.6681
      603.7670   1864.3785    925.8871
      260.8649    504.8496   1935.7275
      523.6389   1693.5031    547.2731
     1117.6677   1904.3685   1154.5546
     1585.0808     37.0563   1399.0767
     1586.2202    381.4509   1238.9192
      736.3259    304.1159   2045.2666
     1492.6665    286.8986    291.4129
        0.5040    758.5893     55.9534
      697.0768    335.1179   1292.1514
     1752.6495   2120.2939    881.3870
      246.3634    799.6544    924.6968
     1023.2333    788.2608   1300.3218
