      645.9076   2132.8970    311.8477
     1194.5988   1179.2351   1143.7140
     1133.1738   1801.7260     54.5491
     1433.7058   1344.4159   1288.5928
      566.9921   1877.6362    771.0397
      696.3510    855.3313    485.3539
     1636.5009   1748.2698    493.1712
     1081.7717   1977.6973    890.6895
     1065.8267    360.6086    648.3270
     1836.8386   2120.2227   2113.1821
      296.8489   1727.7854   1129.7815
      532.4558    243.5560    304.2554
     1689.9330   2025.2788    523.5587
      621.3540   1972.3647     33.3971
     1250.5249    644.8008   1254.8195
      237.3189   1134.9840   1681.4497
     1457.1498   1913.3665    248.0249
     1946.8691    218.5349   1008.6428
     2132.3337   1700.5165   2094.7610
     1757.9192    397.3069   1994.4081
      511.2984   1617.9177    911.4728
      599.5336   1659.0548   1920.4789
       29.6660    405.0096   1884.3735
     1165.6877    600.7922   1997.1786
      799.8309    831.8448    803.3845
      374.3392   2044.3040   1440.9867
       19.9486   1508.1259   1136.2799
     1474.3345   2239.7891   1968.7657
     2058.4751   2106.4333    111.8274
     1953.0267     30.2940    290.8793
      593.7985    519.2444    408.6513
      179.2858   1119.0137    322.8348
      565.4117    157.3303    542.9566
     2231.8611   1212.6844   1190.2158
     1158.9670    812.5224   1485.0813
      767.9977    387.6731   1224.7826
      913.7924   1579.5461   2041.6958
      925.1155    209.0372   1755.4641
     1845.8909    114.1407    763.8480
     1889.9987   1829.6702   2010.6422
      532.5349   1249.8901   1532.8162
      551.3941    713.4412    838.5875
      800.4894    279.3644    605.4713
      673.5511   2155.5344    852.9097
     1824.0924    735.2607    789.3185
     1361.9669    104.2830   1208.2599
     1456.1368    530.7999   1044.1222
     1239.3358   1066.5109    822.9258
       52.2297    362.4302   1242.2830
      903.3538    481.7575   2124.0239
      706.4664    654.6606   1078.7683
      622.8919   1435.7112    108.5408
      554.4797   1530.5786   1634.7646
     1781.9868    870.2642    339.1495
      865.9836   1924.8905   1732.2101
     1840.5952    644.5361   1469.3831
     1680.6167   1333.6862    535.3568
     1062.0194    333.6204     67.0539
     1245.2639   2097.1641    553.8198
     1543.9908    703.1406   1579.3685
     2234.6919   2232.8726    481.0189
     1908.1688    969.7399    565.3740
       87.6969    134.1281   1929.1270
       11.2916    327.9288    757.9379
     2078.1511   1261.4143    299.7959
     1152.3711   1390.4418   1365.6018
      946.1655    907.1163    245.7912
      903.2143   1157.8010    448.3187
     1386.8925    494.4775    773.1823
     1541.9419   1302.5077   1853.7228
      795.8271   1778.1409    638.8323
     2011.1136   2068.1130   1840.9031
     1330.7561    932.4296   1184.8496
      854.8719    934.5940   2116.7131
     2098.9722    551.7736   1483.7374
      708.3148      2.2112   2247.9697
      839.9615   1701.3722     81.2706
      328.9612     44.0408    346.0048
      572.3101    597.3666   2016.0720
     1801.5225   1703.5762    910.5174
     1919.1443   1670.2870   1205.3418
      496.2006    880.4898   1204.4788
     1365.7275   1699.7705    570.2780
     1500.5325   1230.1549    742.0677
     1192.0752   1833.3521   1743.4066
      828.4050   1990.2816   1420.1069
      198.4254    865.6265    224.6276
     1303.5862   1537.3969   1569.6355
      732.3751   1217.4178   1790.3210
      770.7204    651.5001     63.6145
      258.3185   1083.5081   2047.2328
     2161.7395     23.0342   1721.6906
      649.6187   1363.9174   1196.0120
     1223.8622   1820.0676   2015.2844
     1547.9221    631.0934    181.0070
     1034.7024   2228.6462    377.2848
     1352.3196    330.0611    132.6866
       80.0569    918.9170   1898.2732
      202.3451    133.2524    605.8624
      245.2571   1400.4290   1647.5383
     1893.2017   1592.3320   2173.3723
     1653.7367    544.7652   1267.5227
      798.1052   1886.3137    892.6389
     1422.7158    530.5535   2063.7986
     1778.1569   2032.8058   1293.4535
       49.1986   1466.5242    708.6655
     1826.2528     15.3970   1612.9645
     1960.8684   1222.1553    543.8006
       64.4596    347.3685   1578.5881
      406.2390   1006.0287    825.5957
     1454.2346   1572.9471   1804.9010
     1691.7307     24.8344   1057.1031
      483.8513   1556.5699   1366.4198
     2224.0571    665.6107   1720.9954
      294.3917    418.8246    508.2364
      167.0093   1739.6007    892.3456
     1220.6057    674.1906    559.2253
     1649.3228   1478.9994   1506.5686
     1403.5636   1990.1224   2127.6992
     1815.5269    907.3146   1767.5135
     2174.0054   1943.4667   1004.9939
      375.5252   1378.4823    278.7948
      151.8200     65.4957    856.9357
      855.4883    741.3506   1524.2581
     1860.9357    113.1545   1304.9360
     1661.8130   1723.4004   1312.8306
       34.1143    699.3334    679.3657
     2120.6882      2.0975   2074.7244
     1137.1775   1401.5239   1053.2506
     1533.5823   1006.6677   1730.5114
      987.1549   1923.8027   1200.8219
       63.3761    878.0808   1561.8849
      558.1257    158.4101    784.2485
     1701.7593   1485.2521   1139.5117
      228.1612   1768.1146   2111.3828
     1643.8013   1520.0168     31.8585
      239.3183    301.6876   1003.9913
      150.8651     55.1331   1587.5125
      184.2064    934.9429    630.7682
      330.6316    393.3475   1652.1677
     1558.6304    210.6502    893.8936
      495.7832    758.1570    279.6510
       51.0864   1375.2023    202.4868
      615.7502   1533.1860    683.9150
      747.9275   1430.8260    401.4886
     2193.6814   1341.3033   1726.5442
      609.5268   1080.9916    284.0906
      147.7267     10.0937     30.9903
      521.8307    526.5110     16.5705
     1524.8485   1719.8137    956.6525
     1392.3221    472.8004   1726.0363
     1361.7147   1889.0045   1373.2612
      455.3946     49.5695   1019.4837
     1927.0653    264.1871     10.3880
      192.3815   2041.3358   1022.0530
      765.6713   1325.7468   2054.3257
      474.5194   1239.5175   1862.1541
      668.0131   1870.0936    395.1572
      625.3602   1798.5122   1672.2018
     1923.6920   1637.9883   1521.7601
     1344.4979    755.8112   1834.2571
      756.6250      7.1384   1088.2745
       40.9987   1225.7277   1991.1079
      542.6884   2159.4993    547.7363
     1931.8380    598.6323   1806.0261
     1993.2653    433.4453   1284.0281
     1639.3833   1024.6243    620.7668
     1610.3165   1219.1824    129.1297
      310.9035   1842.5613    196.8306
     1360.1514     60.9688     28.1774
       70.5158   1077.5226    100.9016
     2017.1418    663.2142    123.1872
     1848.4109    290.7452    321.6700
     1799.0831   1089.1515   1446.8489
     1477.6498   1201.8711    387.8459
       61.4643   1245.5129    515.4948
     2158.0168    153.8006    138.6300
      954.1124    959.5135    955.1133
      219.1517   1136.6400    994.1301
      322.1592   2112.8215   1807.3881
      906.6347   1501.0795   1246.4664
      336.2527   2191.8889   1236.2927
      524.3094   1746.9734   2192.1616
     1346.7543   1080.4004   1467.7185
     2167.4182    395.9526   1034.4679
      413.9655   2178.1624    127.2406
     2070.6526   1079.9889   1350.4895
     1393.1149    884.3914    493.3540
      975.0153    314.6187    335.0360
      628.2712    921.3999   1876.2701
      150.7130   1896.6436    529.3134
     1117.4364   2249.0356   1032.9279
      809.5164   1837.5983   2038.4154
       70.1684   1157.4479   1459.7291
     1030.8317   1212.4288    761.5139
      887.2388    939.5499   1747.5435
     1334.6261   1070.3042   2245.1116
      965.2083    729.4161   1123.0198
     2073.0486   1086.1290   2046.8932
      900.1103    403.9198   1554.7808
     1425.1656    815.7181   2187.6643
      855.7107   1116.2164   1278.8755
       46.4822   2141.6729   1340.7928
      408.1990   1187.6700     48.2074
      635.8710    395.8408   1802.9785
     1142.1578   2036.0452   1928.0575
     1011.3887    942.4915    611.3500
     1637.4275   1170.4001   1214.8118
     1297.9962   1857.6777   1051.4419
      500.3735    646.6710   1707.9861
     2100.3958    738.4739   1245.5768
     1769.3147   1524.8016   1786.6553
     1393.4044   1585.2902    289.1364
      768.2277   1366.0665   1477.5818
     2244.5652   1752.7755   1175.3531
     1464.5878    828.7940    771.7662
     2109.4351    691.1709    402.4314
      438.4397   1164.8595   1221.8434
     2125.2515    449.4565    201.0790
      407.3819    110.4492   1730.4969
      518.6820   1863.3550   1323.2523
      740.8423    437.4886    187.6234
      622.0897   1055.2363   1002.3058
      175.9678    124.8719   1278.3412
      408.3174    993.3383    461.7817
      791.9183   1196.4343     99.5589
     1742.7511    407.3040   1726.6964
     1740.5353   2096.6804   1816.1438
      852.7120    517.4301    785.3793
      675.2966     97.4970   1645.2603
       67.0714   2032.0956   1612.6066
     1648.8130    126.7648   2097.9675
      763.5491    827.7054   1284.8196
      300.3127    619.7933      2.7527
     2213.4021    962.8113    795.0156
     2034.6847    965.6956   1047.6180
     1557.4045   2065.8542   1537.7097
       88.4223    854.1466   2176.8250
      125.6041    625.4357   1508.8254
      688.9411   2017.0321   1172.5802
      871.3351    177.5914   2000.9532
     2109.8413   1947.6794    310.8538
     1327.9680   1344.7184    112.2872
     1181.2241   1064.9509   1678.9470
        9.0549   1260.0366    860.4190
      130.2236    272.1685   2252.0291
     2045.4475   2115.7466   1247.0459
       61.6726    568.8395   2137.3933
     1906.9908   1073.1064    838.0997
     1281.2671   1275.6615   1958.4344
      794.3246   1649.9556   1445.1161
     1385.0162   1633.8120   1201.0298
     1580.8199   2008.5197    997.2260
     1593.1445    114.4125   1687.2822
     1552.1858   1821.9490    740.5234
     1207.1847   1857.1925    377.1589
      662.7798    984.7408   1561.7572
      851.6917    173.9816    152.0844
     1205.7764    172.2051   1471.0930
      997.3467    526.1277   1318.1138
      595.4263    124.8951   1964.1426
     1566.1339    883.4691   1380.7429
      400.6505    269.8279   2217.1885
     2097.9104   1814.5153   1607.0364
     1541.4111   2220.8713    692.8434
     1834.4092    329.3345   1472.8951
     1671.2869   1445.1233    279.7884
     1331.8756     46.2869   1732.0391
      288.2052   1270.1871    692.3661
      385.3004    615.2911   1036.8953
      966.2551   1460.9973    604.4389
     2236.4656    419.3980    462.2285
      202.0909    527.0990    842.7929
     1766.9458   1338.7928    840.8650
      434.0998    147.7966   1417.3829
     1934.4943    837.6642   2136.6001
      806.9623     17.3302    494.0069
     2025.3494    364.6621   1730.5780
      529.2292   1448.0476   2113.9207
     1192.4032   2118.9187   1302.3165
      175.1432    682.5289    435.8981
      799.7021    669.1163   1847.8265
     1318.5560    806.7482    198.0343
      342.4407    658.6444   1310.8619
     1672.6459   1917.4044      0.9774
     1784.3602   2111.5364    187.4902
     1759.6025    527.7652     32.2919
      407.9013   1850.1316    503.4882
      678.3295   1080.6893    649.2570
      445.4987    843.3670   2051.8286
     1160.9027   1472.9867   1836.5664
     1214.3435   1165.7355    503.4490
     1503.7197    274.5715   1900.1514
     1100.0128   1348.7994   1640.0890
     2125.9465   1244.9028      2.9022
     1623.4500   1052.4537    962.2458
       95.4223   2083.8772    220.3020
      555.8315    450.0501    702.8410
      965.7919    222.0985   1004.2697
     1166.1134    912.8851    393.7074
        5.3041   2029.4021    714.1304
     1422.7313   1331.8146    996.3028
     2003.5498   1362.6080   1129.3761
      662.8359    342.9044    970.4052
     1082.4695   1771.1187    630.6112
     1895.8005   1535.9435    569.2889
      828.7032   1575.5302   1775.2399
     1510.0084    985.6760    222.9194
      937.4442   1992.1812    205.6483
     1649.7457    662.5186   1876.3788
       97.6044   1791.4175   1526.3937
     1168.1547    806.0373    864.5554
     1115.6422    266.8651   1239.0181
      281.2614   2047.9685    753.4738
     2114.9683   1670.8019    930.4453
     1214.3424   2071.1978    124.9054
     2039.6925   1845.7061   1347.0958
     1841.8661   1904.4952   1058.9216
     1095.0125   1479.0023   2217.2642
      570.3482    712.6435   1449.7382
      359.8008    699.3431    633.6210
     1319.0588   1909.2185    758.9949
      594.5242   2087.9014   1655.4419
      789.1611   2199.3762   1816.7642
     1218.1942    269.3759   1718.9247
     1571.9713    361.0205   1489.2637
     1030.6123   2258.6772    731.3244
      331.0883   1437.6003    979.0197
      240.9303   1322.6007   1332.9353
     1039.3696   1105.7157   2240.3049
     1003.2000   2183.9763   1615.2108
     1789.5948   1807.0048   1684.4680
     1276.8497   2064.1814   1624.6737
     1165.0579   1149.6268    226.5603
      656.9954    962.1552     68.4191
     1138.7961    625.5541     24.6384
      440.5622    359.3605   1189.6697
     1709.8628     37.5816    442.3150
      962.1107   2203.8542   1340.9705
     1439.9784   1306.7716   1574.7623
     1267.1240    278.9563    951.0076
      332.5385    956.3428   1511.3597
      582.0154   1326.6190    849.4315
      965.9237   1110.7036   1543.0280
       59.2116   1756.2660    217.8412
     1475.4065   2108.0522   1273.5486
     1344.1726   1483.0173   2073.3953
     2034.3103   1572.0564    183.7851
       37.9687   1951.8511   2240.8083
     2231.7910   1490.4208   1425.2803
      144.0224    952.4880   1227.3387
      839.5043    161.8452   1377.2878
     1021.3604    636.5522    255.5723
      349.8019   1830.8766   1700.9752
     1705.8370    847.7074     64.5675
     1067.4524    496.1462    968.2394
     1250.8173    220.5345    423.7686
       90.3576   1756.7288   1827.0696
     1917.5605   1350.7937   1634.7698
      935.8162   1651.5255    335.4369
     2072.3369    842.7795   1871.8517
     2208.4893    965.1221    472.3574
     1068.2019     42.7859   1905.4001
     1484.3890    477.4391    470.8670
     2024.0778   1366.4379   2026.8593
     1994.6155    237.9430    527.1824
     1022.6533   1178.8236   1916.6643
     1731.0336   1423.4012   2025.8478
     1310.2778    184.2909    696.7914
     2128.0854   1080.0305   1694.7837
      621.0654   2228.4980   1325.9386
      378.1720    919.4540     38.5852
     1674.4222    507.0749    851.1580
     2164.1558     39.9782    784.6832
     1890.7151   1886.3712    473.3090
      114.3082    639.0157   1118.7516
      369.4863      1.8469   2053.4282
     1848.8010   1101.8126   2215.7930
      906.0866   1569.5814    860.3469
     2061.6616    599.5732   2112.1123
      312.8437   1569.1068     45.2266
     2188.1533   1746.7675    538.8336
      334.0734    458.8901    229.6684
      228.1228    617.7842   1810.2886
     1471.0347   2202.5925    344.5611
     2074.6401    300.2038   2049.1250
     1665.2533    964.0251   2018.5767
     2080.9734   1621.1172   1835.4545
     1370.6371    397.7812   1299.8813
     1186.2627   1470.1381    427.2478
     1558.9834   2202.2876     80.2989
      844.9328   1255.4965    948.7879
     1721.6748   1727.1333    203.7374
      991.5084    472.4087   1842.7736
     1956.6682   2159.0427    568.4783
      466.4453   1960.3525   1003.7775
     2159.8049    129.2217   1452.8538
     1965.4550    576.6509    626.3154
     1800.0834   1182.3978   1865.8296
     1273.0781   1008.2102   1959.4037
      350.2953   1972.5059   2217.2043
     1628.7188   1730.7205   2025.3672
     1995.7070    372.4485    784.3869
     1011.5921      4.5003   2189.1118
      363.3020   1505.2018   1875.5844
     1984.5627    861.2859   1516.8254
      884.7363   2021.9409    591.2277
      363.4935    887.5034   1772.1294
     2098.8970    663.2723    908.3145
     1975.1088   1856.4998     27.9741
     1534.1177   1149.8136   2139.4438
     1811.6434    861.0787   1267.0995
     1261.8263    267.6684   2068.4468
     1369.2240   2183.0774    943.4665
      988.0152   1391.5918    161.9464
     1718.2201    345.5435    615.6276
     2056.6274   1386.8324    853.6003
     1628.6753    693.3340    561.1071
      173.7348   1564.1538    364.8183
     1509.2173   1904.2767   1820.7704
     1251.0892   1601.7466    894.3820
     1122.6866    843.2152   2122.7451
     1979.8893   2144.0654    978.4235
      220.3515   1585.3879   1401.5356
     1802.9502    579.7372    341.7391
     1181.3744    542.5950   1510.9352
      206.3174   1343.8599   2240.0078
     2248.9048   1585.2488     19.8104
     1635.5204    257.5208     89.1165
     1850.1337    561.9678   1056.4863
     2001.9781   2059.4402   1566.0150
     1876.1979   1323.1108    122.5734
       95.1003   2091.1633   2002.8552
      984.5140   1642.3938   1618.5146
      572.0647   1134.1732   2107.3674
     1421.8441   1682.4246     17.1406
      509.8594   1946.9471   1990.2942
     1261.2872   1333.5074    688.3376
     1839.4034    109.8248   1902.2440
     1257.9435    552.4207    301.8273
      840.5756    604.9135    470.1050
     1595.6648   1525.8702    716.0598
       94.2557    198.2580    321.2941
     2038.6427    976.5375    167.8294
     2227.2114     69.3982   1132.9076
       39.9460   1485.8599   1954.6224
      999.3990   2029.0603   2213.0344
     2134.5212   1481.3604    446.9581
      519.7190   1293.3583    506.7311
     1593.6527    788.4042   1062.6313
     1071.7023   1664.1495   1133.6060
      512.6147   1621.7152    323.0036
     2040.1212   1872.7758    736.8268
     1533.9058   1747.6123   1540.0356
     1912.3339   1411.0536   1376.1969
     1747.6177   1150.3850    357.9015
      701.5949   1684.1921   1102.7385
      387.2970    384.5337   1989.6357
      313.4469   1587.4180    671.4238
     1139.0808   1805.2122   1432.9011
     1540.2964     67.6336   1399.7039
     1691.9213    306.7373   1126.2034
      682.5341    342.5534   2186.7737
     1534.6371    195.0744    418.8375
       18.3822    660.8226    132.7841
      629.5526    307.2044   1452.0500
     1804.1201   2051.8804    763.8840
      167.0589    884.5369    966.2590
     1075.4517    920.5588   1293.5405
