     1063.9092   2131.4614     26.0701
      951.8994   1558.9872   1289.3062
      849.2177   1687.2758     87.9014
     1261.5905   1095.2378   1630.0077
      624.0754   1713.8541    613.9552
      696.4588    622.0531   1012.2931
     2081.9548   1646.0372   1092.3259
     1284.4844   1883.4927    995.2183
     1236.1742    297.8327    702.8964
     1630.1967   2145.8096   2210.0815
      534.0816   1560.1654   1354.4012
      865.6078     82.4622    120.8649
     1491.9135   1928.4056    384.3911
      829.0233   2250.0952    690.9892
     1364.7252    854.2568   1332.4066
       40.2132   1227.5919   1999.2552
     1286.9208   1804.9490    515.7777
     1353.6813    150.8084   1425.3772
     1960.3387   1774.4269   2071.7092
     1923.1619    448.6248   2224.5784
      875.6346   1830.0609   1099.3569
      776.4525   1860.9766   1849.6237
       33.1603    945.2724   1915.2338
      743.4285   1187.7078   2076.8269
     1076.8970    667.8984    660.9445
      171.4163   2118.6597   1529.2305
      277.6996   1489.5625    735.6776
     1557.6622   2262.4187   1726.5879
     2066.4241   2147.4268     47.5242
     1845.3230     99.9701    293.3079
      650.9935    720.6195    595.3270
       12.6182   1107.8225    586.2025
      641.0189     96.2588    561.8188
     1597.1498   1616.9489    739.0739
     1387.3208    691.8842   1664.9825
      609.8007    138.9179    817.3255
      915.2941   1964.0177   2180.3774
     1383.9937    360.5485   1536.3597
     1965.0718    102.0078    514.4905
     1840.6741   2191.8511   2085.1646
      212.5843   1348.5425   1462.9485
      436.1173    353.2888    378.6866
      561.1256    381.6663    634.5391
      561.3528   1894.3190    783.9016
     1989.9235    212.6769   1221.8042
     1575.2155    279.8458   1677.3824
     1042.6938    106.3985   1069.6937
     1103.2042   1290.9305    634.7780
       49.2677    749.8043   1566.8087
      903.5072   1192.0854   2240.7639
      773.5754    852.0526   1070.8060
      864.5695   1381.8027    286.5307
      463.5786   1275.1097   1691.7708
     1617.7468    771.5857    243.4028
      927.4219   2225.8804   1600.7363
     1599.6765    806.9432   1448.6823
     1575.6832   1313.3459    681.0264
     1287.8737    356.6947     67.6882
     1417.1978   2023.3352    627.0390
     1697.7734    701.5722   1636.1074
     2194.5015   2088.1714    455.3332
     2173.6338    528.4911    896.5823
        5.1264    226.5195   1724.8518
       71.1672    324.7241    823.3484
     2142.5164    726.7305    240.3047
      852.3154   1164.5520   1406.7020
     1228.1842   1053.9810    511.2351
     1357.7909   1327.5972    186.3771
     1039.1525    387.8738    598.2313
     1205.3632    851.5698   1547.8593
      738.9186   1324.4476    743.0524
     1908.3335   1975.2610   1941.2960
     1215.6218    860.1018   1130.6887
      279.3053   1308.8629   1941.0332
     1641.5614    222.9895   1430.8983
      341.8285    156.6198   1960.7865
      600.1819   1846.9502     68.9949
      371.0699    151.0154    922.0074
      842.4599    435.2113   2139.4917
     1581.5677   1808.0933    587.1720
     2127.2354   1347.5967    687.8434
      536.0101    887.0533   1114.6843
      741.7073   1870.5084    512.2479
     1722.2169    856.1884    472.0707
     1511.7661   1678.5907   1656.1854
      713.1642   2207.1572   1459.5929
      346.2912    762.7085    194.1718
     1319.7961   1746.1721   1431.5250
      579.5351   1719.3866   1494.6215
      964.6704    516.1617     89.6976
      219.2110   1109.6605   2119.1533
     2032.0511     55.2684   1651.5852
      267.2746   1466.7408   1017.2863
     1272.3069   1616.3309   2082.6638
     1809.1440    282.6335     94.3333
      779.7682   2108.4424    414.9350
     1376.0663    422.3827    288.5553
        0.6735   1141.4323   1751.4211
      112.0526    110.9638    399.8656
      137.7666   1801.2861   1774.3700
     1872.1935   1428.5679   2092.6194
     1985.1681    860.8865   1117.8330
      767.8956   1570.3802    789.5227
     1652.3009    617.6766   2126.9521
     1775.5605   2220.1055   1365.5096
       32.9051   1536.5352    869.8681
     1538.6079    536.7827   1745.9246
     1848.5360   1815.5247    602.7996
      248.8372    580.4327   1700.8422
      238.6430   1114.0056    988.8929
     1526.7949   1439.8517   1743.0408
     1516.8560     72.3454   1215.8383
       80.1087   1600.4231   1449.6680
     2145.9993    599.5340   2057.2769
      118.2606    303.8752    520.0792
       28.2244   1751.5679   1293.0648
     1349.8822    624.4443    637.9291
     1838.1071   1900.2524   1466.9159
     1306.0679   2166.7715   1867.6198
     2064.4614    755.3607   1520.2284
     1837.7745   1995.3500    992.1027
      353.5176   1383.1084    525.6307
      377.6619    181.6105    554.5311
      887.0685    693.4076   1384.4974
     1882.1038     24.1776   1836.8857
     1570.7820   2002.1274   1311.7065
      189.2685    675.9824   1100.3049
     2137.1826    107.9207   1892.9716
     1356.4639   1106.8782    907.2979
     1868.7188    927.2056   1826.9092
      773.1942   2119.5942    905.5549
      162.5321    905.8589   1674.2645
      137.2624    134.1803   1015.1806
     1868.5062   1588.1675    689.4780
      156.7413   1924.1328   2036.3734
     1222.9545   1999.8502    380.1681
       70.3110    449.0755   1123.8939
      256.7409    207.3273   1672.1566
       67.5490   1313.6270    855.6804
      490.4147    322.7885   1319.2211
     1302.1625    160.0159   1117.2124
      632.1611    810.6722    143.2447
      533.8025   1365.7289    676.7587
      498.5427   1128.3356   1059.4885
      694.2027   1491.9532    548.4546
     2114.8362   1547.3374   1345.9624
      905.5892    788.8550    488.9195
       28.4064    197.2647    155.0613
      685.9885   1059.8396     28.1293
     1920.5309   1647.3647   1542.4934
     1113.5479    697.5763   1790.0901
     1186.3984   1556.7264   1327.3820
      337.8605    224.1045   1153.6133
     2012.0458    176.8068     89.4540
      512.6373   2094.5703   1269.2638
      806.3861   1739.7533   2129.0684
       52.7801   1381.0547   1817.2188
     1053.0687   1976.0150    947.5336
      993.7776   1846.4889   1977.0129
     2146.6648   1857.3143   1890.8751
      894.4185    836.6311   1881.0466
      548.2155    604.8760    817.2736
      151.5117   1560.3531   1661.5977
      307.4341   2130.5496    311.6394
     1894.7277    620.6022   2060.7805
     1826.3557    651.8110   1444.7275
     2093.0693    623.1633    683.9045
     1846.1664   1306.9744     44.5242
      482.4978   2190.9399    447.8864
     1373.8765    153.3517    266.2496
      460.7311   1018.7284    201.2891
     1864.3287    703.2155    293.5966
     1940.6353    349.6371    588.1707
     1638.5820   1047.2552   1537.9963
     1400.9609    879.6482    288.6421
      287.6270   1234.8477   1202.0331
     2140.0164    229.8921    348.1735
     1092.4843    363.8618   1123.7920
      449.0326   1014.7841   1371.3613
      302.4585   2014.1196   1719.2751
     1130.5358   1485.9945   1028.9491
      376.5053   1959.4799   1448.3198
      301.2663   1774.5129   2161.8696
      935.6228   1018.1558   1630.0839
     2146.1252    248.2092   1484.7611
      780.1790   2072.8352    111.8895
     2022.0105   1315.0837   1228.1265
      969.1380    976.0862    927.5026
      692.9771    459.3386    476.7172
      680.7653    962.3005   1936.8431
      177.0896   1913.7871    585.3957
     1201.5895   2182.6165   1076.2745
      651.0720   2000.4004   2161.1431
        0.4367   1282.1362   1565.1466
      805.4116   1294.9161    507.0137
      662.7310   1161.2205   1766.4978
     1450.6477   1221.0278   2198.1257
     1028.2054    313.3521    873.4130
     2022.2123   1174.5607   2183.0757
      953.6246    765.5314   1608.4728
     1444.1736    699.4375   2031.8663
      474.7030   1022.2831   1645.4586
       19.5080   2233.1414   1327.5142
      160.8388   1742.8807    202.6283
      427.8654    894.8665   1900.3480
     1203.9685   1989.0627   1446.1602
      876.6801   1137.1934    745.2388
     1830.8948   1139.7485   1461.2473
     1360.8488   1662.8253   1149.4034
      528.2838    546.4947   1403.1576
     2038.8447    939.1156   1386.9390
     2055.9231   1571.6858   1961.2910
     1662.5864   1029.9154    251.3256
      784.8661   1541.4156   1443.9500
     2076.3689   1899.2142   1099.3097
     1388.5215    660.6161    939.6664
     2002.4183    779.6071    486.6864
      427.9868   1263.6584   1403.5638
     2046.3210    678.8393      1.7117
      396.7413    378.8661   1530.5419
      344.8804   1706.4170   1415.4720
      602.8071    139.5144     50.5209
      659.6463   1346.2635   1447.7197
      131.1857    402.8769   1549.5632
      391.1376    708.5964    955.7542
      667.4167   1166.0507    251.0319
     1617.0140    755.3139   1871.6600
     1976.7302   1580.6449   2245.8799
      814.4659    548.8098    697.9446
     1097.4192    129.1053   1772.5592
      530.3324   1922.8516   1696.2616
     1668.3629    119.8650   2149.7119
      403.1577    794.0947   1679.4148
       36.2731    763.0078    677.7206
     2199.0708   1139.5653   1239.2239
     2207.4717    416.7552   1322.4929
     1763.1204   1562.2974   1733.5626
      433.5422   1216.5953   2233.0708
      273.5061    630.6443   1482.7267
      627.7995   1938.4879   1469.2521
     1426.9380    479.7270   2146.8267
     2102.5461   2260.1072    294.8823
     1023.6444   1554.0842    244.5682
      841.0469   1274.5681   1606.4296
       14.9258    978.7164   1085.9755
      115.4420    513.5247   2047.3159
     1935.5028   2189.9338   1143.1561
      276.1713    684.6752   2199.1179
     1668.6766   1134.3801    557.8788
     1456.4701   1233.2684   1649.0289
      536.3189   1793.5522   1242.9449
      926.8839   1081.5308   1144.5419
     1838.2645   1978.5106   1264.0885
     1484.6205    348.7946   1947.9281
     1620.5734   1705.8740    347.3747
      971.5931   1483.0952    511.8516
      720.9481    910.6241   1637.2725
     1162.2909    231.9090    414.3464
     1308.8102    303.0241   1739.8643
      810.7018    461.2022   1423.1929
      660.7690      2.0121   2055.6252
     1418.5016   1021.9421   1467.8551
      375.4517    230.2328   2261.8342
     2064.1477   2039.5881   1279.0132
     1690.5070   2039.7374    582.7502
     2181.7964    537.5059   1559.5831
     1326.8700   1756.3463    264.6822
      825.7002     41.1302   1832.5516
      660.8851   1092.9806   1230.5315
      554.8866    379.7198    900.6390
      937.7671   1703.2180    656.5309
     2229.9583    450.9000    252.8981
      340.8739    385.6642    711.3964
     1904.3885   1347.0236    878.4370
      674.9003    364.8451   1615.3651
     2221.1821   1030.9690   2147.8564
      927.5378    340.1626    346.7082
     2205.2246    158.6360   2145.5503
      240.2054   1636.5781   1963.6541
     1335.7319   1899.1826   1241.4116
       47.6296    905.9186    466.0381
      685.8744    637.3943   1584.3545
     1202.9059    670.5208    237.5513
      467.3141    514.4896   1101.6976
     1284.1880   1810.9758     37.4975
     1186.3212   2245.2803    258.0740
     1964.6433    438.9380    214.5583
      220.1843   1629.8536    476.7208
      859.6071    822.4350    749.1152
      245.3692    909.1374   2046.5476
     1059.1471   1765.7344   2234.6826
     1145.6936   1095.6252    778.8280
     1686.7170    385.4486   2120.8518
     1398.6135   1481.1138   1489.3121
     1859.8921   1041.5970     87.2957
     1735.9951    960.4255   1031.3184
       70.3657   2178.7195    256.7584
      301.4782    495.0286    146.6757
      858.2610     99.7525    404.9670
     1490.9867    927.3922    511.4724
      291.5394   2015.6890   1237.5220
     1370.1476   1468.4254    986.9307
     1627.7062    893.3876    744.8630
      881.4712    264.6545   1178.8018
      644.2606   2090.6958    647.1153
     2216.9753   1786.0662    945.8605
      920.7603   1523.0840   1676.5945
     1432.6254    654.0322    395.6425
      826.3145   1891.0802    260.4695
     1752.0349    512.1903   1868.8420
      129.6724   1829.4689   1524.2836
      799.9531    897.3844   1395.1384
     1169.2476    234.4568   1332.4938
      216.9021   2172.2539    869.1620
     2150.2698   1902.1509   1443.6743
     1065.1241   1879.2153    181.2821
     2134.0828   1369.2067   1021.5790
     1521.8469   2229.5352   1441.7942
     1238.7858   1385.3942   1696.7582
      674.7219    701.6771   1252.1934
      136.0947    588.5370    892.1818
     1383.6167   1799.0284    740.5547
      299.4978   2250.3188   1746.1577
     1098.4628   2258.1228   1969.1882
     1432.6130    215.7376   2163.7815
     1672.5398    447.8445   1494.0758
     1019.2625   2202.2297    494.2926
      373.9759   1314.4058    877.9957
       69.8825   1265.8094   1072.3427
     1243.6365   1362.6316   2122.7083
     1150.0316   2262.9102   1490.0151
     2028.2870   1927.1676   1668.7001
     1377.9023   2088.6484   1595.3270
     1213.8586   1088.1843    225.0372
     1118.2667    428.1941    241.1485
     1078.3567    894.9114    352.6943
      694.1979    453.7501   1223.6454
     1846.2791    321.0371    369.5252
     1107.0042   1734.7158   1153.6027
     1655.2673   1447.1918   1519.1752
     1194.6118    515.1448    809.3739
      243.9412    851.4951   1441.0759
      545.3212   1500.9312    927.5967
      813.3617   1355.8781   1838.4249
      251.5480   2120.0955      5.1431
     1534.4871   1870.7699   1504.3003
     1655.8759   1911.5775   1989.1814
     2125.2576   1658.1382    248.2494
       73.0540   1970.9254   2260.1213
     1658.6570   1412.5422    904.4012
      167.1733   1070.1628   1314.8691
      591.2546    235.1838   1091.6432
      986.1616   1124.5270    475.0271
      347.4993   1727.3494   1653.3450
     1603.6357    845.5581      6.7415
     1153.1453    680.5792   1323.1228
     1084.8746    199.3400    146.4078
       12.4195   1998.4580   1724.1290
     1658.2008   1053.8899   1813.3042
     1078.2864   1722.6935    375.1690
     2111.3047    967.3011   1688.2668
     1931.0197    931.3181    879.2408
     1244.0903    237.0873   1977.5948
     1395.6016    665.6610   1190.9128
     2215.3718   1611.1716   1791.7356
     2169.7773    360.1386    619.7574
     1349.5859   1326.8394   1893.5879
     1949.2250   1385.3385   1770.7357
     1621.7068    266.8551    342.0294
     2099.0364   1458.7952   1597.9590
     1026.3605   2250.7893   1310.0686
      448.1647   1403.2390    141.3520
     1824.7142    476.4349   1001.3325
     2168.3564    256.5722   1031.4176
     1938.4482   2053.8582    208.3180
       93.6777    626.2122   1316.0679
      539.5901    219.0175   2068.3274
     1682.8304   1097.9729   2208.3083
      749.6722   2015.9193   1248.1439
     2060.2961    534.3502   1840.8407
      208.7605   1550.8356      6.0646
     2046.2808   1879.3497    428.1769
      710.4868    531.9586    191.4889
      174.9241    699.1916   1888.1733
     1316.8651   2199.6863    484.0698
     1971.9962    907.0033   2154.3022
     1779.0325    824.8937   2040.5938
     2140.7490   1386.4817   2226.2185
      972.9488    625.6508    888.4984
     1309.8745   1346.3669    536.5129
     1705.0135   2133.3647    279.1844
      510.9860   1376.7389   1173.3429
     1669.6927   1527.0892     48.9700
      970.4681    591.2307   1956.2308
     1932.9858   2108.3782    458.6963
      359.6594   1714.5778    832.9165
     2032.2537    309.4453   1704.7780
     1936.4927    700.9977    953.6309
     1941.2185   1135.1693   1715.8717
     1018.8636    988.0698   2082.0889
       78.1201   2218.6091   1784.9381
     1323.8021   1852.7195   1655.2085
     2180.6904    719.1587   1116.8517
     1051.0400    298.4112   2204.6074
      365.3058   1492.5526   1774.5236
     2072.6790   1209.3846   1462.7058
      544.8515   2001.4001    283.5942
        0.4630   1048.5330   1474.5638
     2055.5095    510.4052    416.2888
     2214.0410   1661.0636     26.4155
     1550.8682    955.0392   2034.8546
     1779.3351   1205.7999   1015.8942
     1202.0514    596.7552   2257.6013
     1545.1567   2235.6428    647.5905
      275.0026   1493.9409    277.6074
     1688.7233    300.9505    575.5447
     2053.4707   1136.5226    762.3202
     1821.9957    584.7911    540.9116
      128.0137   1967.3827    317.0091
     1866.6709   1981.1414   2204.0100
      960.6086   1283.2778    968.6712
      565.0760    779.9465   2110.8093
     2258.6609   2233.0667    882.8101
       12.3408   1355.7938   1313.6177
     1662.4208    529.4165    328.3662
      915.0427    547.9207   1161.9004
       23.1506   1734.4049   2043.5084
     2215.9185   1199.0693    102.0143
     1395.9149      5.4146     65.8637
     2085.2317   1088.8208    998.8655
     2156.6287   2130.8662   1519.2340
     1458.9543   1607.5182    501.4177
       20.7962   2213.2593   2255.0210
      928.1898   2023.7001   1417.7059
      467.3245   1106.5140   1989.6184
     1423.0150   1505.8352      7.6949
      840.6478   2001.9924   1637.3579
     1362.0555   1526.5165    761.5461
     1821.4667    323.6688   1720.8362
     1727.0201    529.7131    779.4541
     1016.8508    588.7925    392.2331
     1480.1296   1715.8955    947.7145
      282.3185     63.3288    150.4581
     1845.5627    791.5062     73.3513
     1712.4414     59.7652    964.8713
       36.0939   1503.4478   2032.3423
     1154.2004   2016.9509   2093.8291
     2140.7671   1615.7246    649.1132
      559.4926   1133.8438    783.9794
     1812.0536    650.6187   1181.3770
      331.6996   2249.5491   1368.6703
      346.9792   1930.7601    141.6861
     1907.7738   2032.1300    730.4247
     1764.8259   2065.6448   1786.6924
     1624.4629   1587.3904   1099.1862
     1819.9545   1341.9696    643.7670
      267.7699   1790.0128   1201.9042
      582.0043    495.0858   1919.4531
      450.3985   1688.4385    159.4426
     1117.6218   1985.7770   1205.3063
     1764.7173     78.5552   1621.1287
     1423.1392    599.6303   1450.5217
      710.2806    289.1988   1928.1093
     1561.6779    361.4337     76.9742
      182.4631    934.0342     64.7608
      799.7080     31.1202   1256.1204
     1487.0697   2004.2783    899.0182
      296.6697    929.9492   1163.4939
      636.4200   1130.9380   1514.7064
     2059.4912   2194.9087    643.4100
     1955.8610   1729.8986   1772.2139
      259.8540   1106.7532   1545.9622
      751.1786    672.5594   2252.4060
      840.9430   1727.2712   1618.6222
      550.5615    360.8981    139.7016
      303.1220    415.1021    936.6625
     1796.7848    847.3968   1271.8447
     1528.2097   1707.8170   2140.4832
     1298.4080   1304.4028   1186.4641
     1600.9185   1255.8646    152.2788
      819.7698    523.6155   1788.7101
      801.2806    278.8306    655.9352
     1968.5938    468.0793    813.6785
       33.4072    214.5709   1267.6692
      800.4444   1802.2394   1344.5873
     2023.7800   1755.5826   1294.4110
      276.6438   1498.3274   1286.9762
     1756.5149    556.4285     87.6628
       76.9719   1399.9796    610.4282
     2085.2656    907.5855    684.3734
     1487.8881    910.9413   1704.2460
      235.9064    233.4726   1386.5912
      794.1130    403.1817    904.2170
     1447.2523    117.9233   1902.1144
     1610.2716    590.3347   1304.2451
      492.2173    900.6216    674.4117
     1675.4205    715.5950    941.9650
      820.1848   1874.2886    819.3071
     1736.7606    378.0914   1239.6635
     1749.3242    285.8775    826.5600
     2070.5579   2135.7546   1825.3973
      422.6827   1996.7426   2124.6023
      707.7202    224.7834   1389.8658
       26.8010   1062.0930    819.0850
     1161.9695   1173.3080   1943.6025
     2011.6089   1489.0330    486.7332
       63.1551   1432.9166    214.5558
      955.2028   1147.6588    225.8272
      934.5804   2027.9989    683.6676
     1688.5664    206.3095   1912.8290
     1902.2059    536.4908   1619.6095
        7.1051   1513.0027    400.4745
     1690.9656   1688.3716   1489.4208
      262.1404   1087.1080   1814.9937
     1312.1637   2185.9575   1328.4556
     1517.9390   2210.2847    367.9911
     1916.9656   1680.0905    398.6801
     1851.0680   1701.3845    196.5881
      293.9040    400.6777   1830.7992
     1731.8340   1756.0864   2220.9639
     1912.8014    231.1350   1000.2635
     2064.5410   1290.2615   1944.0688
      904.3311    950.9572     77.4145
      550.5076     36.2237   1825.3488
      443.6695    570.7333    522.3740
      912.5118   1445.1450     35.6478
     2200.0405   1940.8414    219.3281
     1057.8507   1416.8243   1513.0221
     1122.3247   2124.1265   1672.5270
     1049.0946   1761.1293   1385.3888
      301.2521    794.6068    461.5013
     1123.6384    949.0901   1763.8494
     1711.6467   1951.4683    116.2155
      261.0392   1006.9501    333.2876
      917.0467     14.3715   2115.5022
     2176.9138    129.0006    608.8090
     1006.4515   1572.0338   2101.1196
     1660.6941   2152.8447   1100.7587
     1773.0660   1622.6406    919.3324
     1434.5353   1191.5317    384.6167
      340.2935    404.5182   2077.5735
      159.6511    854.0768    917.4786
      595.0210   1384.5491    365.6684
     1201.6506   1665.2828    876.9077
      676.6444   2127.6953   1705.4913
      494.3615   1556.8646   1961.7885
     1151.1812    879.7155     76.5419
     1421.2295   1130.7484    634.1125
     1882.1216    690.5220   1799.7269
     1432.3588   1044.1846   1149.6831
     1078.2827   1700.9991   1806.0547
      985.4044   1711.1504    927.8142
        2.6974   1742.0955    447.6425
      973.3885   2122.6921    258.6724
      317.3962    732.0300    710.5029
     1184.9047   1600.4718    610.1809
     1692.5498   2139.1633    821.0345
     1200.5688   1570.8717     59.8446
      176.8329   1722.6670   1000.1751
      677.2209   1334.5385     19.8836
      185.1208     98.0159   2153.3955
      730.9609   1476.0752   2065.3860
      250.5108    457.0511   1266.0470
     1064.7982   1222.4180   1698.4629
      448.0654   1991.2568    556.9547
      809.6837    303.4717     97.4936
     1621.2279   2201.3064   1968.4987
     1698.2430   1872.6255    819.8459
     2023.5479     12.0197   1362.5176
     1986.7578   1792.3889    816.2018
      486.2296    583.8953    295.7139
      544.9492     81.9495   1299.6013
     2158.6624    906.0786     85.2525
     1650.3789   1372.4053   2120.7166
       14.0807    842.0195   1331.9766
     1062.6960    910.9560    648.6535
      404.6759   2238.6455   1065.7438
     1907.6376   1384.5532   1481.9769
     1903.9880   2126.4502   1561.4254
     1555.9972    838.5291   1176.8107
       40.5166   1025.8907    235.1272
     1932.7672    431.0203   1364.2100
     1414.1766    192.4949    530.5173
       51.1613    771.4423   2150.6177
      655.7042   2253.5862   1075.6243
     1827.1290   1218.7842    398.0316
      408.0111    659.6847   1949.5725
       64.5832    594.5417     56.7992
      216.2140   2170.4600    523.6813
      693.9820    707.0844    349.6552
     1369.5830   1838.9062   1987.9821
      282.9226   2135.3403   1962.8634
     1321.1969    538.8011   1857.4154
      167.6505    529.3127    626.7693
     1564.0244   1135.6715    878.1538
     1243.5255   1318.0737    826.4424
     1503.5895   1278.4567   1073.1682
     1772.6909    141.9149   1194.0487
     1370.9835   1081.0356   1847.1899
      383.5880   1079.5540    515.3935
     1430.7809    602.2024    104.9430
     1837.8859   2262.7222     65.9400
      970.7504    500.0901   1598.9652
       33.5929    483.6221   1831.8856
       39.9557   2005.2981   1293.1277
      574.3496   1689.3911   1746.6732
     2032.8212   1158.0200    224.8923
      794.6351    874.4174   2107.7463
      401.8353    698.2857   1265.7880
      676.6985   1543.3518    181.1937
      532.1555   2048.4062   1902.3649
     1043.2902    930.6256   1325.2250
     1546.7908   1676.7683   1312.1310
     1730.5442   1365.4213   1245.5719
      512.9294    278.2513   1787.5398
      650.8435    854.3238    860.0439
     2068.2388    812.6901   1964.8582
     1835.8589    768.3539    703.6910
     1083.5704   1133.2061   1452.6791
      235.3944   1263.1246    124.2766
     1122.6758   1835.3047    738.6993
     1441.5787     16.2320    935.1905
     1719.5513   1565.3855    506.6313
      486.9267    545.6237   1662.2816
     1501.8665   1527.2803    243.4205
      544.6270   1335.2352   1941.7609
     1905.4604    337.6614   1963.9950
     2035.2130    632.4237   1288.8386
     1033.2168   2217.6653    862.4017
      776.5912   1623.0948   1878.4143
      348.7180   1840.9246    376.2841
      198.3829    935.0515    679.6158
      366.1267   1449.1660   2127.2302
     1337.2684    887.5492    743.3547
     1793.4261   1636.1226   1263.6830
     1043.3201   1487.5662   1882.1543
      445.8109   2140.6497   1555.6243
     1463.8475    890.8735    937.7415
     1853.2837    891.3942   1585.0051
      697.3917    272.2831    337.5861
     1694.3153   1107.9020   1243.4933
     1239.8921   1499.1108    365.9004
      992.6921    785.4285   1134.8580
     1268.1622   1304.7781   1427.8809
      702.2628    131.3335   1655.0132
     1028.4685    157.5457    671.8932
     2062.0396   2204.0356   2069.6628
     1878.5045   1471.7072   1088.3326
     2225.3430   1252.6567    372.5406
     1181.6367   1926.6144   1862.1870
      499.0543    607.6337     54.6518
     1735.9629   1346.1523   1894.2423
      974.7112    273.1227   1968.0293
      481.1887    123.7790    316.5908
      969.6475   1937.7754    458.7625
     1783.3931   1883.5809    338.9534
      410.2675   2248.4048    695.2546
     1474.2289   2043.9991    172.8973
      472.0843    126.1642   1557.7510
     1182.8727    462.2575   2057.2939
      358.5291   1867.2665   1900.6140
      762.2969    975.4057    585.7983
     1557.7432   1870.0493   1104.7616
     1124.9457   1311.4377    109.5540
     1046.4968   1874.7109   1638.7668
       43.2563   2143.2703    671.8188
      408.5458   1474.9633   1558.8586
      374.4139   1709.9568    615.5604
     1474.3087    413.3521    511.2301
     1110.4327    307.8947   1553.4952
     1539.4357   1764.4072    118.4067
     1317.8571   1626.5033   1843.2853
      241.7491   1290.1552   1678.6084
     1046.8925    454.3929   1344.2463
     2125.6458   1993.2084   2102.4333
      738.5236   1078.0204    942.5687
     2086.1516   1049.1688   1920.5027
      134.1416   1329.4821   2178.5061
      480.2300   1592.4777    412.3112
     1713.1958     63.4877    493.5540
      670.0326   2253.1638    278.7462
     1196.7852     83.9839   2197.3613
     1199.9680    577.9008   1558.7887
     1804.0082   1109.2194    805.8829
      432.2528   1635.7125   1084.9879
     1353.3425    391.7663    987.4539
     1488.1444    199.5240    791.4180
      602.1997   1953.4696   1033.3441
     1168.3826    737.7510   2034.0226
     2052.2034    176.2567    817.4252
     2146.8689   1710.9064   1560.0099
     1723.2629   1824.1720   1731.5977
      586.7576   1631.1259   2209.7847
     1414.1504   2112.0291   1098.9938
      705.4472   1606.3193   1180.2310
     1485.7041   1502.7238   2015.0031
     1889.2507   1001.0598    579.8241
     2179.4590    828.4917    906.3400
      189.0009   1241.8368    414.1480
     1610.2661   1366.8124    423.6374
      866.6510   1511.6139   1024.0348
     1158.8177   1131.6229   1049.1670
      995.5913    720.4483   2204.7197
      547.4211    810.2639   1430.0183
     1352.6000    812.8463   2230.9949
     2201.5776    724.8879   1774.2917
     1293.7758    985.9969   2088.6418
     2139.9080    426.8032     12.1783
      135.9575    356.0130   2249.2549
     1163.1560   2031.9113    630.3707
     2044.5499   1201.8485    521.8145
      613.2304    431.5312   2188.1191
       39.8933   1542.1600   1116.3567
     1429.4973   1046.4746     98.5526
      589.1943   1777.6013   2003.3069
      518.5696   2178.9553     70.5497
      651.5130    732.4193   1813.7201
     1344.3495   2165.2527   2097.9927
       86.9380   1938.6610    813.4406
      948.4125    169.1974   1442.4266
      407.8757    973.4913    888.6767
      806.0597    962.6884    316.4969
       38.2190   2167.4109   2005.4712
     2019.9723   1830.5367     32.7837
      979.0627   1300.5669   2043.0547
     1734.5239   1258.3105   1673.8507
      249.0452    277.7740    277.0478
     1846.4225   1779.6516   1090.9852
     1924.5579    162.7745   2127.1777
      263.6972   1184.8114    701.5389
      915.6290   2168.9902   1084.6428
     1177.9691    584.9341   1086.0416
      109.8684    748.3878    228.1845
     2162.2402   2241.1636   1120.1395
     1008.9453   1463.5089    787.5467
     2259.4751    639.0508    485.8592
      437.9549   1210.4242    315.4162
      899.4728    739.5898    215.6523
      777.7315    181.4866   2160.2903
       88.9614   1987.0341   1062.9456
      206.7772    541.3671    376.3703
      889.9548    260.4144   1719.5741
     1215.6986    130.3299    898.8863
      750.1163    634.3139   2028.7303
     1236.8223    794.1014    468.2740
     1960.7803   2249.1414    898.5817
     1335.4327     74.3321   1660.9474
     1322.5668    846.5085   1868.7882
     1590.6182    514.3200   1051.6235
     1619.0940     74.1490    156.4594
     1000.4168   2055.7527   1867.2732
     1264.0205   2049.9944     90.1844
     1779.2927   1442.6160    262.5272
      440.7430    928.1010   2223.0405
     2161.2036   1891.1350    657.3683
     1835.3292   1119.3730   2023.7745
     2096.1001   1004.5900    394.4991
     1516.2710   1938.5251   1776.6980
     1483.1860    327.7407   1261.3486
      831.4672   1645.8511    405.9694
     2113.3672   2020.6250    876.6069
      606.6854   1776.8215    324.4949
      340.1263   1946.8810    989.2626
      766.3743   1328.5541   1191.4259
     1277.4215   2115.1152    832.0336
      439.6253      4.9122   2137.8975
     1217.7670    487.3987    493.9008
      776.3619   2068.2356   1992.2505
     2034.8395   1415.9019    255.9808
      904.8900   1093.0630   1875.4938
     1015.8274   1315.1396   1229.5319
     1925.9720   1093.6514   1220.9219
      693.6075   1308.1072    959.3831
     1549.0823    257.3950   1036.3137
     1290.4969    446.2266   1269.1838
       83.8374     60.9695   1558.3650
      644.3667   1717.9395    961.2244
     1237.4362   1069.5084   1298.6405
     1503.2600   1252.8970   1387.3716
     2058.5359    485.9255   1120.5826
     1482.8306    457.7618    749.2161
     1656.5688   2075.8721   1558.5487
      517.0572   2131.0378    898.7320
      623.0286   1163.0437    501.6536
      649.5663   1459.2727   1692.3008
     1083.3033   1301.6448    369.3301
     1587.4888    682.6174    583.7510
      311.7960   1988.7689    747.2346
      806.8679    155.4020    938.9241
     2138.1792    361.5274   2023.9065
     1555.4830   1197.7708   1965.7936
     1894.2697    210.1644   1462.1846
      165.2963    114.8322    671.0728
     1147.1873    826.5412    889.8125
      195.2716   2239.1914   1150.1635
     1183.0762   1612.4602   1598.1177
     1508.4640   1455.8368   1255.0873
     1804.4731     41.0038    715.1884
     1095.4468    444.0753   1808.2654
     1899.9594    946.2326    324.8296
      531.3304    864.0705    408.0471
      105.8837    257.5925   1960.3997
     2033.0068   1546.3396    863.1959
     1476.4294   1961.1674   2200.6125
     1574.9130   1687.6708   1893.9998
     1771.2819   1665.7250   1984.6372
       95.1508   1695.7988    698.7302
     1241.9547     36.5718    672.6292
     1173.9185   1138.0039   2216.3025
