      491.0041    839.2634    519.9192
     1794.8955   1634.1055   1562.5841
      477.9330   1793.3275   2146.5251
     2040.7094    817.6698   1969.7913
      407.5359   2109.5310   1401.5637
      289.6274    245.5410     63.3908
     2062.7861   1961.2451    489.0618
     1286.5939    547.9446    321.3524
      309.2627    398.9984    466.2201
      801.5093   1642.5640   2027.8663
      227.9694   1986.8347    973.4917
      605.1008   2010.1912    920.6176
     2109.6714   1915.5031    185.4035
      789.1501    644.6431   1103.3376
      279.6344   1194.2617   1528.2203
      574.6412   1077.9817   1172.6520
     1435.8563   1530.4347    306.6519
     1703.0298    454.2527   1402.3323
     1867.1427   1001.2737   1479.4019
     1327.5736   1149.3212   1420.8777
     1066.0787   2100.7415   1666.4465
     1149.7876   1448.3114    850.3033
      211.6030    461.1536    823.0433
      100.2419   1880.7815   1442.8688
     1095.8364   1624.0171   1983.9269
      790.4930   1958.0854    438.5867
      217.9490   1964.5255   2258.9429
     1375.6211   1885.4501    771.5483
      749.1678   1894.4011   1707.8405
     2189.7002      4.8538    258.4294
     1206.4629   1691.0369   1339.6167
     1112.5782   1331.7640    325.3164
      402.3248      8.3840   1060.4938
     1572.6696    468.3854    623.0858
     2187.1758   1499.8112   1408.7046
      808.0271   1173.5376    382.2814
      793.6465   1325.1030   1950.1542
     1262.8170   1056.0247   2179.1794
     1510.7744    309.5307   1292.7092
     2067.1016   2069.4736   2058.7200
     1542.6395    127.4929    832.6981
      249.9670   1304.1349   1002.9053
      727.0930    173.7605    561.5475
     2118.4133   1170.2941   1493.1442
     1624.9474    655.8925    910.8179
      557.7532    710.5967   1386.4583
     1010.7922    784.7419   1463.4540
     1947.0519   1067.3041    402.4025
      282.5439   1519.4003   1729.6085
      328.5205   2007.8864   1814.2529
     1031.7850     83.9253   1151.1960
     1630.4263   1927.2622    186.3300
      979.0180    453.9347   1798.2335
     1579.6993    860.7910    331.4083
     1714.7758   1671.5081   2250.7524
     1151.4410    251.6548    722.0798
     1663.4448   2062.8579    891.0697
      519.5474     19.1847    205.3030
     1684.9733   2109.9946   1431.0264
      254.0587    854.8864   1183.8060
      584.2198   1421.4647    267.6835
     1777.1117   1520.2505    589.9276
      882.1989    279.3722   2064.4683
      194.5520   1268.8740   2042.7843
     1574.5116   1272.2102   1097.8657
     1653.3917    979.6135    906.4603
      674.3867   1426.2812    529.2640
     1822.2653     69.5392     15.6966
     1922.8810    646.0178    711.5362
     2187.3799    704.7050   1731.4849
     1415.4152   1542.7979   1591.8302
     2053.7244   1865.5298   1128.6406
     2022.7360    165.1888   1393.0691
     2047.0411    615.8283   2215.5347
     1927.3152   1036.1281    890.2265
     1055.9498    166.1432   1786.0414
      761.7549   1123.1654    911.2835
     1118.3530   1386.2628      8.7253
     1501.4706   1618.7983   2017.7374
     1279.7430   1780.2485    232.8826
      257.0818   2155.5986    482.8757
      601.6473   1670.7734   1520.9020
     1058.5536   1194.7311   1119.1444
      381.4223    209.2442   1442.2407
     1792.0806    366.9396    937.4455
      207.1566   2259.1045   1965.8547
     2088.2021    505.1262    300.4789
     2257.0740    926.2860   1437.6556
       41.7218   1049.7324   1783.1394
     1412.0284    279.9850   1797.4039
     1979.0375    297.9003   1989.0344
      812.8521    821.2438    774.7696
      949.0101   2038.5930   2135.0217
     2210.1162   1747.9911   1692.8684
     2144.2615    392.5791   1059.3793
       11.7998   1433.6678    197.3683
     1990.3333   2145.5151   1296.2756
       62.6283    139.9709   1208.1759
       31.1228    518.4099   1457.0342
        3.9371   1561.4371   2064.8882
      294.3503    890.7616   1684.9036
     1726.3915    611.7930   1973.5303
     1631.4393   1340.2770   1772.8153
     1295.8281    547.8812   1915.3510
      951.7177   1626.8904   1557.3889
     1182.5393   2069.9172     96.5640
     1315.7063    663.4515   1458.5890
     1003.8568   1831.1812    603.3750
      282.6185    441.3746   1897.8606
     1361.7130   1992.6484   1771.0916
     1241.5833     95.1435   1517.4434
      962.2360    284.1417    233.4841
      753.5453   1624.2159   1264.3762
     1482.1414    835.0115   2256.1650
     1425.3571      9.9192   1101.7322
      225.4783   1627.4630    601.9639
     1483.1364     12.2117    532.0631
     1992.7334   1187.3170   2115.8931
     1502.7482   1384.7678    787.0708
      346.4532   1008.4848    169.0735
     2221.0845   1991.0756    801.4413
     1430.1373   2215.7141    179.2544
      617.1083    588.3010   2055.9519
     1228.9968    913.6567    583.5171
     2007.8274   1326.5133    975.8441
     1532.6520   2255.6230   2105.7830
      498.9322   1951.3999    299.6058
      936.5811    993.4061   1944.6760
     1986.6659   1455.9039   1837.0714
     1692.6866    182.0597   1519.5281
      799.7416   1148.4133      9.5894
      674.8575    870.1516   1917.1122
      758.0539     21.4688   1030.3063
      997.0854   1112.1404   1618.0619
      470.6638   1478.4371   1971.4319
     1438.7683   1132.9053    362.4730
      187.4519    544.2593    129.8488
      629.2650    805.3514      7.8109
      608.4196     66.3260   2047.1014
     1607.3627    879.4988   1609.2299
     1117.3746    902.1647    267.7756
     2154.5115    723.7593   1152.4254
      952.8002    663.8442      5.3490
      309.4546    847.1654    812.9017
      196.3976    166.2411    676.2223
     1507.3442   1269.1667   2015.9291
       48.3152    887.2844    472.5490
     1359.8003    678.0549    953.6837
      868.8140    316.3390    961.1757
      739.3630   1738.7616    763.0705
      466.3800    961.8664   2055.0088
     1886.5530   1319.3101    243.1279
      804.2075     87.7740   1530.7992
     1220.3138    341.7197     40.5768
     1568.1862   1945.6333   2118.6770
