      488.9190   2080.4277    672.3471
     1495.7177   1158.3003   1396.3958
     1357.0432   1669.1638    727.2026
     1412.6207    605.5365   1077.3463
      156.5290   2139.8330   1308.9355
      377.0715    320.3909    650.7373
     1283.7183   1579.9062    367.7867
      827.1779   1758.7667    688.6777
     1271.4448     79.8370    615.8282
     1707.6573   2188.0422   1787.3953
      414.3801   1904.7911    895.6931
      797.1182    164.3573    253.8235
     2227.6497   2149.7400    503.0999
      661.9062   2151.0588    190.9182
      756.6852    519.8551   1020.1671
      455.0857   1123.0735   1927.9792
     1485.1953   2085.0972    860.4691
     1342.8698    335.6480    796.0009
     2190.5627   1857.4391   2167.0884
     1767.5636    527.8187   2089.3943
      334.8210   1770.4093   1213.9132
      831.6971   1422.2211   1457.8156
      525.4695    182.1518   1951.4200
      846.3575   1025.7284   1370.4893
     1168.6484    374.8196   1158.7670
      623.4372   1667.7609   1354.2377
       43.0776   1798.5203   1485.8287
      847.8544   2001.1503   1507.3817
     1491.1514   1899.8297    112.4893
     1966.3197     48.5496    529.4275
      214.0964     15.7635    723.3833
       29.0685    889.9371    457.6401
      580.5196    715.0602    850.2980
     1628.8042    647.3186    910.3792
     1575.2244    764.0588   2226.5374
      847.0963     85.0438    945.3341
     1220.6423   1070.7640   2259.9260
     1115.7704    378.0172   1758.4587
     1654.0028     95.0205    513.4121
     2138.6843   1584.6642   1581.5786
      433.7784   1226.0164   1397.7963
      825.3259    509.1548    684.0200
      526.5594    158.8480    918.7303
      687.7520   2040.9563    990.9218
     1882.1694    605.5809    583.1798
     1394.9930    117.5508   1475.7434
     2070.4724    813.5322    940.4909
     1154.3350    785.2803   1050.2042
      263.6157    489.5294   1532.9974
      719.4512   1028.1797   2254.4663
      899.9813    276.6573   1287.0846
     1064.2898   1433.8506    408.4590
      992.0789   1684.2332   1569.1425
     2155.9270    698.7452    198.0653
      927.8531   2015.8192   2062.7092
     2028.3163    471.0899   1420.1495
     1952.7600   1758.9209    122.7385
     1090.2961    564.9705    184.5528
     1043.5555   2117.7000    282.6499
     1374.7773      9.4880   2013.7936
     2143.6948   1962.2708    253.3224
     2148.3333   1507.1981    594.5593
      752.4195    324.2541   1776.5521
      162.0471    343.7379    839.5575
     1787.5520   1091.7870     32.0413
      649.9337    770.0543   1440.6134
      316.8257    945.8411    291.8488
     1101.5699    899.0078    403.7353
     1490.4346    510.4819    441.7384
     2078.1121   1328.0968   1737.6771
       19.7245   1510.0271    884.6747
     2168.4578   2163.1809   1888.4235
     1294.6777    924.4689   1267.8666
     1169.7291    911.6682   1928.0962
     1795.3433    903.6755   1497.3868
      915.2274    304.2202   2172.6658
     1029.6982   1720.1548    123.4413
      172.6076      4.5703    188.4769
      890.4469    598.5089   2206.2310
     1845.3199   1999.3268    716.7683
     1886.7897   1671.3922   1118.6957
      426.9925   1263.3444    999.1549
      910.7707   1146.9005    615.6366
     1513.3225   1732.6470   1025.5190
     1319.3507   1822.6428   1270.2781
      651.3337   2196.5547   2068.5986
      647.9358   1023.8494    728.7788
     1548.0269   1854.2614   1931.7826
      307.7047   1464.6089   1599.9548
     1445.8859    722.2559    199.2266
     1028.1057   1361.9771   1817.9928
     2242.6829    199.2967   1177.6772
      466.8569    894.1242   1630.9464
     1262.8734   1944.8762   2123.3352
     1814.9893    336.6972    321.6476
     1355.8572   2190.1824    328.1419
     1457.3031   1170.3416    278.3503
       96.5663   1377.6177   2203.8618
       34.2966    412.4359    179.8815
      196.7259   1721.7253   1863.2904
     1749.5134   1808.9138   2207.7034
     1891.5760    551.2622   1127.2927
      873.5592   1609.4973    964.8752
     1265.2507    471.6341   2240.9053
     1947.5419   2188.6418   1663.5258
       56.3886   1187.1763    572.8206
     2173.2419    223.2053   1591.2197
     1912.4044   1506.5536     99.8457
      361.6829     16.8359   1644.4210
      911.0259   1186.9714   1062.1804
     1445.4487    841.6748   1921.2227
     1495.3131    275.9603   1068.9318
       57.0312   1398.5917   1424.7977
     2081.3633    536.3929   1995.2026
      228.3503    713.1389   1089.9023
       28.8683   1816.9934    587.2029
     1344.3413    274.1654    341.7790
     1827.4177   1587.1670   1893.4409
     1616.9504   1718.6729   1535.2725
     1880.5815   1017.9388   1212.1729
     2079.1909   2154.1294    967.2567
      454.2405   1701.5029    227.2403
       70.3936    493.4417   1190.6404
      893.8889    507.2726   1533.5192
     2184.6631     87.7423    711.2856
     1787.4716   1555.0094   1378.4219
      273.6090    569.7490    307.3894
     1957.0448    110.9005   2043.8727
     1950.7007   1258.5071    764.9225
     1478.2836   1311.2766   1706.2673
     1019.8087   2214.1509   1308.5898
       61.5821   1001.8538   2027.6085
      275.2825    102.1846   1102.4420
     1496.3191   1450.9835   1268.2390
      214.3869   1649.4235   2206.9934
     1764.9462   2041.5596    267.5245
      411.9924    444.2745    965.8780
      205.0955    174.6550   1400.5299
      656.8712   1308.8596    783.5623
      359.8865    726.4074   1409.4039
     1753.5669    359.9309    676.0070
      541.0727   1254.2168    153.1954
       86.1795   1723.0133    233.8128
      348.6707   1970.0242    400.8617
      569.6088   1587.3462    596.0323
     2084.2493   1171.7887   1444.9983
      461.5742   1235.6742    501.9692
      797.0702    177.5189    504.7187
      553.8771    802.5294    241.4974
     2053.5908   1777.3160    889.7381
     1414.3339    446.0514   1333.0748
     1422.7909   2083.2119   1658.4318
      587.0720    144.0313   1509.9824
     1891.0562     47.2647     54.3858
      101.4697   2021.3859    864.5953
     1009.4733   1559.1376   2142.2810
      176.5837   1101.2783   1232.2623
     1249.8071   1407.0698     68.1249
      688.2296   1382.2085   1185.2544
     1973.3065   1949.5366   2064.7693
     1392.2570   1010.8208   1687.4080
     1154.7208     42.2406    934.2812
      511.2774   1461.5959   2155.9802
      717.7537   2036.7488    478.0750
     1890.1322   1384.0909   2049.5117
     1672.2031    282.0971   1327.9120
     1626.5420   1550.0759    557.1421
     1282.0840   1392.3801    693.3818
      843.6429   1368.1371     96.9977
     1547.9539    123.4756    130.7479
        4.1495    965.4508    146.2423
     1789.6777    665.5729    315.7587
     2177.1348    680.8210    551.4030
     2084.2117    897.0714   1667.5428
     1635.8860   1132.7653    711.7021
      206.8731   1467.3022    473.9571
     2183.9250    132.7164    237.5593
     1280.2458   1642.2554   1652.7911
      590.1905    468.9007   1412.4824
      376.3885   1798.3702   1557.5858
     1044.2401   1799.0280   1862.3849
      413.2718   2111.0525   1182.7936
      713.2911   1191.1836   2042.6432
     1181.7274   1144.8794    863.1298
     2128.7480    390.7973    852.1450
      760.1822   1798.9762    129.9465
     1775.9386   1302.0333   1513.3043
     1297.4303    751.2964    503.1643
     1023.9313    367.5294    457.0522
      632.0987   1148.6404   1658.5459
      350.6213   2082.8074      5.7847
      885.3779   2206.8000    672.1560
      683.2216   1856.6002   1894.0220
      124.7506    991.0642   1665.6803
      743.8447    986.9667    353.8116
     1222.9080   1287.8987   2002.8136
     1200.7878   1310.9050   1493.1699
      570.8362    963.8788   1159.2023
     2114.0183   1176.3743   2142.9893
     1041.7444    383.3812    868.1733
     1753.6699    615.1383   1838.0844
     1117.6218   1154.2131   1228.7594
       85.8397   2159.2029   1639.9485
      271.2231   1410.7394    174.3286
      924.4652    741.1946   1859.4055
      976.4571   2259.6763   1713.2312
      861.4031    658.6241    407.9225
     1508.9961    688.9447   1545.7054
     1846.5840   1905.8641   1632.4138
      195.8434    358.3673   2141.9170
     1694.3246     88.1169    937.0996
     1622.6703   1244.3716   2099.2998
     1392.1503   1009.3480    910.4672
     1081.3135   1548.8387   1304.3032
     1977.5272   1317.9833   1095.1655
     1604.9496    821.3199    621.6127
     1946.3147    947.1374    603.6868
      575.3074   1517.2992   1643.7463
     1958.5853    376.0178     67.3722
      524.0623    416.7754   2174.7891
      429.2116   1602.7823    887.8489
      550.3182    363.8257    201.0408
      924.9165    883.9003    917.9234
      519.3866    241.3289   1225.6038
      407.1512    958.4612    600.3453
      936.7773    986.0873    162.8924
     1758.2362    614.2449   1462.0378
     2233.8464   1571.8364   2037.8126
      874.3666    736.5774   1171.9484
     1408.1721    430.8472   1695.6077
      281.8209   2250.2644   1962.8342
     1475.2338    345.1931   2048.1833
     1128.1099    711.4077   1470.7249
      326.4038    650.6047    604.6490
     2170.2322   1905.3243   1254.0840
     1849.7216   1167.9746    374.6333
     1483.6934   1538.2383   1887.1945
      152.7849    634.9017   2164.3423
       47.7844    620.0345   1708.1539
      719.5887   2238.7405   1218.7244
     1265.1906    550.4828   1991.0287
     1928.1560   1612.5494    394.9760
     1558.3920   1586.3799    204.5931
     1721.4270   1068.4907   1834.2206
       58.6869   1226.2306    903.4575
       29.7660    338.3766   1904.6108
     2117.1304   2217.3179   1367.4447
      657.1665    782.5930   2098.7290
     1753.6665   1672.4508    783.3192
     1385.1604   1611.0382   2127.7859
     1264.6265   1493.4194   1036.8280
     1038.5192   1898.9437   1230.8323
     1695.9167   2053.8838   1260.5455
     2242.8701     60.0322   2172.7747
     1395.2065   2203.0210   1178.0812
     1609.6250   1847.2693    544.1228
      241.3336    618.3173   1863.6183
     1214.9351    122.9067     87.3748
      675.9182    808.2383   1728.0538
     1021.9528    762.0158    684.3145
      953.9399     32.9053   2155.7036
     1081.3890   1030.3479   1668.9655
      464.1015    117.5219   2258.9854
     2090.1519   1806.5140   1747.0811
     1098.2351   1971.7617    725.0928
     1682.2014      2.0910   1478.4071
     2174.4302   1333.3978    267.0305
     1638.9761    233.7793   1710.1368
      100.7084   1775.7164   1064.6716
      339.3611    979.8616    974.0486
     1285.7828   1069.6295    577.8752
     2116.8494    383.0240    477.3274
       41.5333    676.1301    779.9548
     1612.3348    921.4261   1132.2378
      440.4858    369.0456   1731.0157
     2012.1184    881.1824   2042.5793
      554.5977    525.1510    446.5879
     2140.2915    812.7711   1351.4532
      336.2671    933.0878   2151.9351
      660.6671   2185.1458   1715.4768
