     1030.3326   2248.7246     64.3979
      968.2536   1554.9420   1169.7013
      868.5621   1814.5873    190.5716
     1326.4390   1160.1429   1594.9559
      580.9884   1727.2892    712.7217
      649.1422    608.5765    918.1976
     2081.7100   1591.0143   1154.3866
     1297.3418   1920.4698    959.9213
     1315.0260    314.1387    688.7917
     1505.0338   2195.9622   2179.4314
      540.9998   1562.2439   1307.8077
      819.0174    210.8727    139.6679
     1530.2507   2084.2219    387.5098
      839.2646   2245.8811    742.6467
     1356.4214    808.2745   1298.9288
       16.4267   1301.6467   2023.8491
     1257.5093   1846.1088    625.2861
     1384.1710    170.9768   1376.2490
     2082.1562   1764.5870   2188.3167
     2010.7595    487.0843   2247.7097
      892.2715   1818.6313   1092.5776
      765.4686   1918.2960   1760.4825
        5.9736   1060.0494   2017.9026
      720.9269   1256.6353   2080.6667
     1091.3306    701.8795    605.2585
      133.9044   2072.4138   1606.9023
      273.8962   1522.2883    745.3688
     1522.7007   2247.2341   1755.8518
     2163.0205   2140.2542    101.6451
     1823.9764    153.7054    237.4673
      642.7335    687.6786    655.2800
       13.2405   1138.9952    560.8019
      558.6395    203.4440    585.4500
     1571.0684   1627.7799    761.2527
     1296.1552    709.2804   1732.8673
      677.0629    156.9037    840.9827
      942.4905   2060.0164   2163.3145
     1372.2794    417.0602   1528.6766
     1906.1305     25.6624    479.3037
     1712.9612   2030.9818   2104.5359
      259.8699   1386.7368   1428.0757
      478.3505    400.6019    330.6470
      565.6956    386.8404    806.6006
      483.0598   1968.2133    784.9296
     2005.3729    216.1729   1216.8488
     1567.3824    259.4230   1643.5950
     1084.8809     26.0871   1134.2114
     1171.5768   1272.2333    703.1874
       70.9545    779.2051   1543.2233
      907.0310   1136.7937   2230.3887
      732.3322    782.6725   1058.2494
      852.2297   1420.2972    366.1107
      458.2372   1322.9731   1695.8202
     1632.4872    747.6529    154.2515
      909.9882   2257.0056   1538.8170
     1601.5107    805.6740   1402.5806
     1615.7507   1371.0817    653.4659
     1193.2153    292.0595    121.1550
     1434.5911   2026.7341    603.7643
     1667.1605    702.6974   1676.3665
     2208.3838   2197.0317    509.6436
     2171.6296    506.8269    920.0283
       10.5735    139.9562   1753.4175
       91.2283    381.3004    792.7704
     2206.7051    796.0187    326.9991
      725.1219   1362.7273   1285.2701
     1226.2773   1172.6407    429.4058
     1368.8826   1518.1007    306.3635
      947.1693    352.1046    520.5310
     1221.6553    867.3680   1518.5873
      908.5771   1347.7931    695.7117
     1891.2296   1938.7625   1916.0099
     1302.3143    889.5793   1041.8655
      269.4472   1379.7362   1929.0149
     1619.9398    232.6359   1407.6824
      330.6047    135.4992   1929.7661
      592.8581   1845.0804    134.3882
      406.5306    168.5803    924.7593
      915.7592    474.9975   2155.2529
     1652.9510   1828.8578    527.5645
     2118.3225   1374.4227    642.7749
      549.5641    944.4453   1088.0890
      667.5268   2016.1949    623.0828
     1624.1168    957.5538    316.1962
     1517.5863   1640.3615   1626.6632
      768.3727   2110.4993   1367.3354
      408.2357    830.4896    174.3099
     1322.5753   1679.8151   1330.0547
      604.3559   1654.9502   1518.8164
      987.9413    490.5211    127.9614
      183.8667   1155.5902   2135.9050
     2014.0719    121.2996   1676.5842
      228.5281   1588.2838    968.7579
     1248.2640   1693.1526   2089.3474
     1788.7413    341.1742     46.6090
      777.7045   2221.4482    492.8654
     1353.5200    380.2185    318.8554
       54.1849   1265.3494   1754.4805
       88.0230    135.7312    382.8883
       81.2414   1767.9747   1820.1248
     1884.9225   1394.7745   2081.8418
     1984.3745    939.1882   1176.9219
      711.4956   1510.6626    791.5083
     1532.3030    709.9682   2192.4653
     1766.9622   2244.0930   1374.2249
       39.9627   1587.6127    799.6209
     1486.9258    518.1996   1748.1844
     1895.2100   1894.5127    564.0712
      219.8372    704.1743   1742.8357
      279.9819   1069.2267    997.0640
     1477.9535   1382.9520   1589.2133
     1550.9451     22.7171   1232.8268
      149.5791   1652.6782   1251.2258
     2149.1255    613.8615   2059.9326
      165.8570    361.0184    518.8392
        2.4121   1851.7694   1247.1469
     1355.6637    743.6316    646.6985
     1784.5297   1862.4551   1441.9255
     1230.1180   2237.7781   1813.9828
     2054.7246    883.1535   1623.2118
     1852.3782   1921.7502   1028.6431
      324.9173   1368.0032    573.1036
      345.7480    177.9331    472.7295
      903.7298    828.3746   1228.2255
     1874.2101     55.5418   1868.7892
     1573.5244   2069.7349   1370.4160
      131.3296    675.3013   1081.1899
     2091.6174    164.4335   1965.4303
     1374.4447   1115.4321    950.7754
     1857.2891    959.8079   1946.7819
      740.5130   2086.7656    904.5728
       55.4406    954.2929   1775.9935
      183.3276    252.9144   1011.8440
     1827.7614   1646.1156    700.5355
      153.0719   1977.2874   2022.2378
     1287.8848   2028.9779    285.5861
      129.8083    443.1184   1166.4084
      246.8847    249.8382   1734.2697
      149.6019   1345.7438    924.4015
      557.0986    356.0016   1296.7842
     1288.5498    200.8019   1152.8685
      650.8176    837.0032    152.6678
      563.4337   1339.1669    669.5799
      568.7191   1184.5741   1083.2971
      676.5392   1533.8601    529.1512
     2161.5510   1581.2950   1396.9500
      892.5991    820.8404    551.4103
        8.5798    129.3543    157.5613
      681.2051   1124.1810     47.4655
     1982.9207   1712.7336   1554.5497
     1042.8619    724.3754   1720.4774
     1112.3080   1490.2352   1356.8826
      325.5601    211.3134   1202.9697
     1982.5192    321.1920    200.4130
      488.7909   2049.3535   1303.9933
      803.3083   1813.6632   2218.4551
       64.3306   1517.9053   1790.7374
     1005.1514   2033.8735    941.3171
      886.7677   1871.3257   1986.9395
     2133.9246   1925.5820   2001.3313
      815.2559    821.5002   1917.0798
      433.3960    579.5536    777.2451
      121.8459   1581.5596   1534.4846
      359.9957   2131.1792    287.0758
     1871.2115    704.3817   1980.9597
     1840.9929    801.8457   1492.0155
     2150.9438    668.8061    630.2381
     1839.4725   1284.4004     43.3427
      519.5536   2225.5945    463.7703
     1331.7838    157.5893    280.0816
      597.4790   1018.1214    291.2303
     1708.2593    638.2100    417.7893
     1924.3848    288.8535    565.4512
     1719.6304    966.5149   1631.8328
     1362.7629    852.5004    214.5790
      306.7786   1260.2520   1114.3862
     2087.9504    227.6213    407.9061
     1077.1427    418.1720   1064.0618
      423.2777   1042.6422   1275.8433
      310.6119   2020.1622   1774.6345
     1230.4578   1561.4685   1090.7673
      369.1769   1969.8124   1518.0490
      338.7823   1648.5272   2258.7073
      867.1201    922.9981   1691.4222
     2152.8611    188.7900   1497.8217
      779.3608   2110.0354     50.4823
     2077.6968   1362.3470   1319.0575
      999.0639    892.6393   1017.6302
      701.3102    446.5487    514.7285
      618.4104   1009.0274   2057.1780
      192.9355   1956.3530    427.3311
     1241.6138   2174.6711    971.6185
      628.1683   1997.4497   2130.9294
       29.2713   1246.3232   1494.5730
      737.9066   1247.3223    492.0367
      595.7769   1191.8875   1808.1832
     1396.4324   1213.8850   2214.7878
     1064.4987    459.5583    812.6484
     1979.8687   1090.7759   2197.0039
      963.6141    752.8896   1490.5068
     1388.1576    592.2416   2068.6538
      266.8126    893.9019   1658.7047
       51.7992   2231.9114   1303.2518
      172.3794   1745.9403    271.3362
      416.5251    956.7307   1851.1783
     1161.7020   1871.1830   1480.6532
      969.7198   1075.3273    845.6479
     1713.8545   1168.7676   1503.0979
     1394.4924   1771.6444   1125.6796
      515.0709    619.8498   1435.0071
     2086.1890    840.9622   1393.6061
     2075.9148   1587.7413   1995.8097
     1602.9347   1191.4563    128.9770
      863.4496   1486.5472   1418.4141
     2088.0488   2056.0193   1196.5739
     1393.4009    650.6072    943.2955
     1969.2893    745.9201    491.9842
      455.5649   1291.6243   1349.8854
     2036.7113    690.0972    150.9100
      474.9333    406.6332   1533.0586
      390.7598   1709.8535   1430.5857
      624.3873     66.0793     44.8598
      647.4125   1318.0374   1516.9706
       90.0699    432.1139   1612.4937
      412.5655    748.6709    963.1536
      817.4943   1228.1727    258.1161
     1614.5458    732.5454   1925.0154
     1934.7512   1585.8102   2245.2344
      863.7894    585.4644    665.8002
      955.0333     42.8376   1882.6100
      524.3549   1880.8130   1701.9979
     1766.9358    222.2778   2105.2664
      495.1289    704.7827   1678.0792
       17.5168    707.9411    816.3489
     2155.6902   1097.8203   1335.4393
     2258.0916    400.7863   1402.0525
     1722.7393   1591.2623   1794.2681
      461.4320   1212.6516   2217.4451
      277.6941    579.9528   1532.7496
      656.3512   1875.5964   1469.3507
     1355.3640    408.5253   2245.2893
     2047.5571   2253.9446    288.2332
     1055.1924   1602.7748    267.7498
      788.4230   1152.0778   1612.3889
        5.2512    973.0502   1074.7677
      136.1559    581.8527   2110.6074
     1889.4576   2255.9526   1180.0223
      289.4708    704.0358   2240.6885
     1669.6940   1165.6929    534.3268
     1557.9181   1172.6028   1704.1580
      560.0049   1799.3185   1242.8916
      812.3344   1100.9633   1145.4064
     1868.7488   2017.6324   1272.5631
     1602.4867    497.7636   1993.0474
     1439.3745   1832.7719    377.2794
     1066.8506   1505.5870    521.8907
      623.6592    958.4186   1722.3940
     1145.9122    196.6591    502.8091
     1320.4451    358.5880   1800.3091
      768.0737    679.1163   1375.8419
      591.5409      9.0898   2057.5142
     1457.6865   1006.7386   1443.6591
      367.1293    289.7280   2190.4504
     2040.5625   2004.5863   1495.3503
     1689.9436   2087.9268    548.7404
     2126.6284    615.0113   1557.4357
     1214.5884   1736.3674    175.4282
      706.7572    142.1406   1919.5540
      662.0575   1110.6499   1343.1084
      495.6713    361.6680   1053.5875
      904.7678   1620.3101    701.0046
     2236.4482    428.9795    233.2305
      325.4338    298.9270    721.0519
     1877.6339   1425.5321    751.4207
      687.8281    410.6422   1649.0706
     2199.3518    948.9218   2236.8591
     1085.9293    407.1715    345.5698
     2140.5264     10.6855   2136.9832
      234.4946   1648.2227   2012.8276
     1333.7316   1954.9725   1325.4364
       89.4340    957.2293    458.3523
      712.1750    716.8102   1593.0859
     1115.3152    769.5352    162.1417
      408.6817    592.0858   1140.7568
     1284.0897   1890.3749     14.7423
     1165.3125   2253.4526    317.3585
     1825.3259    545.5604    220.8088
      196.0488   1553.4713    433.4927
      848.8253    859.0846    768.7338
      276.2348    936.7599   2039.8713
     1035.8258   1780.3463   2257.6536
     1193.3258   1066.4697    812.6800
     1817.9113    470.5550   2071.2119
     1296.9684   1560.4312   1552.4043
     1770.4380   1008.3593    123.5088
     1764.4794   1064.2906   1068.7745
      102.0050   2177.2224    271.3552
      262.7133    471.4265     49.1941
      802.9191    197.5129    438.6100
     1305.6335    958.2802    495.4404
      224.8383   2039.2368   1204.4635
     1469.7697   1487.5244    984.7365
     1602.6700    853.3130    551.6951
      862.2266    317.0983   1204.0594
      615.2374   2242.8372    665.6307
     2099.1011   1823.2599   1072.0397
      910.5277   1457.3169   1658.5857
     1457.3723    659.1608    378.2035
      774.4418   2012.7479    258.8315
     1755.4761    500.6882   1790.7770
      182.9599   1848.1395   1418.3871
      735.0679    920.4471   1465.4855
     1100.5045    187.6924   1344.6233
      297.7693   2095.0874    918.0844
     2095.5930   1901.2908   1753.5394
     1078.8451   2021.9800    149.9083
     2165.3799   1342.8590    902.5644
     1501.0985   2254.7786   1488.3732
     1154.0337   1374.7559   1632.4081
      586.6863    809.6279   1275.8905
      226.2086    613.0131    861.6194
     1474.1697   1836.2007    745.8591
      360.4866   2195.6836   1609.0491
     1084.8531   2157.0190   2004.8884
     1473.7910    308.6151   2086.2800
     1634.1816    467.0817   1534.4227
     1059.6519   2198.7524    572.4938
      418.9937   1357.0686    856.3887
        4.8751   1239.2826   1098.7490
     1145.0850   1432.0355   2111.8904
     1229.0007   2262.0947   1518.0436
     1891.3584   1757.5039   1797.8250
     1367.1622   2083.0991   1568.1158
     1238.4823   1344.4410    176.5571
     1234.3220    559.4360    220.7606
     1062.8643    951.6796    355.4568
      665.4960    576.3109   1171.6550
     1805.4586    344.8613    370.3755
     1126.6412   1779.5063   1117.8824
     1663.4200   1430.3470   1415.8572
     1275.6101    556.3936    765.7058
      246.5388    970.4393   1416.0820
      518.3256   1565.2217    894.4576
      826.9201   1337.3158   1883.9730
      216.7517   2073.4087     66.1550
     1520.9713   1861.3854   1522.7383
     1663.7151   1835.5540   1956.6090
     2216.7314   1597.6672    267.8244
      134.2439   1807.4259   2262.8193
     1696.1575   1488.6414    928.1578
      147.9885   1151.8739   1267.6135
      621.8877    173.8077   1129.3877
      982.2452   1160.8462    511.1400
      274.2181   1787.1305   1680.3915
     1501.4003    953.4077     47.6993
     1196.8639    628.4484   1337.9220
     1017.0362    168.3511    271.5060
       39.8790   2029.5377   1824.4899
     1618.8413    989.3397   1848.9485
     1048.5621   1872.9590    328.3556
     2108.8926   1082.1813   1792.8146
     1913.0369    930.2767    774.6049
     1147.3041    201.4955   1776.6315
     1371.5970    568.0837   1179.8484
     2116.2871   1639.6522   1758.4919
     2165.3550    422.1304    610.5204
     1325.3048   1328.1919   1804.2347
     1927.5203   1451.9783   1825.9225
     1566.8999    181.3614    303.1037
     2189.4673   1448.9928   1600.3132
     1051.1669   2181.3936   1334.7380
      466.9442   1452.8414    108.6524
     1954.6888    412.8453   1013.6864
     2205.4851    236.9834   1014.8960
     1889.6169   1892.8400    144.1384
       29.4041    619.1768   1331.0481
      535.2589    338.9554   1995.5671
     1704.8811   1124.0228   2137.3032
      715.8455   1965.7992   1136.0439
     2025.3522    544.5244   1841.5909
      183.3797   1498.3114    167.6407
     2127.7126   1776.9912    374.0235
      671.1327    590.9204    237.2065
       90.0806    792.6800   1927.4939
     1354.4651   2238.1592    500.0656
     1992.6130    848.0711   2200.9978
     1736.8386    868.8593   2167.1326
     2108.1055   1382.2577   2196.4336
      934.0383    639.4100    905.0251
     1309.6256   1393.3741    542.0052
     1730.8971   2199.5889    311.9792
      523.4861   1405.5784   1099.1033
     1705.5680   1602.2343     63.6447
      988.7955    603.3410   1975.1609
     1880.5942   2011.2174    372.0672
      353.4204   1771.5681    800.4574
     2122.5366    372.2856   1698.9731
     2032.9783    734.7065    876.7955
     1858.2821   1118.3121   1738.7214
      998.1334   1032.0497   2035.1646
      213.0098   2247.0547   1791.7136
     1272.2548   1835.2087   1668.3612
     2157.5710    728.6762   1123.0172
      998.9167    223.7255   2257.7622
      338.5991   1588.3446   1792.0587
     2048.4187   1259.0946   1599.7679
      549.3153   1991.6847    375.2198
       19.3441   1025.6309   1542.0791
     2023.6151    505.2628    413.2823
     2261.9751   1598.6715      3.3946
     1533.8054    925.8431   2068.0935
     1769.7360   1271.0874    921.8851
     1182.4304    557.7846   2201.1208
     1564.8842   2235.9053    742.6785
      337.2814   1397.0070    325.1121
     1625.0081    299.9235    656.1868
     1958.1715   1166.9646    808.3414
     1761.8314    471.1799    602.5144
       54.3914   1918.4183    209.2307
     1940.5406   2007.9922   2197.5530
      974.9500   1281.1080   1010.0762
      557.7274    776.4136   2166.1987
     2240.9653   2257.6672    913.3845
       56.4614   1413.3711   1279.0889
     1577.6292    422.2038    282.0335
      913.2243    569.0790   1130.5911
       21.9441   1769.8694   2041.7762
     2253.4048   1154.1121     26.6996
     1382.6737    128.3987     13.1071
     1984.5952   1206.5583   1087.2664
     2165.7979   2185.0283   1648.8413
     1464.2028   1634.0519    521.6049
      170.8561   2200.2668   2130.4229
      928.4544   1927.8822   1304.7294
      428.7741   1189.6711   1989.4921
     1345.4004   1558.6401     19.4004
      863.8627   2007.4083   1548.7125
     1353.6497   1470.1626    770.8824
     1812.9242    319.0481   1655.6931
     1776.2700    567.1548    924.7213
      907.7078    584.4588    426.0976
     1588.9030   1815.5367    968.7883
      247.9664    100.4132    110.0671
     1821.2687    676.0062      5.1570
     1682.9816     79.8666    953.0826
       17.3288   1529.4407   2038.9573
     1154.4335   1920.9655   2080.4182
     2084.5645   1707.0536    617.8756
      490.5844   1109.9104    837.1747
     1905.9264    659.9904   1099.2980
      260.8988   2229.9194   1363.6708
      368.5238   1895.9792    202.7420
     1874.8965   2124.4277    690.6763
     1737.0706   2089.0535   1826.8409
     1626.3005   1623.7147   1107.6322
     1845.6611   1396.1208    444.0914
      308.4809   1826.0217   1227.6599
      445.5403    530.0927   2130.2856
      420.3791   1651.0155    261.5860
     1152.7115   2007.6997   1153.1075
     1744.7391     80.7075   1598.3069
     1433.1899    657.4511   1516.4204
      795.4369    375.2407   1892.7097
     1550.3955    297.8289     57.0889
      215.7695    989.7809     67.3059
      797.3789     85.8197   1309.5289
     1499.1108   2039.4667    860.8446
      275.3375    867.3970   1122.5977
      495.4029   1072.0769   1535.6084
     2068.2039   2251.3030    736.1195
     1849.9305   1729.7001   2065.1006
      263.6747   1154.8954   1580.4380
      790.5354    683.6785   2253.8955
      828.8340   1730.8583   1578.0001
      502.7977    321.7697    107.9746
      313.3359    426.0040    968.9366
     1786.3195    809.6031   1239.8091
     1515.9497   1662.6409   2109.9822
     1305.6312   1210.3673   1199.3977
     1499.5143   1411.2625    159.8784
      819.1511    611.5449   1790.5493
      781.6816    319.2830    712.5571
     1968.5244    502.2491    733.1508
       26.4831    202.8719   1242.6871
      790.9700   1697.6263   1302.6547
     2037.6393   1808.6630   1320.1395
      319.5215   1519.2340   1197.0408
     1646.1469    530.5320      4.8707
       91.8775   1352.8817    669.1384
     2142.7017    935.9180    657.1017
     1457.4487    887.9532   1673.7098
      200.4536    268.1361   1425.3705
      780.7672    395.7296    969.2863
     1399.9254    121.8909   1969.8540
     1671.8384    599.5596   1340.5299
      576.8051   1054.5317    611.2668
     1802.3101    842.7284    965.2665
      800.3206   1818.6818    770.1812
     1815.9135    431.2400   1252.4723
     1733.5693    340.4197    943.3281
     2056.2375   2126.4773   1888.9406
      390.5691   1900.1599   2201.9124
      754.5867    456.6149   1387.7439
       20.0758   1096.5591    814.1490
     1153.9786   1213.3732   1968.9027
     2022.7894   1529.8162    487.1899
        9.0839   1326.0599    162.3806
     1049.2529   1130.5262    221.0564
      917.0346   2012.7565    692.5372
     1629.8032    231.2893   1876.9717
     1870.1110    531.9906   1579.4034
       15.9321   1396.3483    392.2861
     1762.2115   1637.6208   1547.6013
      224.6966   1087.1025   1861.1693
     1315.0219   2199.6697   1268.7795
     1459.5436   2231.0671    199.2462
     1852.0679   1694.1882    450.2921
     1921.2332   1671.8655    222.2315
      320.8608    485.9534   1757.9209
     1669.5938   1824.6591   2224.0457
     1952.6649    137.6909    981.4286
     2123.8311   1353.9386   1830.3356
      866.6456    955.0322    167.0477
      508.4234     20.2421   1818.9927
      445.4045    453.9388    557.6345
      808.7425   1598.3696     94.9999
     2146.5083   2023.4855    346.5697
      957.0674   1252.4702   1472.6720
     1085.1331   2080.5906   1559.0851
     1016.9994   1689.1848   1400.6801
      248.6861    740.0421    426.6167
     1122.5460    944.2128   1789.6926
     1679.8020   2069.1560     85.6729
      306.0121   1002.2991    313.8443
      852.3905     38.3900   2149.4292
     2241.3892    189.4564    649.8884
      926.7685   1620.7898   2106.0232
     1671.3312   2079.1167   1136.4463
     1871.2814   1675.8876    994.9833
     1469.8265   1137.2826    354.6164
      302.0928    424.4787   1961.2483
      132.7026    896.0922    858.0598
      565.6365   1412.5968    375.1210
     1326.0033   1694.2368    879.1234
      732.1024   2216.0247   1732.6379
      466.1633   1640.5059   1978.8662
     1108.9275    976.3945     10.0780
     1436.6626   1190.9938    622.3328
     1906.5325    786.9326   1745.3308
     1465.7328   1003.0817   1201.2588
     1100.4073   1706.4126   1870.0358
     1089.5347   1778.7654    867.9052
       24.0123   1855.0027    568.3932
      953.6087   2166.8069    332.0206
      411.6232    741.2636    638.3033
     1172.4379   1615.8317    687.8071
     1762.3864   2073.7830    889.3096
     1104.7883   1556.0725     47.3705
       32.6338   1717.4534   1053.8621
      733.9822   1350.8481     34.2652
      127.3797    157.5531   2140.2686
      706.2175   1527.5250   2104.9082
      317.1064    460.3860   1331.3789
     1014.7535   1206.3232   1760.0933
      389.1244   2059.1294    561.6420
      808.9337    419.0768    263.6429
     1647.9768   2252.6919   1987.7371
     1726.8418   1861.2909    745.2739
     2039.2493     11.7204   1385.1584
     1970.2589   1851.1135    815.2737
      468.5215    622.2911    410.9177
      521.5101     67.9264   1330.6322
     2047.0706    960.1605    162.8877
     1623.4819   1343.2573   2193.5312
       55.6022    861.5363   1297.6750
     1100.0206    946.5778    638.7959
      383.6714   2224.8188   1120.7522
     1953.5226   1467.2059   1514.9344
     1911.5208   2093.9324   1652.1245
     1556.1656    753.7265   1120.4868
       23.1028   1068.3535    273.5676
     2018.3143    390.1479   1408.6935
     1440.4904    220.2260    500.0335
       96.5870    812.7336   2175.4807
      632.0983   2186.5996   1136.1110
     1824.9167   1148.7721    311.0057
      334.0105    683.6907   1963.7234
        0.0856    632.8391     63.5472
      175.2612   2197.3450    516.6945
      720.1561    759.1069    412.1334
     1355.4095   1838.2241   1892.2029
      386.0341   2105.0911   2019.7227
     1240.1827    562.3422   1912.3933
      175.5399    555.6999    641.0106
     1536.5339   1283.6594    845.8492
     1230.7520   1320.4158    973.2160
     1544.2494   1227.5833   1117.4902
     1747.9272    193.1006   1187.9850
     1327.5072   1072.1312   1827.7191
      276.1948   1037.0608    580.5458
     1435.5236    602.5292    114.5378
     1897.2831   2162.0854    102.1727
      949.6656    491.2574   1611.4766
       75.1778    534.2049   1841.3691
        0.9647   2028.3787   1393.7235
      645.9482   1661.5073   1747.5051
     2024.3473   1191.0923    153.1974
      806.2720    915.9932   2160.3474
      277.1703    746.4512   1317.4640
      687.0710   1660.8575    281.4111
      567.3954   2042.8704   1871.9265
      919.2537   1002.8087   1353.9211
     1570.2153   1636.6952   1385.4596
     1763.2213   1368.6824   1185.5779
      517.8109    243.6309   1748.5924
      586.9421    860.7862    810.1275
     2090.2761    868.7601   1970.6967
     1810.8240    704.4044    704.6999
     1060.1827   1052.2921   1590.9332
      281.3229   1222.0986    133.0800
     1015.2767   1788.7278    596.5061
     1432.1555     24.5983    993.0922
     1671.2970   1556.8749    552.5005
      554.1275    503.8154   1824.1316
     1603.9977   1633.6591    318.6310
      549.8610   1412.8096   1931.3871
     1914.6550    333.6592   1886.4774
     1983.9335    625.7771   1322.8954
     1052.1543   2251.4910    854.6580
      854.4488   1649.7292   1864.1719
      399.7522   1800.8296    493.1937
      141.5353    818.0317    614.0633
      429.3387   1447.2074   2149.8450
     1411.6956    975.7236    726.2086
     1887.1241   1534.5159   1287.7570
     1076.9530   1468.8081   1897.4154
      600.5666   2167.0999   1532.3228
     1553.2391    946.5762    939.2518
     1960.7682   1075.4861   1487.7550
      627.8805    210.0987    302.4603
     1710.8142   1009.0841   1313.6390
     1238.7146   1713.6757    423.6581
     1154.5089    909.1909   1261.5323
     1267.2578   1330.3220   1402.6384
      637.7780    214.8890   1499.2765
      978.0835    195.8461    699.2991
     1888.2528   2228.5750   2100.5181
     1945.4526   1422.4443   1028.5227
     2103.5056   1221.0249    392.3252
     1188.8970   1999.6039   1807.9381
      478.5941    589.8046    131.7444
     1569.0819   1372.6085   1862.5090
      959.9473    242.0365   2035.7007
      410.9539    112.2000    272.1862
      901.1220   1974.5413    480.1186
     1685.1907   1862.0490    271.4586
      388.8069   2260.6641    688.1816
     1472.8494   1980.2174    145.5670
      409.7324    153.5238   1524.9786
     1190.1528    338.4474   2051.2874
      348.1516   1871.7158   1948.7469
      804.5197   1079.9215    686.8945
     1570.7151   1830.1675   1264.5413
      977.5029   1384.7184    105.6211
      988.7822   1858.8213   1762.8340
       29.2755   2144.6421    724.0162
      417.2747   1521.6749   1550.1385
      200.3911   1717.7145    625.7076
     1495.8606    463.0047    531.2169
     1129.6698    303.2366   1545.2788
     1477.6816   1720.4806    143.1351
     1282.4078   1591.8053   1778.6022
      253.5467   1375.4755   1672.4244
     1013.6790    487.4713   1378.5480
     2216.2678   2010.3792   2207.3652
      719.0295   1000.5611    934.4935
     2022.3079   1199.8568   1995.5270
      187.2473   1394.6212   2171.5063
      459.4512   1586.8032    548.0374
     1670.4899     94.5077    524.7625
      653.3444   2213.1650    257.7428
     1172.6230     83.2131   2121.0366
     1168.0535    597.4038   1573.5914
     1698.2723   1035.6827    781.8187
      403.8249   1704.6501   1051.2750
     1337.8489    398.9118    959.9362
     1523.7974    220.5712    836.3713
      456.4674   1971.9189   1049.1671
     1140.9800    808.0958   1975.3105
     2043.5596    235.1586    798.1229
     2257.7622   1829.4307   1574.2839
     1684.7560   1825.1268   1700.1659
      562.4890   1686.6216   2234.0745
     1422.5968   2056.5664   1096.7407
      652.5518   1610.6198   1096.0621
     1409.8861   1427.6174   2046.9659
     1814.1527    979.5837    519.7198
     2090.6299   1002.0958    926.4537
      177.3583   1228.9122    398.2318
     1564.7455   1391.4902    409.3609
      869.6589   1650.2849    947.8702
     1137.1484   1080.0492   1091.7509
     1021.1457    735.7349   2219.4873
      480.9362    853.5804   1480.5897
     1275.8973    816.4481   2201.4832
     2176.5015    741.0862   1767.4723
     1262.3583   1045.4915   2099.5784
     2131.6953    270.9836      2.7674
       65.4615    382.6559   2199.5862
     1155.1658   2020.9048    498.3048
     1948.1978   1200.4335    575.1401
      691.0565    467.2578   2259.2058
        0.8340   1486.5967   1071.8929
     1313.9567   1080.1343    165.6944
      657.7415   1799.3173   1991.5366
      489.9696   2080.8459     78.5226
      576.3477    742.0251   1918.4344
     1326.2664   2118.0750   2038.3389
       21.7762   1838.9510    804.7165
      892.5748    252.8716   1472.1605
      360.0408    937.4993    791.2921
      786.7170   1009.1830    444.1032
       19.0002   2229.6716   1950.6393
     2137.9204   1820.7451    126.0208
      926.0297   1351.8743   2103.0996
     1774.3175   1367.9260   1659.2964
      225.4082    310.1990    232.0369
     1803.8044   1770.7948   1247.1259
     1937.2301    138.0030   2255.9565
      269.1321   1209.1500    753.8242
      867.6932   2175.8428   1128.2335
     1145.5343    693.0536   1101.5901
      161.3784    792.3838    204.6942
     2152.4353   2247.3110   1127.0914
     1053.4579   1494.8184    871.6324
     2248.2336    590.4658    422.9537
      502.8500   1216.3384    218.5796
      905.0825    726.7134    217.2603
      692.7516    245.8664   2161.3264
       52.9370   2018.1281   1018.0458
      216.6398    526.9597    286.9910
      846.8918    187.4385   1702.6443
     1169.3644    234.5406    910.9191
      725.5510    577.7235   2034.5403
     1229.5200    744.4985    391.5436
     1964.4619   2173.0220    961.9922
     1343.5923    146.2167   1653.4740
     1376.5756    836.5966   1908.7590
     1623.6456    523.9940   1099.5153
     1663.9625     57.8120     61.9780
      946.8865   2119.6670   1759.7861
     1249.8077   2166.8296     16.7718
     1783.6182   1437.4666    223.1529
      440.4601    978.4186   2247.0078
     2103.7002   1979.9965    618.2539
     1775.3779   1249.5897   1936.7878
     2059.9858    981.9702    420.6425
     1491.5055   2017.1084   1829.6194
     1531.1863    396.2000   1294.3217
      889.5316   1664.5266    423.9167
     2117.4353   2027.7358    869.7864
      691.3318   1792.7083    497.5882
      228.2562   1857.6005    986.4931
      797.7437   1426.7678   1018.6585
     1225.1708   2045.8169    738.6180
      414.5810     23.2605   2218.1665
     1223.6852    534.2366    510.1572
      789.8571   2101.0659   1956.4199
     2053.7166   1442.0364    201.6243
      806.9270   1071.4689   1904.0751
     1020.4227   1279.0210   1235.2230
     1892.3054   1207.9371   1308.6492
      743.7847   1257.1875    876.6674
     1513.1796    259.0033   1080.1285
     1224.6904    401.9770   1294.9041
      118.2469     63.8419   1546.6396
      624.9402   1813.1416    938.5632
     1206.2512   1104.0966   1381.0723
     1511.2770   1233.8555   1371.3763
     2154.3894    447.9590   1191.8749
     1544.0635    494.0772    811.3110
     1656.1884   2066.9451   1593.6414
      526.8414   2223.8455    914.7228
      466.0694   1203.2112    467.6172
      684.9007   1457.8826   1726.5400
     1078.1938   1360.3751    340.7000
     1587.0540    720.4095    789.0026
      205.0555   1957.1296    692.3435
      875.3663    179.7892    998.2543
     2110.7920    395.3718   2008.3228
     1529.9138   1170.9425   2000.3359
     1866.0118    211.1180   1431.7257
      165.1606    108.0853    760.0779
     1150.4734    781.5776    841.0978
      162.4647   2261.5989   1025.8890
     1078.6061   1631.1935   1633.3082
     1430.5154   1456.8351   1253.4921
     1818.1212    116.7232    727.0533
     1051.0059    390.4013   1850.1335
     1862.4727    819.1570    268.6482
      473.4568    862.9421    440.8937
       83.5830    275.6958   1949.9854
     2071.7969   1618.3672    887.7150
     1466.3563   1898.2128   2110.7922
     1504.1312   1644.1362   1886.8683
     1686.6672   1511.5665   2018.0554
        6.4181   1596.9349    548.2822
     1286.6390     62.8292    736.8444
     1153.7192   1231.4612   2233.1565
