      701.9083    386.6667    919.2923
     1228.8702   1792.7084   1223.0262
      330.1643   2178.4231   1810.6738
     2256.5520   1031.0992   1727.1403
      915.2556   1523.7887    861.3843
       81.9336    440.7695    752.0857
     1311.6837   1747.8477    828.4523
     1286.5306   1306.6750    123.3382
     1141.9371    260.2571    491.1881
      937.7753   2003.1481   1963.2159
      926.9219   1886.9694   1119.0996
      612.2167   2129.7405    361.7162
     1692.7155   2170.3376    552.8977
      971.7663    184.4048    969.6935
       14.4167   1708.0006   1822.3967
      244.1481    391.0562   1007.1326
     1859.9153   1732.1282    369.5014
     1594.4839    768.4207   1489.8164
     2200.2126    557.8988    392.6830
     1181.4065    879.4932   1462.0150
      749.4720   2233.5593   1451.2118
      734.7923   1888.7948    513.8301
      504.9742   1159.5422     64.5042
       22.4739   2252.1189   1578.6976
     1338.7449   1563.6403   2051.2407
      222.6545   1262.2295    792.0758
      810.1452   1209.3324   2170.2375
     1856.6252   2252.3254    838.5386
      171.7618   1939.8577   1464.0472
     1959.1566    256.6337    709.6589
     1119.1213   2173.8855   1190.9391
     1004.3022   2004.0896    445.7023
      272.0374    912.0256    248.7879
     1007.7938    599.0121   1213.8971
     1888.3564   1570.5123    847.9711
     1448.1370   1129.5701   1025.9783
     1294.3622    831.6598   1089.1516
      483.1888    901.9806   1418.4827
     1337.6428    673.0764   2000.3013
     1654.0825   1661.0669   2065.9265
     1757.6487    273.9414    144.8055
      367.9893   1064.5365   1812.0221
     1257.4843    485.5823     43.8348
     1317.0226   1218.2971   1488.7670
     2162.7266   1370.3643    739.1863
      274.6449    432.8133   1415.4988
      668.0746    316.4305   1340.3896
     1873.6903    517.9587    558.8865
      137.6487   1930.2522   2201.3560
      445.1156   1671.5740   1484.9431
     1045.2179    586.9619    809.5175
     2121.2048   1903.4335    427.2093
      886.8505    979.3563   1265.0389
     1647.2356   1063.1328     17.9913
     1545.5039   1984.5217   2215.4070
     1618.5280    245.1007    736.2458
     1738.9011   1918.3340   1198.9618
      533.4659    700.5991    216.2125
     1438.0470   2214.2175    926.9620
      192.2801    772.5513   1587.5905
      380.5280   2140.2781     12.4440
     1958.0677   1133.3445    521.2179
     1302.9943    131.2203   2153.9072
      477.0010   1300.3148   1921.9861
     1643.6530   1444.5944   1244.7234
      686.1132    877.3537    979.5408
     1023.5526   1607.7224    244.5915
     1833.1627      0.7642    249.7493
     1944.2426    914.2045    742.5998
     1701.1863   1034.8604   1771.0707
      692.7286   1477.7997   1665.0012
     2044.6636   1161.3982   1163.8182
     2235.2927      7.1665   2139.4668
     1629.3119    382.8322   1875.2670
     1650.7988    712.1425    884.1859
      485.0856    309.7400   2105.6865
       62.7394   1026.3347   1350.5090
      864.7150   1151.2670    998.7437
     1240.3335   2060.5447   1747.6051
     1966.2262   1141.6329    233.5722
      192.0243   1698.0942    663.3573
     1220.0911   1217.6401   1961.8875
     1064.5079   1238.8230   1367.7664
      555.4734    164.0948   1559.5773
     1637.0262    343.8676   1070.1426
      592.2183   1426.5387    915.8282
     2103.1533    280.2859    179.8792
     1895.7894   1402.2604   1917.9916
      185.2594   1069.1232   2175.9268
     1550.5485    657.7537   2246.8657
     2088.8052    319.9266   1427.1088
      381.7971   1135.5560   1121.9587
      606.6646   1937.2644   1944.6593
     1673.1229   1672.0698   1577.0262
     1980.3071    143.2722   1188.2800
      110.8899   1330.8853    518.2719
     2207.3154   2121.3765   1206.5066
      607.6403     13.5766   1142.3418
        3.2962    115.0017    937.5300
      802.9703   1596.7805   2001.6613
      461.5888    573.8476   1753.0890
     2091.4800   1268.5388   2186.7231
     1529.1952   2230.0933   1351.2349
     1342.6909    459.9309   1703.5317
      897.0204   1920.0656    812.7049
      634.3468   1408.6451    588.3514
     1856.3440   1097.8258   1461.8855
     1150.9193   1638.2012   1718.3353
      536.8507     89.0251   1877.7482
     2043.7701   1863.6448   1743.2664
     1397.6722    106.6620   1722.6816
      795.7243    126.9484      5.6918
      646.0627   1855.9777   1297.6500
      735.8573    520.6599   2110.5332
     1293.5591    211.6961    960.0852
      262.7735   1728.9075   1100.3691
     2087.0884     35.1453    483.2922
     1967.1331   1938.4575   2106.8411
     1463.5808   1401.3842    887.3077
      798.8256    442.8676    253.3050
     2242.9714   2048.5208    802.0565
      758.3725   1223.5278    350.1964
       85.0422    586.0558   1801.4425
      522.3799    717.6652    605.4809
     1287.3502   2013.6595    162.2624
     1821.0673   2259.0273   1723.5197
      846.9625   1835.9701     25.0063
     1202.7756    567.5983   1449.9443
     1971.1907   2115.9790   1347.8010
     2052.5176    539.5801   1117.5839
      434.7576   1127.1753    383.3120
      554.8257    842.1283   2163.3335
     1261.5383    207.8291   1404.0182
      290.8814   1405.0266   1315.0577
      995.1802   1320.2733   1649.9037
     1263.1876   1551.3651    568.0272
      251.5356   1376.2078    151.4526
      874.6407    924.5348    411.5271
      929.8090    406.4342   1650.7311
     1655.3759   2023.4412   1897.8811
     1640.5380   1241.2760    593.5134
     2023.6594    648.7814   1841.4956
     1343.2460   1000.2991    537.3231
      517.2865    606.6007   1152.9543
      232.4786    184.7610    163.7825
     1502.3981   1195.4667   2020.0892
      119.0699    988.5880    901.8726
      826.4788    337.4654    641.7667
      576.0773    109.0089    609.6873
     1460.0233   1640.7504    236.8019
       55.1844    780.2759   2056.5129
     2136.3840   1633.4866     49.3543
     1081.8684   1133.6115    763.4033
     1539.6078    568.6979    544.5016
     1382.8483   1784.8003   1815.2617
