      555.1646   1722.9089    329.4706
     1227.5917   1336.0004   1171.0653
      835.7322   1705.5879    390.9539
     1480.5931   1075.4714   1595.0894
      370.8560   2224.2834    998.1954
      605.7266    566.7830    313.9980
     1357.0713   1644.0188    587.3579
      468.7064   1916.3612    550.4252
     1042.2449    528.1204    779.6388
     1693.1271   2064.4358   2114.0024
      307.3670   1870.6726    869.1848
      780.4102     85.1853     94.4289
     1985.5416   2172.1582    738.9108
      743.1458   1939.3038    150.0728
     1293.4127    285.1763   1826.7954
      216.5634    927.4386   1775.0126
     1742.8190   2038.3997    615.7177
     2209.4299    380.8846   1259.1949
     2150.9043   1824.3608   2252.8796
     1928.7504    461.0445   2035.4728
      534.9812   1603.2817   1484.4219
      705.2609   1833.5000   1574.8022
        6.4870    344.0771   1783.9285
     1408.2721    711.9699   1694.2767
     1121.7744    804.2701    737.5267
      519.6725   2158.7136   1451.1042
      261.7873   1568.1615   1549.5490
     1357.5094   2085.3735   2007.7025
     1920.8850   1986.5253    142.7317
     1914.1843    162.2124    301.8712
      742.7363    357.4712    567.7346
      108.1522    995.8087    428.6441
      437.0695    326.7480    467.1946
     2186.1199   1291.9304   1324.1934
     1249.2943    951.5396   2113.6248
     1131.3885    248.6423    903.9810
     1158.6199   1578.0376   2005.0483
      799.0502    387.8394   1668.5548
     1686.8273     80.7527    718.9537
     2082.0969   1836.1205   1906.5238
      360.9830   1352.7886   1382.4438
      703.5434    527.5203    760.5711
      660.3586      4.5745    790.5780
      564.3399   2015.9292    848.8318
     1661.4980    775.9380    750.3978
     1364.6862    215.4063   1185.6157
     1469.2007    523.7224   1074.0107
     1201.1216    933.8212   1003.8390
      315.3360    508.8210   1448.7900
      945.4463    540.4051   2211.7651
      487.3429    156.3846   1500.5354
      777.8628   1324.1595    148.0225
      777.5920   1444.4655   1585.1744
     1756.8037    896.2218    380.9454
      761.9761   2091.4519   1872.1876
     2218.3665    630.5371   1397.5587
     1670.7207   1404.4374    329.2283
     1082.2253    462.8221    329.2919
      989.8548   2192.4065    534.1209
     1695.9290    578.1434   1807.6536
     2116.3857   2215.2124    180.4894
     2173.5481   1184.5948    692.1005
      262.4609    132.3862   1865.3145
      227.1254    599.3350    650.7252
     1814.8724    866.9532     98.9557
      948.4228   1303.4587   1447.9984
      617.3507    976.1456      3.9009
      680.1254    837.6434    327.1848
     1258.0651    536.8450    563.2346
     1614.8508   1237.6754   1852.3490
      472.6355   1537.8329    830.1165
     2223.6567   2111.1016   1821.4417
     1095.4381    880.7609   1246.8507
      885.8525    990.5089   1877.6906
     1936.2197    889.8013   1227.5933
      598.6126    122.1975   2076.3350
      748.4823   1604.1600     30.5095
       74.9799      4.9711    485.2980
      716.0516    632.2861   2048.6936
     1780.7354   1910.6442    851.2177
     1779.3662   1639.6256   1037.0271
      627.9833    972.3015   1333.4575
      919.3403   1206.9646    443.6201
     1608.6415   1577.9534    787.8320
     1447.9058   1668.4080   1699.2266
     1010.8735   1676.0840   1443.5345
      625.5892    980.4598    767.9355
     1658.8745   1917.5475   1540.0300
      561.0367   1554.3363   1781.7075
      976.1502    622.7166    171.4506
      224.0694   1148.4668   2014.5236
     2143.8547     71.4539   1655.4479
      492.1565   1355.8428   1655.1074
      969.2531   1757.9752   2170.0461
     1556.6208    732.0687     55.1553
      909.9193   2173.3435    259.7528
     1404.0417    859.3901    236.4766
       86.1699    968.0222   2152.6055
      140.7466    292.4563    536.6724
      422.5914   1789.7551   1654.3544
     2199.7944   1566.6678   2068.5684
     1763.3364    675.2709   1152.8796
      558.8565   1775.2281    996.5524
     1235.3883    446.0018   2055.2297
     1889.9159   2082.2029   1640.5327
       17.9829   1466.7738    525.6373
     1877.8480    115.0047   1759.5104
     2047.3728   1200.5458    430.9132
      264.8758     19.1626   1602.5004
      810.7125   1291.5966    903.0382
     1386.8921   1372.2787   2197.3379
     1595.3744    254.5952   1088.2705
      348.6106   1608.1941   1195.8938
     2205.4612    874.8113   1905.4291
      421.3282    813.0563    801.1938
      228.8002   1583.6520    728.4272
     1231.7317    435.9761    117.9307
     1760.5990   1558.9382   1758.6296
     1229.3419   1920.5944   2169.0601
     2041.0397    844.4880   1473.3032
     2083.6365   1715.1171    981.8190
      327.7792   1456.1884    485.9360
      221.0746    150.0966    791.5962
      878.2092    784.3005   1591.9163
     1917.8944    238.8850   1144.1858
     1944.9659   1732.8505   1549.2468
       44.8276    831.0469    175.4701
     2239.9768    352.5463   2069.9214
     1098.3507   1224.3115    801.2696
     1401.2882   1177.6799   1969.5898
     1075.4938   1988.2635   1310.3157
      208.6959    763.6159   1998.0907
      416.2377      5.2440    730.4480
     1653.2158   1601.1992   1425.8483
      132.8126   1721.2206   2253.9939
     1585.2546   1817.6195    511.6069
      461.1862    413.5109    896.8555
       26.4263    125.7621   1326.9573
      554.1449   1287.6985    735.0591
      473.8339    401.5396   1696.6565
     1278.1868     49.8092    577.6869
      531.8156    709.2359    558.0023
       83.4101   1571.0990    251.5689
      300.3688   1406.7747    973.5032
      623.3212   1355.3308    379.1247
     2115.2336   1290.9929   1685.3168
      629.0394   1130.9459    481.1876
      380.6260     44.1576    441.8786
      665.1028    731.9448     73.7531
     1973.3625   1541.6084   1232.1179
     1438.4843    405.0202   1389.0250
     1629.0363   2216.7278   1540.1665
      330.5211     39.5178   1261.0682
     1959.1466     63.1105     23.0113
      117.5695   2211.4382   1041.6063
      853.0112   1533.1678   1943.7921
      725.4200   1123.5933   1591.8481
     1032.8588   1843.6974    182.3436
      719.7930   1624.4542   1324.1741
     1819.1312   1848.8008   1796.0850
     1724.1520    894.0042   1597.0422
     1117.9142    166.4366   1230.4949
      133.4337   1430.7509   1785.0485
      731.3362   2061.6892    610.2968
     1803.5808    808.4703   1898.8901
     1980.0504    131.3521   1382.1165
     1598.1238   1007.9802    847.1478
     1212.9247   1343.4103    167.0813
      340.7028   1618.7198    155.4208
     1417.7450      7.5953    305.5773
       63.7076   1137.5338     94.9324
     2012.0999    642.1482     23.0361
     2203.4839    478.8517    454.1802
     1889.0957   1133.4050   1433.1971
     1577.2028    996.7434    560.5812
      291.8078   1210.8510    661.8646
     2202.6733    176.9990    325.3329
      818.5566   1300.3293   1169.3788
      427.2572    632.7864   1051.1941
      324.7176   2127.2576   1974.6080
     1037.4515   1502.7623   1219.0284
      262.2195   1998.7394   1129.1410
      614.9833   1480.5371   2027.8434
     1052.9154   1157.3834   1071.2012
     2094.6851    640.6746    870.5906
      587.8899   2195.9199    314.1334
     1943.8113   1456.6581   1504.1459
     1374.5854    840.5233    508.8645
      634.5095    116.9061    545.4384
      585.7776    903.5711   1922.4019
      220.7018   2024.1202    612.3137
     1157.9542   2190.8333   1093.2230
      728.6865   1792.7555   1899.5112
      155.1183   1228.2231   1535.9479
      985.3132    920.4909    491.5746
     1043.8160   1198.5651   1734.3522
     1039.9231   1141.8081   2228.7471
      714.1981    560.3010   1008.0765
     2065.1162    883.6061   2146.3052
     1206.0272    579.7805   1300.9238
     1440.2574    630.5279   1982.9250
      722.4805    758.5071   1233.1707
      151.9619   2051.5615   1416.6471
      120.9501   1281.3878    361.2509
     1048.4620    543.8671   1677.5928
     1060.0256   1965.9452   1948.2253
      863.0801    649.3568    485.0467
     1207.4211   1161.8989   1402.0408
     1565.5074   1777.0995   1225.1232
      534.7273    446.0044   1963.5463
     2148.5251    752.1252   1121.9974
     1411.9331   1487.0939   1970.4519
     1206.9691   1417.2306    591.8334
      884.9253   1043.0983   1315.2953
     2260.9424   1599.8142   1207.9929
     1405.8309    740.6888    762.0309
     2171.1797    970.3833    856.4632
      624.8485   1368.2872   1377.5566
     2153.5107    386.7523    153.3722
      528.6234    101.4841   1818.1145
      544.1332   1906.4830   1281.0464
      781.1484    320.4058    220.9411
      541.2306    912.4373   1035.2545
      366.8853    385.1098   1184.6874
      410.4622    965.0349    467.1552
      802.8879   1077.2789    196.5518
     1873.3662    542.9948   1468.6270
     2108.8220   2098.8962   2124.5032
      730.9774    225.1042    878.0048
      745.4673     78.7777   1659.0959
      115.9957   2231.7932   2057.2363
     1711.0284    160.7144   2110.0789
      937.6965    589.1199   1355.5656
      349.5423    720.7402    190.6626
     2250.8772   1477.2118    872.7206
     1888.9386   1163.8712    719.3272
     1606.2800   2242.6248   1797.2540
       57.6392    589.9935   2262.9568
      155.1702    673.5634   1616.7014
      785.3087   2117.9385   1499.2412
     1168.9818    790.8631   1859.9026
     2184.3264   1756.1860    311.8469
     1233.4333   1648.9424     55.4479
     1266.7479   1006.8414   1752.5537
        1.1984   1222.6124    974.9160
      210.9594    377.0815   2237.9587
     2130.2888   2117.7283   1320.4352
      381.8127    710.7874   2198.0171
     1696.8455   1332.9346    870.6852
     1359.5166   1313.9735   1705.3743
      944.8037   1791.9559   1111.8752
     1220.7478   1867.8905   1035.1226
     1732.1825   1975.4919   1089.9095
     2033.2859    218.1526   1940.4928
     1475.3676   2035.3427    933.2461
     1140.3676   1687.9113    367.4742
      400.4575    692.8313   1748.2412
     1060.1036    167.8221    331.1862
      983.0236    303.0520   1477.1943
      942.8435    649.1516   1079.4174
      997.2113    238.7343   1845.0356
     1196.0514    865.5432   1532.4597
      340.0681    163.2429   2150.3774
     2172.5444   1989.7727   1565.6454
     1427.5845   2116.9236    642.3661
     1695.9005    324.3436   1340.7197
     1410.9725   1246.3496    318.6511
     1646.9443    289.9977   1608.3073
      127.6382   1714.1876   1053.5980
      124.3076    932.5656    669.4856
      892.1298   1104.9028    687.8762
     2039.9249    435.4980    676.2277
       84.7695    468.2363    878.2374
     1693.3152   1038.4607   1095.9886
      128.7308    321.1374   1517.4124
     1764.8291    603.3010   2149.3450
      493.7932    194.5815    170.6668
     2058.9634    663.6821   1737.5068
      705.3698   1292.6489   1822.4240
     1273.2251   2199.1199   1359.9548
       61.2083    709.9269    435.2235
      598.9401    851.1371   1599.4409
     1333.6838   1086.1967    111.2993
      423.4749    802.6313   1272.1429
     1522.7773   1686.5140     22.4104
     1671.5631   2245.4006    129.1908
     1741.6541    618.8033    273.7946
      236.7335   1838.8115    395.8957
      806.6147    782.0651    777.5865
      446.5498   1105.4651   1787.6519
     1175.5519   1261.2643   2042.5002
     1334.7063   1060.8529    755.3676
     1602.0005    340.2791   1891.4498
     1110.8177   1468.8964   1736.2415
     2136.8809   1391.9124    125.9404
     1423.3406   1072.4825   1095.3853
      127.8016   2076.3677    100.3894
      431.7346    256.3927    716.4818
      883.6580     63.1464   1049.1595
     1206.5245   1177.6317    475.7169
       32.4104   2011.5415    381.1663
     1288.4078   1629.7732   1193.7737
     1827.5717   1285.3195   1192.3966
      910.2634    340.5553   1109.3184
     1218.1908   1962.6230    516.3171
     1722.0913   1209.5092    530.6162
      950.1505   1750.4521   1721.2565
     1610.0242   1061.4374    219.8985
      960.2932   1925.7816    483.7901
     1524.9595    413.9333   2194.0750
      209.7962   1820.4690   1392.7506
     1206.5740    636.8101   1013.5728
      988.7231      0.8623   1451.2400
       39.3216   2167.6138    789.1699
     1995.2272   1408.1544    975.8261
     1181.0293   2157.4812    159.2080
     2219.9023   1879.6835   1248.6958
     1935.6686   1834.7231   1266.3798
      998.8843   1451.8564   2189.6990
      572.6205    585.0560   1448.8881
      366.3833   1100.7614    898.6219
     1161.0867   1915.7925    770.9128
      500.6819   2070.7061   1732.6616
     1184.9570   2237.2861   1834.2887
     1394.3173    125.9388   1537.3192
     1610.7240    636.4623   1410.1747
      966.0544   2126.9331    826.1219
      162.9338   1283.9091   1193.1411
      553.6899   1207.7894   1092.1571
      893.3244    893.4857   2171.3218
     1361.4680   2030.0801   1574.1465
     1857.2926   2140.4541   1938.1670
     1231.0052   1796.0237   1792.6705
     1088.4718    966.7042    166.3406
      444.6470   1154.7748    243.3408
     1411.9417    572.6463    270.9930
      567.8863    195.5582   1084.3038
     1569.6851     60.0220    498.2445
     1053.6864   2025.0479   1672.3545
     1582.8193   1269.3247   1330.4645
     1383.0620     89.6702    890.7544
      143.1377    891.4299   1410.5723
      597.0797   1468.2771   1060.6552
      383.3086   1045.5851   1511.0154
      473.4943   2213.8154     23.6530
     1598.9634   2235.7830    999.5096
     1666.2067   1560.5923   2017.5215
     1614.2860   2034.2333    292.5908
      343.8170   1922.7891   2252.9951
     2214.5540   1598.8627   1511.9163
      271.2334   1018.3843   1182.6084
      781.2021     98.0037   1306.9320
     1139.5897    730.7043    347.5815
      455.9594   1831.3911   1890.8239
     1743.9471   1432.1963     61.1744
     1330.3130    463.5731    819.1872
     1361.4376    293.8090    374.0272
      218.8164   2036.7013   1713.8573
     1926.7811   1316.4506   1906.3331
     1023.0939   1646.1859    605.7275
     2202.4131   1052.3134   1521.3092
     2016.6891   1005.8028    252.3683
      958.2263    487.4784   1945.7631
     1370.5209    282.4694    637.5048
     2117.1394   1239.3656   2148.8152
     1914.8461    139.3651    614.8065
      786.6708   1199.3236   2153.9163
     1937.3434   1474.3649   2094.9875
     1070.1353    303.0292    576.5714
     2233.6138   1016.7228   1208.1843
      813.7954   1937.2726   1315.6655
      344.0756    964.1864     40.7968
     1786.1782    502.6171    943.7964
     2206.1440    152.9242    706.1771
     1900.7710   1892.3594    400.0706
      137.9397    631.8133   1124.5291
       42.6042    140.6060   2256.1191
     2257.1887   1178.3105   1869.7656
     1074.4406   1562.6263    889.0763
     1880.7014   1086.8605   2115.8716
      358.0160   1977.4292    231.6077
     2188.8423   1765.4622    582.9161
      605.7400    418.3018     22.1359
      248.3539    459.5117   1945.6317
     1322.8905   1869.8595    201.5380
     2223.3440    595.9711   1956.7178
     1662.8070   1281.6726   2173.3794
     2059.7585   1537.7780   1804.9938
     1421.6031    819.2795   1324.4811
     1484.1385   1315.9025    628.0167
     1440.9430   2078.1636     15.1578
      782.7259   1562.1851    877.1606
     1884.9912   1691.5177    744.7008
     1154.0348    115.3284   1621.0549
     1841.2953   2181.9390    390.8871
      555.4886   2179.5095   1186.5685
     2084.4211    362.3081   1497.4509
     1581.8145    435.4305    752.7947
     1950.2648   1027.7804   1763.8130
     1567.2723    885.3915   1929.0602
      495.0903   1670.0641   2198.0522
     1851.0735   1771.5052   2166.2258
     1843.5577    241.7310    881.0410
     1157.6501     91.3699   2158.4189
      309.7625   1612.4802   1987.6531
     1857.6222    845.9344    954.2189
      848.9026   1841.7871    826.6436
      732.1859    663.6155   1790.7371
     1844.3621    636.3713    571.9557
     1707.7520   1748.3485    188.0274
     1534.4792   1005.8754   2213.3462
     1649.1705    961.8457   1358.8231
     1414.4991    182.1805   2010.1669
     1443.7318   2059.3899   1190.8026
      981.0549   1447.0790    311.3316
     1682.5592    308.4644    508.1987
     2024.8802   1500.0074    674.1166
     1907.9441    398.7631    384.7591
      612.3067   1654.7744    581.7559
     1451.7063   1789.2275   2010.1245
     1549.7777   1459.3737   1132.7250
     1284.3900    673.0378   2249.6548
     1915.0443   2243.3274   1016.8719
      357.2492   1333.3506   1916.6541
     1825.8087    358.9629     91.9860
     1373.9318    474.5020   1635.5166
      169.8499   1356.9214   2221.1401
     1979.8860   1663.7581    150.3361
     1404.8655    125.5868     32.8838
     1995.5515   1137.3136   1059.3844
     1825.2976   2131.1616   1363.0659
     1925.9659   1215.9852    171.0407
      136.8164   1901.0306   1976.5951
     1307.9606   1477.6865   1446.5093
      504.7392   1134.2462   2093.4729
     1390.2374   1501.7091    353.1008
      585.8587   1971.6450   2148.5234
     1356.4523   1352.1638    921.0837
     1951.7910    367.3039   1731.5548
     1587.9441    631.7896    515.4819
      900.4452    127.1079    675.0089
     1741.5793   1557.0944    537.2353
      222.3720     93.9891    199.3976
     2033.4622    725.4183    281.4662
     2215.2229    268.0272   1021.6590
      106.3370   1730.6561   1732.9196
      941.8919   2152.7234   2215.5806
     2012.2938   1526.9080    386.8401
      789.9486   1416.2676    586.9810
     1500.3752    799.2040   1015.4313
     1333.7173   1682.7245    871.1440
      493.1276   1407.7832     42.2134
     2112.3499   1994.1582    978.2905
     1547.9674   1969.1445   1808.5657
     1690.6323   1317.1727   1588.8351
     2030.1829    868.9949    593.4103
      789.4362   2052.0190   1041.3567
      921.7867     36.5628   1996.4360
       57.4468   1878.2391    801.5247
     1335.9869   1832.0907   1417.8293
     1605.9375      7.5285   1271.6339
     2016.7051    519.6584   1113.1882
      811.9528    295.3814   2136.8127
     1585.2650    343.7021    181.4301
      261.9477    483.1533    261.3547
      654.0272    354.9503   1327.3569
     2065.3945   2088.8931    514.6481
      164.3215    857.7466    959.6763
      864.4525    920.0341    980.8113
