      572.7448   2107.4272    332.3144
     1150.5258   1191.7426   1188.3223
     1086.9026   1719.1465    100.0902
     1437.9579   1187.0698   1399.2058
      431.1957   1974.4249    718.8196
      659.2836    904.4931    504.8770
     1495.7126   1702.1816    601.0790
      752.2286   2005.6331    899.0618
     1001.8945    435.3801    592.0832
     1658.7452   2070.8257   2094.1255
      270.6562   1890.4824   1025.7673
      596.5687     12.4453     78.0799
     1582.7678   2026.2147    559.8872
      702.8956   1994.9418     81.0030
     1356.5211    647.5365   1421.8728
      271.1451   1119.1853   1759.7761
     1479.5591   1968.3828    274.1263
     2181.9204    281.5229   1109.1536
     2193.5288   1815.4468   2159.5996
     1784.5079    602.2233   2150.5854
      519.9621   1652.2991   1161.1163
      492.9163   1716.3453   1932.0189
       53.4754    373.3177   1822.6398
     1392.4928    546.8046   1788.8655
      960.6266    783.1287    875.4199
      304.4472   2025.0548   1591.4255
       95.8265   1491.6409   1324.6566
     1341.3884   2164.3733   2052.6067
     2021.4558   2078.1650    120.5910
     2066.7954     62.8113    294.9011
      590.1942    370.0445    532.2748
      185.0112   1191.2446    335.5838
      557.6914    109.5431    584.6053
     2241.8594   1234.0249   1190.2504
     1255.7847    845.0310   1665.3816
      865.6110    330.3765   1211.6783
      974.9698   1705.6191   2035.2516
      931.3057    316.4581   1756.8436
     1906.1851     11.2782    717.4615
     1939.6357   1946.1989   2065.7366
      385.2780   1187.3895   1465.8701
      556.3917    783.0460    780.4260
      725.3734    237.9380    742.9160
      739.1971   2252.9260    917.1190
     1773.1161    825.1890    733.6402
     1379.5547    222.1210   1096.6672
     1430.9608    498.9100    909.2048
     1149.5598    963.8208    999.2275
        0.2879    473.9832   1442.8594
      971.2900    557.5921   2248.1416
      762.9686    506.4025   1343.0778
      671.0232   1378.3519     42.2392
      543.1589   1579.0592   1683.0764
     1855.9413    909.6163    357.9851
      927.0165   2021.4120   1789.2291
     1898.0929    604.2142   1552.1526
     1746.2952   1183.1394    332.9174
      995.0760    341.5931    156.9526
     1294.8983   2065.3943    559.7385
     1619.0236    627.1382   1595.5656
     2257.6401   2241.2241    505.8901
     2053.7151    917.9512    689.7073
       97.0993      8.3374   1894.1393
      264.7837    246.3383    773.2426
     2061.1001    944.0651     82.6929
     1257.4415   1427.2372   1446.8346
      874.3496   1012.4642    265.9402
      944.2197   1125.9308    541.8167
     1174.3362    638.6053    743.7161
     1548.0015   1344.7894   1933.2452
      609.4319   1808.1953    583.4367
     2065.3301   2067.4666   1878.3884
     1236.6915    898.8030   1290.4219
      892.2163    659.9482   1983.8212
     2110.2537    754.7870   1445.5612
      455.1920     63.8833   2082.8728
      798.0369   1730.8828     38.5337
      315.0911     74.4677    513.0016
      634.7381    631.1462   2218.9915
     1732.6726   1781.5238    861.8054
     1856.8513   1584.6984   1090.3165
      567.4667   1134.8639   1281.4719
     1237.4655   1553.3400    672.4506
     1667.5151   1340.9738    852.2678
     1078.9963   1724.6051   1798.8815
      971.9694   1900.9840   1547.3079
      288.4229    859.0392    560.2583
     1426.4441   1611.5946   1386.2651
      740.4428   1396.6887   1806.6653
      819.1462    743.4037    201.5733
      405.1801   1066.2073   2082.5854
     2134.2317    119.4464   1811.0557
      482.4894   1446.0649   1405.7908
     1220.7172   1606.6735   2128.9888
     1463.7281    759.4747    242.5432
     1061.1459   2171.3452    610.2896
     1531.2042    555.4564     22.6739
      132.4617    890.4229   1973.8065
      296.1367    340.1440    409.0444
      299.1332   1496.1812   1861.6594
     1860.0437   1576.5715   2224.1611
     1682.1558    626.3795   1326.6929
      616.9053   1750.5750    945.1360
     1278.4827    458.8934   2107.7292
     1747.8171   2083.8855   1462.6244
      110.6384   1475.6458    626.7847
     1937.9597     49.6831   1536.1730
     2161.7678   1293.1326    460.7901
      203.3913    342.8713   1610.4598
      506.8401   1113.6227   1037.2347
     1447.8345   1583.0858   1951.6130
     1726.2842    155.4421   1041.2213
      289.3560   1771.5985   1290.9573
     2180.9814    736.5929   1742.3606
      250.8547    513.6321    630.5931
       22.7341   1773.9427    791.0748
     1222.7305    563.5098    465.2319
     1718.7417   1574.4264   1699.9279
     1219.5355   1910.5170   2161.8452
     1840.3086    861.6069   1712.7827
     2245.0969   2001.7209    939.6622
      394.9901   1270.4524    396.7989
      300.7638    191.1361   1082.3290
      954.1104    788.5270   1586.9738
     1944.7078     80.9242   1172.4127
     1755.6787   1659.9543   1459.2711
       55.1255    737.1865    576.2571
     2182.2107    217.8986   2069.9771
     1087.6974   1328.0248    910.0609
     1532.1426   1213.0237   1635.2333
     1025.0104   1853.3420   1285.6746
       33.4613    998.8063   1695.7870
      507.1625     60.2760    819.1015
     1721.4930   1365.6233   1374.9921
      145.1071   1698.0800   2071.3896
     1617.8597   1548.4509    125.2771
      142.9262    450.6532   1175.6780
      269.4199     67.0302   1589.4128
      454.0684   1066.9958    628.6635
      572.1949    419.7263   1710.1840
     1500.0438    240.3863    799.8557
      460.3564    673.5253    467.2132
      109.9583   1452.0848    353.8425
      472.1526   1583.7765    558.0367
      731.4008   1529.6808    419.0369
     2201.4785   1466.9532   1577.4927
      689.2877   1253.1133    357.8245
      313.8425    181.8145    106.4951
      527.4161    703.3561    144.9680
     1548.1849   1670.4276   1140.8507
     1376.4717    338.7493   1569.9072
     1542.3839   1920.0630   1413.6733
      570.9131     37.3850   1224.0493
     1829.9607     43.9739    181.6670
      141.5405   2223.8250    969.6090
      808.5911   1426.7625   2061.4202
      526.4462   1200.7478   1746.9110
      709.9821   1760.0726    305.9274
      585.2236   1856.8910   1464.6351
     2003.5352   1579.7676   1672.6666
     1561.7633    737.4061   1912.8768
      868.7955     42.9162   1220.2985
       29.8660   1267.6252   1795.2649
      652.1092   2149.9290    647.9661
     1861.8459    642.7007   1820.1813
     1968.7476    339.7202   1444.0393
     1464.9902    933.4438    844.1910
     1460.8153   1290.3999    224.1478
      520.8994   1740.9391     77.2784
     1288.1423    293.6937     59.9772
       78.2119   1174.3617     61.6992
     2025.8054    583.3878    181.0913
     1965.1915    355.9894    388.4869
     1759.3098   1084.7218   1516.5861
     1636.1641   1118.6140    635.8096
      129.2704   1086.1904    651.3334
     2219.9871     48.6192     45.2706
      825.3464   1048.5796   1059.4592
      279.4095   1032.2856   1113.8470
      349.5201   2260.2136   1834.7408
     1018.4973   1442.2625   1228.5083
      251.2800   2169.4321   1305.8406
      513.4881   1558.4612   2194.3137
     1113.3044   1132.7361   1451.4062
     2125.4998    548.3712   1083.3746
      174.8889   2257.8992    252.3825
     1987.1281   1172.5615   1293.2605
     1345.6042    815.3567    528.2322
      945.4966    143.3264    510.8451
      670.3651   1036.3903   1929.6448
      257.3307   2035.3502    429.9417
     1056.3702   2115.0581   1146.7491
      798.2836   1913.9102   2035.6792
       56.8162   1233.6725   1474.2468
     1020.1000   1050.3177    785.3478
     1043.8734    928.7271   1822.9945
     1201.8123   1133.9983   2128.3679
      797.6962    623.6595   1066.4247
     2222.7539   1059.6904   2060.5591
      951.9801    472.5609   1526.6281
     1521.6586    856.8981   2178.9497
      834.1314   1076.8561   1334.3342
       31.0803   1940.7225   1234.6801
      393.2356   1242.5896     83.0395
      845.1688    623.1649   1717.6831
     1166.6425   1965.1826   1915.8058
      969.2590    809.1307    580.5450
     1546.5603    888.7810   1344.2360
     1321.0382   1871.5718   1170.5216
      499.3161    556.5831   1940.2690
     2089.4771    930.7921   1159.3809
     1855.9102   1434.3861   1948.8792
     1247.5332   1610.0129    389.8215
      738.6870   1304.9347   1538.2690
     2167.1216   1678.0111   1133.3829
     1532.4775    619.1062    713.9519
     2054.3894    625.3929    511.0048
      713.4722   1368.0580   1192.1204
     2046.7904    341.2487     90.0865
      479.0573    225.1450   1571.2892
      513.0928   1983.5874   1195.8429
      794.8442    418.2198    293.1089
      638.0220    821.1830   1078.6467
      215.6643    236.8049   1366.2991
      392.0175    992.9415    346.5721
     1005.4827   1235.1262    154.3574
     1849.2522    253.0379   1726.7998
     1981.4214   2230.2339   2109.8220
      836.9320    486.9066    802.5347
      758.8152     20.4644   1680.8734
       30.4225   2160.2834   1505.8840
     1794.3728    254.7562   2204.1475
      735.1404    824.9529   1379.0037
      278.6800    702.6765    269.9113
     2156.8152   1192.1130    779.6495
     1927.0645   1037.0193    949.9733
     1682.1570   2087.2090   1734.9716
       20.3030    788.7928   2202.8606
      176.3199    629.1950   1621.5596
      757.7679   1902.1328   1204.2670
      964.8575    306.5392   2043.9717
     1939.6123   1965.6674    348.7594
     1272.0083   1470.4559    119.1462
     1265.6713   1188.3606   1704.6322
      161.4722   1283.2920    901.3441
       94.1920    396.4503   2143.8701
     1978.0170   1990.3882   1188.5924
      289.1965    607.3710   2254.9734
     1637.5574   1084.0848    913.1047
     1249.5323   1371.8495   1937.0563
      692.1071   1582.0240   1434.2582
     1238.5975   1590.7841   1163.3998
     1620.0151   1950.4386   1030.8252
     1755.8458     47.4920   1954.0796
     1399.6890   1867.9778    791.5853
     1162.4150   1912.5212    365.1139
      565.2283    935.1859   1590.8372
      951.2659     35.6702    171.3490
     1080.3491    156.4376   1593.6028
     1042.5094    624.7961   1300.3367
      620.9928    233.9963   1887.3048
     1499.4438    930.7183   1630.6072
      493.1635    383.2584   2223.5063
     2160.5532   1850.2573   1737.8218
     1587.9756   2247.8811    896.5789
     1661.0470    360.5264   1442.1066
     1623.4832   1493.6423    409.9013
     1431.8391     41.9145   1595.1805
      390.1556   1270.8992    752.0590
      313.7525    707.3035    984.5792
      983.2930   1417.7202    552.0072
     2243.7004    430.3645    694.6633
       82.8045    695.3513    829.2684
     1732.1313   1320.2603   1095.8895
      544.3940    309.2309   1332.6481
     1825.3116    871.1766   2144.0063
      606.9552    137.3287    293.8662
     2077.8301    440.2291   1697.5173
      509.3713   1346.1063   2012.7572
     1309.6595   2153.3101   1378.9020
       74.5632    503.4460    440.9819
      680.3570    811.8102   1833.7070
     1320.5713   1007.6797    178.4027
      419.8471    823.0593   1322.7617
     1541.5189   1943.1788     29.4168
     1715.2885   2050.8782    261.2518
     1737.4823    749.5291    185.2949
      420.3606   1857.8950    284.0199
      707.5565   1063.7496    788.6917
      453.7813    784.4946   2067.9304
     1005.5623   1472.4080   1852.5337
     1252.9260   1069.2482    650.8096
     1582.4413    185.6819   1767.2922
      976.5380   1378.5894   1629.7778
     2152.3569   1364.8304    171.1115
     1402.7544   1113.2949   1057.7025
        9.3241   1923.3809    195.4133
      549.9547    481.0778    814.8666
      908.0577    238.5248    929.5216
     1111.7006    932.5101    375.1174
       21.5728   1919.3950    507.5279
     1451.1227   1422.0890   1109.5942
     2038.9185   1383.6350   1035.3414
      630.4896    235.4338   1040.6335
     1117.3916   1822.7073    647.3109
     1783.8029   1572.2938    666.2610
      798.2144   1717.5159   1734.1807
     1515.9868   1044.8639    431.5629
      896.6969   2028.9565    318.8212
     1614.0144    420.3826   1975.2285
       61.1157   1795.2727   1517.6471
     1196.6497    701.7112   1048.7476
     1121.8605    193.0944   1174.0671
      221.6913   2133.5466    708.4532
     2232.9229   1463.1777    856.7456
     1176.5989   2131.9453    144.7186
     2049.1555   1770.4534   1364.2426
     1730.8689   1835.8522   1252.6899
     1056.9806   1354.2679   2186.1179
      578.1335    634.5978   1485.5801
      393.5331    946.1504    867.4247
     1135.4674   1974.3582    851.7918
      694.0197   1954.9116   1669.3502
      827.0578   2253.1418   2184.6814
     1244.3773    250.9974   1826.8531
     1472.5477    441.9909   1206.4758
     1003.6192   2232.2812    856.7292
      267.8550   1609.1362   1051.4626
      329.0821   1335.1586   1131.8239
      829.7517    880.4428   2150.4873
     1108.3715   2168.3669   1632.1140
     1843.5149   1827.5879   1721.4006
     1353.4257   2090.4180   1736.7738
     1089.8253    949.1093     57.8982
      588.4412    969.3710    178.4763
     1226.2091    677.5665     56.5778
      525.6301    492.1376   1092.4972
     1647.8820     65.2830    486.6947
      866.6971   2208.3506   1445.2423
     1434.3076   1507.0167   1666.2809
     1143.1309    190.2225    755.4414
      248.3374    877.6494   1552.9242
      533.8160   1456.8289    937.0093
      830.7638   1077.1385   1609.1992
      236.1189   2004.1044    105.7812
     1549.1151   2169.4226   1191.8964
     1527.2510   1691.4574   2159.2378
     1885.6655   1514.3856    270.3590
       21.7938   2076.2998   2137.7451
     2051.5547   1523.8446   1346.7754
       87.3388    993.6341   1320.0857
      805.6866    250.3516   1498.5878
     1021.1488    655.3213    309.3984
      406.5676   2002.1069   1831.6196
     1690.8920   1037.3594     99.4671
     1129.5919    425.0043    986.6400
     1175.3142    220.1638    300.8664
      316.8257   1730.1372   1649.0729
     2023.2921   1315.8140   1771.1027
      981.8755   1735.6993    449.6012
     2010.4281   1030.3568   1903.7766
     2154.9055   1014.0089    384.7049
     1059.3717     31.9114   1952.9840
     1384.8621    377.8240    594.1587
     2119.8022   1387.8667   2095.4695
     2188.0432    205.7673    605.5541
      965.5955   1190.9534   2005.6240
     1735.3267   1242.4279   2137.7285
     1368.7712     50.5812    594.7148
     2069.9998    997.5117   1557.6481
      560.0342   2183.6184   1479.0911
      239.3251    924.1487     21.9798
     1723.5531    510.7262    924.2252
     2189.9832     80.0489    840.8146
     1849.1023   1816.3872    547.8320
       23.7735    720.2670   1281.3721
      232.2647      2.3181   2177.7798
     1970.0300   1124.7899   2149.8674
      854.8615   1660.1837    734.0756
     2061.0483    789.3855   2014.6915
      233.9703   1636.6831    101.2516
     2017.1149   2062.8872    708.8980
      465.7939    427.5009    241.0442
      172.7398    597.6338   1944.1995
     1439.3788   2251.8777    265.3112
     2109.2473    500.9825   2107.2175
     1675.3635    987.4407   1959.2572
     1994.7972   1677.1960   1945.7189
     1215.9774    380.0406   1335.4819
     1226.4778   1240.1561    383.2121
     1511.8253   2230.4219     34.7542
      802.8124   1371.2521    960.5852
     1725.1060   1707.9664    291.3378
     1110.1132    510.2334   1908.5970
     1877.4369   2168.4917    479.5052
      388.6712   2139.9585    997.0615
     2191.5740    176.4228   1484.8116
     1899.8644    519.2073    724.6517
     1785.1689   1153.4132   1834.3483
     1353.9131   1065.9401   1945.0583
      503.2680   1929.0813   2134.4871
     1722.8590   1773.0599   1963.6304
     1944.5381    320.5721    923.6049
     1152.6326     88.4421   2210.0442
      193.6247   1307.6124   2065.8367
     1861.2596    876.1066   1345.6733
      887.2178   1962.4484    637.0353
      444.0453    770.4164   1787.9523
     2090.8005    691.0502    822.7187
     1805.6385   1834.8140     34.5187
     1456.6539   1238.4766   2237.2129
     1733.2938   1031.3317   1160.0608
     1470.8574    189.0442   2096.6804
     1281.0519   2213.5032    977.1443
      930.1772   1494.9346    158.4944
     1838.7802    283.7961    636.3154
     1947.0641   1387.8131    794.9020
     1655.9012    658.8080    471.5336
      157.7669   1712.9907    422.9425
     1411.8073   1854.6021   1890.0914
     1475.6289   1556.2549    843.7604
     1232.1649    762.2255   1963.4814
     2021.5990   2169.3962    993.0662
      209.3882   1466.9727   1580.4862
     1774.8976    459.6194    210.9427
     1193.3168    527.7512   1599.7501
       77.0750   1454.8406   2247.1724
     2114.0022   1647.8765    212.0535
     1586.1035    260.8829     86.3556
     1866.1243    734.3969   1045.2719
     2040.7814   2046.6648   1491.4965
     1939.4058   1268.5319    114.0538
      122.9681   1960.2594   1861.6401
     1058.4204   1654.7917   1478.5741
      675.5999   1133.9083   2196.6851
     1365.5432   1738.0076    137.8398
      647.7675   2141.9812   1926.8652
     1344.7906   1288.6118    851.0762
     1860.0542    360.0930   1945.9777
     1372.6075    514.1763    218.7102
      761.2232    577.0964    540.3734
     1422.2440   1375.1937    580.0683
       12.6261    242.6959    304.7556
     2238.0613    749.5977    247.8788
     2222.1658     16.6571   1224.6533
       11.9966   1532.8950   1876.7617
      960.4705   2031.2174   2255.5964
     2149.3313   1625.7913    572.0865
      690.0778   1368.1401    665.1959
     1557.8596    749.0930   1083.3096
     1135.7168   1630.2068    870.6503
      462.6097   1466.4130    238.7907
     1995.5513   1755.4569    865.3914
     1534.3895   1777.4993   1635.4227
     1925.6263   1301.6199   1544.4769
     1912.7330   1175.3208    573.9670
      904.6431   1704.7528   1086.5576
      279.3368    275.1513   1928.0077
      349.7166   1713.0472    794.9474
     1261.7125   1868.6976   1585.0905
     1655.0409    120.6810   1374.6619
     1865.2369    396.8017   1210.4604
      727.0688    235.1821   2140.1948
     1513.0010    301.5053    335.4571
       17.2111    533.7360    126.1367
      309.2046    515.0756   1356.2526
     1724.9010   2052.9487    773.5128
       48.4400    990.7395    981.3334
      982.0520    868.8051   1225.1205
