      292.4642   1586.1473    473.9597
     1343.9075   1719.8108   1996.7584
      556.7797   1957.7251   1672.5048
     1818.2484    503.5696   1350.9937
      317.3210   2219.6755   1562.8857
       41.4959    197.0967    548.7571
     1897.2141   1793.4734    770.0677
     1270.6816   1075.1626    265.4331
      373.2750    434.7213     20.7992
     1180.4626   1936.5614   1569.6761
      248.0463   2085.9043    874.2868
      937.8114   1709.4332    636.6844
     2078.3628   2194.8503    490.4521
      794.5807   1024.6846   1108.8889
       73.1157   1168.8590   1725.5033
      173.3101    989.4359   1323.8647
     1127.7463   1317.7733    214.5333
     1937.2856      0.3842   1083.6459
     2100.5464   1348.9928   1654.3488
      912.6292   1404.5111   1386.7169
     1337.9934   2143.3176   1736.6436
     1561.7720   1612.7784    981.2880
      240.8642     31.3075   1109.1697
      513.8245   1943.9138   1066.6184
      912.0020    833.9509   1546.4731
      661.4666   2212.6938    656.0186
      274.9727   1994.7224   2225.9775
     1404.3368   1765.6880   1453.5859
      181.4484   1510.5334   1228.8445
     2060.2068    389.0885    663.8254
      839.4803    233.9987   1315.7559
      769.5129   1536.9675    375.1439
      733.3766    351.8871    577.9518
     1164.4059    124.6282   1516.6262
     2183.4744   1636.1013   1372.4812
     1127.1147    781.3243    368.3500
      536.2161   1508.7345   1830.3815
     1539.4628   1057.1458   1476.4081
     1285.7487    424.7110   1307.9713
     2202.2927   2086.7026   1417.3918
     1808.4604    311.7715    577.5791
      747.4022   1582.1156   1126.6475
     1558.0237    435.0109   1052.8832
     1861.5060   1615.3809   1707.6464
     1855.5511    672.8073    210.5390
      505.8944    609.1412   1360.4827
     1141.9630   1031.5911    768.4642
     2144.9993   1220.4762    635.5712
      264.6640   1416.8954   1660.3083
      851.3108   1569.3475   1809.6132
      835.2467     38.0358   1129.7220
     1690.8501   2225.0298    309.2529
     1180.6725    567.9269   1576.9807
     1900.8168   1157.6100    206.6913
     1302.6357   2173.3562   2245.4048
      981.8923    513.0135    933.4934
     1558.5471   1868.4147    709.7059
      366.2069     77.9352    324.8845
     1514.4755   1368.6244   1269.6300
      273.1253    366.6732    970.2963
      925.2914   1671.9797     96.0567
     1983.7955   2023.1406    196.9782
      843.7260    208.5770   1744.0243
      145.3950    522.0557   1978.6436
     2205.6382   1658.4202    962.4964
     1810.5867    956.8726   1592.7197
      151.0757   1309.3136     87.3884
     1905.6731    238.4134    105.7821
     1292.0123    429.1482    324.9157
     1914.5826    753.8231   1731.3295
     1633.4247   2048.9521   1310.2797
     2196.4548   1987.3594    915.1835
     2042.8750    370.7083   1833.5444
     2206.9346    644.6293   2195.9734
     1980.0385   1404.6835    959.7542
      918.5740    451.2007   2238.8003
      458.5134   1151.8595    964.9730
      854.5195    941.4976     65.0753
      997.1130   1087.3854   1922.9839
     1280.4727   1685.0688    601.6945
      948.3785   1336.1984    791.5314
      426.1253   1079.7421   1544.6448
     1207.9574   1526.8459    995.7877
      542.5958    694.3229    901.3465
     1580.7905    915.8400   1290.7756
      148.8521   2232.3301   1881.3992
     1795.3069   1028.5853    498.9106
     1980.8558   1005.3304   1291.4204
      486.9277   1205.4769   1859.7700
      633.7207    513.0803   1739.5439
     1682.8060    943.4371   1943.3048
      771.0781    653.3197    650.2671
     1106.8121   1919.1322   2200.2849
     2139.4705   1761.2983   1787.5452
     2120.2551    537.6633   1064.2950
      343.0526   1661.4780      9.6511
     1109.2288   2099.6157    818.8844
       11.9279    123.6221    927.5443
      135.0894    402.7292   1605.2731
      120.5819   2238.3018   2243.9333
      684.9908   1215.6392   1477.9623
     1599.4246    303.2014   1863.0504
     1830.0098   1963.5127   1518.9310
     1507.6180    438.4764   2212.4385
     1951.3035   1794.6650   2156.5303
      748.9545   2128.7544    295.4966
     1280.4415    154.1200   1110.3115
     1743.3982   1551.3701    624.6647
      527.9374    749.8307   2201.9851
     1125.8900   1470.5906   1644.1205
     1126.0944    338.2645   1865.9681
     1495.2130    154.4144    569.2400
      691.9611   1615.1423   1450.3967
     1780.0953    615.0856   1984.4954
      747.0353    314.3799    211.5923
      536.9906   1828.7488    595.0170
     2198.4001    324.5890    265.3456
     2128.6775   1455.0142   2220.2595
     1727.3081   1795.5249   1148.4808
      353.9206   1222.1676    389.5958
     2156.2544   1625.6035    469.4857
     1572.8563   1954.1477    217.5977
      567.3765    859.7831   1909.2789
     2067.5896    936.8019    936.9089
     2230.0874   1348.1620    329.0383
     1518.3883   1979.1661   2082.5042
      683.8914   1938.5432     39.2503
     1423.0239    803.8228   2254.2046
     2237.3733   1415.4225   1968.6718
     1775.3828     82.3293   1457.0598
      533.7750   1565.9408    760.8763
      762.7092    757.9305   1252.9637
      512.6037    192.4083   1114.2361
     1081.4323   1044.2108   1358.2523
       82.4223    764.7355   1660.7568
     1348.3613   1716.1447     84.9734
       27.2822    614.8277    313.1711
      356.5065    378.9933    657.9546
      127.6157    474.9594   1294.1864
     1927.8059   1280.9407   2030.6265
     1676.3204    976.7040     78.8546
     1311.1564    773.0827    830.2988
      444.6714   1120.1609    133.0666
      125.5990   2046.0243    324.2191
      296.4799    874.8392    847.3944
     1614.2471   1386.0541   1794.8850
       82.3540    939.4464    382.9107
      427.6649    732.4143    499.2730
     1263.8201    804.0562   1346.8557
     1066.5411   1768.8464   1020.1504
      580.1443   1307.4203   2197.9946
     1381.6770   1381.2917    494.1782
     1331.2526    201.9966   2202.4719
     1216.9946     89.3249    278.0410
      817.7651   1933.6042   1926.6758
