      913.1187   1949.4796    743.3353
     1640.7051   1378.1569   1901.2225
     1027.8201   1995.4097    986.5375
     1750.9348    322.2663   1054.8223
      364.5786   1736.1337   1855.0167
      353.6369    178.1038    708.1104
     1500.2036   1598.1678    481.6495
     1007.0842   1598.7045    510.8730
     1017.8433     82.5782    622.7422
     1256.8318   2036.4346   1464.2845
      434.6995   2071.7683    467.3743
      983.7600    169.4567    286.5403
     2197.3540   1948.8516    951.8145
      663.1605   2148.2891    268.7927
       38.4803    162.8962   1836.6732
      423.2960   1242.2555   1405.1123
     1526.6833   2199.1292    463.5581
     1690.5796     89.0207   1278.9851
     2043.6134   1896.9237   2077.3076
     1228.1602    604.2040   1404.1107
      422.4586   1941.5603   1186.3356
      827.0083   1719.6084    906.5680
      657.4879    315.4493   1488.1730
      761.2812   1131.6583   1252.9698
     1572.2416    194.6468   1658.7771
      780.5204   1288.2386    877.6805
      472.8602   2041.9949   1605.8734
      516.3427   2013.5420    848.3637
     1080.1613   1926.0889    460.0154
     1566.1185    462.4773    754.8174
       89.1035     90.4250    553.8411
      479.3361    638.0616    593.0455
      276.0604    383.3367    515.8864
     1529.2378    899.5223    958.7007
     1854.0253   1142.1425   1930.5735
     1093.3112      8.1362    893.9535
     1086.0931   1126.8787   1747.9280
     1195.3579    658.3992   1733.8772
     1289.0101    397.2477    505.0695
     2229.6160   1392.6315   1574.9087
     1172.8887   1354.3993   1521.4647
      913.9323    517.9274    979.0242
      680.6473    404.9751    765.0146
      788.5336   2012.6456   1042.4469
     2126.5039    731.5131   1150.8470
      892.3482    238.3535   1847.5720
     2088.7898   1120.0991   1502.1160
     1381.9816   1151.6113   1524.7887
      605.5645    989.9980   1785.1675
      853.2870   1046.2922   2073.6992
      938.0979    210.9775   1370.1464
     1121.2948   1381.8397    310.9487
      786.0114   1584.3358   1831.6151
     1946.8890    527.1937    538.1653
      789.8591   1487.7626   2206.0767
     1981.0217    161.9554   1118.6982
     1985.2415   2201.0239    305.8495
      837.1935    274.0944     34.0524
     1341.6609   2254.6401    216.7233
     1129.7771     99.4677   1698.4886
     2059.7417   1581.7213    433.1791
     2205.3228   1753.3973    127.3151
      698.5642    473.5847   2012.9923
      513.4875     62.2411   1228.6395
     1853.7461    975.8889     97.0679
     1406.0601    560.4001   1894.2598
      135.5155    984.6515     87.4415
     1432.2859     60.8479    934.8140
     1587.4805    913.1650    663.8445
     1375.2546   1582.4302   2076.6379
       67.4440   1752.2272   1231.1920
     2068.0327   2212.0042   1961.1185
     2087.2920    253.4770   2155.4934
     1548.6123   1297.9366   2199.1833
     1720.1416    881.2324   1263.3280
      997.7302     81.9820   2116.8740
      369.6041   1243.3221    112.7793
       28.3195    154.0313    262.4767
      237.5752   1265.4854   2096.6208
     2012.7551   1824.0254    331.4144
     1486.7556   1531.5336   1118.5447
      126.6295   1385.0989   1010.1256
     1022.2407    899.3840    398.9447
     1228.7542   1486.7646    762.4736
     1751.0142   1524.3732   1340.9080
      848.2427   1869.0573   1758.1376
      544.4089   1256.1542    454.3769
     1883.8303   1444.2972   1642.2535
      226.3679   1906.3286   1674.7770
     1122.4495    373.6216    782.8387
     1484.8762    881.8290   1461.7927
     1702.3673    234.8253    633.8438
      466.1110   1330.1234   1790.5750
     1306.1855   2195.6489   2206.9241
     2153.1687   1084.8085    385.1245
      772.7674   1779.0211     22.0390
      990.0263   1240.3955      3.7594
      464.4491    655.0958   1887.1392
      609.8121    223.4595    482.4102
      310.0721   2221.9033   2176.4724
     1093.3641   2093.0667   1951.6423
     2025.4343    407.7595   1292.9443
      930.7631   1855.5470   1370.6158
     1657.5525    773.2040   1629.8673
     2225.8394   2120.2031   2219.1233
      121.0595   1402.4220    320.0922
     1758.5709    456.1179   1571.0675
     1929.2406   1472.3140    231.7859
      617.3458    375.9026   1174.9188
     1053.9269   1593.0087   1275.8041
     1409.6003    242.3217   1416.6874
     1233.6687     82.2256   1227.4189
      253.5672   1530.0754   1445.1664
     2158.0740    297.0701   1534.9944
      594.4620    978.6197    730.1030
      159.7395   1861.4843    422.3810
     1839.1771    158.4301     78.4952
     2071.8428   1391.1604   2031.1764
     1703.0321   1661.5297    961.1367
     1941.1250   1392.8583    921.5219
     2147.9109   2082.9050   1288.4669
     1214.9041   1646.4548    210.3166
       93.5516    525.2016   1382.2792
     1578.7230    521.4192   1312.8265
     1924.5302    821.0822    912.5597
     2195.0950   1716.3657   1879.3125
      574.4048   1005.0713     51.5690
     1624.3424     20.2074   2202.8232
     2097.8787   1464.3639   1246.7112
     1665.1587   1233.4861   1457.3580
      651.9150   1662.4462   1195.7755
      127.0609   1411.9529   1817.7046
      849.0704    110.6064   1034.8523
     1931.0569   1257.3278   1253.5785
      300.7816   2249.2976   1801.7910
     1715.6876   2065.3674     40.5714
      327.2678    384.7428    913.2131
      527.0959     43.9618    917.2631
      860.9519    915.8439   1054.4447
     1119.1689    893.9936   1405.4856
     1903.9818    440.0764    814.8811
     1116.8679    929.3150     34.3360
      222.2130   1613.0416     65.1438
      478.8837   1839.0269     78.9048
      321.6430   1644.6190    653.2067
     2091.7969    610.9371   1594.2899
      207.8315   1099.9847    712.8969
      253.2344    790.3760    424.9644
      148.5146    633.0037    850.4122
     1730.9600   1968.5482    444.4475
     1298.8799    169.2381   1982.6604
     1629.1763   2121.9436    806.9698
      931.7216    449.4701   1589.0093
     1919.4464    108.0056    486.2030
      247.3788   2087.8201    822.4252
      789.4480   2070.4150   2067.7122
      369.6127   1146.7919   1047.4226
     1437.9924   1037.8787    322.8517
      403.2585    673.9685   1479.9841
     1894.9813   1624.6548   2256.9048
     1839.7791   1632.5261   1795.5123
     1170.8910    705.4146    598.4575
      222.0200   1098.0657   1881.2743
      955.8954   2064.0239    161.5722
     1583.5791   1676.9183   1685.1989
     1875.5980    581.8870   1092.3623
     1694.9130   1232.2848   1038.1437
     1341.5394   1355.6616    510.7456
      870.6779    669.6938    180.0923
     1787.3671    346.5332    322.9159
       38.6759   1395.7250    689.5894
     1803.4630   1290.7822     51.4062
     1854.1475    871.9523    498.0454
     1937.7494    626.4313   2129.0654
     1212.5553   1791.5885   1062.8536
      413.7545   1574.3289    410.0917
     1746.2858    557.0842    150.5725
      523.0975   1525.4248   1958.9647
      151.8098    832.2762   1645.9413
      154.5195   2225.0012   1079.6022
      538.3108   2095.3147   1935.1617
      402.9773   1519.5831   1183.6575
     1153.6807   1484.8716   2258.5127
     2076.0161   1276.8176    529.6823
     2209.3860    838.2255   1431.9940
      932.0354   1193.6749    287.2335
     1437.9305   1121.6367   1212.3396
     1015.3478   1143.8839    677.5813
     1082.4176    487.1515     69.6583
      751.3649   1432.1674   1443.6472
      262.8875   2102.9058    177.9980
      639.3265   1757.8022    397.9330
      579.6581   1236.3496   2055.2969
      166.1370   1143.8539   1504.6797
     1767.0192   1165.8406    378.5434
     1146.9564   1822.2711   1766.2128
     1266.7183   1483.2334   1789.8761
      975.7665   1446.6847   1034.9636
     1910.5127    922.8268   1675.7446
      247.7017    656.8757   1214.3627
     2184.9043    626.6806   1883.2460
      877.4054   1128.1241   1515.1025
        2.4909   2070.7192   1525.0747
        9.8025   1306.4427     75.8342
      574.4036    882.4344   1177.8383
     1022.9168   2112.6111   1282.8296
     1440.0240    663.2352    321.9107
     1317.7120    678.8997   2251.6621
     1970.1221   1929.4513   1749.9672
      280.3948    665.0052   2227.8967
     2216.5303    398.9185    630.0020
     1367.4862   1931.9113   1894.0010
     1170.5598    888.1434    861.8558
     1330.8130   2174.2837   1744.3447
     2134.1155   1733.0087   1599.4972
     1556.1351    844.9819    140.9787
     2142.3496    998.2561    882.5057
     1625.0699   1785.9409   1998.0476
     2241.5508    625.7404     50.6125
      578.4698    186.7968   1824.1062
      227.1613   1790.0991    869.6686
      368.8215    142.3923    191.7225
     1314.3798    655.0361   1005.4064
      214.2422    400.9474   1783.7953
      656.8218    984.2697    419.4791
      542.9883    413.8973    234.1193
     2217.2163   1070.5494   1840.7050
     2017.8844    966.9299   2109.8022
      895.6078    666.1354    711.1104
     2077.0171    170.7600    777.7913
      213.9908   2013.4159   2026.8917
     1920.3851    434.5335   1832.1334
      774.8446    618.6760   1247.4445
      122.7634    973.9333   1058.1047
     1810.9858   2226.5664   1018.4358
     1808.7043   1467.7610    620.9620
     1393.1531   1239.6755   1792.1508
      396.3823    373.6483   2156.0120
       91.6182    392.8956   2133.1433
      765.1384   2234.2063   1573.7606
     1681.0414    419.0543   1981.9888
     2157.5178   2095.8264    559.6649
     1475.5161   1209.5620    808.2607
     1329.7644    950.5128   1910.9200
      498.2494   1374.1273    860.1072
      166.9781    110.1867   1457.9360
     1927.0375   1961.3672    822.9876
     1052.7032    828.7960   1918.5111
     2016.9507   1640.9724    764.6138
     1579.9910   2092.5283   1582.9756
     1770.5956   1942.9723   1193.1932
     1357.0980   1924.9688    850.5129
     1814.8514   2212.2153   1823.9468
     1617.5784    868.8629   1978.4365
     1479.1803   1999.9507   1139.9398
     1324.2247   1914.0859    198.3301
      152.0683    893.1335   2087.0923
     1323.5469   1057.4553    610.6919
     1243.8086   1172.2980   2079.8669
     1122.5599    292.2906   1090.4114
     1046.6149    481.8099   1966.7360
      811.6151   1388.4659   1963.1093
      635.9656    150.5331   2107.3137
     2236.3682   1680.1526   2140.2905
     1341.0254   2169.1394    699.0927
     1960.8241     20.4585   1466.1400
     2084.6604    782.3467    659.2334
     1396.9108    369.1635   1139.2072
      303.5187   1340.1816    584.4739
      437.8191    970.5562   1575.2015
     1144.6855   1156.7791   1122.5995
     2080.6836    728.9648    298.3808
       68.8727    388.2803   1018.8760
     1513.6542   1634.6891   1372.2059
      751.5298    736.1266   1679.1903
      626.4949    710.6921   2229.1035
      799.9368    460.6801    379.7523
     2138.6028   1047.8138   1221.9233
      512.6107   1485.8610   2227.4553
      442.6021   1787.6763   1467.0856
