      567.3183   2202.4409    293.5810
     1255.9703   1218.6298   1207.6925
     1134.5244   1782.9115      9.4972
     1408.9010   1373.3483   1382.8616
      507.7320   1817.4069    715.3753
      704.5776    860.3135    441.5951
     1535.5360   1627.1512    573.3912
     1083.5945   1941.0084    922.5833
     1163.3170    341.8720    633.6803
     1791.3937   2211.3201   2247.9551
      428.4072   1726.0682   1135.2097
      615.6052    180.5751    107.0471
     1667.3517   1957.6686    483.7948
      685.4662   2093.2183     60.5527
     1307.1943    787.4496   1120.2235
      111.8501   1153.2341   1759.2822
     1584.6816   1773.8445    337.5354
     1734.1661    389.3884   1065.4984
     2226.8640   1939.6143   2036.6013
     1848.7839    368.7083   2042.4215
      743.0405   1531.0868    917.6564
      480.7459   1722.7249   1999.0912
       48.5809    593.4695   1917.5665
     1045.8007    746.5612   1865.4659
      930.8317    904.4581    880.1666
      276.5310   2101.9678   1490.6224
       82.7512   1546.7444   1050.6040
     1436.9967   2163.2644   1838.0583
     2138.5833   2164.9329     41.7716
     1883.2996     31.7306    301.1819
      650.5044    538.8542    406.9271
       74.8124   1236.0847    428.9254
      639.8443    196.5305    471.6732
     2244.6313   1279.0795   1185.8013
     1348.8420    811.2596   1509.6594
      799.3964    447.5086   1086.2485
      915.4827   1614.2727   2036.5256
      975.1290    215.1292   1674.0072
     1842.1085    142.1702    935.3896
     1892.2216   1801.6832   2090.3486
      367.3825   1248.1875   1613.0228
      633.0901    656.6016    691.8909
      716.6157    316.2659    696.1678
      634.8933   2248.8599    832.2710
     1982.8315    723.7133    927.0297
     1228.1102    191.0626   1188.1892
     1457.8193    479.4820   1048.9379
     1170.6760   1180.7769    595.5848
       96.2583    360.8819   1355.1938
      811.5148    543.6459   2087.6440
      730.1056    749.8218   1040.1490
      567.4326   1435.0264     79.6444
      528.3005   1472.4821   1594.3591
     1802.8652    890.8275    260.6792
      951.2300   1873.9702   1757.7443
     1856.6659    852.5043   1436.8413
     1700.2704   1356.4573    622.5984
     1093.2634    316.3993     14.5702
     1257.8706   1939.5963    582.9451
     1628.3549    692.9586   1617.0397
     2205.1973   2234.3960    495.0419
     1817.9982    859.3210    747.2933
      144.1431    218.5419   1909.9542
      170.8484    419.2331    751.5904
     2078.1550   1305.2096    384.2610
     1059.1746   1337.7501   1402.0153
     1034.0023    969.1715     98.2354
      946.7094   1314.6421    379.8650
     1443.9736    407.4088    775.6218
     1411.2223   1165.7646   1720.8645
      694.0652   1597.4590    621.0493
     2028.6906   2122.0559   1930.6907
     1404.9003   1007.9400   1016.1058
      868.1836   1059.8906   2092.0200
     1881.4141    538.5132   1502.7783
      718.0215      0.0203   2067.8313
      758.7168   1695.4993     54.7677
      382.1045    129.4980    439.7057
      544.6663    597.7008   2050.1382
     1847.2122   1742.7422    905.2223
     2018.4222   1583.5397   1171.6339
      451.0373    875.1121   1100.0342
     1306.0781   1650.6293    431.0094
     1489.3666   1322.8807    806.3054
     1204.5984   1791.1761   1668.8990
      809.0986   1975.7552   1540.0460
      316.8149    955.3952    252.9661
     1338.4851   1538.3064   1609.3730
      714.6228   1254.5870   1874.0380
      814.9747    725.3130     21.3611
      227.3687   1058.8894   2025.3384
     2222.6938     45.5979   1780.3801
      562.5810   1369.2529   1181.3636
     1123.1832   1795.0627   1967.6267
     1493.4260    657.6811    238.5133
     1159.6196   2203.7820    472.9090
     1320.7902    427.1103    111.8286
       88.2553    839.7928   2031.5094
      171.0740    168.3490    586.8979
       89.0820   1427.8417   1594.4655
     1962.4083   1568.3154   2243.2373
     1555.0109    598.6664   1320.3057
      728.6721   1964.3147    780.5636
     1456.9528    608.6910   2239.9675
     1676.1642   2045.8824   1381.6400
      192.4853   1572.3107    754.0388
     1897.7637     13.7130   1677.4753
     1952.5187   1308.2137    609.3495
        0.7437    369.2253   1649.3500
      441.7212    972.8124    787.8898
     1500.9745   1591.6146   1873.8011
     1683.1300     30.1886   1152.7444
      391.2642   1490.3585   1373.1661
     2110.4443    642.5699   1645.5774
      171.8101    500.7405    402.9391
      239.0921   1862.2252    789.9933
     1387.3380    626.0109    543.1268
     1704.6775   1543.7863   1448.0134
     1334.9276   2131.2166   2098.1711
     1912.2488    867.8539   1719.8940
     1978.6660   1936.1621   1101.1538
      391.7169   1317.0724    263.5203
      114.9948     56.1276    859.8962
     1056.1674    686.9033   1618.9249
     1772.3260     96.9715   1436.5902
     1766.4258   1808.7495   1376.7922
       34.3212    667.1252    651.7048
     2069.9446    100.9628   2092.1111
     1274.8281   1420.6410    947.8543
     1622.0688    973.0163   1656.3440
      720.6091   2133.3416   1081.1008
      164.9135    864.4124   1692.7484
      408.2330    255.5633    827.3645
     1759.4480   1558.7258   1134.4609
      224.4680   1681.6570   2033.2579
     1562.9219   1577.8652    138.0623
      144.6427    282.8553   1063.2411
      101.2962    100.6337   1529.6412
      194.9989   1038.9559    654.1071
      268.8622    317.7932   1661.9363
     1506.3931    163.8273   1023.0911
      449.6438    670.1886    345.8838
      123.4044   1377.5177    180.8840
      731.4791   1314.7418    625.4847
      713.7949   1421.9972    372.5431
     2163.2117   1497.6868   1815.0345
      638.5110   1161.1370    334.9616
       67.1985    120.2166      6.3000
      566.0850    543.8701    114.0916
     1495.4769   1593.5392   1181.0796
     1325.5997    566.2975   1717.2751
     1264.4443   1661.9492   1383.8038
      336.6410      7.4496   1053.2104
     1811.3423    234.1774      8.2281
       51.6988   2076.1855    956.5562
      831.9011   1352.3041   2157.1675
      477.7800   1255.2224   1962.7174
      728.4807   1681.0168    335.7439
      659.1600   1711.4598   1736.8826
     1898.5884   1506.1456   1611.7004
     1413.4636    857.3420   1773.3260
      658.7121    176.8965   1000.5197
      147.7485   1371.7433   1927.7360
      599.8767   2112.5164    570.4264
     1820.9498    463.2483   1766.2682
     1944.3447    230.1706   1239.9949
     1731.4376   1076.0150    572.4891
     1548.0649   1121.5881    118.6267
      521.1710   1913.3962    345.1817
     1249.2572    122.8021     39.7257
       63.4439   1071.0647     37.2652
     2044.1403    755.3683    305.4664
     1881.7039    286.7291    400.4872
     1857.7659   1225.3864   1688.1130
     1540.1877   1130.7892    406.9654
       15.3066   1277.8872    711.0839
     2149.6501    167.1353    229.2356
     1086.0923   1036.8757   1031.2159
      327.9716   1256.5741    966.9671
      267.0338   2003.2990   1843.1194
      949.4180   1652.1987   1095.9462
      268.3127   1919.9877   1231.8151
      483.5539   1814.6816   2239.9951
     1276.9414   1097.7211   1436.4365
     2140.3721    427.1619   1149.8616
      387.7871   2106.2478     96.6809
     2059.9834   1093.6315   1322.8391
     1492.4413    969.0341    690.3334
      931.6816    345.1727    460.1873
      594.7713    933.0621   1881.8630
      226.8397   2094.8115    439.5161
     1040.0391   2254.9277   1036.1051
      820.0840   1904.9103   2059.4082
      134.4130   1186.0470   1422.2571
      973.4614   1302.0219    814.9340
      865.2626    980.4444   1733.1910
     1396.1974   1062.9922   2215.2007
      999.1406    659.2432   1080.3197
     2105.2373   1136.5089   2076.1216
      779.4326    492.7251   1603.5989
     1397.4462    757.3958   2010.0286
      943.2039   1066.4362   1326.9686
       51.7870   2147.5081   1290.0573
      392.1793   1032.0997     53.8372
      563.4648    357.2518   1762.5338
     1198.8779   2015.7029   1813.9299
      962.4577   1011.3008    573.1758
     1628.5071   1076.8209   1220.7799
     1298.4806   1704.3948   1031.0786
      485.8185    724.3137   1684.0206
     2116.9978    734.9496   1338.0546
     1794.1997   1632.6477   1798.4142
     1413.3202   1384.0277    364.3813
      738.2855   1333.1875   1383.3427
     2247.9138   1875.2389   1186.6946
     1283.5029    669.2957    838.8347
     1994.9785    711.1800    558.6382
      522.6821   1087.0691   1277.7208
     2219.0801    454.4060    184.7124
      333.2824      1.3862   1686.1478
      506.0276   1716.8348   1435.1639
      832.4225    373.3110    137.5798
      751.3963   1040.0256   1089.8562
      305.6749     81.6751   1349.8705
      404.1259    932.6213    490.6294
      830.0726   1193.8198    122.4988
     1705.3125    229.3838   1727.8290
     1741.0109   2003.8040   1955.0017
      847.1704    527.7759    816.5056
      712.0381     58.1677   1544.3146
       28.7742   2048.4080   1664.9331
     1519.4497    127.7921   2144.4128
      833.8770    872.9807   1488.2360
      290.8473    507.4020     47.4749
     2199.2334    920.8641    758.1202
     2122.6509    926.9775   1095.2112
     1594.7183   2030.3427   1640.3734
      260.4876    753.8178   2261.9226
      121.1927    622.8773   1415.4680
      630.2240   1934.7699   1301.8964
      792.5665    251.7238   1948.3218
     2120.1514   2053.9180    292.2258
     1362.8938   1358.8296     27.7513
     1121.1531   1018.6833   1675.3750
       54.0018   1175.1042    971.6121
       68.6945    355.5697   2151.7561
     2024.3292   2182.9172   1124.3275
       11.9846    654.5245   2210.3237
     1997.6698   1136.3301    901.3545
     1326.5927   1373.5374   1963.5358
      751.7011   1629.5985   1305.8605
     1225.8215   1508.2019   1204.3721
     1415.4443   2110.8369   1015.6533
     1524.9636     40.1648   1634.0662
     1703.2778   1812.8535    706.8381
     1368.5756   1948.4910    315.0883
      612.1855   1121.9021   1591.6040
      866.9700     85.5992    283.6889
     1131.8124    154.7106   1480.7059
      928.3199    614.3862   1352.4310
      609.6099      1.8738   1800.4042
     1536.0856    896.5598   1344.2894
      365.0254    161.3598   2247.0352
     2078.7017   1868.7689   1787.3707
     1617.2421   2241.1628    708.0614
     2007.3116    285.1978   1582.5154
     1698.7189   1490.5522    396.7036
     1144.9979      0.8119   1762.0038
      277.4790   1336.1455    631.3290
      436.3535    610.4008   1230.1875
      977.6995   1505.8842    614.4173
     2219.8359    348.6177    491.9692
      294.5475    616.8129    946.0413
     1865.8192   1476.4780    873.9966
      504.1168    274.2770   1519.8892
     2011.6390    839.8007   2177.7495
      854.5082     94.4536    603.1673
     2090.4941    324.0464   1858.9894
      608.2690   1527.2574   2058.2708
     1230.5453   2052.3833   1233.3711
       26.0162    942.1964    414.2052
      771.0333    636.2775   1849.0625
     1279.0361    813.4146     76.5649
      384.9645    525.2192   1455.3447
     1647.0795   1993.0836     19.5083
     1804.5143   2027.3777    243.4824
     1886.1708    619.3806    102.9106
      289.8005   1784.3582    535.3962
      712.3693    958.9346    716.6578
      321.1480    835.7175   1960.8521
     1093.6047   1507.6005   1775.4175
     1206.9458   1085.5427    332.7878
     1531.0009    301.8831   1969.2545
     1205.5493   1303.9152   1662.5371
     2060.3184   1291.0712     57.3668
     1686.5464   1078.8119    877.5940
      150.8236   2097.5576    108.5564
      451.1529    481.8141    632.0446
      949.3030    229.6790    824.0418
     1191.4016    826.1052    426.6259
       65.6757   2011.3555    664.6333
     1566.3771   1312.5576   1104.9146
     1911.5251   1255.4055   1101.9564
      567.7377    535.0618    944.9312
      933.8819   1785.9568    537.0009
     1901.8427   1610.4467    598.1647
      780.0813   1447.4857   1701.3154
     1473.0533    871.0099    346.0520
      933.6281   1944.5876     88.0345
     1622.2163    577.4911   1879.7059
       36.5327   1769.2340   1460.8834
     1198.7943    916.2705    749.4714
      930.3987    346.3548   1383.6212
      339.9161   2140.5598    721.4401
     2209.6135   1768.7024    888.4481
     1157.4412   2065.8821    132.4984
     2027.5258   1768.3977   1425.4410
     1639.5710   1881.5681   1099.6775
     1101.8019   1490.4784   2168.9114
      655.6158    690.7081   1372.2368
      321.3438    743.1630    686.2242
     1501.4459   1893.3263    838.9530
      512.7994   1990.0645   1611.3997
      923.5319   2113.2849   1880.5144
     1333.0020    249.3999   1727.1342
     1573.4255    421.5784   1593.4926
      958.7016   2107.1106    743.3604
      453.1907   1502.0825    938.5634
      293.2804   1231.5586   1224.9539
     1132.4911   1108.8658   2175.9590
     1045.2832   2113.4153   1542.1431
     1820.6896   1880.5925   1632.9576
     1301.5222   2050.9924   1545.5107
     1087.9922   1239.4448    151.2626
      772.4797    951.6049    177.6583
     1056.4225    564.2861     71.7200
      400.9200    326.2498   1120.2638
     1636.5642     85.4893    430.2131
      928.7792   2135.5181   1306.2250
     1634.3812   1236.7220   1449.1626
     1245.7660    217.2108    885.4254
      432.2733    881.3401   1468.6719
      635.5500   1196.6334    918.9852
      894.5433   1214.0906   1634.9143
      208.7988   1850.3940    206.3240
     1473.6993   1856.6123   1352.4778
     1360.9562   1617.9904   2156.4475
     2125.6333   1538.7543    318.0927
      167.7231   1927.5206   2184.4089
     2171.3748   1443.4476   1403.7500
      191.8768    917.7123   1326.1678
      797.4662    142.7616   1220.2854
      893.3973    695.4581    271.5539
      304.6994   1777.5476   1616.5934
     1657.1639    812.0890     36.9806
     1131.5659    414.6378   1087.7224
     1242.5879    182.7582    302.5504
       64.6460   1733.1212   1745.5040
     1627.4059   1343.8707   1822.7659
     1072.1152   1801.2297    280.8643
     2149.5544    973.0814   1827.9646
     2046.7032   1024.2894    528.5591
     1195.5159    105.6839   2026.9114
     1557.6243    424.2652    481.4861
     1994.0699   1385.7025   1985.3998
     2019.3733    293.6237    682.2618
     1019.0786   1269.7073   1880.2205
     1761.3076   1421.2236   2126.5652
     1384.6521    190.4110    531.0403
     2155.9929   1218.4199   1599.9844
      533.6719   2205.6433   1285.3479
      536.1316    810.0422     17.3162
     1581.1368    660.7696    825.8177
     2135.6543    210.0317    911.6573
     2041.0073   1807.2054    395.7605
       86.1392    699.2286   1141.6481
      379.1903     42.6484   1997.3035
     1839.1362   1137.7708   2206.5627
      934.5251   1727.9241    787.3572
     1970.9722    711.7921   1907.4442
      271.5782   1580.6560     45.0280
     2257.6111   1855.7240    435.7491
      435.4978    390.9934    327.6151
      233.3285    579.4099   1705.5049
     1458.6757   2156.3994    485.6113
     2083.0259    337.7932   2256.1272
     1742.0989    829.1307   2026.9532
     2185.0674   1642.7041   2030.6624
     1291.7880    521.6555   1307.3431
     1177.3657   1522.9576    214.6626
     1455.9092   2159.4373    128.2359
      907.7025   1261.8021   1070.0515
     1814.8710   1743.9395    148.4787
     1046.7581    370.3561   1877.5258
     1875.9507   2252.7922    627.9263
      475.4276   1968.5206    956.3939
     2140.9998     21.7622   1492.8992
     1809.0508    530.4741    689.4662
     1891.3833   1063.8840   1909.6882
     1259.0791   1028.6145   1962.9266
      451.5921   2027.6744   2066.1455
     1622.2736   1738.4381   2165.2087
     1970.2159    423.4271    914.7447
      882.1321     87.5093   2226.9939
      329.6393   1498.0070   1794.3500
     2240.2532    933.0455   1492.8163
      876.4031   2055.8486    376.8333
      386.0620   1032.1138   1747.6407
     2213.8567    552.0126    902.1440
     2060.2419   1905.8922     25.1944
     1575.1266   1054.6641   1984.0973
     1853.0040    981.0756   1123.7063
     1217.3330    475.5981   2035.7797
     1262.3285   2232.0159    754.0919
      899.5234   1486.2333    148.4048
     1701.8542    240.8542    696.9919
     2138.7534   1475.1135    874.7624
     1640.4794    734.5344    554.5101
      236.3894   1541.1016    389.3197
     1468.9911   1869.6216   1845.5332
     1250.5457   1663.2177    764.6166
     1071.6414    778.2372   2166.5598
     2120.8062   2217.2964    785.5739
      147.7145   1576.8004   1307.6023
     1791.4326    545.2281    333.2662
     1187.7445    452.0096   1535.5789
      252.3782   1330.9248   2146.6958
     2218.9644   1658.0624     78.1388
     1658.4093    420.7039     96.6426
     1921.2745    592.8087   1181.9302
     2012.6993   2073.7119   1473.5934
     1781.7288   1372.1696    105.4504
      124.2645   2226.9465   2021.7690
      987.0522   1674.8462   1488.6954
      588.5067   1113.6265   2179.7754
     1393.8319   1866.0073      5.6316
      686.9814   2000.1758   1858.7961
     1299.0101   1413.0140    605.2485
     1792.4998     45.9855   1950.7222
     1162.3754    525.4991    381.9028
      878.0039    658.4401    535.3344
     1571.1000   1583.5582    829.9999
      158.9053    147.4528    248.6397
     2095.2109   1003.1034    195.6597
     2189.4380    113.6746   1160.9813
        1.8500   1422.7369   2187.1047
     1019.5857   2108.4092   2141.5295
     2197.1880   1546.4393    583.6064
      506.8157   1182.1792    573.3157
     1674.5918    763.6686   1083.7935
      944.5613   1932.3710   1125.2574
      454.3605   1655.1895    292.8915
     1979.1007   1932.0394    673.2483
     1571.9691   1729.8391   1615.6000
     1869.0846   1312.6470   1403.2482
     1826.4817   1171.8893    292.7188
      686.8730   1797.3979    990.6437
      343.1684    469.3181   1956.0410
      450.0570   1502.0037    599.2592
     1076.0981   1897.9617   1362.8695
     1399.1469     39.3587   1361.1752
     1586.8473    307.9640   1317.3427
      583.4874    340.3576   2117.0349
     1494.5151    196.8176    181.8087
      123.3341    721.9950    252.5741
      643.1911    396.7077   1303.1320
     1753.1517   2064.6658    913.8107
      191.8450    923.8049    972.7131
     1140.8405    849.0534   1295.4446
