      685.2141   2186.5959    676.2859
     2125.7468   1327.7992   1692.8660
     1232.3929   1965.1497    621.7220
     1512.4148    395.1852    625.0673
      308.9998   1700.8418   1590.1266
      146.3804    250.3980    877.6425
     1532.3423   1941.6500    464.4160
     1054.9688   1681.0541    792.3982
      760.2002    220.1758    595.0067
     1261.5889   2037.0205   1654.2948
      341.0484   2030.0734    574.5847
     1188.2941    248.2334    136.8570
     2198.5303   2028.2157    659.5950
      940.0457   2228.3972    334.7474
      367.9910     20.1770   1526.4802
      173.4669    813.0371   1392.3257
     1556.7039   2234.5776    418.6406
     1630.4271    156.5390    777.5833
     2047.4669   1811.1499   2023.2888
     1463.7721    391.6043   2019.6785
      374.7915   1955.9778    907.2363
      608.0784   1717.3992    939.0296
      874.0992    230.4995   1430.6367
      780.1804    967.3724   1182.8785
     1550.0928    340.6404   1496.9550
      834.2930   1583.3480   1031.5657
      594.5053   1878.5054   1771.6141
      713.8329   2129.4570   1541.2546
     1278.9714   1624.8090    305.7294
     1597.2418    515.9274    310.0153
       58.7690    237.3552    555.6368
      375.4151   1038.1913    716.4957
      547.0208    785.1938    720.1667
     1549.0195    705.0275    974.0627
     1686.0753    882.9488   2152.3569
      553.0029    295.6962    931.7471
     1104.4955   1165.8468   2015.8292
     1280.4058    708.8771   1501.0756
     1486.4835    210.9433    313.0606
     2164.5923   1600.0417   1530.0743
      928.6833   1343.4496   1531.8700
      754.3840    509.4003    689.7670
      419.3113    139.6629    516.9952
      724.9337   2158.7607   1091.8131
     2216.8140    866.8821    979.5175
     1081.6632     15.5811   1587.1177
     1882.6650    962.9321   1277.9968
     1098.1090   1019.7276   1422.2373
      334.0287   1045.0331   2042.3073
      881.7284   1120.3872   2171.2668
     1040.9304    455.5848   1374.4639
      913.7576   1584.2990    320.4752
     1026.5989   1936.1910   1532.0104
     2135.6260    565.8955    108.4347
      491.7526   1804.8007   2180.7380
     2103.6938    101.2489   1184.1495
     1770.7346   1785.8964    112.3796
      882.6108    447.7308    263.4007
     1278.2916   1998.9203    335.9699
     1499.1178     74.9536   1688.8317
     2165.4634   2072.6416    244.1495
     1983.5934   1734.2810    400.9495
      520.4142    726.1286   1953.6769
      133.8801     32.0522   1137.2797
     2006.0648   1116.2965    360.1633
     1056.2034    843.1263   1802.7505
       27.0974    834.6437    287.8576
     1033.7988    389.4326    761.6534
     1777.4396    445.4646    658.7583
     2007.3818   1233.0038   2053.3682
      276.5668   1155.1394   1376.3040
     1866.3011   2021.5358   2197.2312
     1300.5117    649.9950   1939.7509
     1351.0150    970.5153   2040.1067
     1654.1494    863.7154   1397.3555
     1057.2537     58.0958   2217.4417
     1047.9460   1289.3850    117.2041
       27.5194    188.9455    141.3018
      800.3772    390.9661   2170.3989
     1754.8925   1614.5991    625.6215
     1800.7655   1611.1998   1121.8954
       90.1267   1703.7872    844.9225
      795.2120   1361.0641    627.8329
     1368.7985   1628.2303    746.5806
     1404.7958   1742.9834   1509.6201
      942.7582   1894.6694   1972.8522
      529.5745   1390.9294    806.3711
     1866.9833   1707.6317   1671.0955
      274.8521   1673.7015   2063.9749
     1288.2795    578.4594    410.3559
     1280.9440   1189.6150   1585.4878
     2050.7100    287.8577    937.2273
      271.8808    818.4204   1678.3938
     1264.5800   2156.5469   2105.7478
     1779.6195   1104.8148    169.3421
      924.5623   2028.4369    530.9970
     1196.5295    927.5222      2.4992
      242.7166   1383.8573   2167.6875
       29.5469    452.1665    362.1541
      100.1267   1941.4751   2090.4224
     1219.8395   1878.8427   1876.3794
     1815.5321    586.7991   1364.2963
      899.1577   1726.7335   1407.5439
     1541.1040    482.8063   1752.0636
     2209.7837   2181.6304   1801.7164
      278.1730   1511.3444    427.8864
     1954.3772     62.0408   1989.8596
     1918.7695   1392.6591    120.6525
      705.5291    553.4547   1109.6897
      903.0424   1124.5518    829.9966
     1880.5371    675.8855   1638.8209
     1132.6654     91.2316    899.7822
      371.5279   1479.1471   1361.3927
     2021.5542    315.9753   1479.8622
      535.2546   1138.9897    883.4574
      381.9438   1815.8055    263.5743
     1731.8051    115.0619     37.1755
     2230.7056   1753.6907   1788.5750
     1347.6033   1992.1333    913.7740
     2006.4895   1109.6495   1063.3478
     2243.7649   1789.9214   1052.6888
      949.6065   1785.0637     71.6959
       78.8340    380.0282   1228.9121
     1233.0635    370.9229   1631.7633
     2188.9265    435.1777    705.4634
     2086.6785   1817.4221   1348.5809
      561.3905    656.4864    175.8334
     1558.1252     91.8986   1971.9926
     2231.1553   1404.4585    778.7934
     1461.2375   1070.9517   1356.2775
      957.7256   1877.9690   1025.3508
      384.1999   1100.7216   1748.7302
      373.4237     20.1487    833.1292
     1649.0273   1712.5983   1390.3956
      243.3325   1994.4629   1730.5607
     1589.1116   2118.0491     35.1766
      444.0520    404.6591    683.2050
       91.6786    181.6723   1525.4982
     1027.7930    869.4745    508.9844
      541.1337    893.1630   1584.9673
     1901.5333    675.6406    912.1509
      718.9641   1145.3171    186.1077
       32.8607   1665.8273     99.0912
      528.0206   2180.2310    226.4443
      592.4171   1838.7257    459.7746
     2250.5029    848.6063   1720.7240
      170.0417   1220.4376    743.1898
      330.3301    420.9716    278.7547
      483.8912    817.0030    412.4844
     1796.8595   1812.9575    837.8939
     1217.8459     33.7944   1865.7156
     1573.4349   2231.4360   1019.0189
      954.5311    146.6247   1895.7190
     2013.4816     55.6170     37.9858
       96.7286   2174.3037    839.2427
      748.4979   2102.4211   2242.9656
      305.1484    930.7878   1164.0375
      913.8366   1316.7687    401.9783
       51.5079   1123.9087   1865.4030
     1829.5066   2021.3795   1887.4240
     1827.8843   1454.1105   1929.2285
     1314.8785    462.2609   1038.0354
      561.3267   1510.8774   1669.4685
     1053.8428   2034.0614    170.1620
     1660.1893   1343.1807   2185.4033
     1752.1215    454.4627   1076.3002
     1702.3757   1123.4182    936.4540
     1508.1852   1059.4850    596.1570
      946.7323    746.2529     40.2289
     1483.8191    271.0239      6.7220
       79.5545   1102.5380    426.3895
     1693.3097    811.1314    452.8729
     2147.3003    782.9166    715.0891
     1957.8398    781.0129   1965.9946
     1194.3282   1612.4440   1139.5272
      553.2143   1395.8844    275.6038
     1824.6825    334.4705    259.6949
      830.4025   1755.2754   1722.9271
      137.1667    482.0366   1610.9851
      345.5276   2084.0859   1241.7363
      757.1729   2129.9116   1858.2795
      132.3763   1644.8334   1238.8341
      943.1823   1540.8092   2080.7217
     1680.0919   1333.8693    562.9330
     2220.1582    742.5908   1243.7084
      737.1271   1946.8193    208.2704
     1556.0471   1369.1318   1323.2687
     1373.1932    813.2634    523.4917
     1169.2625    110.0058    562.0696
      713.3883   1455.4810   1282.3434
      249.5107   2225.4343    295.4586
      808.4591   1763.7542    645.0021
      678.9749   1529.2028   1957.7106
      193.7925   1423.4113   1659.8458
     1183.2548   1170.2074    350.0948
     1465.9465   1431.7163   1699.5835
     1235.3275   1257.2317   1245.4113
      929.7948   1332.2623   1140.3185
     2223.4253    815.3098   2136.9104
      539.1729    793.0489   1004.1510
     2167.8784    498.4929   1842.4136
      628.6105   1179.0127   1490.7416
      129.5108   2108.0862   1475.2675
      235.5946    849.3387     61.5096
      754.0270    638.9640   1375.5095
     1356.7490   2239.6096   1279.3257
     1179.7948    610.9789    767.4632
     1464.4720    912.3262   1675.5737
     2062.4351   2235.1921   1509.3586
      416.6188    376.1992   2209.3628
     1882.8640     63.0265    379.7941
     1422.7261   1280.9182   2087.9583
     1218.9735    954.1039    951.6242
     1158.8846   1557.1128   1507.3502
     2146.9644   1482.7024   1057.0947
     1529.0170    899.2415    245.0073
     1932.5083   1038.7522    769.4281
     1260.8777   1605.7198   2168.5923
     1983.2029    840.5762    236.8594
      607.0018    284.6770   1926.6210
      450.7166   1691.2411    707.7045
      378.1287     72.6476      0.1998
     1209.8522    680.5317   1156.7927
      355.2185    625.3806   1187.2323
      362.6988   1176.3120    366.4941
      821.8796    700.6990    413.0049
     2116.0801    958.1271   1549.1954
     2222.4800   1115.5901   2236.2146
      886.4952    769.5833    971.4954
     1787.3580    216.2664   1357.7052
      443.6446   2067.3394   1940.5690
     2076.1897    312.1045   2133.1462
      665.5058    619.5734   1713.8652
      233.5977    763.9138    693.6895
     1930.9985   1955.4807   1172.7294
     1428.6221   1355.5150    284.9689
     1947.4550   1434.2950   1324.5087
       79.4703    270.2582   2033.2144
      250.5018     55.4882   1889.1711
     1043.5925   2161.0630   1262.4343
     1179.4873    292.6869   2050.4106
     1913.2162   2031.3124    523.7722
     1554.6168   1643.1442    444.9627
     1928.1387   1060.3096   1783.6182
       33.5810   1174.3663   1005.3451
      480.6078    202.1405   1195.9358
     1953.0624   2235.5376    911.9973
      830.7792    817.6622   2000.5989
     1870.8848   1364.1547    760.4134
     1645.8468   1857.3962   2002.8762
     1257.9130   1961.9648   1195.0754
      947.4041   2118.3599    883.2965
     1921.2994   1992.6964   1618.2174
     1757.2006    539.1205   2109.4204
     1674.5106   2095.0962   1371.8938
     1456.8853   1890.8186     67.3574
      295.6266    580.9289   1940.7690
     1219.2855    517.1077    125.4800
     1019.4233   1377.9696   1795.2225
      985.1175    319.2192   1040.8635
      950.5628    503.8604   1828.8408
      830.9750   1087.1113   1828.7256
      669.9261    100.8685   2153.6223
     2226.3691   1465.4763   2032.3241
     1524.0918   2142.6467    723.2953
     1840.3588    179.2729   1705.3849
     2016.8872   1396.6542    459.6970
     1613.7809    189.0896   1177.7499
       55.3340   1619.6482    524.7823
      446.0553   1203.8776   1122.5620
     1278.0923   1354.0698    642.5007
     1991.9336    600.2089    522.9105
      253.5290    557.2213    920.1735
     1551.4062   1397.5469    967.5728
      502.4869    476.1235   1427.0211
     1467.0526    609.5598   2203.9702
      709.5032    233.8994    216.7635
     2168.7756   1198.5038   1360.4971
      632.8002   1398.6456   2180.8022
      514.5484   1802.7509   1398.2729
