      988.3233   2112.6223     11.3018
      903.8737   1573.5433   1321.6846
      834.5895   1684.2450    218.6534
     1277.7220   1249.6035   1636.7261
      502.1814   1614.2739    591.5792
      674.4069    536.0053    961.2504
     2055.5994   1571.7919   1005.8833
     1295.7147   1950.5048    988.0665
     1342.5314    308.6588    745.6299
     1573.3707   2195.5408   2210.4041
      472.9875   1539.7430   1305.0764
      852.0195    102.6374    110.3493
     1542.1851   1947.6360    428.0005
      802.1646   2258.2502    589.4100
     1328.3053    794.3167   1343.4879
       16.7716   1294.1952   2014.7726
     1348.5338   1843.4574    522.1744
     1391.5479    242.0616   1414.8102
     2046.3900   1757.0284   2056.2002
     1912.3468    406.5419   2151.5854
      853.2047   1730.4169   1058.0269
      775.3226   1796.1707   1777.1490
       60.0306    920.7556   2007.3424
      760.1010   1147.5731   2025.5648
     1073.9374    611.1078    683.4571
      234.4781   2035.7520   1523.1888
      372.8847   1547.0658    761.2554
     1560.5642   2207.5054   1715.7590
     2090.4473   2214.5325    119.3236
     1842.3589    113.9979    285.2799
      651.5561    676.9907    410.9632
       14.8234   1312.7068    588.1586
      584.1905     93.0261    538.2390
     1619.0884   1514.6826    746.3854
     1427.5952    766.5599   1615.1317
      629.9677     83.7993    784.8847
      955.8209   1837.1281   2240.6248
     1304.1023    473.5327   1672.7504
     1943.9674    108.1543    527.4053
     1853.9595   2245.5864   1927.5499
      192.3132   1392.8995   1499.1079
      394.6597    316.2473    406.2999
      529.6922    297.5311    683.3625
      608.1264   1813.6312    690.3972
     2086.0339    166.1704   1226.6256
     1480.9817    216.4318   1680.0461
     1047.6361    142.4244   1106.1332
     1104.4911   1321.8733    607.3676
        1.2921    724.7899   1513.5497
      955.4901   1117.1747   2218.3408
      806.5332    759.0884   1027.7540
      760.5190   1418.2532    250.4231
      454.7363   1303.2153   1653.6688
     1616.0730    739.5131    248.0124
      912.9589   2160.7522   1657.1498
     1538.4412    853.9697   1413.9689
     1677.5438   1239.4552    685.2436
     1242.8740    322.3265     81.8779
     1416.9840   1920.6068    748.0913
     1684.0475    799.1849   1636.0057
     2259.1553   2131.4199    450.7910
     2237.2422    708.9749    857.4408
       53.8251    239.8094   1724.5427
       17.1604    417.1542    870.3608
     2145.8552    744.5224    225.2872
      850.0663   1325.3992   1475.0544
     1258.7413   1035.2310    387.6527
     1339.2238   1342.5410     90.2104
     1110.6028    393.6674    596.3067
     1203.9359    936.5430   1575.0178
      663.3023   1436.5034    674.4493
     1928.2440   1943.0023   1925.6511
     1236.9355    820.9778   1107.4222
      205.8881   1398.9916   1976.1030
     1666.8440    307.9499   1382.7762
      297.3087    123.9681   1859.1106
      702.9986   1802.6974     41.9946
      363.2151    171.8805    839.3271
      854.2556    444.3228   2094.6377
     1574.3250   1751.7172    634.6606
     2121.8682   1417.1169    705.0084
      517.9398    869.7513   1077.0641
      717.7971   1858.3955    457.9419
     1729.3710    850.0164    457.6814
     1426.6812   1676.5018   1649.4729
      730.1678   2212.6309   1404.7512
      314.7910    817.1573    150.4570
     1317.8168   1642.7751   1409.4802
      636.4836   1742.8269   1535.2679
     1107.2628    522.1539     59.5544
      209.1906   1128.9934   2060.2686
     2135.3330     24.7577   1686.1644
      207.3167   1562.1173    992.1406
     1362.5638   1577.8265   2118.0312
     1746.7972    234.2198     73.0269
      812.2304   2089.1321    408.9306
     1397.6069    520.8185    225.2795
       54.4763   1074.5889   1806.4049
      182.7308     54.5769    349.8847
      157.8817   1716.8011   1851.2201
     1809.6022   1438.4373   2108.7891
     2035.3583    834.9696   1192.0938
      844.0614   1701.8929    656.5666
     1700.0980    658.5712   2108.1282
     1810.3975   2164.8584   1363.4999
       51.2266   1563.7588    819.2498
     1559.0743    600.1559   1761.7928
     1811.5294   1794.5630    626.8260
      170.1723    564.2733   1670.9200
      278.6159   1083.8250    983.8002
     1431.0758   1489.5035   1808.4670
     1543.1849     71.9348   1267.0260
       27.7833   1599.2894   1431.5629
     2209.3367    646.5446   2025.0813
      140.8321    321.8883    448.9225
       58.9932   1714.6243   1175.5879
     1351.6403    555.3073    635.5449
     1898.4645   1859.8915   1539.6171
     1388.9602   2028.8292   1883.2697
     1958.1794    766.0252   1589.1044
     1867.7784   2014.7812   1057.5217
      253.0103   1391.4292    425.6781
      349.0476    151.7322    550.1234
      890.0706    730.8370   1437.7572
     1906.5669     98.2183   1713.8295
     1595.1531   1974.4966   1355.9204
      216.6491    632.3781   1091.2305
     2175.3069    161.6804   1910.9283
     1466.1646   1322.5042    912.7820
     1873.4697    963.9016   1778.0413
      763.7673   2122.7446    800.1660
      180.3670    873.9238   1686.1428
      133.4429    175.5090   1010.1516
     1866.3657   1540.3145    541.2728
      144.8046   1933.3716   2028.7273
     1377.1074   1998.4955    282.6431
       23.9041    380.9060   1156.9586
      271.1502    239.3832   1552.3704
       28.3070   1340.6498    873.2782
      464.6368    270.5704   1377.8917
     1304.0244    136.6843   1197.0361
      607.4030    798.9050    166.2930
      423.1801   1350.1129    603.7081
      522.0149   1111.7277    958.4046
      715.9730   1585.2273    451.5867
     2120.1672   1559.7682   1283.7919
      783.9764    810.0536    570.8358
       25.6601    168.5195    180.8313
      761.2718    973.7360     38.5909
     1896.4572   1595.5033   1577.5841
     1227.1593    737.9088   1746.3651
     1146.6931   1559.0698   1243.7799
      381.1035    197.7652   1112.7646
     2025.4381    168.5319     56.6856
      543.6164   2078.2542   1154.7814
      741.0505   1628.0029   2133.2317
       34.2368   1401.2365   1778.0535
     1028.1793   1977.7533    934.7565
      913.2694   1843.4941   2010.2393
     2173.2766   1834.1230   1866.0177
     1017.1030    873.6899   1825.4248
      614.7367    600.4786    706.4951
      202.8147   1537.3857   1674.4004
      317.5455   2092.7104    260.0887
     1941.7728    608.2227   2076.1333
     1768.7134    615.4368   1467.0106
     2053.0618    605.2789    684.2374
     1884.6049   1327.0082     65.9767
      401.0821   2167.2649    498.7311
     1347.1454    195.8635    239.0564
      434.0468   1059.4098     91.6291
     1862.9673    676.0724    259.9263
     1930.7288    369.0204    653.8486
     1687.2465   1072.9104   1588.9432
     1387.3329    902.0834    184.3265
      234.4504   1315.3821   1129.1328
     2079.1404    228.5454    336.0618
     1107.6716    386.9464   1067.1842
      412.4110   1082.5219   1226.5028
      301.1091   1959.4926   1761.7406
     1100.7202   1551.3075    997.7924
      435.1921   1836.3114   1460.6388
      292.6452   1839.3154   2193.0789
      961.5369    869.6230   1620.1523
     2262.2734    161.2083   1512.7189
      739.6530   2052.7800     72.0033
     2081.9019   1275.3436   1212.0710
     1004.7976   1087.6968    799.2941
      623.9666    426.4829    475.1729
      540.2031   1000.1802   1971.5210
      242.4702   1977.7812    484.1599
     1182.5342   2188.1877   1058.5780
      675.7784   2081.1409   2076.7393
       87.0146   1217.3737   1599.2065
      883.1338   1302.0165    428.2036
      777.6015    945.5163   1845.5830
     1426.6654   1281.8352   2083.1033
     1032.4127    419.7161    828.3284
     1954.2942   1122.3232   2166.4216
      945.6537    630.9293   1677.0457
     1501.9991    591.2549   2003.2157
      555.0424   1041.1222   1487.9633
      113.3926   2123.5049   1328.2764
      154.8016   1688.5083    220.0103
      346.7149    710.1416   1773.3116
     1155.7012   1947.3983   1496.9667
      843.6257   1256.9137    682.7294
     1808.0688   1182.7894   1368.5684
     1342.8210   1682.9141   1141.2576
      511.7420    524.6008   1422.6627
     2100.9912    913.0112   1404.2780
     1969.3530   1497.2849   1948.7498
     1598.3491    967.3583    249.8219
      697.5340   1529.6528   1426.3807
     2178.1252   1940.2377   1166.1193
     1426.8379    741.4908    919.2172
     2004.2136    751.8115    447.9350
      348.9956   1259.8767   1364.6384
     2061.5940    595.3542     44.4571
      366.8690    475.4625   1616.5947
      266.7517   1687.3618   1442.1401
      563.8129    162.2785     74.0628
      602.3384   1272.9940   1458.0331
       90.9823    436.0871   1489.8282
      414.5594    660.3964    974.1039
      642.1735   1087.7316    250.1168
     1696.3254    767.3519   1893.3088
     2054.4751   1588.5663   2231.1418
      858.0847    499.6602    601.0685
     1066.2926    155.1425   1747.2268
      554.6555   1893.8026   1717.8160
     1731.1846    106.7376   2095.4155
      427.7352    739.5170   1547.0664
      109.8434    819.5680    663.6891
     2191.3801   1049.5326   1238.6016
     2150.5767    313.9853   1388.0721
     1681.4075   1587.3492   1749.4487
      575.4860   1111.5092   2196.0708
      229.9823    687.0732   1466.4043
      633.3647   2000.6855   1331.0295
     1375.2531    382.8590   2148.9785
     2042.4106   2216.4243    363.1990
     1017.1380   1523.3983    323.0232
      811.3422   1102.1361   1601.3572
       42.7663    933.3683   1027.2484
      100.0828    479.8477   2137.4043
     1942.4321   2235.4050   1159.6575
      235.1090    698.8566   2225.6638
     1779.4088   1063.6846    399.5655
     1585.7103   1273.2365   1678.2344
      589.4070   1753.8208   1253.9148
      909.6031   1139.3793   1205.3733
     1832.6439   1898.5562   1290.0262
     1473.7175    343.1344   1895.7770
     1685.3536   1669.1598    368.4397
      900.1688   1511.8456    562.3645
      708.9911    843.3405   1595.8329
     1140.9415    172.8707    483.3350
     1270.2323    263.0092   1865.2034
      778.8693    487.1635   1378.3854
      725.2022     10.1944   2197.9385
     1372.1373   1044.2058   1393.2491
      400.5339    252.4489   2214.9224
     2048.1965   2047.3459   1379.3763
     1663.1333   1997.3265    652.6049
     2121.7424    575.4604   1649.3839
     1426.6174   1683.7649    345.1443
      827.0247     24.6396   1891.4868
      674.5493   1085.8668   1216.0692
      454.7040    440.4173    844.3577
     1101.5135   1715.2902    603.6593
     2233.2886    471.4565    309.8795
      268.6996    379.9891    662.8093
     1883.8025   1436.7349    812.7997
      617.8105    365.2952   1556.8815
     2202.5830   1055.8840   2130.8542
      914.6924    370.4980    366.8436
     2212.1016    165.2720   2138.2434
      277.5889   1602.7017   2059.3477
     1311.1365   1907.2279   1250.9856
        0.1354    956.8497    496.8293
      681.3339    617.5753   1564.1744
     1249.1367    689.4238    139.2069
      480.5942    453.3095   1124.0465
     1340.8937   1802.7640    106.1982
     1209.6580   2220.2849    289.1973
     1945.0491    406.3346    181.4427
      283.2909   1652.1561    409.6367
      965.5966    847.4257    785.4092
      285.9962    946.4398   1876.5612
     1160.4313   1759.3967   2152.2898
     1198.3958   1035.5222    661.3455
     1662.9026    336.8135   2142.8860
     1425.9673   1449.0110   1543.3691
     1789.7611   1053.9688     65.8818
     1811.8760    823.7632   1084.1504
       70.2515   2160.1130    183.9786
      288.0970    463.5953     94.9518
      930.0173     94.1773    390.5246
     1462.4581    950.3638    465.3951
      336.9917   2010.5803   1298.9250
     1334.9919   1497.9406    965.4632
     1672.1257    997.1702    695.0919
      856.5162    368.4811   1023.0890
      623.6173   2055.0847    579.4599
     2220.4099   1789.5685    939.9005
      892.4689   1518.4490   1606.7327
     1370.1713    719.4426    347.9614
      878.5858   1927.5817    215.7227
     1724.0082    470.0534   1926.9214
       84.2217   1798.1570   1620.0327
      844.0372    860.5673   1206.8864
     1134.5835    147.2188   1350.8967
      207.0940   2234.4065    849.2764
     2136.7229   1827.4745   1417.4966
     1151.5604   1965.5463    139.0309
     2051.0720   1317.6052    971.7958
     1514.9502   2211.3130   1452.8013
     1234.7949   1468.2452   1698.7479
      653.8301    627.0531   1195.7371
      189.4657    568.2822    852.4667
     1342.9634   1609.1836    698.9913
      418.3977   2207.4324   1705.8925
     1131.1350   2230.5493   1977.8976
     1487.4628    111.4610   2022.3146
     1575.1621    473.8291   1557.1404
     1042.5870   2164.6218    528.4069
      328.0811   1315.6605    891.1599
        7.2436   1174.4081   1033.7087
     1143.9401   1453.7789   2207.7864
     1063.9420   2177.8120   1450.8634
     2045.6984   1955.5880   1683.3109
     1337.9475   2082.0574   1615.4479
     1176.9595   1075.5211    161.2741
     1105.3162    419.8296    284.4993
     1088.9464    868.6558    292.7632
      655.6987    330.1205   1225.8422
     1852.3805    325.0554    406.6154
     1108.8612   1811.0144   1094.4850
     1670.7338   1469.2968   1542.7178
     1273.5892    531.9815    874.1091
      329.9096    929.0173   1417.5146
      555.9167   1384.6864    885.2905
      783.2166   1287.3246   1759.4277
      286.5975   2066.4451      8.6462
     1433.1877   1859.9095   1496.8037
     1657.5596   1898.0773   2018.9700
     2117.3220   1666.2937    305.5111
       29.6520   1964.6165   2260.3904
     1697.9631   1374.6740    983.4810
      150.1628   1117.5555   1229.9417
      605.3360    245.1874    982.2780
     1025.9501   1123.2717    495.0590
      363.4602   1684.0793   1691.4449
     1622.6812    857.3862      0.4418
     1112.1324    643.7314   1247.4244
     1086.3126    164.7932    201.3787
       37.4453   2008.0250   1781.1422
     1615.1483   1012.4743   1809.4087
     1182.5542   1719.4059    336.5244
     2137.9292    934.6542   1673.8140
     1865.2950    921.1864    836.7244
     1225.5631    177.0921   2065.4780
     1330.3282    569.0712   1126.8306
     2204.0977   1602.8905   1913.0367
     2151.9146    385.3220    564.2186
     1222.6132   1418.7505   1956.3257
     2040.8831   1466.7832   1723.8633
     1598.6655    275.0665    372.9642
     2199.4602   1411.0493   1533.6556
      905.1026   2250.2810   1258.4939
      485.0833   1314.6954     73.6299
     1802.4227    568.4376    852.4849
     2183.2754    197.8353    990.7368
     1894.7666   2073.9072    232.5956
       38.6600    568.2046   1304.3951
      465.8610    309.6459   1966.5038
     1707.2312   1204.9751   2146.5808
      835.8358   1995.3768   1129.2634
     2043.6862    498.1528   1855.4906
      201.4729   1616.7124     17.8696
     2104.0642   1953.5751    477.5467
      721.3083    506.3683    227.0964
      196.5350    663.3934   1985.7269
     1329.2147   2120.1189    520.4608
     2049.2324    835.4965   2085.0151
     1830.2117    945.9553   2059.2537
     2048.5605   1352.5677   2173.7004
      827.6637    638.7062    803.9720
     1347.0342   1317.2457    445.3113
     1721.3032   2199.4202    403.1710
      518.0981   1318.4021   1122.2509
     1701.6431   1546.1394     94.5651
     1013.2899    676.1741   1909.6268
     1881.5616   2080.3406    510.0053
      438.1606   1757.3845    868.0471
     2077.0007    325.0072   1679.2921
     1992.0432    685.6148    967.9190
     2095.0320   1201.2898   1723.0564
     1080.3702    967.1886   2059.8435
      122.6751   2251.5654   1710.6902
     1278.3843   1848.3120   1728.2887
     2235.9624    640.5835   1092.9594
     1026.8848    271.9902   2246.9392
      414.4728   1457.5112   1836.7936
     2144.9507   1184.6171   1467.9861
      551.8520   2043.0942    308.3004
       68.6738    996.6717   1481.1472
     1997.8313    514.3333    424.7363
     2226.8030   1737.9907     96.3569
     1566.7322    985.2388   2046.7601
     1824.5101   1242.9757   1142.6365
     1278.4296    607.6294   2166.3882
     1566.3936   2186.9229    596.3076
      295.7202   1455.5308    167.2502
     1606.6768    372.4982    611.7538
     2114.7478   1113.1769    763.4525
     1774.4144    592.6326    495.5490
       64.3057   1918.1598    274.2969
     1797.2974   2090.4814   2133.2766
     1023.2617   1293.4778    943.7671
      600.9748    820.9608   2155.0918
     2217.8352   2250.7773    851.4418
       48.5774   1310.3698   1315.0645
     1682.8179    463.9687    259.4362
      920.6782    564.9172   1165.6351
       43.6464   1742.4370   2137.4404
     2223.1602   1236.8546     56.8379
     1408.4294    129.5133     12.0952
     2004.9048   1071.3057   1024.9557
     2239.2607   2069.6921   1553.0564
     1536.1947   1527.6271    504.2713
       35.5070   2202.8669   2225.9136
      885.8163   1983.5199   1433.8304
      432.9794   1223.0767   1975.2836
     1421.9302   1608.8021     74.4845
      741.3879   1996.6368   1612.2539
     1419.9441   1376.9425    672.5140
     1760.5809    334.0109   1644.8821
     1590.6647    628.9326    751.1786
     1170.7711    614.1650    415.6982
     1538.6136   1707.9945    897.0130
      253.2348     60.2304     92.1648
     1858.6859    794.2428      6.1659
     1741.2659     56.3119   1017.9252
       19.9631   1495.0365   2135.6011
     1185.4010   2018.0499   2146.6572
     2111.6047   1666.7306    580.4626
      579.2031   1198.6604    731.0706
     1865.3306    627.2695   1223.3057
      366.0083   2259.4636   1318.6377
      479.0601   1902.7782     65.1518
     1857.8907   2116.4653    777.5663
     1824.2465   2090.3582   1751.1709
     1543.1301   1552.5133   1076.1254
     1894.3999   1255.0593    583.0513
      321.9073   1784.7810   1171.8361
      601.5625    524.2081   2021.3386
      402.4827   1676.8583    163.4435
     1078.1572   2049.3142   1215.6708
     1669.2410    128.2598   1569.8890
     1376.8445    555.8889   1442.8010
      671.3229    298.4839   1829.8196
     1525.6863    324.1216    110.4493
      165.2171   1002.0468     43.4753
      798.9877    146.9539   1119.5876
     1516.8715   2022.9646    950.2741
      257.3847    877.7933   1196.6855
      797.1314    986.8347   1415.9506
     2094.6760   2206.4324    647.9801
     1962.8331   1698.1307   1791.0334
      302.1404   1100.0564   1568.2810
      743.2794    636.9953   2245.7756
      894.5817   1740.6420   1555.2631
      512.2111    366.7460    205.7262
      238.1996    385.2704   1003.9890
     1795.4481    852.1021   1414.9971
     1590.1210   1726.3040   2193.6519
     1218.6089   1292.0424   1094.8201
     1676.3535   1219.2371    158.3551
      797.1666    523.3022   1813.6855
      763.9200    250.6156    544.7618
     2030.1626    450.0578    884.9966
       54.6702     90.3765   1256.8452
      818.3574   1798.8915   1310.1350
     2018.4078   1770.5442   1144.3363
      205.8955   1508.8566   1257.6583
     1756.1479    544.5458     46.1795
      160.8837   1530.4877    628.1799
     2145.5535    833.1155    629.3622
     1431.2480   1051.4081   1645.2656
      217.3018    256.7935   1288.3756
      752.8033    366.9226    758.8722
     1349.7131     27.5062   1829.8202
     1587.5800    596.5850   1322.1853
      528.1734    836.4019    589.1055
     1648.7748    822.8934    889.7407
      801.2897   1902.1857    869.6459
     1769.4863    402.2035   1093.5771
     1765.1991    336.1849    849.8070
     2088.5110   2152.1682   1870.0380
      445.4018   1999.7487   2102.2063
      737.1404    214.5862   1407.6014
       88.0552   1053.5388    780.3927
     1132.2496   1195.9181   1946.7262
     2055.7756   1402.6185    447.2015
       40.0895   1455.3699    120.5023
      924.3163   1077.7407    302.3080
      925.9524   1967.5200    622.5289
     1658.6112    203.8460   1857.3180
     1956.6385    444.5559   1521.4865
       36.7411   1513.3567    401.4450
     1663.1481   1768.0717   1536.3713
      471.9371    963.4208   1700.7971
     1281.7424   2152.9485   1315.6064
     1443.8271   2224.4558    342.1732
     1930.5264   1756.9092    432.2009
     1923.3335   1703.3518    176.8607
      286.0342    450.1290   1882.0162
     1843.0880   1738.4451   2207.9119
     1933.5511    235.2520   1010.6785
     2029.0104   1269.0864   1937.6416
      976.4225    850.5007     95.8866
      576.1471     56.7806   1898.4631
      429.8118    587.1414    516.8855
      898.8912   1568.5138     33.6135
     2080.2566   1898.5518    244.1700
     1112.3126   1452.3193   1469.7631
     1165.0817   2149.9187   1743.4613
     1061.0056   1768.7119   1352.2975
      265.3186    756.5061    470.7818
     1262.3143    985.5161   1823.8676
     1779.1687   1939.1295     64.5817
      288.9586   1004.5925    335.3894
      929.9116    110.2629   2111.0547
     2212.2942    139.3790    529.2985
      970.9593   1620.2260   2040.6816
     1664.7710   2115.2317   1144.7126
     1783.0503   1621.5248    907.3508
     1392.1616   1194.1858    259.9924
      355.0850    485.9498   2127.1492
      263.7685    845.7048    907.2423
      629.6096   1307.5887    461.6771
     1096.7946   1496.1182    762.9448
      651.5735   2198.3293   1673.1077
      634.9115   1364.2970   1948.5486
     1227.4596    905.6537      0.4294
     1435.5477   1146.9214    688.1700
     1813.6136    575.6486   1719.7162
     1419.7919   1066.9285   1103.1051
     1029.9757   1686.5541   1808.7588
      985.5961   1703.0105    848.3429
       57.3499   1764.6586    456.6350
      955.3386   2175.9038    233.6774
      364.7307    678.0094    741.7382
     1230.8700   1530.5612    521.9739
     1614.9138   2208.6467    854.2933
     1109.1426   1648.2521    117.4471
      199.9359   1811.5557    952.5851
      796.4857   1220.5149     95.5433
      223.4081     88.4470   2126.6184
      726.6558   1370.4991   2186.5676
      289.5330    479.8642   1296.1670
     1036.4004   1250.3396   1637.5210
      455.1793   1873.5576    527.0571
      856.4916    380.6680     94.2003
     1644.5222   2117.0457   1952.2017
     1697.9667   1892.8502    861.2044
     2129.2236      1.6497   1416.3470
     1937.9916   1844.9675    908.6677
      417.2944    614.4210    286.9230
      584.1794     59.9069   1216.9746
     2087.8586    939.5537     86.6680
     1576.8271   1398.3336   2229.1526
       32.5215    810.0450   1270.2450
     1050.9625    898.0463    535.0702
      447.4630   2241.4878    988.6727
     1960.9832   1397.8434   1407.3312
     1928.0601   2158.5640   1561.0995
     1552.6626    820.7708   1173.8689
       25.6363   1024.0048    248.0033
     1897.9559    368.7780   1306.2992
     1413.1355    146.3862    497.9891
        5.8292    789.3727   2231.4673
      696.5753   2221.5112   1008.6120
     1879.9948   1265.4268    313.6891
      439.9380    735.1755   1992.1136
       87.2771    595.6584    128.1066
      178.6513   2228.0540    616.0001
      909.0320    678.4533    420.3230
     1390.9944   1870.6787   2087.4319
      286.2750   2123.4355   1974.4915
     1285.5251    534.5733   1902.6044
      102.9764    567.5911    627.1594
     1718.6089   1064.7279   1011.3143
     1226.3805   1279.2222    815.2379
     1545.7747   1266.1003   1142.5751
     1796.7291    133.4646   1255.4800
     1393.8953   1189.0038   1853.1407
      512.7475   1090.6857    519.3668
     1510.1302    599.6987     27.9207
     1836.7167   2242.8511     59.0840
     1007.4487    480.5067   1461.8453
       28.8917    475.5333   1854.1241
      104.3699   1867.1185   1372.0309
      552.4338   1660.0614   1870.6106
     2040.6320   1170.6732    177.3952
      851.6354    885.3806   2101.0439
      417.1867    695.9359   1242.5035
      608.4991   1573.7076     81.7298
      521.4120   2075.0591   1873.2452
     1070.8795    890.0532   1323.6332
     1535.4446   1655.0884   1324.7097
     1693.9692   1427.0099   1309.9270
      432.8333    236.0168   1726.1846
      606.0983    819.3535    849.4348
     1990.5989    742.2891   1858.3064
     1862.8949    752.4663    678.0530
     1066.5638   1116.1405   1439.2861
      211.2197   1225.8702    187.3740
     1258.8667   1715.6699    893.4764
     1371.7778     77.9788    932.3636
     1699.9518   1346.0453    445.2783
      549.8980    506.3196   1775.7214
     1562.2999   1403.6028    266.0088
      600.8729   1146.5790   1787.5776
     1903.5078    285.1294   1891.2886
     2063.1609    651.1850   1375.2804
     1074.4869   2168.0667    797.3631
      825.5449   1527.5643   1873.8120
      330.5829   1868.6453    259.3004
      290.9091    951.5085    602.5741
      464.3389   1435.9480   2129.8462
     1431.1537    924.0254    746.2364
     1866.7937   1642.1422   1363.7902
     1003.6794   1411.0614   1822.8356
      485.7753   2088.7100   1498.1134
     1491.1517   1071.9830    886.1724
     1923.3752   1059.0426   1541.2534
      721.7781    243.0659    289.5442
     1616.6165   1032.6580   1246.7645
     1242.7810   1473.0312    267.4507
     1023.1696    951.4608   1008.0844
     1251.5532   1293.6389   1358.9478
      745.9599    138.6003   1681.7935
      987.1633    166.0972    661.5228
     2023.0344   2218.8572   2118.9846
     1867.3052   1503.8828   1158.1610
     2255.1318   1266.9263    319.3321
     1155.0902   1925.4069   1914.8938
      469.6112    635.0480     33.7866
     1827.3831   1392.3586   1790.4602
      952.3306    266.5508   1947.7566
      477.2645     91.2732    311.8078
     1126.0760   1979.9363    389.1026
     1776.6665   1920.7228    367.7080
      441.4088   2208.9409    743.1612
     1618.8546   2072.9863    175.0126
      526.0344     77.2303   1528.6603
     1118.0175    411.2697   2066.9858
      397.6499   1802.8652   1929.5055
      738.7458   1021.1294    714.3058
     1524.3383   1842.3125   1140.2507
     1011.7056   1328.4901    122.9987
     1005.9600   1929.8246   1695.4982
       28.7315   2032.6071    669.2208
      442.8089   1506.2167   1540.6000
      244.6059   1757.9166    669.8741
     1513.8375    539.1024    448.0365
     1157.3146    312.1998   1554.5863
     1627.6349   1807.8108    183.2171
     1259.1653   1667.4799   1904.4386
      282.7373   1217.5857   1778.7760
      933.1201    330.9530   1275.9875
     2154.5955   1995.8523   2054.9341
      794.0876    973.5072    961.9883
     2082.3159   1022.8813   1906.8683
      263.5453   1309.2163   2221.2683
      510.4228   1490.7517    338.2500
     1689.9565    141.9247    521.6258
      670.8215   2246.2754    225.8417
     1184.3323     48.1891   2256.1987
     1183.0210    681.1641   1504.4646
     1869.8966   1178.2324    846.5093
      430.0217   1572.9438   1074.0623
     1331.3832    327.4875   1043.1238
     1553.0593    179.2127    744.0320
      606.2822   1830.5618   1016.9395
     1220.3854    776.4006   2005.7305
     2097.0149    189.1703    771.9697
     2159.1641   1654.0380   1629.4227
     1752.8882   1847.1351   1760.8884
      511.1661   1706.2369   2148.0576
     1396.4984   2132.5713   1119.0793
      667.8524   1550.8186   1147.5470
     1563.4685   1537.4852   2016.8363
     1932.8401    990.3088    595.6541
     2095.3862    901.0956    889.1421
      175.3473   1167.4275    474.5373
     1584.8510   1149.6178    490.9385
      856.7622   1444.1129   1043.7406
     1240.3749   1043.0715    939.1119
     1008.9972    682.0693   2157.9146
      615.6583    817.6730   1330.2434
     1431.0261    809.9521   2140.2705
     2256.6865    740.4116   1795.5375
     1323.8900   1037.4000   2058.1609
     2192.9482    377.3141     86.0293
      139.0702    260.3381   2257.7139
     1165.0269   1930.2496    716.4121
     2102.0115   1161.1099    498.7617
      610.6699    391.5579   2232.2419
       12.1131   1461.2192   1109.5233
     1493.3934   1072.5687     18.4022
      672.0389   1865.4576   1999.1263
      490.9223   2160.5237     57.3747
      597.9611    742.3617   1772.4801
     1363.1232   2179.0483   2057.7683
       95.8426   2013.8715    921.0077
      931.2357    139.9134   1498.6008
      420.9937   1001.5145    781.2684
      803.3367    876.2579    307.1933
       56.3417   2213.4131   1952.8606
     2016.9026   1931.2709      2.5873
      926.1279   1342.0172   2068.3750
     1838.6101   1252.4114   1627.2108
      259.1928    263.9869    224.3253
     1762.2308   1756.0507   1095.0448
     1968.7458    208.1886   2088.3557
      299.0427   1196.7659    698.8408
      933.5707   2189.0254    989.9003
     1070.9840    655.8998    981.4186
      124.3838    821.6531    265.9576
     2196.1946   2180.2727   1097.8308
      870.1212   1466.5605    845.8301
     2247.6919    667.1648    419.3589
      442.7630   1257.1805    320.5761
      925.9647    625.0281    164.6638
      678.5670    220.1910   2078.7346
      167.1029   1961.3527   1147.3773
      210.1595    523.4650    351.4794
      866.9774    372.8651   1615.6458
     1119.0630    166.4218    886.8259
      764.5671    692.8121   1971.7504
     1283.4125    790.9703    594.1807
     1968.3676   2254.7639    905.2669
     1291.8888     86.5450   1570.9694
     1455.6317    834.8463   1836.0562
     1611.2030    594.6540   1056.5942
     1596.4189     88.8161    190.3277
      809.3286   2052.7339   1854.6088
     1347.8491   2126.7058     82.9600
     1866.4790   1498.9771    277.1770
      348.7227    910.1611   2151.2498
     2042.6115   1942.5885    687.1429
     1813.5613   1180.0088   1921.7722
     2062.1003    956.3259    352.0997
     1535.0966   1920.2483   1731.4943
     1507.7917    377.5454   1246.5028
      961.3085   1801.9171    420.3867
     2110.4285   2026.1018    917.1123
      595.7295   1759.3615    279.3421
      369.3494   1991.0176   1001.3622
      774.8828   1349.4364   1247.4855
     1353.0498   2142.1948    789.1902
      449.9620     24.1751   2111.4294
     1305.6785    386.7182    437.0665
      940.0131   2113.3777   2056.9990
     2082.5959   1421.9042    190.2569
      936.7838   1113.7153   1812.1062
     1021.6069   1351.1908   1236.1879
     1903.0004   1023.1016   1253.2452
      753.3367   1210.9526    965.9641
     1550.8453    217.9193   1048.7786
     1204.1190    419.4600   1315.6538
      202.2288     39.3687   1495.9866
      672.6861   1611.1987    881.8555
     1178.5754   1079.3298   1205.5073
     1574.5707   1249.5579   1420.2079
     2061.4910    471.8994   1122.3593
     1541.7762    418.6994    879.1298
     1693.3617   2067.8528   1574.8457
      558.5068   2032.4681    866.0911
      761.3887   1090.6556    484.6569
      653.3359   1519.7009   1699.2278
     1132.4116   1252.7646    339.1641
     1547.2886    751.2748    569.9855
      289.3785   2011.9657    763.4217
      864.7986    152.6949    858.7685
     2119.0549    393.2541   2062.8137
     1605.8926   1292.9469   1935.2415
     1928.5660    160.9789   1474.3041
      102.9945    193.7590    721.4776
     1229.0111    782.5964    814.4914
      197.8013   2237.3975   1108.7144
     1143.7480   1689.9420   1590.5295
     1400.7434   1423.9916   1249.8362
     1832.1345     96.1226    722.7690
     1057.6975    435.8305   1795.6268
     1875.3752    930.4186    242.5930
      504.0598    906.8671    353.8996
      153.0267    279.8891   1969.3438
     1995.9839   1656.3711    778.0860
     1533.9270   1974.6874   2220.8633
     1501.9445   1751.5024   1882.3943
     1777.5059   1658.1460   1974.9701
       37.7403   1800.9620    717.3505
     1257.8811     79.1920    685.4449
     1191.0262   1212.2095   2232.2798
