      981.1792   2122.6770     31.4414
      920.8702   1599.2716   1284.6030
      896.2979   1709.1846    160.4347
     1288.4937   1221.1415   1637.9202
      567.4097   1596.9199    637.2700
      690.9052    534.5316    975.0621
     2084.8718   1612.7474   1077.9058
     1274.2437   1927.0817    995.4138
     1285.4526    329.3645    714.7416
     1601.6843   2164.9646   2262.5669
      501.0139   1537.9646   1331.7471
      874.5312    104.2711    139.8122
     1467.9938   1974.3250    489.3213
      804.7617   2257.4561    628.4862
     1329.3867    816.4300   1343.0565
       19.5956   1286.7675   2047.8464
     1250.1351   1849.6027    521.8571
     1407.1929    214.2048   1426.3665
     1988.1774   1752.3527   2054.5178
     1898.2987    424.6210   2138.3547
      886.0244   1795.0795   1082.5497
      821.1974   1824.1277   1750.9609
       37.4047    850.5096   1946.4714
      779.6828   1106.4104   2027.5106
     1075.5082    609.8011    726.1027
      280.4139   2062.3064   1526.0718
      335.5210   1510.4980    778.2787
     1508.1885   2244.3074   1723.1584
     2072.4470   2108.9443     80.8944
     1852.8918    118.0397    311.4703
      628.2586    694.1823    516.3908
       43.8752   1281.7896    555.7820
      607.5334    131.6058    521.7441
     1564.4972   1528.4249    727.9514
     1382.0117    779.5353   1614.7510
      622.6939     55.6788    824.7440
      890.2515   1880.9344   2235.3572
     1358.6094    423.5650   1587.8701
     2007.3015    139.0806    513.4844
     1834.8505   2193.9038   2024.4777
      206.3255   1401.2338   1545.9026
      382.2282    371.8271    387.9462
      498.6273    315.3570    651.3294
      568.5547   1873.9430    721.6375
     2030.7230    185.4813   1256.7904
     1513.2877    244.2391   1683.0902
     1058.7235    162.1984   1065.7642
     1119.8477   1296.6360    620.5048
       23.3056    759.7366   1505.5203
      907.6351   1079.2155   2262.6855
      730.7405    770.1948   1005.9354
      766.4191   1352.9232    251.7386
      494.5980   1236.6866   1672.5232
     1640.6733    765.7446    211.5714
      879.2723   2214.0210   1654.2181
     1568.9598    821.9445   1391.0394
     1627.2457   1281.5637    691.7944
     1273.8737    311.4698     32.2036
     1405.7841   1945.7631    741.0180
     1646.9515    806.9125   1644.7317
     2223.6658   2056.3770    410.2997
     2241.4021    561.5712    865.4493
       38.8307    218.5730   1731.6829
        1.6960    319.3821    797.3526
     2090.3948    747.9124    259.8972
      903.3800   1233.7184   1431.5226
     1259.5354   1067.5844    421.0490
     1286.7009   1378.5890     65.0955
     1059.7996    397.4629    590.9844
     1148.9612    857.0911   1540.8156
      709.8598   1364.1912    665.0984
     1911.7155   1973.3329   1953.0773
     1246.5564    854.3881   1131.6659
      224.8565   1395.3779   1977.9369
     1635.5939    279.4890   1456.8995
      263.7747    153.4510   1836.6450
      629.7280   1824.1862    111.4032
      368.8836    185.0797    826.0425
      899.2495    438.8027   2091.8567
     1581.6445   1782.9604    646.5294
     2147.0215   1404.5636    699.1372
      554.4753    893.6874   1125.3196
      734.2960   1855.8694    538.5402
     1675.0583    809.7393    462.5690
     1455.5184   1654.9347   1695.5262
      756.8720   2226.6145   1373.5857
      382.1028    773.6476    177.5294
     1342.6134   1713.8884   1424.2504
      594.1450   1690.9536   1498.1879
     1075.9314    488.8049     31.2912
      200.0172   1050.0951   2082.9224
     2160.6638     30.5178   1658.1824
      211.4389   1456.0115   1006.4667
     1287.5076   1615.4244   2186.7681
     1764.2670    272.8654     96.7217
      731.4583   2117.2964    445.2919
     1408.9718    473.3049    257.0299
       34.7101   1092.3536   1839.4619
      159.2410     77.1937    339.4685
      192.6112   1805.5120   1900.3314
     1810.4780   1370.9854   2093.8176
     2060.5500    865.7820   1135.0873
      796.8097   1651.7554    682.5070
     1644.7781    746.2857   2161.0217
     1780.8394   2172.8491   1420.6608
       23.0500   1569.1582    935.7456
     1496.6827    551.3171   1766.2117
     1857.1061   1784.3923    658.1703
      199.2647    603.0050   1648.2612
      239.0997   1079.7539    890.2721
     1571.7878   1429.2937   1759.2229
     1510.8920    108.4987   1217.7996
      105.2675   1635.5092   1419.8092
     2099.8586    608.2249   2093.4341
       85.3324    300.9577    419.6185
        6.3673   1760.5134   1164.6996
     1309.6317    651.0209    644.2156
     1900.3835   1894.0679   1513.5994
     1341.7849   2088.5808   1883.9698
     1987.2754    725.0412   1584.2239
     1844.2802   2003.3342   1038.6860
      279.2804   1420.6106    507.8624
      307.3200    156.0901    523.0774
      891.2979    743.8378   1455.3710
     1905.4897    119.7273   1803.8875
     1524.8210   2027.2955   1370.9930
      185.6315    637.9932   1122.4840
     2115.1318    130.2490   1911.4792
     1455.7660   1232.4896    884.0886
     1884.4631    948.8672   1761.7719
      738.7916   2098.8582    866.2854
      162.3174    903.0848   1712.3728
      106.3420    153.7629    953.3773
     1883.6591   1514.8911    653.5660
      144.0044   1985.9292   2038.3229
     1282.7278   1964.4102    295.1118
        1.0692    418.7491   1076.3722
      270.8839    214.7923   1624.2146
      133.4438   1313.1233    802.3121
      425.3042    314.6714   1306.8324
     1288.3848    205.6955   1135.9384
      680.6049    797.7258    178.2881
      467.6961   1339.4446    654.1512
      484.3623   1113.1414   1011.6760
      773.9750   1511.3479    461.1160
     2103.5396   1547.5652   1359.8074
      836.1079    830.3542    588.2817
        6.3922    157.5158    148.3581
      697.4999   1002.0724     10.1622
     1920.5726   1642.7368   1588.0439
     1173.9277    786.2767   1796.6792
     1181.7505   1566.2815   1338.2662
      298.3276    199.6353   1106.4377
     2036.6217    139.5906    107.1507
      485.8633   2069.7822   1152.1055
      699.6631   1662.2012   2214.2720
       22.4611   1356.5594   1807.3588
     1014.7852   1965.6755    949.7869
      931.3380   1817.5544   2008.2621
     2186.9817   1831.3759   1911.9556
      929.0441    856.8482   1884.9971
      616.2628    541.7758    716.4024
      206.4886   1559.2316   1744.4636
      339.1678   2144.1509    260.6948
     1873.4867    710.1516   2088.4719
     1762.1506    634.5558   1442.6395
     2082.6201    647.3156    675.5249
     1882.6017   1307.2131     71.6458
      479.1965   2195.7136    464.6997
     1359.2966    218.2542    239.3209
      464.3085   1029.5833    155.4498
     1869.3047    681.4253    272.0767
     1960.5741    414.5068    654.8907
     1649.6674   1015.2754   1491.8652
     1399.3937    901.9127    208.6476
      268.7729   1257.1201   1128.6301
     2115.5869    267.3519    317.3036
     1124.5641    405.0228   1102.7195
      427.3219   1065.6505   1269.4395
      323.2667   1990.5189   1814.0789
     1172.0420   1485.0411   1065.3330
      420.9124   1865.6254   1444.2526
      253.3887   1803.8881   2241.7039
      905.0894   1011.7377   1595.3344
     2209.3936    217.3562   1474.9934
      751.4034   2062.1218    120.0360
     2043.4645   1361.3651   1214.5111
     1010.2379   1022.1880    828.0472
      630.0393    442.0117    466.5015
      525.6578    995.2637   1985.4978
      202.6987   1918.6851    486.9165
     1191.2177   2218.8311   1082.3781
      637.3586   1976.7772   2176.3589
        4.8602   1251.6270   1601.9401
      912.0571   1285.4414    447.1824
      702.4139   1041.2328   1767.8156
     1368.7279   1270.2195   2106.3145
     1036.8014    353.8662    841.8627
     1982.8944   1130.5707   2154.9014
      934.1426    737.5036   1692.5757
     1473.4780    652.2492   2009.9998
      497.5214    998.2883   1518.8754
       39.4177   2171.3955   1331.6904
      132.8545   1711.4271    186.1862
      389.5139    738.7874   1782.2700
     1199.3560   1960.8176   1479.7129
      923.7736   1220.1050    724.3465
     1790.7987   1249.4220   1385.8748
     1359.3907   1686.2073   1157.4658
      496.6404    542.3470   1409.4814
     2117.0796    897.4811   1406.8191
     2029.5000   1517.9572   1998.9696
     1595.8761   1037.8757    258.9864
      710.7756   1456.4320   1448.8718
     2097.6506   1950.5768   1124.9849
     1424.3685    735.4031    939.5881
     1947.5571    786.4423    496.2933
      373.4715   1330.0647   1369.4232
     2022.7948    645.2190     59.4633
      358.3695    440.5739   1573.3114
      311.6083   1644.9543   1480.6903
      576.5687    197.7329     27.8119
      588.8971   1233.2883   1405.5895
      117.3695    394.9348   1502.3575
      429.1071    715.2180    982.1283
      677.9303   1115.6708    273.6587
     1696.3013    784.0319   1899.5751
     1983.3046   1566.6566   2256.8269
      856.5354    572.0598    628.8558
     1053.5448    106.2669   1716.9979
      512.8752   1921.8025   1690.3257
     1712.1309    140.0947   2107.5811
      424.7502    734.3853   1542.9341
       46.9446    744.6265    670.8685
     2196.1760   1071.3077   1241.0757
     2123.1282    406.9956   1347.3414
     1721.3401   1625.4376   1770.9498
      529.2832   1196.6722   2191.5376
      244.3229    623.4070   1394.6230
      619.5588   2006.9498   1367.0463
     1373.9156    422.6497   2087.7998
     2054.9075   2191.6221    280.5316
     1012.0926   1484.2286    298.1877
      746.6178   1223.2292   1616.5481
       29.0864    956.2457   1027.9269
       85.5157    526.1984   2056.5659
     1917.7571   2191.3755   1196.0475
      274.5358    725.4907   2197.5620
     1663.8451   1076.1826    493.1568
     1559.4863   1224.1260   1616.4307
      498.3308   1778.4542   1190.3115
      903.6910   1140.1113   1206.6519
     1777.9698   1930.1370   1294.5708
     1559.3004    357.9511   1910.4012
     1625.8927   1713.7015    397.5235
     1000.6613   1505.5627    585.5836
      694.0335    857.6716   1626.3254
     1185.8514    172.7910    456.3032
     1257.7310    276.5838   1795.5405
      774.0559    500.4690   1439.6614
      717.4954     14.5173   2202.5942
     1377.9485   1014.2080   1463.2614
      347.8984    326.7224   2244.1079
     2041.6758   2029.1874   1355.8838
     1689.6660   2022.8608    633.5151
     2200.4021    529.5140   1552.7571
     1402.4447   1737.5144    339.3275
      818.7502     50.3215   1862.2842
      653.1134   1131.5486   1200.7178
      469.2500    435.7330    888.9639
     1038.4408   1761.1877    627.2819
     2219.0139    495.0982    262.8942
      242.8771    347.3919    661.3510
     1959.8702   1396.4235    896.6381
      630.3726    346.7460   1532.2017
     2243.1270   1023.3466   2156.6946
      924.1001    412.9138    358.3160
     2215.4382    192.2273   2176.0237
      270.1991   1626.7710   2022.3744
     1340.6632   1901.4895   1301.8103
       61.2220    934.5617    445.0895
      658.7659    614.5433   1606.1464
     1281.8057    680.3321    210.5602
      372.6161    479.4629   1130.7699
     1381.6365   1860.5999     69.4794
     1153.5212   2225.1882    259.8133
     1928.0547    407.1646    218.8154
      214.9877   1623.8644    392.7890
      895.4553    802.2902    836.0721
      292.3061    908.8394   1939.7465
     1163.3586   1831.3405   2208.6099
     1207.0115   1063.6252    685.7729
     1666.8621    429.0551   2144.1694
     1480.9338   1486.0560   1490.8242
     1807.6923   1069.6538     47.9729
     1803.8652    921.5165   1077.5603
       28.9210   2182.2458    183.5789
      251.5061    523.4124    101.8066
      935.6328    157.2363    384.2591
     1455.8337    945.3120    470.0102
      287.9116   2003.1794   1279.7936
     1405.2100   1487.6714    913.0289
     1654.3273    988.2961    734.7207
      885.4038    358.0602   1057.7954
      630.7172   2104.1960    638.1782
     2238.1460   1813.4456    902.9164
      910.8840   1557.5846   1694.5486
     1429.6464    703.8149    410.0916
      808.0748   1906.3113    300.2516
     1731.3971    545.1314   1966.8650
      164.3865   1852.9543   1609.0391
      795.2214    891.8843   1203.8390
     1153.1758    154.4781   1304.7942
      228.1841   2199.6746    834.0355
     2135.6580   1786.1365   1454.1654
     1039.6605   1922.4236    175.3992
     2159.2017   1325.1892    982.8022
     1540.3296   2242.8364   1436.0106
     1270.6506   1467.0520   1598.6919
      573.7421    635.9835   1176.4031
      200.0550    562.9835    816.4915
     1351.9546   1698.9594    693.1595
      413.9509   2235.4932   1739.9414
     1116.9801   2251.2964   1909.7133
     1467.9688    183.0550   2149.4893
     1590.7534    489.9348   1547.8944
     1034.8425   2213.7515    497.9706
      369.1712   1301.7177    908.7407
       49.7039   1203.7397   1090.9495
     1158.6638   1429.2148   2122.5879
     1106.4160   2181.3721   1507.3033
     2055.2139   1936.0272   1700.0337
     1389.7321   2078.8906   1586.1700
     1212.0458   1054.9600    171.6928
     1122.0001    438.1460    252.9390
     1043.0339    892.3448    262.6415
      665.6877    385.0851   1215.7238
     1837.0111    336.4373    465.4215
     1135.1309   1738.4237   1100.1771
     1709.1229   1444.0100   1554.4872
     1257.6840    551.8034    923.7428
      260.3185    913.5709   1488.6130
      594.8751   1457.0535    869.1033
      854.7064   1313.6310   1848.6921
      239.1307   2116.9688      7.5919
     1498.6709   1845.2617   1544.6716
     1670.5865   1894.3386   2037.7808
     2124.6357   1668.3263    272.5125
        4.5424   1924.2365   2261.5667
     1689.5770   1370.0524    898.4876
      171.5840   1087.2094   1302.9781
      540.0582    213.9997   1007.3467
      983.9346   1051.7373    526.8558
      374.0695   1722.4640   1687.6904
     1614.9430    947.4927     47.8431
     1120.9340    637.2612   1337.6832
     1090.1371    203.3831    194.1747
       45.1946   2019.2349   1749.9258
     1662.8279   1053.9026   1788.6151
     1158.3424   1710.4910    299.7016
     2142.7600    915.8618   1694.9218
     1921.5784    969.4879    856.4785
     1214.6776    226.3731   2025.9474
     1353.5807    626.1946   1158.2898
     2230.1914   1573.6378   1868.7220
     2189.4790    384.7080    578.1846
     1304.0892   1400.1410   1846.3707
     1996.3047   1445.9065   1755.1010
     1654.8177    296.3777    333.9082
     2210.8511   1485.4102   1580.8687
     1021.3514   2186.8210   1291.5408
      508.5374   1342.6968    105.5912
     1788.7921    451.3935    970.2544
     2126.0129    141.8294    996.9980
     1817.7804   2042.5687    206.6295
       20.6346    588.4766   1295.7263
      437.7684    236.3791   2021.2988
     1629.3934   1201.7949   2190.4048
      847.6801   2040.3590   1185.9670
     2000.4227    504.5580   1837.9004
      210.6355   1558.6600      6.0855
     2007.0217   1940.2596    474.6803
      700.4584    504.7833    212.1825
      205.0991    661.7935   1916.6122
     1259.3373   2120.3545    528.8309
     2046.1000    860.0987   2112.9214
     1808.1150    956.1495   2039.5750
     2096.6003   1343.7318   2212.6777
      928.4222    572.0641    949.6971
     1333.2747   1300.5164    466.4732
     1640.7769   2169.9839    378.8931
      520.6233   1339.0736   1143.3394
     1728.2062   1513.6619     78.6758
      985.4086    610.8281   1925.0586
     1881.9634   2159.7131    483.2574
      437.9084   1741.2024    861.2941
     2054.1514    301.6176   1704.6934
     1963.6538    638.3042    958.7562
     2089.1724   1165.5996   1693.3026
     1052.7108   1001.6124   2089.9614
      151.0598   2197.8293   1738.2721
     1280.5304   1854.2771   1697.5822
     2197.2288    670.7522   1081.7855
     1056.8713    271.1676   2209.6875
      432.7573   1435.9780   1822.2838
     2058.7173   1208.1053   1447.9048
      549.8329   2004.9229    259.8169
       37.7945    999.8231   1475.8065
     2032.5599    508.4660    432.2597
     2219.1355   1661.1918     33.4333
     1543.0590   1025.8461   2030.6311
     1793.7092   1282.6309   1121.6423
     1280.5829    604.4607   2245.5032
     1518.6295   2216.6296    644.6938
      270.7603   1401.8665    206.9802
     1684.3151    337.8694    671.2748
     2125.4197   1144.1606    804.2845
     1797.6506    584.7108    531.3898
      140.3326   1965.4805    208.8594
     1908.8644   1999.6694   2223.5664
     1004.4769   1251.7036    991.7714
      568.1152    835.9000   2228.9893
     2250.9460   2256.7651    803.3322
       92.2974   1302.9890   1362.9309
     1667.1204    526.9739    315.6894
      872.5689    614.5306   1217.6877
       55.6810   1749.6616   2091.6536
     2252.0718   1203.7062     76.2509
     1417.3118     77.3751     77.4094
     2010.2755   1136.6985   1030.3647
     2211.7061   2057.9448   1530.4493
     1444.5573   1536.8408    491.5735
       10.4334   2212.2644   2226.1995
      896.4357   2017.7379   1440.7482
      372.3412   1190.9280   1970.9585
     1399.2731   1626.7797    123.9282
      712.2709   1901.0300   1554.2803
     1370.8168   1393.0975    683.1330
     1760.8251    333.5808   1712.3969
     1734.9276    553.3498    737.2954
     1087.5505    610.2130    417.3536
     1465.8091   1739.5905    917.7989
      291.6756    100.6766     85.2764
     1880.2053    830.3036     67.4256
     1780.7968     27.5958   1007.1855
        2.9532   1511.1672   2124.0647
     1159.7620   2068.0396   2134.9990
     2147.0750   1645.6562    621.4542
      595.2400   1156.5020    808.3818
     1769.1844    672.7256   1162.0575
      361.0780   2241.9341   1349.0651
      412.1084   1956.8164     49.9841
     1884.3513   2015.4963    764.1649
     1706.3303   2130.4380   1801.9603
     1609.8545   1548.1484   1053.0364
     1833.2775   1301.7850    558.4984
      259.6387   1733.0291   1246.4547
      576.8102    405.6910   1951.8204
      425.9140   1613.5696    143.0090
     1120.0298   2001.2919   1215.7520
     1713.2562     76.8132   1616.5873
     1382.2444    577.0983   1409.1844
      740.5292    290.1622   1809.9163
     1533.1675    354.7615     68.1757
      158.8147    908.2195     61.4655
      848.2958    141.7984   1160.4845
     1535.1709   2019.2909    928.2728
      257.8159    933.1522   1091.6130
      737.1833   1013.9791   1408.8713
     2072.6206   2156.5295    653.0521
     2008.6907   1710.9589   1814.8474
      279.3371   1152.1019   1543.1674
      772.6718    644.9683   2260.2759
      845.2299   1698.1504   1494.0426
      497.8428    397.8677    180.9480
      229.0247    377.9806    964.8535
     1836.0861    843.6213   1335.1661
     1531.9064   1710.4019   2166.3660
     1289.0714   1272.3719   1108.7100
     1666.5386   1276.4081    206.1384
      811.8381    525.9546   1767.9476
      800.6915    291.9717    604.8301
     2041.1003    396.3406    887.0955
       28.8873    173.3565   1201.9607
      722.7954   1791.1392   1261.7191
     2000.9059   1752.0052   1263.3525
      265.9702   1486.9133   1246.4580
     1765.9641    581.6224     75.3393
       93.4741   1519.1952    658.5007
     2118.3430    914.9163    634.7213
     1432.7097    996.8542   1676.4772
      227.4125    190.5955   1338.6235
      737.8869    330.4197    837.7144
     1423.4456    121.1613   1897.4856
     1572.0247    566.2595   1287.8094
      534.8895    905.1020    637.7430
     1679.1393    748.8758    930.8175
      822.9136   1852.7874    798.7684
     1702.4374    337.8712   1204.2230
     1790.1124    232.2272    848.1506
     2084.2053   2126.7141   1833.0662
      375.5876   2019.4122   2052.6431
      743.3443    217.6040   1359.0505
       53.9234   1025.3972    754.4550
     1188.2769   1195.5593   1943.6553
     2043.6472   1398.2616    470.1206
       30.2583   1437.6295    132.2473
      937.8532   1114.2985    254.8958
      919.0457   2001.5688    620.0483
     1674.9606    129.4621   1885.1519
     1944.4731    495.6847   1600.6161
       10.7537   1458.2976    388.5558
     1710.3280   1758.0667   1511.4229
      443.4626    973.6379   1738.5920
     1309.4115   2187.9460   1349.4525
     1396.8984   2239.4348    366.7677
     1897.5250   1680.2982    433.6414
     1882.5031   1742.0936    192.8926
      267.0506    399.2754   1814.3442
     1787.3472   1706.1466   2203.0562
     1902.0896    257.0207   1066.6379
     2048.7952   1273.8422   1941.6339
      907.4277    837.6526     63.1022
      592.8085     74.8832   1920.4563
      393.5027    529.1887    590.0588
      871.6213   1491.2794     34.3212
     2103.2742   1910.0986    215.6404
     1010.5828   1475.8718   1493.2936
     1158.1476   2098.4741   1714.2736
     1045.2079   1793.5433   1351.9795
      309.3965    781.9574    476.9272
     1159.7601   1003.8243   1753.8279
     1666.8805   1907.7007     19.8208
      279.5014    966.8425    317.0717
      968.9478     71.6159   2071.9998
     2227.2173     27.4142    504.3773
     1005.1522   1609.6013   2133.5369
     1615.4735   2140.0742   1188.4185
     1775.6621   1604.9818    864.7278
     1437.6654   1225.1260    179.2707
      347.3301    487.5126   2035.3750
      166.9132    790.8484    896.9444
      606.8049   1306.6572    445.1918
     1189.7750   1547.7085    805.3604
      671.3958   2092.0867   1696.0208
      584.1993   1572.1056   1999.6045
     1177.2400    849.5381     11.2884
     1464.9425   1128.8296    644.3423
     1761.0095    589.6611   1733.0133
     1401.4908   1039.2166   1188.8068
     1044.9655   1694.1469   1839.3771
      988.8662   1662.3839    890.8986
        0.9206   1765.9744    425.9154
      915.2947   2167.1580    295.9055
      342.3519    718.8075    726.8981
     1210.2433   1532.3491    560.4699
     1681.4431   2178.5435    808.1999
     1121.9749   1578.6859     92.3993
      213.1180   1738.3132    985.5351
      746.9935   1266.6954     33.4556
      191.7531    111.9547   2122.1426
      693.9985   1424.4159   2122.0540
      159.6845    411.2311   1255.4401
     1044.1136   1263.4659   1699.6119
      471.6838   1971.5989    520.7306
      846.7505    357.0613     94.1238
     1587.6897   2151.7368   2011.5281
     1715.6693   1852.4924    867.6761
     2069.7695      2.9507   1385.5197
     1968.4125   1803.5875    939.6393
      495.2760    634.5541    327.0046
      550.1582    102.4428   1253.3052
     2127.4626    900.4648     59.3891
     1523.7930   1441.4558   2233.5520
      105.2786    830.9709   1263.1718
     1076.3191    804.1067    604.4703
      402.4409   2257.1702    990.7584
     1947.9001   1403.6123   1518.4974
     1903.5847   2160.6697   1615.5621
     1550.4609    852.0981   1137.4817
        1.5173   1012.8613    226.3055
     1876.2333    413.9315   1373.8732
     1448.2610    235.7142    479.7913
       36.1111    778.6727   2169.2273
      684.4028   2239.7419   1121.3885
     1865.9128   1191.2794    324.2077
      479.6371    711.1766   2025.5607
       26.5114    583.6624     36.1089
      210.6947   2142.8882    536.5825
      850.2473    663.1240    363.2896
     1347.4449   1821.1588   1953.0638
      252.6207   2202.8569   1944.6107
     1266.9678    531.8011   1849.1117
      127.8114    528.4305    558.4843
     1736.6460   1119.7805    955.1989
     1185.6285   1317.3152    838.0020
     1540.1029   1261.4083   1112.0099
     1796.2920    107.3192   1257.3060
     1424.5110   1163.0569   1836.7952
      447.6446   1120.9762    552.4115
     1500.6598    607.5972     45.3981
     1843.3083   2260.1951     26.1543
     1015.4530    515.5014   1517.9133
       28.2791    479.7447   1822.7405
       79.6742   1890.7521   1375.4091
      615.1431   1689.8016   1748.6700
     2022.0270   1130.3665    140.2995
      781.1503    853.7318   2067.1875
      395.8155    768.0356   1275.9408
      641.0696   1579.6121    185.9845
      631.3351   2088.4087   1945.2373
      992.6680    945.8914   1356.0001
     1593.8285   1701.9125   1315.8064
     1682.9198   1464.4474   1284.3737
      498.7617    218.0296   1736.4055
      622.8604    778.6739    817.6696
     2012.3428    765.3292   1881.9423
     1858.1057    753.0276    763.4143
     1116.9357   1119.3813   1513.8157
      267.4731   1151.7915    112.8076
     1172.5927   1806.0116    835.2312
     1503.1046     30.6322    933.9247
     1703.0000   1511.6383    516.4629
      493.4942    545.1181   1779.1719
     1546.2108   1469.9718    252.7720
      625.8693   1266.6591   1917.9612
     1858.6355    321.3823   1915.8185
     2014.0160    660.9910   1293.0333
     1039.4652   2253.2644    830.5866
      844.6549   1550.0426   1939.9757
      348.2646   1834.3571    286.4097
      248.6696    924.7263    668.7505
      428.3734   1429.3135   2148.0901
     1308.9854    892.5587    738.8736
     1823.8193   1622.2935   1354.1910
     1073.0853   1430.1335   1848.6702
      525.2591   2169.6018   1506.1420
     1478.9603    990.4194    920.0866
     1886.6541    993.0417   1538.9684
      700.9090    246.6435    306.5529
     1683.4744   1085.2163   1227.2920
     1279.4121   1483.5585    306.0997
     1013.4022    951.5616   1100.9633
     1203.3163   1318.4554   1423.7380
      688.0864     85.5750   1610.5243
     1008.0669    161.3625    667.3314
     2045.1071   2236.1399   2114.8147
     1884.6267   1516.3601   1117.9568
     2171.0168   1196.8423    333.6930
     1137.8256   1931.9369   1926.0863
      488.3969    600.5007      0.3410
     1794.8608   1390.0985   1850.1720
      981.6861    265.4311   1928.4303
      455.2252    146.7021    280.0076
     1067.4034   1977.8484    411.8000
     1760.6383   1912.8610    413.3285
      398.5430   2226.7781    674.9754
     1549.2799   1960.0397    253.8349
      474.9326    168.5116   1498.6630
     1133.9474    467.2256   2065.5408
      467.6208   1807.9902   1919.7556
      769.2615    988.5593    718.6470
     1554.6709   1873.1039   1110.2780
     1013.3841   1301.8586    110.7334
     1023.0549   1897.8468   1629.9143
       47.1404   2035.7921    680.8304
      463.4854   1468.6698   1588.1368
      358.1824   1746.6404    550.6265
     1515.8746    505.8770    528.0702
     1145.5946    277.6519   1550.0848
     1617.1123   1718.7726    184.2740
     1242.4928   1598.5645   1903.5754
      244.6303   1235.2610   1765.2080
      957.8339    391.4815   1314.0338
     2117.6016   1987.4784   2083.5042
      749.5560   1055.3540    971.7678
     2047.4178   1018.3308   1929.2560
      215.8736   1309.4016   2213.6348
      483.4710   1513.7500    392.3199
     1670.1187    116.6679    523.8990
      659.1077   2244.2200    238.8720
     1168.8511     31.7805   2260.0300
     1208.9332    589.9444   1614.5776
     1854.8802   1209.3713    782.7846
      437.1080   1559.8809   1072.8594
     1357.0775    362.5357    991.1832
     1500.7855    180.8482    741.0742
      672.1536   1926.9136   1014.0073
     1208.7841    732.4761   2046.1553
     2037.7242    181.9255    740.5228
     2223.1660   1732.4519   1668.5695
     1769.4324   1864.2853   1789.1338
      468.6420   1710.9784   2185.1672
     1379.1554   2118.4670   1119.4694
      671.7313   1553.3586   1152.5774
     1487.1335   1534.7668   2000.1514
     1863.2365   1000.8952    606.7565
     2147.3479    818.2142    859.8391
      147.2466   1219.7639    325.4198
     1570.4849   1295.9939    443.2518
      907.6379   1501.9097   1057.7810
     1234.0796   1080.0985    950.9177
      980.7687    714.9718   2151.1438
      639.6895    785.9935   1396.7705
     1404.6364    811.0555   2219.5540
     2228.1646    703.8717   1760.1189
     1295.7695    980.3349   2016.8237
     2137.5330    384.3142     52.9484
      110.8223    360.0905   2259.3494
     1141.7834   2015.7802    732.6090
     2046.5402   1175.0764    550.2492
      643.9756    437.8197   2208.0986
       13.5821   1471.2195   1195.8295
     1406.9694   1060.6367      1.4116
      689.2866   1808.8936   1996.4883
      506.5860   2190.1694     54.7235
      655.6821    801.5717   1864.8240
     1357.1479   2233.2019   2104.1018
      112.5152   2024.3600    909.3970
      951.6860    111.9031   1452.6416
      421.7152    924.4780    872.4222
      826.6896    888.9817    353.8835
       13.9926   2187.6091   1956.9740
     2044.1790   1803.9044     11.8212
      946.9620   1306.5066   2067.6169
     1836.9197   1230.0961   1657.8922
      210.1796    311.2413    200.3367
     1792.9802   1740.1663   1112.3767
     1975.4878    193.1160   2143.6750
      233.9013   1157.6864    603.4270
      924.2715   2193.5708   1039.3969
     1098.0736    647.4956   1091.3230
       89.2173    730.6827    226.9226
     2163.4692   2204.9934   1113.8552
      903.3175   1457.9740    815.7001
     2195.8049    704.7459    464.0921
      416.1341   1214.5967    330.8072
     1002.1168    645.5767    180.3148
      764.0877    222.0480   2111.3188
       95.7430   1993.3827   1125.7961
      265.3650    582.4827    305.7870
      872.9600    269.8304   1610.1185
     1242.1965    158.4169    884.3837
      709.7215    601.5709   2005.0527
     1229.8643    815.6226    430.9313
     1964.0950   2194.1694    893.4290
     1281.6853     60.9567   1628.9453
     1432.4014    844.4620   1856.6675
     1589.2864    522.5452   1038.4253
     1635.7628     81.7636    194.7023
      906.8606   2045.3395   1820.6626
     1318.2167   2122.8005     87.3250
     1828.3118   1457.6068    320.4424
      375.5299    977.0092   2200.3494
     2110.4265   1867.5056    697.4425
     1828.7745   1174.4172   1937.3242
     2062.5938    991.2597    375.9839
     1523.5426   1952.0958   1771.5344
     1445.1508    363.6964   1237.0791
      916.0275   1702.7533    404.1512
     2134.0837   2033.0050    880.8677
      612.1174   1734.8933    349.0762
      352.8703   1941.3297   1023.2795
      807.9874   1381.6733   1264.1224
     1309.4404   2159.5537    827.7463
      434.4378     21.3673   2110.8618
     1282.3038    433.1080    462.1830
      881.9302   2093.1311   2067.5620
     2047.0975   1421.1509    217.8371
      953.6280   1099.3453   1843.2344
     1059.0132   1357.3571   1242.8878
     1955.8296   1069.9395   1283.4829
      749.4261   1295.0225    968.1576
     1599.4508    265.8849    982.2764
     1216.9404    405.9581   1321.5171
      156.3242     28.2733   1506.9612
      691.4075   1686.9443    951.7120
     1170.1985   1079.9241   1252.7014
     1491.6315   1211.6361   1358.0248
     2011.4597    467.9966   1110.8822
     1472.8077    454.5430    781.1606
     1673.3744   2011.8496   1566.0824
      474.4482   2066.8335    886.3183
      719.0823   1098.2133    533.0516
      683.3969   1473.6671   1726.8263
     1145.6199   1264.8148    307.4323
     1542.5579    754.9062    683.6030
      296.1121   1923.5464    737.5707
      857.5429    130.7667    908.9458
     2110.6812    354.5756   2009.8208
     1581.3247   1284.2150   1973.6674
     1885.2644    197.1438   1506.6981
      147.2954    121.8643    687.0912
     1140.1274    803.3035    878.4645
      191.1571   2218.8779   1124.1261
     1147.7417   1675.5906   1620.9047
     1413.1343   1441.5790   1256.6742
     1840.3027     36.1013    676.8426
     1056.0686    404.6289   1748.1123
     1819.6993    943.9445    289.8267
      528.5113    950.2500    394.2714
       74.1215    257.5565   1982.3716
     2060.6648   1591.0948    833.9875
     1428.6207   1995.5228   2146.3193
     1548.9658   1750.2587   1899.4503
     1763.8848   1591.7069   2016.8546
      138.1320   1747.2538    718.1920
     1267.1042     60.8918    642.1486
     1196.1783   1148.0651   2236.0388
