      974.0091   2161.2747      2.2620
      967.0200   1565.2817   1356.8804
      778.6044   1673.0410    231.4413
     1345.5555   1238.4702   1612.0822
      520.0789   1639.0757    559.1949
      637.1194    487.5282    889.3855
     2057.4058   1589.8077   1020.1255
     1240.7194   1926.1223   1033.1476
     1356.3212    354.0996    684.7871
     1640.8412   2204.2576   2213.1970
      472.9612   1554.0167   1264.7284
      835.6458     98.5068    102.3287
     1568.6545   1893.0452    443.8827
      870.8218   2252.2095    619.5682
     1326.5037    758.9548   1286.8685
        7.4205   1252.4407   1999.4376
     1288.9229   1825.4481    505.9810
     1443.2413    234.8671   1481.7106
     2014.1907   1768.4891   2102.2468
     1893.5498    402.9196   2152.4258
      852.7884   1692.2777   1013.4916
      773.1762   1714.1694   1803.8862
       65.4396    833.6296   1949.9781
      732.4910   1189.4468   1976.1407
     1044.2067    640.7340    697.8069
      282.0513   2089.7273   1460.9915
      347.5620   1499.5861    774.9279
     1583.1670   2205.0581   1738.5961
     2149.2573   2115.2083    118.4311
     1842.6106    129.3686    323.8186
      625.0076    679.8400    453.1428
       45.2887   1233.6852    594.1079
      622.0239     32.6004    511.5934
     1646.2140   1460.3650    738.1135
     1381.7521    703.2326   1570.9637
      698.0441    115.3794    758.1126
      963.4876   1906.6458   2217.6350
     1306.1094    469.7881   1597.7338
     1958.3290    105.4558    536.5932
     1857.5228   2260.1116   2000.4470
      189.2198   1396.8881   1548.8826
      440.6223    360.5184    405.4948
      534.3602    362.3599    635.1124
      634.5497   1886.5304    698.2179
     2045.6484    197.7177   1165.1373
     1462.4188    267.0724   1722.4215
     1086.9869    210.3988   1101.1608
     1087.9832   1323.2319    608.3820
       23.9034    706.1379   1492.1162
      911.3176   1147.4503   2184.5852
      779.9982    701.2164   1049.7379
      723.5352   1359.7191    235.0161
      438.9898   1303.5175   1648.2495
     1586.4824    736.3877    168.3750
      907.7219   2119.9468   1682.6146
     1565.3217    781.4891   1386.9176
     1701.7141   1196.0613    704.8220
     1210.9537    343.8983     49.7908
     1451.1935   1931.8856    679.7250
     1648.8772    833.7519   1668.5884
     2248.3235   2125.6206    382.6117
     2259.4780    623.0294    783.8235
       97.5424    209.7509   1737.6772
       53.2776    383.2540    841.1217
     2097.1272    722.4183    216.4781
      930.5829   1307.4122   1491.6981
     1192.7609   1042.5176    395.2400
     1346.8378   1321.7482     36.9012
     1107.8043    430.4200    538.2226
     1198.6970    986.1329   1509.9543
      674.0781   1450.3486    673.6211
     1907.6934   1892.1367   1909.3060
     1272.1342    879.7376   1056.0839
      240.9446   1348.7368   1996.1865
     1698.0419    296.9026   1449.5900
      296.5192     86.3632   1897.8438
      714.2200   1832.5063     53.4364
      384.1142    145.9077    823.5449
      860.4124    472.9183   2077.5396
     1596.6826   1710.5891    629.7817
     2149.6086   1410.7957    693.7706
      561.9382    870.3719   1131.9021
      714.4031   1820.0974    483.1907
     1709.6566    784.4002    386.1881
     1419.3522   1679.8104   1683.1028
      797.0716   2219.2649   1449.0311
      328.0108    786.9711    149.2068
     1338.3883   1647.3192   1430.8137
      646.3298   1754.0178   1522.4490
      996.5855    537.4713     39.3402
      228.8550   1078.1754   2066.0881
     2124.9961     75.5740   1708.9086
      188.3336   1510.0950   1006.0266
     1356.0496   1539.0933   2131.9360
     1817.8331    288.0781    111.9152
      806.5562   2034.4069    394.4726
     1335.2490    470.3311    217.3574
       73.9884   1049.3988   1810.1646
      231.3192     68.4747    334.4192
      150.8450   1749.1364   1844.1539
     1805.8263   1410.0118   2091.3860
     2064.9468    789.1889   1152.8904
      819.0408   1695.8069    676.6176
     1638.2222    667.7913   2163.0144
     1798.5005   2261.1189   1403.6996
       19.7250   1603.1683    826.0035
     1545.4120    554.8174   1724.2290
     1822.6182   1793.8368    660.4933
      187.7946    555.3669   1640.8099
      255.3130   1131.6403    988.1776
     1362.1371   1431.0916   1899.8889
     1607.1290     83.5972   1277.1627
       11.2506   1575.2710   1414.2878
     2149.4407    640.0497   2018.6965
      159.6630    259.6315    454.3445
       35.3228   1664.4125   1180.4572
     1336.9159    617.5524    680.9740
     1906.1130   1858.2755   1485.2570
     1419.4226   2029.8734   1892.1387
     1989.4862    756.2687   1594.8972
     1764.9058   2039.9508    998.7885
      228.9492   1371.2240    457.8773
      402.8633    119.6323    555.7837
      841.1235    722.5994   1466.3478
     1870.2435     57.2783   1725.0951
     1622.9548   1937.0126   1359.8179
      179.8673    572.9565   1067.2280
     2157.9707    160.4385   1929.2727
     1469.1726   1268.1300    913.9661
     1836.0175    923.6738   1757.7019
      796.8505   2146.6772    802.5718
      176.3633    836.4807   1698.3450
      221.2785     88.3700    991.0856
     1856.3250   1543.9712    611.0236
      122.1642   1931.3032   2016.4668
     1363.9650   1985.1072    312.3258
       10.9272    342.7990   1160.6099
      301.3368    165.7503   1552.3827
      100.3254   1316.7620    849.4534
      486.1005    262.7613   1361.2715
     1383.5074    176.7880   1212.1141
      573.5060    797.6543    198.9111
      439.3779   1383.7334    594.1357
      528.6950   1117.2946   1000.0307
      724.6099   1532.9736    443.6111
     2049.3386   1557.7917   1270.8536
      802.8266    749.6968    637.3560
       23.3084    190.0678    238.7955
      762.2511    923.7111     76.5387
     1943.4146   1578.6769   1532.7986
     1205.5671    761.2520   1715.3358
     1171.4758   1566.1782   1239.8441
      407.5869    185.0036   1137.8888
     2051.4653    151.4605    126.5581
      644.1074   2031.5930   1112.2689
      743.5880   1675.7191   2147.7234
       87.1630   1322.3384   1764.7719
     1074.0270   2036.8727    909.5649
      930.9373   1829.3215   1985.4941
     2167.1218   1797.8125   1828.2428
      977.2599    863.0430   1796.3198
      585.1093    589.7166    681.5095
       78.2498   1582.9639   1683.7664
      379.4062   2141.0085    233.7294
     1869.3456    633.9345   2087.6926
     1767.2395    641.1505   1474.8025
     2037.0237    577.1600    710.9232
     1838.1311   1371.7830     95.8362
      407.3276   2107.2688    569.9437
     1347.8611    170.4184    231.9025
      401.9244   1044.7278    137.6848
     1883.7743    630.0059    295.5011
     1917.8271    335.9872    652.5906
     1604.1948   1040.0293   1520.1846
     1362.6570    895.2890    185.1175
      254.8598   1307.2186   1139.7664
     2088.6208    218.7950    405.9872
      990.8270    443.6594   1010.5441
      441.7590   1109.5916   1262.1425
      290.3435   1971.7617   1683.7450
     1116.1332   1595.8021   1014.1688
      421.1011   1820.7354   1456.2583
      244.3211   1822.0686   2235.9893
      962.3248    933.7335   1557.1630
     2240.5229    202.3945   1517.6163
      793.4619   2067.1201    131.8040
     2096.1206   1250.9397   1185.6188
     1010.1207   1078.5389    826.7405
      685.2765    465.1776    467.6658
      517.6226    974.4041   1965.2582
      211.8853   2065.9084    442.9210
     1192.6528   2245.4937   1015.4039
      748.7148   2029.6051   2162.3408
       76.1084   1163.3651   1549.3737
      867.9849   1290.5697    404.6915
      736.8910    970.3979   1841.3405
     1400.9860   1258.0641   2051.5752
     1095.7246    379.6199    797.4941
     2003.0043   1111.1693   2181.4695
      958.5615    688.4095   1681.5691
     1467.4048    605.9957   1997.4708
      518.7189   1090.6501   1505.4343
       55.1565   2074.0664   1318.6362
      104.7051   1722.9583    186.4952
      384.6570    633.1688   1796.6031
     1137.8926   1975.2695   1526.7338
      816.8975   1250.4630    693.3920
     1725.4150   1217.2847   1426.1824
     1353.8390   1659.9631   1062.8478
      517.7780    533.3251   1386.5454
     2069.8738    898.9301   1398.3331
     2013.1129   1537.2506   2001.2427
     1603.0712   1002.3086    224.7385
      711.9698   1530.7318   1472.2238
     2127.3701   1945.7073   1163.3901
     1447.5869    753.8162    890.1675
     1928.9487    798.7049    486.1732
      390.4576   1277.3094   1405.3584
     2035.1082    579.2653      8.5590
      405.2745    429.1045   1573.3263
      248.1111   1639.5217   1483.6530
      632.7181    185.1436     52.1749
      664.8181   1307.5096   1499.3300
      135.7956    395.8647   1504.1730
      441.1769    665.9000    993.5927
      636.1793   1116.4865    224.2085
     1695.8601    747.5833   1959.2657
     1973.4725   1568.2695   2254.8308
      851.0254    474.4152    627.9297
     1057.0392     81.5977   1771.5706
      553.2122   1891.6918   1747.4358
     1675.2571    165.8247   2112.7629
      460.9830    707.1122   1570.1898
      149.6467    728.3249    616.8101
     2213.1812   1046.2035   1265.0768
     2098.6362    384.9426   1375.6301
     1566.4200   1539.2281   1782.1416
      626.0540   1094.4409   2210.3125
      262.2683    690.0767   1450.6602
      719.8020   1975.7350   1329.5128
     1389.6642    369.6852   2163.1160
     2013.3304   2211.0046    298.1098
      952.0954   1521.5605    335.8603
      815.5420   1119.7460   1676.0955
       32.2469    882.1783   1081.2031
       80.0380    524.0336   2127.9221
     1960.5139   2214.6843   1198.3619
      225.8546    731.1019   2164.0103
     1771.0073   1079.1617    430.6873
     1605.8728   1277.6393   1684.3239
      545.4539   1811.9985   1256.0427
      917.6198   1106.6816   1137.9576
     1872.5803   1986.4685   1207.4352
     1510.9838    360.1776   1950.5436
     1697.5103   1669.1754    388.6346
      913.7027   1486.6736    585.3453
      711.4479    865.5328   1612.3478
     1111.9698    188.7202    390.4077
     1255.5441    282.2217   1849.6296
      778.3662    485.1395   1377.2909
      724.9284      3.3876   2149.3433
     1382.9697    976.6707   1364.3998
      392.7230    268.4431   2225.4524
     2042.7958   2030.0464   1368.0526
     1696.9801   1989.2506    631.2542
     2194.4111    522.9074   1582.3275
     1386.3452   1634.0565    348.1647
      813.2460     17.1151   1874.8158
      669.9770   1122.5275   1196.6570
      404.4456    405.9995    852.8657
     1068.8640   1671.1753    630.8051
     2251.7603    444.7441    340.7330
      267.0397    293.3307    703.4465
     1909.0938   1414.4246    835.0464
      626.7581    299.1841   1569.3107
     2251.2039   1015.1338   2096.3589
      896.2473    371.1966    383.3302
     2210.4524    104.3230   2205.9802
      260.2960   1667.9124   2031.1882
     1346.4059   1919.7169   1254.2026
       34.1301    971.9875    531.9476
      700.5586    574.4609   1592.1887
     1241.5105    672.2112    139.0426
      462.1349    441.2477   1113.9769
     1336.7985   1847.6029     99.3029
     1222.9464   2249.7568    318.1753
     1988.5546    405.8349    226.8458
      321.7711   1634.0951    383.8290
      920.3323    820.6017    849.0671
      283.0964    941.0156   1887.1758
     1171.6882   1743.6898   2136.4980
     1220.3500   1082.9886    641.6191
     1655.2749    384.5504   2169.1282
     1465.6351   1467.4298   1540.7620
     1809.1709   1102.6356     77.1629
     1768.9022    856.5957   1094.6956
       72.5185   2251.8359    122.1401
      277.5477    524.6118     48.0166
      875.0543    100.7323    393.2871
     1478.3007    954.3307    459.2617
      377.3379   1993.4402   1239.8704
     1382.3528   1519.1675    855.5423
     1694.1199    948.9644    632.5432
      764.6301    444.8748   1081.2025
      682.3046   2073.8145    589.7119
     2206.1973   1798.0504    945.5413
      854.7630   1544.0488   1650.7327
     1420.7336    703.1726    340.5882
      937.7097   1883.0654    209.1804
     1730.2150    477.9565   1926.0999
       75.8746   1823.3867   1602.7450
      834.3408    897.8893   1216.8398
     1166.6461     44.5203   1263.8997
      279.7678   2168.4353    845.5305
     2142.3223   1788.7010   1381.3317
     1155.3662   2002.9561    169.5822
     2121.1758   1336.1992    935.6827
     1556.8114   2177.5396   1513.6917
     1237.4094   1486.5068   1723.4468
      638.9393    627.1193   1217.9735
      232.3778    550.6006    815.8324
     1342.1001   1623.1058    643.9066
      390.3193   2235.9307   1662.5970
     1171.3105   2230.7302   1992.4424
     1458.2004     93.5006   1991.1140
     1565.1803    488.5071   1490.3956
     1086.0789   2207.1687    520.7637
      440.7467   1345.4260    944.3584
       26.5933   1166.9385    999.3286
     1165.2064   1528.3864   2252.0957
     1067.9363   2199.8086   1510.8488
     2015.3883   1979.2148   1698.1184
     1324.0426   2106.2798   1591.9139
     1177.6224   1122.3433    141.1324
     1097.9176    484.1031    253.6341
     1156.6199    842.6134    302.7356
      642.4180    291.1187   1191.9191
     1824.2576    352.9999    405.7094
     1104.4586   1769.6195   1153.1171
     1717.8035   1500.4708   1578.0626
     1235.1155    580.1877    895.7659
      371.2022    914.1381   1438.7914
      678.4377   1405.0857    998.2952
      753.2286   1323.6407   1763.3164
      235.7953   2070.2229     14.5926
     1405.0886   1886.7753   1471.6874
     1641.8186   1928.7136   2005.2917
     2127.6973   1635.6989    285.5535
        8.9376   1905.4550   2245.7458
     1711.3673   1307.6252    980.5563
      205.9203   1100.6611   1280.4468
      590.7701    235.8127    965.6157
      974.2914   1121.1136    540.2661
      358.7750   1734.8910   1694.8348
     1638.5892    916.7902      8.7444
     1142.7960    562.9880   1228.4797
     1069.9089    208.2719    169.1439
        8.2863   2041.3511   1769.5902
     1629.5759   1070.3219   1816.6620
     1180.5963   1764.1426    292.8643
     2129.4907    963.5052   1683.1256
     1888.8628    946.3245    871.7219
     1253.6785    180.0525   2076.0176
     1380.4012    632.8433   1102.8988
     2258.0076   1510.3879   1909.2208
     2160.9150    321.8487    619.2460
     1124.2451   1471.8190   1977.5145
     2054.7251   1461.1191   1745.4968
     1596.8489    301.6281    341.5677
     2173.7397   1376.9811   1560.7181
      902.2430   2237.1104   1233.5188
      526.5597   1284.6737     93.7219
     1785.9863    473.1921    816.8576
     2197.9519    217.5104    959.6591
     1892.0999   2040.7683    183.1450
       28.6757    557.2766   1275.7512
      467.4369    293.1540   2013.3905
     1704.5009   1134.8801   2117.9258
      927.5462   1953.8855   1113.5703
     1999.7987    498.9287   1841.0027
      208.9784   1557.0477      6.4133
     2065.9287   1973.1385    443.6700
      713.4857    589.1205    244.9203
      189.9804    619.9662   1919.4375
     1333.1613   2121.4404    541.7891
     2041.7434    820.3794   2156.0132
     1827.3524    927.0866   2082.9636
     2037.8096   1346.9447   2211.7029
      866.8431    565.0969    844.4592
     1352.4177   1382.5396    364.5344
     1726.8749   2120.0081    357.6701
      504.7725   1333.0383   1204.0466
     1670.1193   1603.6389     95.6157
     1034.9436    600.1793   1949.3988
     1892.3883   2136.8979    547.7810
      463.7741   1736.1312    777.7605
     2079.2634    298.1650   1726.8456
     1908.9318    650.1652    960.5723
     2136.5884   1194.6099   1750.4773
     1069.4131   1005.5645   2026.5020
      152.5494   2230.6421   1670.7450
     1295.6982   1873.6251   1723.5364
     2208.3960    639.3409   1036.1174
      958.2602    298.0815   2203.3418
      328.7865   1508.4149   1770.6917
     2071.2378   1133.8302   1439.2485
      570.4774   2014.8344    368.5605
       76.9845    927.6093   1484.6495
     2006.8827    487.4042    467.8567
     2176.5569   1678.4225     24.9522
     1558.8843    961.7606   2026.8239
     1841.0338   1293.2244   1195.2733
     1220.9137    598.4583   2147.2830
     1544.4095   2152.3989    588.7866
      319.6980   1449.8239    178.9556
     1638.4409    348.4964    619.8947
     2156.5547   1131.1941    764.0739
     1794.0685    567.6356    551.9445
       85.1353   1989.4407    208.0779
     1850.5765   2030.5012   2127.3616
     1030.1594   1304.1083    972.0868
      602.0112    826.2209   2148.9058
     2236.3306   2226.4871    878.3881
       83.6260   1290.5618   1336.4269
     1656.6007    510.4934    280.1244
      921.9218    653.8084   1237.2356
       11.1221   1695.5758   2048.9983
     2238.3091   1187.2611     32.8257
     1424.2361     90.3360      2.5998
     2101.3218   1023.9817   1017.7919
     2261.8306   2054.9485   1547.2712
     1521.0356   1498.2606    509.2524
       39.0123   2126.2776   2122.2915
      951.6693   2010.0587   1374.2863
      438.4819   1186.8954   2088.4299
     1404.1582   1567.5181    128.7297
      753.1041   1974.8606   1597.2032
     1362.3383   1339.6802    681.0260
     1733.7736    381.6506   1682.6907
     1544.1991    531.4362    780.0822
     1211.3193    627.8982    417.8139
     1490.6572   1713.0291    863.8828
      319.1354     80.4554     85.7378
     1848.3462    792.4781     29.3683
     1748.9438     46.9855   1070.7689
        7.5968   1472.1898   2153.4722
     1184.8007   2019.7893   2200.6599
     2195.9299   1655.6582    583.6989
      560.1321   1252.5876    771.6721
     1825.9578    647.8380   1230.5085
      367.3291   2257.3804   1277.5984
      518.9500   1945.0494    118.7154
     1860.8961   2018.5112    810.9864
     1796.1394   2052.1812   1769.6550
     1567.9066   1525.5717   1068.5098
     1950.8674   1253.7633    629.5217
      297.1151   1727.5626   1156.4474
      597.5020    563.6306   1995.9753
      393.9803   1675.7690    153.9743
     1150.6954   2072.5652   1218.3446
     1644.6200    142.9934   1600.7102
     1348.0079    475.6255   1344.3822
      736.4335    266.1248   1805.2111
     1525.7009    295.2852    133.1305
      137.8973    978.9034     63.6639
      822.8397    193.6257   1088.1096
     1429.5474   1993.0504    898.1117
      321.6503    901.9871   1106.9761
      779.7950   1067.8040   1425.2213
     2094.1423   2142.9990    694.3287
     1940.2087   1679.0599   1778.3535
      283.1354   1097.2858   1598.7720
      753.1505    639.9414   2238.0662
      909.6490   1763.7898   1506.5430
      496.4864    407.5451    171.5684
      215.5560    331.2903   1034.6044
     1795.0552    864.8113   1391.2179
     1513.2219   1726.0491   2210.5437
     1281.9114   1382.9558   1045.0468
     1604.5510   1234.5330    202.4008
      817.5939    527.8334   1840.8542
      751.0388    232.6351    563.5072
     2081.9915    436.1150    906.0910
       57.9929     79.7031   1172.6796
      836.7900   1764.5670   1257.1309
     1977.9143   1758.0763   1181.9548
      240.2306   1491.6603   1288.2709
     1814.0554    558.7784     61.5318
      117.7667   1482.4331    646.6049
     2165.1924    827.4058    661.8216
     1434.6378    969.4803   1654.8999
      194.1989    241.0678   1314.3202
      828.8453    312.4664    844.0322
     1330.9414     27.1532   1788.8214
     1581.5443    581.6965   1260.6804
      555.9424    863.0937    582.2155
     1698.2661    767.6687    852.2141
      814.8120   1910.7178    861.6255
     1798.8162    392.4816   1064.7120
     1695.8798    189.8380    829.8663
     2058.7339   2180.1895   1879.8512
      476.2458   2048.5127   2149.6223
      780.2773    190.4304   1409.0875
       63.8474    959.3469    835.8118
     1184.2499   1261.1946   1855.4309
     2050.7791   1454.5187    465.0071
       37.6460   1483.3690    136.4566
      943.9795   1032.5450    275.4479
      934.3700   1959.1301    628.9142
     1667.5809    188.9316   1845.5712
     1942.7095    470.2981   1557.5702
      111.3628   1567.4504    362.3984
     1630.2827   1739.5947   1534.3074
      440.7293    927.4738   1705.8910
     1355.4218   2178.9243   1333.0381
     1505.7081   2223.5620    335.7690
     1979.7664   1744.5104    435.9174
     1911.7610   1736.4655    154.5880
      300.1445    384.5684   1833.2916
     1766.0961   1737.2137   2173.3618
     1927.0935    249.1784    890.8898
     2005.2200   1292.5690   1971.2603
      990.9808    975.1515     54.9565
      579.1354     55.0686   1904.3978
      355.4470    537.4299    558.3520
      863.8333   1480.4619     56.9888
     2131.3809   1880.9182    235.2891
     1195.0991   1435.3821   1495.3018
     1131.7006   2083.8269   1763.3381
     1126.5071   1818.3314   1363.5521
      339.5478    774.4206    457.1907
     1232.5099    999.6125   1810.1952
     1720.5472   1894.1086     62.3999
      242.8986    990.2094    326.6357
      971.5309     91.6394   2055.0962
     2224.5537     30.9545    510.9975
      963.5870   1577.5909   2114.4839
     1640.1106   2112.4233   1234.0803
     1765.5067   1621.1226    884.7966
     1392.1520   1152.7295    260.5352
      357.9310    511.6605   2088.2144
      216.4825    788.0096    892.3901
      606.0893   1258.5833    495.2490
     1124.5469   1472.0922    801.9352
      658.9199   2249.2231   1664.3113
      522.8240   1369.8483   1960.4901
     1218.5901    913.4096     10.0737
     1463.3989   1104.3978    691.4016
     1809.3792    626.8414   1734.7765
     1433.4702   1071.4083   1131.8473
     1020.0441   1625.4683   1835.0667
     1020.9346   1774.0334    852.8143
      101.9888   1803.3132    430.0359
     1000.2924   2197.9148    255.1598
      408.2959    738.5590    704.3178
     1187.6627   1521.5734    483.3969
     1623.3512   2162.4092    875.7128
     1044.5599   1689.1232    101.0988
      231.8972   1757.2988    920.9824
      850.7510   1208.4067    147.0047
      202.4812     46.2712   2123.5889
      668.5241   1396.9105   2151.6133
      253.1970    479.7458   1290.7609
     1099.4366   1205.3781   1630.6974
      421.8682   1858.4303    521.3515
      839.1641    380.3560    129.0292
     1622.5405   2190.1821   1969.5048
     1668.9113   1851.6727    894.5748
     2132.5264     66.4855   1354.8939
     1924.5509   1829.9733    936.8207
      466.2166    613.0272    308.2308
      630.1617     12.9601   1234.8080
     2127.9832    950.1581     98.1042
     1599.2363   1376.7394   2250.0674
      146.1368    834.0530   1263.2961
     1010.3467    890.2466    576.2081
      429.0929   2178.2810   1049.7749
     1956.9922   1370.9608   1423.4957
     1999.7925   2177.3721   1547.1580
     1525.6974    846.0420   1119.8915
        8.0245   1096.6777    301.0268
     1852.0914    417.0248   1298.3754
     1461.9984    147.6449    485.0615
       16.0292    791.6339   2228.4014
      671.0606   2243.0542    987.7258
     1870.5924   1268.0930    349.8496
      425.6695    745.9242   2003.2496
       60.3955    597.7273    121.6072
      211.4365   2248.3870    621.3996
      947.0267    644.4864    435.7180
     1367.1260   1860.5126   2058.4402
      278.3029   2115.4211   1945.4043
     1309.2988    530.2612   1852.4688
       92.6746    455.6375    615.2624
     1751.8479   1086.5675   1068.2446
     1206.6190   1235.1075    820.4622
     1539.0609   1270.2471   1151.8137
     1830.0797    165.9803   1241.4369
     1412.0894   1161.6173   1847.9698
      504.3314   1086.6278    599.9783
     1508.0421    529.7764     50.8548
     1868.8499   2260.7009     46.4973
     1043.1006    447.0562   1460.1658
       14.4882    447.0150   1857.1356
      163.3528   1846.1310   1379.0868
      493.7699   1664.6938   1931.3535
     2029.0455   1150.4531    216.1654
      813.0833    938.8596   2063.5715
      371.6730    682.2378   1234.3088
      598.1816   1521.5160     95.3671
      499.6465   2101.9863   1865.8540
     1095.3197    863.2084   1270.1141
     1533.9938   1676.7538   1281.9301
     1667.0887   1454.8372   1342.3676
      452.3768    221.2451   1750.4429
      606.6533    782.7211    876.4652
     1972.6752    774.6320   1879.9734
     1862.4363    732.6042    718.1040
     1021.1973   1103.9689   1365.9564
      203.4911   1234.9718    219.8763
     1266.1808   1774.1307    852.8322
     1427.5723     41.0033    978.4145
     1750.3771   1398.9838    467.0606
      555.1171    457.9161   1814.9198
     1600.7954   1446.3069    269.3872
      553.8464   1118.2568   1757.7271
     1888.5098    287.1006   1924.5601
     2064.5344    640.1332   1364.7068
     1109.2131   2247.9802    744.1354
      732.0412   1511.8212   1954.9601
      300.3983   1864.8770    263.1887
      255.3606    959.3593    656.8636
      403.0333   1457.7655   2156.9932
     1416.7972    895.8703    715.2217
     1780.9298   1677.5391   1355.0909
      996.0186   1393.6566   1793.6390
      522.0528   2033.5472   1552.7247
     1596.9480   1030.2559    882.8766
     1879.6362   1066.9919   1570.7413
      665.0901    249.4340    319.4888
     1639.0665   1050.0891   1289.2733
     1199.8450   1533.5135    231.2454
     1049.0280    936.4583   1033.6804
     1245.5909   1212.7527   1359.7422
      848.6355    150.5961   1638.1414
      999.6038    220.9588    620.2805
     2064.1338   2185.5137   2129.6240
     1829.7035   1534.3099   1104.8312
     2252.8618   1329.4397    374.0445
     1159.3682   1937.1132   1952.1163
      485.9661    662.6852      9.5825
     1797.1888   1423.9896   1817.5167
      971.7258    281.9071   1875.5117
      452.3206    138.0497    295.4179
     1089.5668   1967.8729    415.8318
     1803.1332   1875.0763    350.3235
      511.4847   2217.2219    761.9734
     1632.0999   2064.6768    174.3111
      512.2388     16.7964   1459.2201
     1123.6274    393.9044   2045.5314
      387.2443   1885.1184   1937.2627
      703.2577    972.2990    758.8452
     1529.1315   1885.0486   1108.0665
     1040.1392   1334.4366    125.7361
      999.2172   1862.0187   1732.1803
       49.6678   2020.2831    607.5830
      469.7545   1530.4216   1508.1644
      240.7693   1681.7524    602.6302
     1502.6136    517.3839    490.4671
     1164.0024    256.5159   1626.4722
     1537.4569   1779.5751    221.8018
     1244.9358   1687.4049   1899.3273
      325.4453   1195.0795   1807.4395
      954.9396    356.0563   1238.7880
     2131.2754   1971.7018   1993.7371
      761.4565    972.3029    998.9118
     2066.1833   1012.2939   1909.1466
      212.3832   1280.2064   2231.9993
      517.4365   1480.4225    358.9947
     1705.0170    104.5546    530.5764
      670.7868   2256.7983    277.4295
     1186.0691     63.3092   2249.1152
     1109.1616    683.1113   1487.6218
     1912.3781   1169.7928    906.3115
      469.8788   1582.8540   1018.3463
     1268.6631    366.9047   1091.6807
     1483.1157    108.9055    741.3948
      600.3110   1804.6385   1022.6690
     1209.9252    815.2098   1989.1014
     2073.6292    106.2178    737.8576
     2141.3936   1669.5288   1616.3602
     1763.3164   1806.6617   1737.3406
      491.7372   1692.5898   2197.9856
     1437.7571   2124.3762   1126.1992
      681.6970   1604.7294   1200.7196
     1572.9564   1530.6514   2031.1185
     1965.3298    998.9944    651.7480
     2111.1055    791.6072    903.3962
      294.0937   1145.3358    499.1982
     1552.4484   1213.0134    497.6233
      933.5462   1502.3889   1122.3867
     1321.1073   1054.0884    897.9572
     1018.3362    760.1965   2165.6431
      601.9188    832.0581   1384.7721
     1407.2162    778.8993   2216.7375
     2201.8013    684.6188   1756.5919
     1298.7672   1029.7523   2070.0229
     2169.9343    360.8062     89.8766
      123.8552    298.3480   2254.7461
     1186.3065   1971.3604    691.6510
     2106.3450   1158.6626    483.3960
      631.9211    402.2907   2202.0359
        8.9395   1438.0652   1146.4274
     1468.2161   1099.1383      3.7105
      629.6123   1881.7064   2018.6573
      534.2192   2178.5764     78.7661
      619.5072    728.1790   1801.0538
     1349.2400   2154.8708   2114.2651
       76.0042   2002.0839    889.0215
     1005.7451    152.7952   1440.7104
      402.4774    969.6616    862.9188
      825.6659    833.6419    337.9248
       40.5893   2241.0752   1917.0225
     2012.3853   1950.4761     12.0506
      917.1880   1364.7979   2082.5613
     1886.9379   1283.1492   1666.3162
      243.5506    368.2042    221.1169
     1712.4893   1749.5929   1119.3385
     1984.1652    179.5547   2153.9404
      284.7620   1197.4318    743.0634
      919.0571   2184.6885   1011.1614
     1056.0150    696.1215   1035.3119
       71.0826    822.6644    302.1673
     2185.3784   2169.5723   1115.6110
      892.2095   1481.9493    831.9683
     2177.1353    666.6884    470.4527
      424.3512   1235.4847    323.6612
      955.0015    723.8132    190.1321
      748.1233    231.0640   2076.5129
      102.4950   1893.3901   1136.7389
      209.6398    561.4418    370.5190
      877.7087    385.4333   1652.9301
     1242.0498    200.7472    868.1674
      815.7386    735.0995   1956.5123
     1261.9109    835.3467    554.9221
     1985.4274   2258.5129    926.1754
     1280.9738     70.6679   1508.2467
     1454.0737    830.1106   1871.5043
     1633.4452    582.9535   1002.4218
     1622.5760     59.9436    157.3266
      772.8004   1989.4132   1833.7817
     1348.2458   2146.9250    126.5294
     1862.1936   1545.7183    270.0829
      379.5211    936.3411   2204.6282
     2091.8538   1861.0474    707.4785
     1844.0878   1124.6770   1903.3898
     2106.4707    920.5798    375.2736
     1568.1882   1949.9181   1671.0769
     1550.6644    336.7168   1256.6250
      928.7147   1782.2716    417.0048
     2060.3958   2026.7263    952.8547
      569.9229   1753.7177    288.6231
      371.3362   1928.0557    996.6624
      766.5992   1344.1840   1258.9053
     1336.2319   2167.8088    787.4313
      457.8292     62.5001   2133.7283
     1323.3645    356.4547    437.0185
      964.9579   2101.1492   1998.4585
     2064.0103   1411.3442    211.1531
      965.1243   1143.5820   1871.3958
     1083.5200   1317.9915   1248.9421
     1931.4877    994.2394   1235.7440
      779.3414   1199.9684    913.3287
     1581.7775    217.9243   1043.2386
     1202.9878    267.1060   1357.9109
      114.3931     12.7927   1427.4786
      637.1768   1594.4696    855.0898
     1196.1896   1125.6160   1101.7051
     1492.4071   1250.2596   1395.6506
     2027.8174    477.5903   1148.3594
     1453.7214    361.2162    942.3981
     1785.7653   2057.1350   1501.2059
      583.1626   2037.0569    867.4799
      734.3392   1048.9613    492.2677
      592.7051   1566.7797   1725.9906
     1127.6951   1290.4559    344.7698
     1586.9459    724.2833    598.0798
      340.1143   1941.2161    730.6550
      966.8148    132.8830    873.9606
     2127.5334    383.5110   2030.8005
     1625.6028   1296.0533   1939.8698
     1964.3146    203.0020   1515.1201
       89.5632    145.2137    735.4548
     1180.6389    819.2364    805.6548
      192.0468   2127.3516   1094.8676
     1137.4612   1688.6099   1609.1876
     1410.0793   1471.9352   1238.7825
     1823.2333      0.5939    745.1201
     1099.7639    494.0771   1717.3490
     1842.9454    936.6159    251.4416
      494.9980    943.8068    371.0370
      123.3488    260.5444   2016.2369
     2028.4092   1650.0145    781.2915
     1502.9536   2002.7599   2205.9753
     1523.8005   1764.6528   1873.1490
     1795.6489   1645.4923   1969.5529
       83.2416   1817.4442    711.8040
     1257.0464    119.4889    614.7504
     1126.7188   1282.4556   2132.2278
