      874.5881   1873.1440    140.1721
      536.4233   1182.6697    566.0657
     1204.5153   1601.2703     74.0899
     1433.5806    566.9625   2121.2769
      702.6649   1597.5791    842.0236
      318.9464    826.0225   1112.3380
     1786.1058   1288.8025    603.5034
     1593.2510   2186.7361    994.5602
     1394.0010     82.8788    900.2834
     1197.3042   1829.4385   2203.8203
      827.4709   1088.1724   1433.9664
      875.6749    154.1568     58.3414
     1670.4741   2061.7678    463.1633
      713.3477   2173.6558    840.3657
     1884.2034    445.6789   1117.3179
      177.4122   1118.2595   1809.4998
      688.7883   1411.9729    648.0069
     1130.9622     34.4213   1527.3688
     2226.5735   2043.3213   2115.6660
     1955.0778    819.3049   1862.8766
     1586.2225   2125.3704   1275.0034
     1400.6581   1598.4023   1407.9319
      355.5498   1338.6600   2118.9377
     1106.7889   1760.7272   1873.4717
     1318.5089    873.5612    562.2354
      400.9047   2088.1833   1418.1454
     1079.1920   1284.5846   1247.8057
     1612.6167   2102.7393   2034.6475
     2050.7825   2128.6890     27.9582
     2171.9045    210.5686    521.1674
      369.5338   1008.7124    454.3698
      157.3355    776.1559    603.5602
      549.6659    157.3212    923.3520
     1757.1542   1581.6953    833.3790
     1167.5370   1046.3219   1836.6078
      963.6611    332.9922    442.4781
      701.9446   2028.1439   2170.0752
      658.5051    313.0836   1886.7010
     1618.9291    132.0708    640.3291
     1308.0339   2092.1807   2240.2170
      433.0549   1060.4360   1219.6776
      657.5800    238.9114    220.7261
      480.1387    444.1144    923.6784
      820.8772   1868.8962    752.7762
     2058.2922     87.6963   1438.0729
     1963.4215     31.0522   1789.1638
     1147.4325    100.5464    948.7625
     1615.8842   1383.6122    920.2028
      272.4982    641.1273   1768.3445
      713.8790   1011.9888   2255.5898
      249.0993    946.4771    821.7932
      683.0006   1383.6160    350.9341
      677.3068   1292.2015   1791.3087
     1882.5287   1180.4219    109.9332
      693.5118   1839.4594   1581.0577
     1824.5382     16.6676   1171.8700
     1259.5532   1623.2831    612.9865
      397.5304     11.2609     69.0776
     1629.3617   1631.9242    534.4685
     1211.6757    217.7671   1787.7772
     2213.9290   1886.2668    483.3961
     2137.7314    976.6827    873.2745
      339.5988    182.8633   1820.9960
       14.8767    658.1552    857.7835
     2193.5391   1214.3792     34.7682
     1120.0441   1528.0387    867.5168
     1820.2308    954.2031    620.9051
     1367.3943   1291.0004     25.2243
      950.4794    623.6691    732.4551
     1521.7268    446.8799   1710.8373
      863.7948   1315.0833    929.5279
     1830.6829   1938.4698   1626.3977
     1568.7855   1199.2419   1441.0405
      318.3972    952.0809   1947.5728
     2087.1282    204.2196   1026.3667
       62.4531    200.6627   1859.9474
      628.6865   1560.3838     51.5865
      884.7935    168.8847    864.4334
     1182.7220    673.5979   2196.9890
     1266.0840   1922.9777    701.4353
     1948.9678   1729.7002    518.2829
      636.8764    672.4379   1155.1948
      726.3218   1651.3671    393.4712
     1295.8420    767.4377    259.3116
     2128.7434   1446.3491   1591.3638
      599.8499   2045.7764   1094.5731
       76.2238    857.8179     39.7474
     1424.3534   1634.8756    853.5358
     1145.6084   1653.5635   1580.9574
     1085.5906    367.1103    203.4182
      281.5086   1109.1687   1451.9075
     2241.6550    319.4727   1508.0122
      388.0319   1782.2205    869.1874
     1405.7604   1315.6752   1925.1553
     1563.1294    342.2916      9.8317
      924.6874   2098.2000    378.1590
     1166.7755     71.9413    228.8570
      225.2898    838.6623   1336.4081
        4.7497      1.2214   1035.2665
      268.5127   1825.4958   1640.8301
     2054.8213   1424.1078   1960.6987
     1659.4683    979.4896   1410.5974
      379.8757   1679.7386    262.6665
     1631.7483   1142.8102   2052.4766
     1635.2738   1863.1392   1005.6849
      184.5977   1828.7842    671.9305
     1981.7583    353.7513   2236.1484
     1769.1263   1899.2161    162.4465
      926.4860    600.6772   1576.2186
       46.4750    741.2776   1132.9500
     1260.9167    517.1038   1686.9889
     1325.7412     71.2161   1187.6106
      417.5270   1470.9603   1343.9225
     1728.3154    876.9414   2023.7443
      142.1247    479.5789    203.2655
      342.1208   1518.1982   1058.8535
     1492.9103    568.4834    805.9129
     1864.3615   1680.1786   1514.2540
      879.4802   2192.7070   1575.3550
     2211.0276   1195.0796   1378.8535
     2224.0789   2060.2595    721.3050
      256.1358   1344.7866    212.7729
      404.2128    649.9490    548.2349
     1130.4109    942.9392   1261.4229
     1940.8844    273.9070   1910.6812
     1840.9302   2120.7090    757.7631
      282.4459    529.9918   1138.7589
     2249.7673    302.1478   2155.7310
     1771.0892    494.3871    861.2217
     1340.5612    806.9763   1949.3964
     1019.2767   2146.8535    913.5287
      612.6474   1545.6501   1534.3593
       99.0647    297.0027   1222.4264
     1846.8590   1664.1987   1072.9307
       88.9591   1977.2711   1792.7426
     1621.0403   1191.9358    120.0679
      669.9354    404.0941   1354.3501
      280.4821    436.2652   1641.2974
      563.7024    937.4509   1010.2709
      968.3948    232.3505   1173.6562
      924.0518    767.6100   1196.5034
      317.9213    622.6178     55.5565
      919.1970   1563.8636    139.1539
      650.3445   1182.2585    800.9805
      617.3812   1131.1263    253.4174
     2175.8728   1729.2799    781.7140
      731.6142    144.2317    490.8958
      222.9515     15.6481    667.7499
      628.1907    795.8655    154.4571
     1803.8685   1686.9060   1811.5059
     1392.6395   1021.8633   1115.6948
     1370.3286   1970.1368   1979.4240
      510.0609     94.4412   1565.8246
     1775.3838      3.0120    291.6687
      645.6400   1824.4133    980.7193
      901.5159   1706.6398   2136.8086
      549.6183   1265.3531   1378.2020
     1050.1007   1890.0441    575.0548
     1024.8781   2260.7488   1822.3542
     2125.3184   2010.2650   1564.4226
      598.8653    576.1082   2095.9089
      405.0647    455.6292    337.8772
       80.0915   1562.6766   1188.9910
      331.0536   1906.0400     41.6524
     2096.5166    847.4644   2119.8638
     1519.2567    819.6979   1218.5326
     1343.9274   1075.0216    763.3738
     1054.2887   1324.4716    350.5671
      720.3356   1951.5114    489.8271
     1314.5822    332.1013    731.1447
     1113.7987   1321.6569     90.4858
     1219.1196    530.5333    431.9940
     1743.9368    656.1890    533.0646
     1582.2059    660.8367   1878.0687
     1535.5923    951.5036    350.2538
      376.5308   1171.9338    928.3926
     2009.5215    679.3730      8.3197
     1210.1432    667.1556   1121.7598
      213.5247   1259.7225   1146.1927
      320.2310   1514.6315   1606.2913
     1372.1747   1321.3413   1299.2694
      262.8021   2104.5237   1126.3481
      428.1076   1944.7441   1989.4207
     1099.5685    399.7770   1435.3185
     1855.8657    730.6959   1281.0975
      685.8642   2237.6921    237.1071
     1903.1844   1005.4304   1162.7488
     1616.8499   1066.9221    812.1747
      647.5054    480.2051    479.6147
      626.0239    591.3739   1765.8334
      517.8719   2112.0615    673.4036
     1361.4285   1823.4662   1188.6975
      119.5793   1821.4558   2202.9136
      646.2231    839.9960   1368.6113
      470.1427   1804.5443    547.3899
      644.7224   1732.7379   2020.7756
      665.8492   1431.5835   2059.1206
     1003.6663    327.9508    736.3526
     2252.0005   1481.2775   2140.7505
      528.1895    379.5174   1637.9377
     1376.8142    305.8491   1963.6941
      566.8445   1117.6315   1949.4443
       67.3043   2003.8810    960.8865
       71.3681   1668.1425    188.5374
       17.4298    735.0495   1890.1108
     1247.0078   1385.4214   1553.2539
      711.5892    875.5963    442.8142
     1707.1340   1387.6251   1305.1416
     1612.9779   1829.2469   1398.2795
      967.4634    298.8617   1714.8859
     2019.6227    659.3933   1024.2163
     2160.1946   1744.2523   1948.3898
     1458.7361   1212.9836    451.6883
     1264.0481   2083.7646   1349.1799
     2009.9028   2157.3118   1003.7512
     1501.5753    361.5652   1215.0681
     2173.1404    338.0698    146.2310
     1073.4075   1756.9734   1254.8906
     1652.1681    719.0837    231.6579
      558.1304    300.8415   2143.9980
      771.2637   1205.6898   1179.3662
      971.2371    774.4141    106.3935
     1089.3459   1098.2136   1025.6650
      311.4032    438.0692   1963.8792
      963.2089    472.4950   1010.5054
      841.3455   1303.4720     35.6145
     1678.2666   1007.8068   1725.5031
     1565.7178   1788.4077   2230.4053
     1086.0228    870.6615    759.3308
      735.3185     57.4077   1730.2151
      852.4719   1637.3334   1834.7555
     2125.1133    709.6979   1663.0365
     1083.7249    725.8296   1855.7126
      150.2462    363.1554    621.1620
     1599.6799   1566.3948   1141.6841
     1933.1136    318.8907   1364.1062
     1366.9923   1880.0826   1509.2313
      408.3278   1012.0361   1681.9624
      426.5537    575.3248   1346.3301
      730.8055   2026.5304   1369.7878
     1822.9031     97.2170   2168.8899
     1765.5245   2160.0398     15.4596
     1328.3339   1450.8528    324.6904
     1492.7573    823.7484   2180.5981
       54.9273   1119.1420    672.5893
      461.5007    866.5753   2213.4258
     1937.6364   1915.4691    782.2697
       20.8426    471.8466   1808.8110
     1951.7179    277.3048    322.9759
     1861.3582   1338.6340   1768.6993
      888.6545   1627.8429   1409.8770
     1027.9213   1309.3441    684.4792
     1958.6541   1852.9224   1331.5363
     2083.8721    513.9663   1996.1663
     1721.7361   1618.6176    295.2805
     1058.4950   1797.6669    901.1696
      845.1124    793.1565   2126.6833
     1269.6744    362.5011    982.0870
     1402.5776     16.1023   1890.7562
     1108.9763    759.7501   1547.8959
      239.4867    175.2024   2095.3345
     1357.2834    976.6669   1445.9474
      912.8831    204.9712   1988.9181
     1612.1339   1425.6906   1568.2720
     2216.9541   2179.9609    470.8988
     2169.4902    817.1649   1364.0990
      844.7600   1145.6761    447.4401
      706.3271     55.5643   2159.3562
      635.8184   1130.6187   1596.4995
     1040.0842     84.6988    561.9742
      755.0142    424.8933    727.4659
     1790.5037    502.3587    173.9230
      209.0592    128.3151    371.3749
     2129.4919   1190.8062    346.4655
      268.6533    249.9514   1423.8699
     2016.9203   1456.9720   2235.1326
      886.4349    586.8763    376.3370
     2136.8701     37.0503   2041.5675
      718.5883   1934.4325   1881.4645
     1835.3226   2180.6995   1457.6653
      123.6367   1118.5162    346.9132
     1115.0842   1132.3245   1569.5409
     1198.3901    644.3256    702.6266
      432.9607    273.2344   1234.3667
     1362.1331   2184.8110    494.1134
     1130.2573   2049.6938    265.4261
     2105.6365    918.1626    500.9479
       74.8856   1402.0417    538.7158
      552.5135    884.6634    673.7098
      115.4941    900.1097   1585.2333
     1025.9526   2062.7466   2002.6786
      853.0815    985.9099    687.8564
     1161.9998    389.7321   2162.8018
      882.1584   1038.0568   1736.9672
     2104.9358    927.3138    186.6068
     1793.5344    885.7167    924.0436
      386.9124   2141.3098    327.2520
      301.0948    322.1243     87.4917
      457.9226     74.8362    542.1320
     1223.8026    956.4219      5.2015
      821.7661   2174.8828    609.5801
     1223.2031   1214.8590    544.4821
     1605.3051    426.7061    464.2173
      865.6222    207.7422   1459.4979
     1061.8253   1883.5282   1494.9678
     1839.4950   1970.0071   1111.6432
      418.0930   1642.7750   1860.4375
     1958.9994    344.3917    629.4120
      302.8352   1248.2366    543.5345
     1705.2106    435.0162   2002.0231
      125.1851   1958.6927   1457.7549
      915.9504    514.9976   1285.9733
      886.0865    955.5452    966.6268
      242.9800   1953.0409    386.8576
     2233.8398   1856.2542   1276.9823
     1221.1779   1740.6294    327.0702
     1966.9973   1361.4004   1156.7107
      998.1857   2174.5574   1281.6409
     1006.4106   1430.5254   2151.0647
      383.6381    680.4346    883.4664
      292.6336    117.8369   1081.1644
     1454.5524   1875.9454    486.7054
      586.7000   2092.7251   1672.6896
      892.1238   1982.6277   1740.6100
     1450.0366    181.9225   1646.0107
     1334.4874    266.6562   1411.0837
     1448.9822   2131.8201    768.1905
      919.2996   1091.0422    205.4958
      122.0923    963.3890   1090.9249
      986.9764   1036.3530   2096.4592
     1505.3470   2158.0854   1561.8829
     2205.8411   1150.3883   2005.1824
     1713.4380   2151.6396   1759.7006
     1820.7976    906.6063     63.0755
     1405.8152    496.5814    193.9698
      740.5411    673.6668    885.5244
      140.6785    363.6158    914.6202
     1810.6235    185.4655    882.8286
     1293.0258   1577.5190   1120.4907
     1073.0381   1317.9741   1823.4572
     1378.9023    819.7285    874.1621
      466.2195    793.6486   1553.3574
      364.2869   1450.2936    733.1218
      849.7892   1385.4639   1490.6945
      187.6834   1669.5333    456.2129
     1260.2157   1123.7833   2066.2537
     1663.2371   1870.2146   1938.2190
     2056.4478   1478.0024    598.3821
      170.6209   1694.2465   1936.2999
     2046.4724   1154.5264    676.5234
      626.1202   1615.8726   1186.5618
      582.7117     68.8043   1297.5723
     1307.1323   1292.2919    947.2410
      504.1706   1796.7491   1353.4976
     1221.2987   1042.0779    303.0508
     1578.2101    567.8484   1096.9153
      428.2935    292.6809    645.8364
      269.0593   2183.4211   1689.2570
     1345.2506    559.1629   1423.2123
      966.9511   2131.9863     12.5405
     2146.4548   1054.4792   1750.9460
     1983.6146    751.3570    712.1787
      963.7530    501.4973   1911.9330
     1700.4050    195.0130   1261.1548
     2112.2310   1766.1687   1011.9881
     2193.7603    509.8367    541.8353
     1221.9623   1618.1682   2073.5684
     2161.6714   1726.9714   1616.2960
     1225.0863    246.2700    393.3017
     2102.6160   1579.4109   1321.8004
      840.2397   1869.7170   1176.0192
      414.1996   1492.0809    442.0197
     1904.2828     42.6697    553.9696
     2005.5833    559.2245   1451.5970
     2011.7970   1811.9226      3.2100
      123.8103     10.4461   1430.7872
      100.4993    540.4169   2159.1833
     1912.1997   1084.3357   1920.6345
     1325.6465   1540.7550   1771.2391
     1704.1360    164.0722   1884.3452
      140.2902   1575.5237    839.2455
     2092.6895   1795.0161    254.3196
      641.1918    509.0784    106.8446
      217.4004    761.9464   2091.7920
     1932.9429   2018.9722    493.9598
     1899.2961    509.3488   1757.2229
     1415.9769   1112.8937   1670.0569
     1841.5192   1661.0435   2114.4863
      365.5286    790.5424    266.9558
      969.7067   1587.1383    596.5495
     1462.6821   2120.1099    243.9463
      217.9857   1809.7263   1202.6469
     1716.2732   1471.7834     79.0498
      889.5259    444.6900   2221.7742
     1631.5165   1835.4396    732.7896
      367.5573   2116.2817    891.3146
     1600.8693    752.6893   1594.1276
     2234.6357    502.3092   1153.7596
     1979.9918    972.7075   1492.4924
      758.9433    788.9122   1652.4219
      488.5324   2246.0195   1976.4475
     1526.1776   1596.9689   1962.3365
     2141.5645     61.4077    807.3091
     1190.1984     95.9600   2145.1523
      161.1780   1344.4100   1488.3956
     1917.6832   1279.2690   1423.6780
      551.8607   1893.0945    168.7116
      152.7419    594.7473   1484.2274
     2069.5198    611.2801    272.8542
     2090.5569   1433.6611    279.8127
     1766.1970   1396.3142   2052.4319
     1884.7618   1227.1243    896.6020
     1466.3516     87.4405   2246.7751
     1234.0579   2022.8835   1026.2111
      359.4978   1105.0160     33.5060
     1456.6534    605.7469    458.9619
     2156.6746   1144.8933   1098.2423
     1545.1738    812.9868    680.3619
        7.0755   2005.6914    216.2265
     1925.1628   2016.6852   1969.5707
      575.6425   1358.5366   1026.2981
      639.3628    842.7683   1930.3448
     2175.5259   2173.3037   1253.6555
       30.1498   1288.0205    868.5870
     1570.6309    317.2828    899.6708
      722.9997    383.5136   1079.0520
      343.2270   1610.5521   2244.5266
     1790.3761   1335.7880    348.2371
     1543.9221    179.1338    314.9118
     1671.7577   1146.8966   1093.1444
     2254.6187   2244.0771   1692.2725
      999.6685    876.4863    378.3414
      202.5734   2133.4092   2069.0322
     1558.6887   1728.0922   1651.6416
      351.5721   1327.5353   1763.4529
     1427.0620   1749.4714    216.3931
     1270.9111   2072.1094   1703.8448
     1528.9316   1401.2068    606.6910
     1772.0635    274.2317   1564.1530
     2167.4036    401.2069    842.4819
       46.3950    781.2523    343.4444
     1200.5588   2201.7124    708.1766
       28.5644     16.3052    117.5680
     1882.0219    895.8691    319.0021
     2069.1018     12.8629    289.6794
       43.0671   1406.7955   1804.7703
     1484.9453   1521.4490   2254.3970
     2049.8118   1471.1763    910.0026
      959.0232   1530.3899   1130.0671
     1698.2212    539.1523   1398.3456
      782.5371   2253.7776   1157.6025
