      949.4384   2041.5515    205.7003
      916.4573   1262.1338    740.9185
     1294.7651   1684.1642     31.2707
     1112.5404    820.0210   1881.7264
      609.8052   1688.6827    731.7784
      722.6706    638.5950   1004.5502
     1918.7527   1241.8304   1099.0870
     1463.4774   2011.2678   1040.0885
     1325.2426    258.1264    859.6868
      930.9729   2121.4287   2242.4216
      810.0753   1417.1649   1457.8311
      923.6100    299.7829    122.7383
     1433.3195   2049.0388    326.7050
      484.7504   2211.1536    990.2808
     1831.0824    721.8828    909.7173
      158.5671   1401.6195   2014.6022
      750.9753   1490.9628    573.6680
     1258.3685     98.7179   1592.9734
     2060.8816   1730.6726   2189.3877
     2111.0349    397.7032   1815.4965
     1540.0040   1796.1431   1369.0074
     1038.9554   1778.2705   1706.4706
       52.5946   1281.0612   2217.8545
     1060.2128   1556.6127   1827.4398
     1236.7007    555.4913    787.9213
      214.8582   2247.9822   1661.2793
      835.9836   1180.8527   1015.6153
     1594.9054   2249.3213   1892.3948
     2032.1011   2243.7131    315.1620
     2003.9475    363.7819    342.5809
      779.0881    739.3331    384.2753
       91.7745    930.6609    699.7769
      184.3410     77.3566    551.1823
     1792.0350   1396.9163    878.7758
     1411.1084    890.8425   1740.4385
      904.4258    169.0596    397.0060
      759.6136   2108.8276   2020.2113
     1250.4781    307.9724   1725.4791
     1766.0782     22.4554    285.7820
     1411.8612   1969.5057   2159.8403
      285.6340   1396.0094   1314.9869
      339.6620    231.6633    151.3741
      533.1578    125.6528    819.7314
      803.2776   1924.2349    795.3259
     2096.4041    163.8458   1369.0438
     1828.3826     70.9063   1386.9700
     1201.2958    111.4499   1059.6616
     1312.5930   1251.0459    875.8123
      125.9888    329.5821   1932.9624
      754.0279   1010.9249   2176.5103
      546.4294    849.5151    984.8178
      864.7482   1323.6925    323.1722
      406.3266   1125.2632   1603.7604
     1731.7367   1021.5851    133.5917
      720.5090   1893.4919   1896.9703
     1789.5104    561.3091   1443.4323
     1657.9551   1402.6821    644.6401
     1029.3611     34.2977    214.2251
     1424.3290   1632.0261    669.7827
     1650.5696    749.5994   1608.2900
     2104.7551   1739.0801    468.1420
     2080.3975    609.6306    505.3230
      390.8868    360.4166   1612.6552
      282.1956    455.1884    624.8599
     2244.2751   1166.1959    392.4750
     1059.4764   1358.8248    972.6213
     1499.7714    948.5116    470.2294
     1526.1071   1242.1425     90.7692
      865.6514    290.1857    633.1873
     1402.3740    338.6905   1498.1746
     1174.0801   1179.3740    668.7823
     1938.2711   1939.5574   1741.4753
     1554.8820   1005.3796   1232.4678
      123.9143   1116.4260   1987.2688
     1752.8749    353.2267   1215.0602
      212.1007      1.7060   1994.4021
      791.0489   1617.9376     40.7760
      264.1075     70.8135    783.2088
     1133.5056    625.5996   2085.5027
     1518.1704   1774.1771    888.5602
     2118.0029   1407.5873    590.0449
      698.3016    973.8290   1169.8162
      737.9162   1789.2224    482.1071
     1633.1477    815.2855    268.4955
     1900.9744   1021.7363   1598.2998
      645.4356   1965.9161   1462.2333
      137.7512    887.5410    159.4721
     1720.2230   1670.4390   1256.4846
     1034.2076   1740.6957   1423.9971
     1183.5417    242.6289    219.8926
        3.9096   1284.4413   1778.6290
     1994.7190    184.5259   1888.5236
      138.1587   1730.0773    863.1567
     1460.0780   1481.6516   2156.8833
     1678.1881    539.4226    122.4519
      810.3882   2012.6381    546.5598
     1156.7952    160.8899    477.8798
       68.1195    964.8420   1466.3344
       18.3120     35.1012    896.1156
      140.9794   1816.3583   1786.4520
     1813.9305   1345.5426   1992.0428
     1765.7623   1050.4977   1390.0719
      389.7050   1705.8947    940.1014
     1607.0239    840.8107   2250.6260
     1757.3698   1939.7600   1349.8505
       62.0921   1431.3534    729.7114
     1469.9377    500.3788   1711.3392
     1553.4059   1834.3441    591.1671
      439.0095    928.3632   1771.9979
      371.4984    911.9937   1171.2327
     1314.0923   1239.2556   2129.1843
     1507.2611    103.9349   1432.2982
      514.4541   1762.3129   1129.6558
     2055.2732    691.7424   2034.8835
      196.8472    317.4862    391.2026
      237.8598   1725.0258   1139.3890
     1155.4509    344.2604    660.8168
     1906.5814   1799.0311   1513.6846
      861.0389   2168.9490   1505.5833
     2120.3643    973.6829   1334.3674
     2067.8982   2121.2654    839.6030
      494.4004   1121.4187    488.4292
      545.9608    654.8367    514.6876
      952.0931   1188.2252   1263.1862
     2189.1606    277.6972   2154.2295
     1538.0737   2248.5774    918.5234
      100.0068    555.4784   1182.3741
     2181.8860     33.0652   2257.6311
     1459.1093    761.2120    915.9833
     1984.9889    874.9427   1838.1241
      950.7117   2084.0969   1091.3933
      497.0031   1358.4187   1470.5135
      142.9340    253.2744    978.4495
     2016.5011   1764.9429    968.9526
       53.8699   1900.6052   2262.2485
     1388.4698   1430.0974    213.6856
      505.1184    514.4837   1286.7356
        6.5155    138.6512   1763.9921
      436.0878   1453.4258   1116.6422
      878.6198    356.1846   1091.2284
     1282.4546    185.7132   1266.8201
      344.5563    714.1143    136.5591
      866.8331   1599.4773    315.3170
      669.1818   1048.3531    837.1258
      715.9261   1260.4235    519.3883
     2133.8850   1607.1827   1163.0160
     1038.8262    387.0509    388.3211
      320.6310     61.4923    359.4808
      864.3054    873.2802    177.0365
     1967.7563   1206.8104   1791.9078
     1295.7937    560.6998   1528.4161
     1311.0630   1667.8057   1741.6582
      660.3693    423.5768   1525.5668
     1988.6920    155.8000    175.5363
      432.7979   2102.3679   1510.7107
      664.2555   1660.8866   2074.8103
      187.2193   1344.9279   1537.5286
     1030.6918   1858.9539    928.1277
      884.5817   1851.3792   2260.9470
     2102.2786   1786.1429   1852.9087
      728.8906    794.3070   1994.1185
      439.3516    342.0971    861.3696
      453.5927   1905.5197   1332.2146
      486.7443   2207.8181    180.1099
     2232.8208    511.5549   1989.6753
     1915.8163    763.6708   1336.9308
     1836.9940    882.1526    658.5499
     1548.5079   1259.1897    319.0043
      467.1051   2256.2388    552.6846
     1357.2815     78.7599    631.2116
      946.1857   1433.5344     62.0291
     1238.1244    494.8282    191.3055
     1852.4384    638.6293    599.6537
     1692.4044    805.7606   1335.7902
     1105.5065    945.2051    211.7906
      417.7120   1153.8887   1007.4692
     2070.8950    758.5659     25.1555
      999.4787    564.2062    984.1475
        5.0606   1235.3921   1339.5183
      332.4685   2027.6014   1753.3203
     1439.9464   1204.2125   1136.9150
       34.2065   2211.3000   1332.9386
      414.6862   1639.6764   2135.8679
     1050.5065    504.6170   1267.7537
     2125.1379     14.8688   1166.9642
     1151.6516   1935.4275     59.2779
     1984.6816   1215.1388   1367.5645
     1185.6096    917.9714   1107.7432
      856.1182    551.9126    704.1988
      536.6754    954.8503   2029.8713
      569.8984   2006.5278    582.3452
     1236.2469   1637.1853   1279.0046
      292.7961   1826.4137   2230.3547
      255.1242   1062.7115   1382.7296
      513.3282   1568.2100    540.2835
      881.0115   1263.6982   2137.6650
     1082.6416   1417.8344   2070.0437
      927.4288     57.1981   1051.9215
     2153.5032   1281.1488   1994.8069
      895.1343    393.1318   1434.3938
     1631.5194    382.0534   1928.1290
      191.2216   1101.6090   1728.3497
      212.1340   2203.8291   1030.0040
      129.2482   1717.1594    170.6186
      289.9043    896.6105   1990.9402
     1097.1698   1532.3483   1544.9899
      698.1679    994.9117    602.5053
     1761.8896   1337.1464   1383.0941
     1466.7356   1672.5281   1141.1107
      628.6045    725.5817   1521.7500
     2244.8354    748.8619   1303.9021
     2175.7537   1534.8226   2080.6682
     1749.8447   1005.6595    421.4898
      816.5013   1656.3711   1217.8116
     1759.8082   2165.6924   1202.5039
     1243.6952    644.8200   1048.6161
     1722.2294    297.4616    263.7713
      623.8870   1508.3165   1269.2472
     1921.0370    442.8568    105.7863
      577.4144    262.8283   1739.0537
      658.9252   1730.4346   1410.2329
      915.4963    540.6234    232.4876
     1012.1711   1481.4089   1291.0077
      189.7301    624.7719   1908.0348
      605.0898    411.2899   1089.1417
      888.3618   1163.5323    121.1152
     1852.4476    860.1548   2077.0596
     1797.6307   1683.6390   2219.0295
      925.5441    792.4365    606.2163
      967.6800      4.6651   1994.2006
      802.5645   1671.5835   1803.2336
     1950.6238    219.0886   2151.1763
      838.0717    609.9285   1576.0696
      234.4757    500.5996    873.0405
     2255.5896   1487.2114    955.5964
     1950.7439    360.1945   1355.8738
     1743.2201   1567.0758   1521.7179
      412.2491   1369.2205   2003.3479
      366.3042    642.3938   1719.9110
      839.9560   1912.2096   1624.2024
     1774.0461    128.3776   2021.3127
     2089.7463   2047.9189      9.8990
     1118.5104   1502.7695    283.3686
      970.1767   1023.5007   1988.7950
      115.4255    729.2799    812.8494
      114.4434    972.9146   2201.3914
     1828.0275   2056.8042    778.4362
      172.0078    458.9423   2158.3135
     1810.6642    532.4233    354.9243
     1714.3412    909.6693   1764.7626
      628.3586   2053.1877   1243.6078
     1096.7458   1061.7712    902.0997
     2020.7849   2147.3364   1370.9536
     1745.0596    363.5390   2195.6060
     1561.5070   1818.5953    302.1159
     1139.4369   1508.5236    778.3768
      713.5612   1128.9996   1907.5046
     1127.2997     85.1640    839.5334
     1122.0760    204.2993   1985.5743
      796.8114    819.9899   1369.9460
      366.1819     55.4695   2230.8792
     1435.8466   1151.8074   1835.5197
      861.3876    346.9159   1796.4669
     1973.4786   1634.7800   1682.2323
     1788.5779   1888.7789    505.4776
     2145.1099    864.8951   1647.7297
     1264.3304   1351.0209    449.2132
      905.2547    305.2288   2045.3385
      585.9933    990.7238   1486.3970
      836.9058    106.2843    814.0280
      920.2727   1004.1723    725.8270
     2259.2559    514.0314     55.0653
       64.5463    267.0389    658.6315
     2178.5588   1121.6937    662.6299
      628.9723     48.0374   1510.5157
     2129.4973    945.9046   2119.3005
     1359.2177    284.8027    427.4612
     2239.3635     78.8269   1987.9608
      377.5042   2053.9609   2177.6436
     1320.1390   2142.4392   1452.1991
      297.6137    638.9476    376.2761
      907.6677    858.8508   1585.1119
     1127.7389    632.6085    551.8920
      242.9165    381.8354   1368.0607
     1293.6187   2148.6265     85.3535
     1043.3636   2125.2500    421.9918
     2160.6802    846.5366    565.7039
      377.4237   1356.4565    578.6971
      710.0585    777.1597    732.3088
      152.8123    858.6421   1689.7646
     1113.5199   2040.3527   2089.9768
     1416.5930    991.7001   1014.3590
     1571.8727    588.1857   2127.9971
     1371.2212   1379.1709   1877.0122
     1938.3047    972.6127     29.0476
     1750.9673    996.0984    922.8597
      239.9035   2166.4983    141.9502
      202.4930    472.2232    168.3110
      678.9171    132.8940    575.4303
     1312.2202    572.9164    397.6823
      559.1518   1946.5695    926.8980
     1546.1610   1459.9420    926.9752
     1616.1024    681.8593    479.6083
     1021.3143    102.8655   1433.7802
     1103.5710   2186.2439   1296.2041
     2089.8882   1963.4650   1250.5242
      501.2911   1349.0221   1736.1068
     1469.2135    364.8903    147.5102
      498.5146   1793.0859    418.4972
     1812.1934    612.6472   2117.2285
      153.4483   1777.7712   1418.0620
      793.6186    562.3336   1265.5887
     1205.8528    395.5409   1048.8467
      159.4709   2121.2644    683.6348
     2253.7046   1693.0410   1616.0863
     1216.6771   1965.3137    300.5560
     2105.4529   1323.0634    829.1772
     1321.6124   2214.4451    888.2454
      907.2654   1306.5659   1899.7915
      598.7005    749.9640   1250.5876
      317.9350    421.3253   1123.1414
     1205.2874   1752.0227    725.6312
      635.5599   2046.5375   1702.0615
      954.1157   2035.5278   1836.2936
     1796.3378    251.1387   1766.7616
     1520.9584    227.9951   1737.7733
     1439.2574   2118.2273    558.0402
      891.6859    970.6062    417.0468
       67.6924    976.5530   1173.8494
     1093.6932   1143.6124   2244.6558
     1412.7283   2192.4014   1695.4360
     1946.9802   1432.0098   2141.8040
     1588.4746   2107.6748   1419.9022
     1459.5647    991.4032    204.7747
     1087.8351    680.4298     93.5324
      842.1364    873.5516    952.6347
      419.8710    614.4147   1043.4092
     1565.0864    224.9186    779.2047
     1314.7252   1442.7328   1551.7183
     1532.6903   1417.9341   1637.3535
     1352.4650    709.0323    624.4288
      379.7681    873.3602   1494.4819
      458.2267   1496.7734    790.4477
      808.4354   1457.2365   1724.5778
       73.4279   1910.4508    372.9410
     1775.1880   1453.4469   1792.4712
     1645.1162   2029.3774   1808.9718
     2188.5334   1497.6510    364.6108
       70.3701   1731.7244   2040.2654
     1888.3411   1332.4611    632.8521
      616.5162   1313.2167    976.7069
      752.9565    251.6124   1308.2821
     1146.6729    922.9168    542.0916
      133.9669   2009.5789   1571.4192
     1320.4966    803.2792     58.8445
     1337.7133    496.4984   1267.7362
      584.0894    424.0915    574.6365
       47.9722   2062.7791   1793.8241
     1781.2694    705.0491   1891.2520
     1044.1483   1753.8779    189.7143
     2199.0439   1033.5493   1849.6379
     1899.0017    777.4645    371.2317
     1340.3529    427.3982   1974.6606
     1539.3188    594.4338   1416.1239
     2220.3616   1457.2048   1578.2089
     2246.1353    516.6739    692.9846
     1242.1704   1580.8127   2007.8904
     2051.6609   1488.1394   1836.6718
     1478.3621     77.4423    246.5567
     2159.4185   1110.2139   1564.5698
      814.9409   2248.6848   1296.0309
      463.2365   1206.0924    131.3853
     2033.8297     76.8263    917.7037
     2225.2273    282.8566   1158.0288
     1795.6284   2030.6365    252.6748
       10.6134    398.4658   1388.3610
      349.8680    278.3400   2098.6099
     1964.4902   1081.5496   2026.0891
     1090.9292   1866.1423   1188.4525
     1881.2965    430.6375   1946.6854
      221.5246   1609.8003    365.7253
     2107.9851   1780.8431    175.6405
      725.6362    641.1531     91.3377
      389.1615    437.2366   1896.8749
     1682.4357   2238.8235    668.2706
     2031.6813    451.2361   2154.3374
     1699.2988   1126.9047   1880.4497
     1676.5056   1403.9984   2237.9712
      817.6769    490.2082    455.5302
     1009.8997   1428.1578    551.5598
     1638.7419   2069.3291    435.0699
      660.4089   1573.6429   1014.1431
     1699.9529   1515.5389    236.4747
     1072.3077    536.2885   1652.2068
     1684.8170   1645.9692    492.7045
      375.3617   1856.6693    718.3034
     1955.7047    401.0800   1614.8660
     2239.4829    536.2357    986.2422
     1913.9900    775.6816   1597.7405
     1196.5811   1060.8641   1701.6316
      481.3001   2116.9231   1876.8007
     1758.0419   1768.3208   1799.0734
     2151.4583    321.4108    888.9508
     1048.1312    108.7732   2243.8093
      343.0479   1839.2311   1539.2864
     1921.2415   1367.7228   1578.7952
      714.5786   2117.8611    103.8796
      160.7339    743.0078   1069.5739
     2230.5063    462.0335    389.9937
     2205.6025   1550.9185     72.3652
     1755.4685   1150.4749   2185.4602
     2015.4828    957.0651    834.5152
     1513.4841     12.9917   2137.3440
     1198.1742   2052.7017   1058.9064
      412.9511    950.5287     25.6208
     1642.4651    567.1352    722.8848
     2243.4209    913.2427    939.1552
     1565.2393    444.5248    382.6584
      581.6592   2006.5836    317.6595
     1894.5485   1908.5853   2025.2260
      675.3463   1214.7745   1265.4272
      872.3109    711.6454   1784.6982
     2243.8206   2068.9109   1066.0059
      132.9940   1490.8999   1156.4187
     1591.2944    143.0798    485.8575
     1031.2712    246.7836   1248.6296
      165.0242   1569.4148   2206.9102
     2161.3040   1312.8828    184.6142
     1334.5908    200.7974     13.5490
     1917.5194   1494.9659   1189.0409
     2182.0747   2221.5767   1554.8892
     1204.1877   1231.5282    214.1386
      103.0597   2156.4543   2196.9976
     1691.9498   1900.4738   1571.0647
      301.6540   1660.2449   1930.0116
     1400.7319   1888.8641    139.3983
     1187.3765   2190.9761   1835.2113
     1461.8314   1206.7305    534.4135
     1720.4719    506.7582   1696.0691
     1922.7683    520.6801    808.4783
      714.7840    381.4647    274.6275
     1570.9966   2013.2100    782.2780
       95.0832     78.7859    234.2798
     2061.7961    601.0046    228.7468
     2174.2502     23.3235    622.4267
       43.6541   1540.8455   1830.5673
     1453.1243   1739.4448   2042.7466
     2135.2141   1641.7032    744.5929
      813.4185   1461.8380    828.2846
     2118.6096    539.9849   1222.3799
      506.6855   2250.7124   1257.5819
      325.5239   1878.8018    248.2665
     1884.7346   2160.0342    492.4946
     1817.6306   2200.8750   1828.3595
     1738.2915   1646.1104   1027.8610
     1761.5798   1319.1223    428.8757
      360.1081   2005.4034   1109.7268
      587.1292    520.0914   2094.7217
      270.0810   1578.7828    645.8849
      887.9028   1965.3995   1325.4761
     1905.7969    125.7430   1141.8198
     1548.7496    658.8970   1875.7255
     1091.6908    467.7220   1903.0516
     1673.0076    146.5914     57.3483
      565.1412    874.0552    460.7629
     1137.0533    349.5824   1472.7148
     1320.1694   1983.1859    817.1067
      423.6671   1190.8959   1258.6245
      813.6412   1052.2389   1474.3483
     2072.6611   2030.8655    575.5172
     1948.1038   1655.0823   1981.4812
      398.4738   1140.5308   1915.5784
      786.7668    555.3291   1973.0164
     1166.0017   1957.6145   1478.1100
      566.5691    206.1326     46.5118
      669.8298    152.5136   1048.7380
     1879.0580    605.2257   1172.4818
     1705.2413   1619.7262   2021.7776
     1193.2987   1317.0730   1370.4774
     1308.3562   1057.8369     26.3064
     1040.1995    713.7117   1445.1028
      566.0547    570.5435    781.3638
     2064.4407    348.0889    610.2349
      378.5285    173.7758   1045.6719
     1345.2130   1911.9490   1292.4104
     1871.4027   2119.6812   1565.5388
       53.2698   1523.5287   1379.3998
     1814.5138    742.9207     91.3061
      153.1548   1196.4131   1149.5936
     2109.4473    684.0754    789.3134
     1603.0995   1024.7594   1580.2860
      376.7005    579.2310   1502.8124
      727.3633    348.7862    846.1221
     1369.2094    136.3783   1903.8674
     1412.9753    882.0881   1467.3306
      563.7994   1278.6296    727.5651
     2099.2520   1082.5342   1081.9250
      951.5184   1667.1660    604.7266
     1984.4204    384.0301   1070.4324
     1855.1184    260.2813    862.3949
     2094.6187   2184.2686   1814.6539
      592.8840   2195.7659   2178.2356
      630.1331    571.3953   1739.5105
       32.8799   1213.5022    924.1887
     1259.4086   1007.0322   2036.3750
     2033.8477   1285.4374    388.9680
      178.9630   1146.3475    198.5373
     1299.8589   1097.9727    386.4776
     1014.4202   2113.9563    874.8453
     1675.3445     19.4282   1651.7249
     1526.7412    360.4942   1246.4469
      132.2427   1395.3348    493.0926
     1555.7012   1695.5483   1618.0702
      240.0246   1349.7673   1791.3920
     1408.5881   2182.0112   1217.2023
     1258.8368   2247.3579    352.4450
     2071.6182   1959.8330    332.7664
     1905.8790   1526.2791    367.8303
      108.4207    164.6062   1480.7347
     1653.8212   1886.9442   2022.9441
     1859.7910    186.4551    435.1812
     2031.1476   1222.5133   2205.1057
      676.1201   1086.1871    301.1080
      466.7461     16.7286   1684.9417
      181.8266    173.7433   1209.4402
      641.9554   1553.0126    280.2265
     2250.0427   2098.3298    175.5199
      975.6744   1237.6564   1560.2950
     1067.0436   2163.5393   1602.9165
     1295.4695   1423.8650   1114.2568
      431.3062    421.1559    326.9068
     1201.9513    817.4682   1588.7849
     1650.8779   1919.4000     28.1345
      622.4041    871.7975    169.7652
      786.3506    127.0114   2143.7571
     2215.6169    155.5584    422.4783
      900.5193   1571.5359   2035.1575
     1915.4012   2017.6053   1058.4420
     1748.2106   1850.4767    859.7235
     1594.9431    846.4297    709.6687
      621.6854    276.1046   2002.2635
      422.0332    991.7462    755.9731
      402.0860   1592.1595    161.1649
     1398.9210   1385.7639    673.7704
      651.8823   1935.2979   2197.1187
      663.1482   1383.5603   1961.3267
     1034.1785    732.3948    352.4595
     1219.1746    877.6210    778.0931
     2003.0992    634.6537   1751.4901
     1381.8337   1183.6825   1587.7698
     1291.6025   1737.9431   1477.1660
     1272.7800   1783.0558   1047.3451
      273.1259   1818.0151    534.0086
     1309.6127   1710.4279    302.3302
      204.5542    986.0757    924.6968
      880.5942   1689.2269    873.2263
     1969.2377   1796.2366    706.0013
     1556.5165   1651.2791     93.6477
       39.5992   1870.6652    623.8763
      690.6627   1325.5371    148.5629
      135.7056    184.6936   2211.3550
      599.1641   1215.3071   2170.5776
      341.2926    118.7794   1445.9110
      690.3208   1225.8397   1631.2380
      339.7993   2070.2009    434.7164
      776.6486     67.3297    146.1314
     1743.7159   2130.7756   2139.1479
     1885.2698   1570.1370    638.1400
     1960.4448     80.0114   1618.7941
     2194.2288   1898.7507    855.6232
      319.9424    854.3960    554.3334
      483.2061    251.2304   1346.6329
     2187.7229   1048.1750     91.3122
     1513.7448   1075.8866   2134.8845
       92.9654    668.9385   1536.3508
     1024.1924    726.7097    837.2547
      191.6248   1998.9824    896.9350
     2011.8962   1519.0417   1399.7216
     2145.1726   1971.2557   1548.8531
     1686.8431    815.0117   1087.1755
      381.3338    937.1938    303.3317
     2191.5989    304.7079   1604.4310
     1573.7157    580.7647   1114.5593
      287.6772   1159.2404   2188.3672
      745.1359   2161.8064   1016.2612
     2137.2148    897.9562    283.6954
      273.7649    657.7054   2145.0964
       42.5901    690.5409    262.9206
       61.9870   2158.4878    436.3728
      549.4899    607.9298    267.0174
     1377.2808   2074.5564   1971.8756
      223.1017   1967.4452   2008.3446
     1353.1945    530.3413   2208.7068
      101.1746    654.9839    523.4232
     1409.3131   1042.8099    703.0654
     1288.3522   1067.6462   1306.2560
     1230.7733    724.3849   1303.7246
     1787.8058     10.4122    935.0978
     1581.6387    925.9586   1962.7874
      235.3709   1124.8054    484.5999
     1473.4077    632.0025    184.3389
     1884.0061   2197.8862     59.2611
      761.2244     33.2755   1786.0065
      151.6916    419.8641   1670.1519
      124.2464   1971.6914   1264.3024
      824.2518   1662.4415   1553.9534
     1854.9321   1278.2118    138.6189
      879.0272    723.3795   2151.5334
      266.9624    729.5041   1305.3512
     1249.9683   1606.4832    496.1427
      465.7901   1856.7697   1995.6460
     1113.1841   1002.0577   1465.5504
     1466.5776   1456.7122   1347.2029
     1707.7129   1167.3397   1112.5328
      264.0566    206.0084   1789.5493
      353.8307    735.3824    800.5231
     2262.3069    834.0175   1948.9757
     1458.0363    442.3416    639.1815
      920.2087   1069.2827   1735.3385
      159.5855   1389.5093    198.4799
     1297.3290   1899.3081    529.8007
     1639.9507    110.4439   1192.0903
     1687.2644   1624.8313    748.5344
      474.6052    697.5005   1955.0208
     1508.2853   1525.6757    423.6714
      944.5471   1800.3365   2018.2198
     1702.5803    271.0093   1498.5264
     2230.9272    612.5139   1749.4247
     1205.1722   2170.1228    642.3465
      549.2936   1604.7020   1864.8866
      753.4502   1814.9946    240.1680
       92.7718    921.3721    418.8951
      590.3046   1467.6807   2238.1187
     2060.3367    796.4959   1095.8884
     1650.8232   1416.4340   1178.3926
     1220.7982   1973.4659   1768.6233
      516.8408   1827.6071   1709.0667
     1579.4703   1196.4485    881.5251
     1889.1465    970.4592   1173.8771
      431.6344    255.3784    585.2313
     1523.3328   1179.9902   1402.3354
     1326.7517   1588.6102    905.4335
     1438.8210    802.3425   1175.9904
     1174.7692   1200.1062   1120.3700
      820.0316    207.7700   1579.8002
      924.6534      7.3666    591.8858
     1975.9427   2214.6997   2081.3901
     2018.8190   1509.3728    927.0681
     1932.5076   1534.4871    117.4756
     1419.9369   1962.5515   1575.3906
      458.2882    468.1790     43.0198
     1590.2395   1299.7550   2029.9724
     1164.0699    346.9302   2188.6484
      578.4394    154.1578    324.6525
     1009.6209   1826.5356    426.5396
     1859.5615   1757.1667    282.0156
      676.5845   2190.6260    757.3860
     1561.5248   2126.3711     81.6427
      462.5080     78.6807   1977.9836
     1517.4318    268.5770   2128.0371
      272.5240   2187.6587   1284.5930
     1032.3882   1173.0706    460.5499
     1933.8896   1761.2426   1234.1808
     1206.8810   1388.1700     32.2476
     1219.1901   1815.7960   2014.9159
        5.4027   1820.7720   1102.6814
      379.4399   1624.8885   1363.8317
       33.6305   1623.1610    558.1199
     1451.7224    476.3395    948.5286
     1039.9027    163.0205   1712.3167
     1907.7657   1899.0416     56.2920
     1130.8372   1323.0894   1739.6924
      253.3845   1571.4048   1639.7826
     1014.2973    333.9719    874.3325
     2185.8721   1994.7927   2029.5414
      975.2251    722.6849   1135.0656
     1739.2791   1210.4976   1655.6473
      342.6100   1394.5154   2241.3955
      206.2835   1216.3673    735.0852
     1940.5868     99.4012    648.2329
      731.8097   2206.3291    402.9649
     1219.0138     31.8367   2113.0703
     1303.1158    628.7607   1788.7449
     1913.6389   1159.2604    848.0572
      774.8708   1883.9918   1080.0365
     1698.0564    433.7993    949.9658
     1481.0363    238.6133   1045.8058
      397.4863   2118.1379    764.2281
     1153.2156   1200.7523   1940.0928
     1748.8217    357.9731    613.5493
     2158.2834   1753.8444   1383.4819
     1450.8705   1869.0818   1795.7513
      543.2032   1574.3011   1594.0428
     1662.7112   1910.1893   1124.5876
     1016.2394   1605.3101   1045.6005
     1515.0494   1580.7986   1878.1738
     1947.3948   1034.3047    274.2210
     2172.0737   1330.2242   1137.9504
      403.3025   1367.9899    321.7144
     1697.8649   1142.0270    627.5991
      827.6003   1403.8197   1141.0435
      978.0980    958.5170   1220.9932
      966.0883    495.1906   2216.9685
      693.0531    898.0253   1743.4816
     1086.2617    854.1782   2203.4043
     2047.3738    608.4390   1460.1541
     1328.8397    765.2076   2057.4983
     2207.0146    308.6710    175.6992
       19.2715    737.4290   2220.0659
     1038.4794   1949.9434    665.3012
     1951.4888   1055.2556    540.1204
      730.6786    375.2639   2228.3203
      277.7334   1401.2402    918.0483
     1304.1707    834.5096    349.3529
     1075.4235   1670.1908   2229.0171
      549.2296   1784.5990     83.1889
      562.7518    781.2372   2203.0342
