      794.0618   1853.7615    329.8545
      585.1528   1114.9760    627.3769
     1170.9031   1691.0322      9.3420
     1445.6664    652.7070   2032.5417
      594.1035   1546.4384    939.2714
      316.2838    930.5214   1022.3519
     1759.7994   1417.8679    639.5914
     1680.8738   2189.2593    964.0750
     1426.5768     59.2268    871.8028
     1245.7823   1850.0923   2072.7957
      755.4677   1064.7421   1280.0369
      927.2824    194.6320     13.4812
     1697.4105   2155.1223    412.3936
      671.2721   2112.7642    789.0931
     1809.4508    377.0709   1129.3439
       64.6723   1086.7604   1716.1251
      739.2844   1397.1984    656.3224
     1147.6338    121.2959   1488.5239
     2148.5391   1979.3765   2204.5671
     1941.9913    850.0796   1848.2139
     1581.7419   2122.2190   1308.1351
     1331.4196   1610.0017   1390.8987
      318.4520   1335.4078   2206.6675
     1231.2803   1728.6746   1825.3531
     1238.5524    883.7487    680.3012
      377.7059   2139.8643   1371.0826
     1059.5583   1189.3037   1185.3239
     1671.9722   2177.0530   2060.6169
     2111.2808   2046.5468    177.5234
     2168.7141    297.9655    400.8865
      394.6927    909.2028    485.4694
      159.9389    766.0606    533.8308
      557.9388     68.1899    947.7724
     1740.8407   1592.3983    852.2826
     1117.1691   1079.6290   1809.9169
      932.6035    308.8059    421.1917
      678.0811   2030.4514   2148.4819
      584.2071    254.2446   1919.1449
     1604.7390     71.0658    609.5870
     1288.1417   2086.1599   2196.7283
      422.7605    915.3585   1348.6174
      703.0049    261.9264    236.7547
      465.6777    360.3842    938.9608
      690.8086   1749.9565    739.6710
     2123.3020    132.5790   1375.1108
     2025.2449     77.8749   1905.8542
     1154.1301     82.4500    993.6543
     1480.1901   1470.1139    879.3683
      261.8292    792.5124   1750.0906
      695.3766    887.4249   2217.8535
      274.4399    960.4729    744.4807
      593.3507   1446.6440    142.2507
      749.8742   1476.7937   1832.8693
     1926.5222   1187.1255     64.3167
      691.6656   1790.3958   1460.2920
     1920.6903    116.0245   1173.2809
     1220.8643   1509.8330    566.2245
      425.6297      0.1274     75.2569
     1552.6946   1648.3060    498.5394
     1231.5460    132.5470   1790.6558
     2163.5020   1882.4088    492.0608
     2204.3606   1020.8964    883.6838
      307.6772     84.1254   1799.2719
      171.1121    660.5621    815.4548
     2202.7937   1117.1510     40.8338
     1072.3888   1595.6168    772.6642
     1844.0991    883.0018    659.2094
     1357.8085   1250.8965     21.5657
      916.5696    535.9419    591.8945
     1514.4886    332.8511   1744.7255
      896.5492   1337.0846    927.8497
     1894.6211   2029.7451   1703.3872
     1497.8585   1252.4929   1423.6938
      255.0194   1095.0623   2056.8550
     2204.4456    246.6721   1110.6301
       35.9132    222.9652   1858.6278
      588.1014   1716.9813    201.1693
      889.6484    150.7044    855.9658
     1166.8744    617.8430   2246.0579
     1266.6582   1850.7032    543.8922
     1830.1608   1711.7703    582.7010
      567.7935    625.2057   1130.6288
      655.4304   1468.0668    421.0794
     1262.2084    712.2625    252.2940
     2084.1726   1414.2823   1616.5930
      559.4446   1992.7948   1166.0371
      188.2630    803.3618     26.7067
     1404.7418   1816.1438    760.3822
      948.0149   1661.1093   1607.3600
     1116.0261    363.2851    160.7430
      237.2039   1181.4916   1285.9736
     2143.5908    276.4754   1634.2767
      401.5139   1761.1056    899.1444
     1428.6411   1429.4777   1887.5328
     1716.5697    279.4601     24.0648
      933.2284   2054.9370    423.4410
     1120.3337     10.0982    208.2666
      205.4371    753.4116   1308.1135
       59.7809      0.4387    951.2029
      203.4054   1770.7240   1601.1080
     2052.5427   1507.9441   1924.7290
     1696.3893   1008.7620   1331.5974
      290.0108   1591.7120    152.7112
     1599.9757   1183.7517   2055.8147
     1676.0262   1922.5497   1051.6616
      202.3194   1748.8240    690.0326
     1949.2708    318.4260   2054.2581
     1759.5725   1828.7827    189.6631
      875.4670    590.0889   1537.3376
       44.9611    750.1882   1031.6263
     1383.7456    578.5748   1776.9915
     1461.4674     29.6525   1195.8621
      383.3955   1503.6616   1308.3923
     1665.1172    865.2202   1947.2502
      101.1385    492.6580    331.8311
      282.3360   1528.0740   1034.9199
     1509.2745    528.1908    671.1212
     1935.8168   1736.5593   1622.0396
      788.9792   1980.7010   1596.6628
     2239.5742   1162.8306   1467.0844
     2133.2693   2000.7047    784.1296
      202.3564   1328.2498    287.0210
      483.6918    648.2909    554.3812
     1130.5493    915.8877   1216.0181
     2048.9592    381.3745   1836.4882
     1861.0443   2157.0178    730.4245
      214.0149    544.2049   1083.0084
     2241.1733    344.7207   2126.2131
     1797.0514    633.5137    748.0496
     1392.5105    904.0146   1754.6791
     1027.8752   2134.2520    889.0594
      710.5621   1490.6813   1499.1407
      142.6173    376.4972   1320.1013
     1821.6350   1689.8053   1195.3828
       26.7212   1978.3850   1839.7378
     1607.9601   1080.8069    141.5169
      737.9204    416.6392   1394.6354
      331.4998    383.5876   1716.2400
      625.5167    881.0033   1115.5347
      992.3737    281.1471   1195.0800
      935.0021    779.5834   1323.9635
      220.6490    440.4050     67.4831
      904.1635   1495.6820    217.6462
      612.4600   1177.9708    904.4279
      548.8978   1165.1958    270.2994
     2063.7568   1656.8176    723.7933
      766.9542    268.2208    616.5398
      240.4753     65.6399    765.3629
      603.5836    809.3524    222.5390
     1759.0834   1699.8073   1831.0896
     1454.3881   1057.3907   1110.4917
     1600.9232   1959.7323   1854.2281
      538.3212     73.7015   1602.6400
     1920.7362     12.5964    228.7219
      729.8043   1819.5814   1012.2847
      901.7716   1812.6118   2228.4661
      485.5158   1223.7234   1396.6345
      995.1968   1855.2667    683.3124
      952.1781   2226.7510   1737.5425
     2088.5959   2084.2151   1470.4523
      640.0722    570.0043   1934.0330
      372.3956    371.0450    429.4738
       63.6169   1548.4537   1256.0553
      298.0809   1858.3630     70.7219
     2118.1719    889.6908   2158.5552
     1533.0394    804.9191   1129.5651
     1339.9182   1168.4862    789.3419
     1108.4891   1337.5657    371.3125
      652.4457   2011.4202    540.2427
     1404.7223    282.4099    657.7222
     1088.6293   1290.9421     92.8556
     1195.4098    446.7697    443.1880
     1871.0103    632.7289    498.6763
     1693.0005    515.6263   1927.4288
     1519.6141   1004.2331    429.3451
      338.5721   1179.0170    886.8831
     2013.2351    586.2527      5.7022
     1205.2749    648.9946   1179.8760
       82.7273   1269.1874    992.6195
      426.7164   1545.3452   1593.5001
     1401.4166   1368.9474   1198.6140
      197.1634   2073.6548   1162.2997
      366.8174   1905.5189   2043.7142
     1126.5365    515.5983   1423.3571
     1842.3706    655.7918   1257.5878
      777.2819   2247.4570    246.5742
     1969.6791   1020.5524   1257.4265
     1667.2506   1193.5410    769.0364
      677.5089    536.7332    455.7342
      876.1124    482.5216   1839.4363
      417.0426   2147.7898    607.2001
     1453.7916   1777.9712   1074.6477
       91.8264   1760.6591   2095.2712
      660.1519    764.2036   1405.8606
      444.7380   1801.3130    473.9368
      630.5621   1726.7701   2122.7222
      558.2891   1463.2476   2090.9370
     1116.3243    288.6747    658.0877
     2225.8491   1415.3345   2138.1914
      628.7234    380.5202   1662.7588
     1513.8999    330.6371   2032.3790
      590.2723   1211.9929   2052.3831
      102.6374   1917.9696    962.7411
       24.4333   1663.3480    213.9044
       23.5735    906.8590   1917.6603
     1231.4867   1399.2496   1501.6104
      732.4800    916.8209    446.3205
     1692.1245   1524.1403   1405.8191
     1481.6902   1833.7312   1324.6097
      986.5938    303.0081   1615.7410
     1993.8041    817.2010   1069.1292
     2099.4087   1754.7205   2030.8481
     1752.1199   1143.7617    552.9018
     1276.8354   2023.4373   1369.4573
     2066.2751   2169.1184    994.2280
     1281.8394    347.4877   1171.2400
     2131.2021    327.5154    122.8362
     1096.8361   1775.8282   1275.0736
     1550.6968    675.2253     82.7097
      542.1105    394.5511   2178.9199
      782.0991   1314.1091   1183.4331
      963.4562    784.5862    190.9290
     1147.9307   1067.6676    925.7240
      313.0967    399.0110   2021.9843
     1088.4756    434.2997    955.5454
      771.0381   1171.9653     58.1438
     1633.4696   1071.6125   1686.1576
     1519.0377   1858.9694   2261.2971
      987.6417    808.8108    797.8942
      733.7228     19.8202   1867.1265
      938.2183   1679.5862   1911.2109
     2134.2227    819.4294   1615.3628
     1185.0714    757.7911   1963.4249
      203.1490    442.4233    595.2173
     1619.5985   1549.9760   1119.7146
     1986.1802    404.0818   1378.7186
     1145.8423   1870.4609   1566.2831
      370.2686   1114.3749   1665.6046
      414.2293    610.6078   1552.4603
      734.9749   2119.4241   1365.2430
     1895.9095     26.7992   2184.3059
     1728.8551   2075.0286     67.0968
     1452.8954   1298.1168    255.1064
     1400.6156    896.1914   2187.7764
        2.6219   1048.7517    599.1865
      524.0188    682.7838   2229.8101
     1918.1685   1893.4087    863.1508
       96.8026    484.4194   1799.2107
     1864.5334    299.3099    299.4415
     1839.6869   1340.6453   1764.1426
      961.9874   1491.9169   1333.2734
     1037.4393   1285.8109    709.2998
     1854.5691   1898.1703   1364.4709
     2044.2905    631.4557   1980.4155
     1743.1268   1519.1915    330.8684
     1008.8478   1881.4355    990.0710
      949.0148    826.2414   2048.7446
     1401.6448    508.1351    969.1660
     1443.7634     67.2436   1978.2352
     1205.4954    774.4391   1568.0698
      241.9348    143.6377   2080.2300
     1323.1150   1017.9464   1441.0438
      923.0411    213.4561   2002.9440
     1531.4363   1495.0681   1645.1774
     2241.7900   2184.1292    561.0202
     2160.4648    818.7338   1319.7954
      855.4110   1232.9485    438.6340
      669.7236     94.7207   2193.7939
      676.6370   1168.1265   1626.6204
     1091.0359     59.4578    465.0032
      686.7693    523.0272    798.8365
     1705.3304    515.5477    237.5839
      234.9756     25.5170    391.7621
     2236.2876   1207.3195    333.3317
      296.6244    182.0557   1508.0837
     1887.6646   1373.6080   2113.8811
      843.6562    514.1894    141.1812
     2202.4724     49.0243   2182.2639
      621.9943   1988.8247   1900.4684
     1827.7765   2219.6843   1447.6007
      238.0941   1008.7615    244.6488
     1035.8096   1091.8110   1446.0435
     1209.8861    592.6375    725.5096
      423.8152    336.4914   1282.5020
     1346.4197   2126.8447    381.2112
     1121.7584   1977.6299    175.8726
     2127.4395    848.0845    471.4839
       63.6213   1442.1947    459.8666
      600.6339    893.9691    841.0746
      167.3811    913.7514   1525.6541
     1018.3789   2148.4060   2057.2515
      870.7189   1066.1781    734.7681
     1222.4473    374.3444   2081.6606
      798.8289   1000.5179   1830.5134
     1963.4419    897.3511    264.1551
     1719.0935    892.0805    947.6052
      409.0365   2048.4495    321.1303
      406.5812    245.4093    175.4556
      615.0186     84.7192    455.2701
     1147.9231    985.3310     28.3888
      893.4175   2225.7102    654.2148
     1189.4436   1068.0293    521.2030
     1623.3846    325.3514    528.2444
      827.1577    117.0974   1454.1282
      976.7590   2138.5913   1514.6652
     1873.3839   2073.0918   1202.2992
      528.1013   1721.2767   1796.7068
     1877.0297    362.1505    590.9792
      315.9995   1187.2007    540.8582
     1748.1976    675.3199   2116.8816
      121.1216   2018.0266   1486.5001
      880.7337    578.5663   1237.1492
      905.7191    982.9663   1030.6256
      162.6861   1956.9816    515.7819
     2199.5488   1875.0033   1313.1514
     1162.3579   1681.4187    285.9882
     1915.6200   1397.4154   1242.0682
     1109.3711   2150.4543   1208.4609
      886.9520   1472.3594   2174.5786
      436.0228    682.4169    851.1557
      259.1436    200.0260   1077.9403
     1515.4740   1883.2960    348.4703
      512.4137   2034.0421   1623.8605
      968.9096   1912.7351   1826.9695
     1514.3951     93.2135   1558.0458
     1388.6249    377.3714   1407.0856
     1452.6575   2085.0947    629.2521
      955.1215   1066.4364    246.4200
       82.9723   1014.1227   1154.1442
      971.0536   1113.6223   2105.0913
     1472.2543   2031.7408   1563.2229
     2257.3308   1176.3850   1959.8674
     1658.0438   2228.0981   1761.0978
     1807.8899    872.5594     25.0641
     1401.2706    398.1400     47.4747
      910.3571    625.2726    982.1710
      178.5489    345.5047    874.1410
     1915.8530    200.7959    894.8636
     1220.7413   1621.0778   1074.4060
      978.1215   1324.7462   1918.1611
     1336.2640    837.8515    974.7012
      570.5798    832.3123   1677.6552
      465.9106   1506.0123    718.8744
      939.6414   1376.6444   1605.0665
      143.6060   1680.4403    448.0176
     1312.2656   1119.1827   2002.4579
     1806.6279   1848.7180   2091.6670
     2034.7504   1444.9062    571.2718
      240.6063   1579.5930   1891.9117
     2013.8002   1099.6250    567.5090
      634.3978   1576.2092   1223.6278
      610.8361    120.3724   1249.4069
     1194.7198   1303.9458    996.9270
      418.6231   1822.3794   1458.9377
     1314.6016    967.8616    230.6690
     1661.6154    568.7764    954.2064
      449.2862    231.3258    641.9959
      258.3016   2043.8131   1820.7705
     1417.2117    672.8508   1377.0449
      930.1817   2084.6331     49.6543
     2026.7410   1124.4846   1686.7522
     2104.7000    750.0211    808.8101
     1148.1100    403.0027   1843.5464
     1663.8182    182.3144   1346.3083
     2120.9031   1800.0674   1057.5596
     2164.9722    592.4792    598.0441
     1182.5222   1488.3833   2079.1345
     2195.5845   1716.5718   1669.9590
     1340.9148    190.1137    257.6908
     2070.0640   1583.8590   1387.6177
      849.1544   1862.0116   1279.4705
      374.5075   1434.0166    403.2336
     1925.8373     84.9472    539.1129
     2158.8828    591.8970   1514.8290
     2060.9121   1736.1412     67.7196
      162.7242     72.5219   1310.5223
       10.7274    658.6189   2169.8022
     1940.1824   1143.8699   1954.3011
     1186.5891   1447.4982   1774.0149
     1718.4432    200.3167   1920.8234
       52.3376   1525.8856    898.0762
     2000.4611   1704.5576    341.6802
      546.7845    500.4777    233.8330
      274.0310    714.0911   2007.0364
     1929.0548   2003.1927    432.8294
     1906.5330    588.5829   1680.9961
     1363.0209   1215.3196   1725.9182
     1811.6128   1611.5425   2226.0161
      322.0085    669.3847    319.0218
      903.9064   1588.4240    520.1553
     1461.3662   2119.0779    160.9601
      317.4984   1747.7638   1176.0371
     1727.2620   1347.6333     81.6333
      888.6826    603.2925   2110.6072
     1711.0276   1913.2444    664.4705
      360.3755   2108.4492    914.2321
     1604.5939    677.4343   1588.3994
     2140.9954    565.8604   1135.2982
     1866.1901    850.8043   1467.2037
      935.6364    844.4189   1661.4718
      422.6078   2224.1843   1983.7894
     1497.5013   1704.5065   2039.4019
     2198.4500    176.1309    700.7310
     1178.2074     91.6582   2141.6172
      230.6825   1353.7461   1489.8146
     1846.0931   1179.1616   1446.1971
      620.7076   1973.5104    102.7876
      138.0004    515.7364   1514.4037
     2060.7593    585.0084    307.5201
     2077.8660   1394.4550    106.1529
     1642.1251   1485.8210   1996.5466
     1943.1743   1114.0234    911.2778
     1519.7253     44.4537   2257.1191
     1336.1609   2006.7119    972.9398
      427.9443   1052.6957      3.0078
     1459.6112    726.4023    518.4431
     2140.4404   1239.4928   1221.6355
     1516.2906    931.2355    738.6320
      114.0708   2043.1550    257.6291
     1965.8451   2091.5774   1981.9528
      470.4227   1306.6062   1094.9374
      523.3998    950.8128   1915.9164
     2205.3455   2154.3352   1203.5316
        3.7661   1288.1261    727.3394
     1660.7072    257.7328    879.2375
      762.8002    312.7095   1034.1614
      323.4468   1644.1860   2137.4651
     1964.2904   1333.6024    359.9109
     1606.1783    153.6113    273.1015
     1726.6404   1260.0520   1058.0084
     2256.0601   2229.9094   1679.3451
     1002.6864    779.5013    497.6439
      230.9924   2129.5408   2164.5625
     1511.8363   1746.2485   1633.3589
      274.2012   1316.7959   1885.4288
     1482.2096   1610.1572    236.9814
     1334.6549   2089.0769   1876.4314
     1462.1196   1250.2161    565.9336
     1823.3622    294.2394   1626.4994
     2146.9331    446.3771    887.2070
       21.0785    740.1649    213.7227
     1205.5621   2186.5256    732.9170
      130.4428    145.1329    130.8735
     1726.4530    840.9575    368.2294
     2194.6770     13.8751    309.5723
       78.4672   1443.6069   1739.6022
     1420.2037   1459.4486   2215.4248
     2058.6533   1445.7095    970.4950
      893.2154   1567.8873   1088.0146
     1656.1802    499.3073   1383.2721
      805.3075   2256.8118   1095.1348
