      898.4525   2227.6340    284.8762
      854.9951   1422.0945    967.4771
      927.0457   1750.2523    134.4731
     1132.9657   1047.0182   1824.6920
      541.5065   1632.0653    767.6822
      805.1754    633.5648   1117.8872
     1841.0718   1493.8391   1013.4711
     1233.7926   1895.5806   1203.8176
     1363.0334    245.2901    813.0630
     1161.9753   2108.3438   2248.1221
      470.8307   1590.5953   1442.5713
      949.5160    160.5672    169.1870
     1480.1156   1952.9901    406.8449
      711.0137   2191.5676    829.9521
     1417.3969    736.6665   1173.5186
        0.5428   1390.2396   2110.9817
      930.0157   1687.6643    517.2585
     1346.4220     97.2237   1568.5624
     2072.7651   1857.2700   2225.0383
     2008.2218    365.2624   2023.2389
     1105.0996   1687.3446   1229.3096
      631.9268   1888.6278   1727.5535
      110.8866   1191.9238   2161.7610
      896.2239   1453.8071   2045.3020
     1081.3223    747.2607    794.2885
      117.7691   2080.7944   1756.8259
      513.6803   1271.2196    688.1495
     1423.0331   2069.9314   1763.6942
     2056.2920   2069.4463     80.3412
     1978.0006    326.6212    375.5670
      782.4080    960.0106    521.5203
      147.3866   1061.6376    666.6604
      527.0029     93.6144    634.3279
     1675.1534   1614.1820    915.8838
     1239.5837    777.3954   1754.5714
      751.3535    103.5678    635.5867
      766.6923   2112.1741   2166.9709
     1247.4243    407.4520   1518.8867
     2057.1960     88.1344    308.4084
     1413.8839   1967.9730   2186.7830
      293.2795   1409.0951   1371.3005
      358.4107    383.9644    234.0547
      452.1324    278.8899    796.8480
      457.5325   2048.6184    839.7725
     2100.8586    191.4032   1235.9796
     1778.5073    141.3137   1447.3152
     1112.1444     64.4100   1232.9253
     1240.6484   1300.9578    736.4775
       56.7568    771.2471   1819.1238
      868.4673   1292.4270   2208.4443
      639.7167    907.8971    893.3624
      999.7532   1388.0269    384.9551
      463.2430   1264.6057   1519.3743
     1487.2440    922.6627     98.2254
      615.0220   2129.8040   1711.1168
     1589.4272    713.4013   1429.1714
     1725.8221   1461.6317    717.7502
     1181.1627    211.1994     91.1281
     1385.0359   1805.7637    550.1551
     1622.6720    692.7455   1644.4591
     2259.5322   1993.4021    483.9187
     2125.2793    568.8445    735.1195
       40.2499    300.1096   1729.5573
      128.7049    439.7028    630.4661
     2214.1597    866.7828    294.8755
      600.5779   1423.7234   1112.6204
     1359.1797   1142.3201    450.5736
     1441.5813   1602.7040    411.7100
      926.2029    252.5183    633.3864
     1185.5503    598.5396   1394.6802
      992.6548   1375.8508    743.9764
     1952.1680   1955.2964   1848.1909
     1445.4683    983.2723   1226.5599
      219.6656   1361.6967   1955.0908
     1599.9391    482.5622   1376.0583
      160.9075    210.4193   2035.0435
      676.3237   1776.5515    138.6816
      296.8515     99.4110    893.0526
     1052.5437    471.7568   2093.7825
     1540.0941   1746.7474    716.0211
     2143.8979   1399.3184    725.8054
      691.1898    893.2529   1139.4766
      725.9343   1981.7445    735.8716
     1343.0233    917.3017    398.4106
     1744.0934   1371.9783   1625.5132
      574.7132   2201.7888   1455.2433
      475.5340    721.8094     13.6743
     1482.4391   1762.5658   1459.6782
      853.4993   1708.3441   1279.9131
     1192.1130    419.5021      2.7657
        1.3962   1411.3395   1861.6515
     1959.5848     84.1127   1582.1866
      225.4139   1682.5657   1037.6134
     1225.0845   1620.9502   2056.1331
     1664.4283    367.1786     86.8223
      821.4401   2167.5659    528.2082
     1336.1816    331.7289    420.0266
       16.3701   1123.2711   1623.3889
       95.4250    233.2363    546.6841
      253.7241   1751.6029   1948.9491
     1760.5195   1174.6831   2121.3545
     1950.4315   1039.0122   1059.0460
      632.9112   1437.9928    893.3254
     1514.9080    763.5601   2132.1245
     1772.5642   2163.4216   1491.7067
       31.9663   1412.1538    906.3355
     1358.5868    290.1431   1707.5475
     1626.6702   1924.3975    609.5502
      174.7159    709.4000   1637.6853
      216.0596    866.2076    842.1618
     1505.9581   1336.7368   1679.6193
     1468.4042     85.5619   1354.3394
      211.4338   1645.2468   1285.2498
     2112.1582    586.7114   2131.0669
      106.6341    425.3418    376.6839
       14.2493   1774.4552   1201.1537
     1289.1062    528.1972    480.1120
     1765.5198   1963.1660   1675.8809
      976.3318   2239.1689   1696.6753
     2189.9756    959.4883   1382.8381
     1915.9741   2073.2861   1209.1191
      510.6710   1031.8047    603.6253
      289.9541    358.6570    485.8567
     1183.8811    926.4236   1223.2034
     1962.0364    129.8147   1805.0037
     1584.4269   2134.2253   1374.0197
      184.4224    699.2487   1031.7635
     2187.9475    296.7804   2139.7754
     1510.6234    909.7416    797.7067
     1845.8698    942.1896   1784.6136
      813.3141   2059.3999   1124.7003
      245.6544   1285.5302   1569.0209
       79.4652    199.8530    806.1078
     1942.5134   1556.1448    761.4025
      273.1446   2011.0424   2195.7214
     1163.8434   1828.7085    193.4001
      447.2299    286.6732   1193.7080
       51.5347    117.3363   1588.3024
      239.5867   1384.7882   1002.9445
      593.3756    391.6060   1358.6967
     1217.0774    188.8523   1402.0255
      629.9431    731.2897    239.4662
      443.2726   1570.4803    567.4838
      448.1544   1304.4180    944.9230
      827.6887   1512.4275    450.1476
     2034.2297   1745.4836   1346.3210
     1084.7656    637.0897    572.9734
      184.1347    209.4370    293.9547
      673.4810    929.4189    117.1874
     1916.3329   1401.8545   1802.6829
     1092.4249    648.0312   1599.3876
     1377.7778   1809.8058   1670.7090
      349.1822    359.6870   1435.5516
     2202.8708    218.1811    146.1708
      330.8642   2208.6230   1420.5168
      502.8823   1702.4131   2228.6421
        7.3760   1346.0906   1608.6877
      864.2119   1932.4387    952.1653
      852.0143   2096.0188   1947.4875
     2160.9790   1897.8145   1957.9530
      565.3105    823.9802   1914.1149
      507.9955    561.9998    846.3519
      342.0206   1781.6881   1410.1831
      504.1790   2214.6409    237.4114
     2130.6235    569.8526   1876.8342
     1784.4437    594.8232   1289.6486
     1972.8608    603.7411    556.5448
     1684.3049   1093.7395    113.7589
      434.6653   2172.1904    456.7284
     1438.3208    203.7422    570.5086
      695.7714   1354.9879    127.8595
     1553.5146    783.6951    302.3709
     1803.1426    474.0308    435.4189
     1791.4800    781.3788   1471.5444
     1277.0970    836.9382    181.2630
      295.7446   1136.4137   1010.7706
     2085.1167    577.2838    115.9611
      921.5566    430.8688   1049.0432
      182.5592   1230.7705   1230.1216
      267.9055   1909.7468   1745.3300
     1283.9131   1501.0277   1069.0072
      199.0261   2217.3142   1608.4215
      350.9456   1599.5709   2096.6753
      898.8456    774.5970   1502.4252
     2240.2434    226.4576   1376.4700
      843.6003   1930.6598     53.0417
     2083.8738   1312.8693   1359.1656
     1026.2329    695.9786   1034.2623
      703.7384    650.8771    776.7772
      413.0038   1041.0576   1863.1224
      220.3669   1694.1979    353.4395
      982.6656   1903.6815   1188.7738
      448.7503   1888.6948   2060.4280
      216.0013    961.4686   1311.3041
      778.3629   1290.1965    348.6669
      738.1206   1342.6182   1986.0319
     1322.3169   1423.9540   2040.8820
     1067.8833    297.4344    900.0204
     2254.8079   1186.6908   1971.2957
      954.4483    533.9468   1475.2133
     1434.9325    433.8847   1882.6079
        9.7667   1001.6653   1831.9609
      111.9832   2245.8926   1384.7589
       98.9877   1670.3766    166.6351
      195.6292   1063.2909   1956.3840
     1043.7000   1575.5613   1482.2192
      793.1915   1038.4498    744.2134
     1896.8268   1202.7335   1454.8265
     1497.3289   1873.0160   1193.4408
      459.8124    590.1823   1406.5417
     2118.9207    649.5917   1299.1985
     2235.1340   1714.9148   2105.3354
     1585.3212   1026.9354    416.5029
      778.5164   1525.1002   1407.3911
     2120.0737   2076.0295   1346.2275
     1366.1002    507.4469   1097.6696
     1764.0396    716.2098    369.5041
      548.9908   1402.9915   1361.8448
     2017.0095    392.1848     10.4680
      444.1041    384.7921   1788.8951
      447.1020   1874.0088   1575.6815
      746.9401    455.7473    160.3199
      705.7668   1265.2955   1483.2931
      275.3443    480.8200   1646.3032
      612.1863    684.3353   1018.3386
      925.9709   1343.6083    161.8506
     1738.0986    737.0363   2072.9570
     2077.7288   1547.9078   2187.3528
      840.5389    813.2735    911.2980
     1038.8448     54.0440   2201.0730
      516.2958   1656.9993   1676.9055
     1806.7314    237.3737   2228.6960
      737.5508    629.1005   1869.5669
       60.2216    618.4494    844.0527
     2198.7717   1365.8860   1184.8538
     2203.4731    449.3586   1377.4904
     1847.6116   1757.1134   1481.9221
      368.0428   1231.4069   2077.0608
      234.1652    575.8469   1448.9585
      642.4612   1994.6279   1500.1223
     1565.1671    127.2411   2201.7944
     2192.0801   2239.3318    105.8764
     1009.4131   1615.2521    292.9495
      900.6095   1040.3489   1813.3313
        4.3265    808.4653    959.7484
      175.8534    829.3863   2020.1445
     1792.4729   2171.7881   1031.8746
      198.6092    654.5026   2175.8767
     1627.4497    829.2971    559.6196
     1546.4901   1073.5688   1758.0554
      617.5410   1631.8920   1270.8853
     1086.4705   1117.6317   1100.4954
     1887.8503   1971.6161   1430.4974
     1556.8839    374.5074   2103.6677
     1688.6700   2024.4237    347.2695
     1365.5197   1351.1964    558.5398
      661.1039   1021.7426   1822.9071
     1147.4551    159.7685    763.4317
     1233.0133    151.5636   1858.8745
      787.3380    740.4614   1316.8351
      294.8183      2.9450   2251.2104
     1253.3339    974.3656   1641.5890
      688.1806    466.2658   1734.5153
     1999.3745   1939.8397   1630.9630
     1764.3545   2145.1289    588.1462
     2114.2551    712.6331   1672.8776
     1203.9420   1699.0026    467.3445
      815.9156    266.1917   2006.3900
      726.3577    982.5464   1364.1434
      672.7440    166.9214    855.7427
      749.8727   1306.3541    786.4288
     2200.9019    435.8390    220.5100
      309.6624    185.8961    662.7227
     2116.3125   1215.7404    608.7057
      645.8121     89.9787   1680.0662
     2055.6714    972.7427   2200.6516
     1158.9152    499.6726    289.6807
     2200.0439     27.7839   2093.8469
      263.2801   2027.4185   1960.0264
     1417.2946   2162.8223   1530.1772
      345.2503    852.6102    414.9252
      740.2178    912.9498   1647.2312
     1040.5896    705.4042    150.1875
      335.1876    492.5186   1229.3905
     1291.6835   1990.8025    136.7805
     1095.8120   2260.7505    397.7118
     1879.3535    466.7873    203.0723
      308.4038   1389.0276    529.5984
      657.0975    846.5476    662.5570
      226.2120    935.6215   1767.6205
     1066.7397   1895.4194   2260.1650
     1218.8978   1116.0392    865.1028
     1645.5944    561.8917   2220.7124
     1507.1769   1562.4163   1622.8983
     1881.7944    920.0652     47.4906
     1701.5135   1070.8959   1134.1580
      183.6743   1953.4535    375.1551
      163.3893    343.1829    121.1723
      646.6286    108.9009    412.1179
     1288.4449    880.4196    794.0733
      247.0970   1865.3955   1198.4617
     1506.5085   1576.0732   1119.3112
     1414.7233    707.4799    485.7153
      870.0499    238.3990   1294.1816
      667.9532   2256.3987   1053.1200
     2084.6885   1924.6495   1184.5261
      697.1581   1494.4502   1600.1007
     1365.2640    617.8925    260.4518
      614.7894   1926.8400    469.3235
     1659.1840    486.7373   1771.5900
       99.3820   1788.1270   1431.5762
      967.1382    992.7824   1376.2275
     1038.3414    314.0226   1422.0094
      121.4092   2238.3489    770.9356
     2082.4585   1712.7117   1584.2776
     1046.5944   2029.8478    221.2982
     2071.4304   1243.7657    958.2603
     1420.1927   2096.5420   1141.4847
     1117.4071   1455.6134   1666.5530
      527.7717    781.0354   1277.8136
      435.7635    419.1623    993.7115
     1336.0431   1808.6411    825.7802
      510.8400   2252.3315   1879.5607
      817.7282   2064.5715   1726.8550
     1599.3671    270.6689   1807.4987
     1629.7997    282.2715   1585.1255
     1203.7058   2160.9609    575.7461
      635.5798   1454.6907    587.5567
       31.7083   1002.4263   1124.6927
     1108.1726   1429.9951   2164.8638
     1223.6697   2196.0681   1732.7098
     1891.7090   1593.4042   1937.6986
     1550.3802   1987.3359   1594.4763
     1224.5828   1042.7648    216.6239
     1234.2107    626.6967     65.0497
     1004.1235    932.9816    608.2713
      592.2758    545.9727   1198.5491
     1524.0692    406.3952    303.2107
      977.8247   1476.0507   1300.7461
     1592.2477   1371.8715   1418.1362
     1390.7097    475.0225    858.4521
      190.7608    967.8741   1532.7539
      389.2228   1555.4656    936.8311
      867.3275   1487.9667   1794.8232
       20.6108   1873.5787     38.2324
     1692.5996   1539.4073   1757.6132
     1517.8143   1877.9131   1828.4105
     2182.6521   1521.7889    271.8477
      254.6116   1796.1324   2184.6638
     1662.7015   1245.6444    792.0963
      426.1153   1267.1699   1201.1680
      661.9611    158.0962   1220.7104
     1002.5441   1157.4209    677.8411
       39.5184   1838.6660   1636.4327
     1269.1588   1065.4285      7.1700
     1359.7531    805.6544   1395.9526
      737.1830    309.0993    506.1362
       88.0886   1870.7241   1840.8613
     1568.2368    836.6309   1859.0420
      801.1577   1999.9370    271.1530
     2114.7578   1213.3809   1789.1619
     1879.4880    827.3033    617.8131
      986.9877    165.6774   1809.9810
     1397.5902    556.7631   1322.8252
     2257.1230   1584.0565   1532.5084
     2176.4934    345.2539    640.1492
     1288.0930   1439.0266   1765.2373
     2099.2771   1517.9620   1716.7975
     1560.0553    129.6807    362.9011
     2025.2334   1315.9734   1602.5719
      786.7441   2197.9067   1549.7690
      575.5971   1565.7939    135.9430
     1973.3173    489.5336    941.9816
     2234.4050    412.3000    894.4715
     1926.8276   2061.9004    335.2377
      100.7242    581.1015   1261.4985
      402.5876    352.8590   2028.2643
     1868.6947    945.8712   2028.5311
      928.1393   1722.6414   1039.8513
     1911.0991    553.9427   1750.9235
      193.0344   1473.8496    188.6084
     2067.2280   1695.9174    337.3892
      719.2586    639.7747     26.8116
      239.0980    602.4900   1857.6752
     1417.5294   2035.2188    596.7778
     1781.5665    411.6524   2113.1594
     1678.3005   1038.3998   1923.1113
     1714.4067   1326.9913   2255.4915
      882.4232    768.9259    662.3764
     1242.5763   1456.4325    401.8254
     1569.3678   2170.9907    452.3182
      377.4930   1529.7780   1191.0612
     1697.6211   1491.7534    311.9590
     1032.7810    622.6268   1842.1178
     1815.9968   1865.5310    456.2944
      329.2271   1717.5146    738.1422
     2085.3406    464.0684   1600.4460
     1897.4009    645.7370    794.1183
     1855.9760   1158.0538   1697.3712
      951.0109   1254.1982   1934.6163
      323.5390   2195.4043   1810.6672
     1640.2483   1765.7266   1628.4441
     2182.7700    611.2792   1064.3539
      965.6280    332.3152   2237.2615
      257.9451   1700.7855   1657.4412
     1869.7808   1577.5662   1619.2717
      596.5256   1976.2178    210.3721
       63.4251    786.7438   1214.2130
     2139.9048    486.1363    457.8122
     2220.0874   1411.9366     80.2913
     1685.0469    972.3076   2155.6853
     1729.4939   1048.4053    896.6966
     1375.9958    254.5329   2238.9495
     1199.2783   2169.1707   1078.5361
      267.2573   1229.8741    333.3047
     1652.2365    319.3792    517.9379
     1956.6854   1128.4945    802.4582
     1578.0906    552.3264    432.0025
      232.9971   1874.6632    161.8984
     1939.8829   2001.0695   2055.0383
      955.8297   1298.9705   1144.5392
      674.7559    866.2464   2155.3057
     2181.9048   2210.3594    883.2571
      117.2095   1463.5172   1172.2179
     1738.4718    284.1718    302.1578
      700.2813    482.8162    932.2565
      113.3006   1585.3510   2206.6968
     2210.7153   1177.4131     52.2904
     1352.5414     10.8301     84.7216
     1959.2626   1479.7688   1208.6019
     2254.0322   2074.0815   1546.4169
     1580.8191   1546.0912    577.5305
       80.5172   2137.6238   2226.4456
     1228.7759   1786.2114   1428.9985
      363.6672   1283.7762   1807.4448
     1431.0502   1755.1117     66.6837
     1062.3020   2043.9615   1866.2733
     1484.3108   1371.7534    730.4714
     1829.2924    382.1613   1395.0800
     1793.0665    433.5363    732.7878
      936.1267    545.7330    436.0682
     1522.5739   1960.1899    830.3796
      147.3305     35.1191    160.3138
     1853.5924    586.0043      8.6908
     1955.9630    127.1374    887.9282
      122.5413   1586.8187   1986.0408
     1245.7780   1785.7207   2210.1716
     2166.6079   1649.5911    827.4380
      593.6643   1130.6437    822.4025
     1948.9185    629.5750   1139.5857
      418.1730   2000.3420   1363.7285
      439.2770   1757.6055    238.9967
     2056.8416   2176.6064    489.5286
     1800.3182   2224.1794   1928.8866
     1779.5710   1699.7760   1080.1852
     1958.4509   1406.9792    592.0149
      451.4344   1774.2238   1170.2244
      370.0318    608.4574   2067.4868
      364.4316   1524.9664    348.2287
     1186.4127   2034.3851   1383.3243
     1877.3423    210.7503   1230.4098
     1439.8734    644.9449   1786.0288
      904.5019    420.9815   1856.8226
     1529.5059    191.6881    146.7810
      272.5129    804.2473     55.3401
      659.3959    355.4974   1125.7839
     1342.5920   2103.8506    893.0613
      416.0897   1005.7877   1219.6316
      586.2662   1086.2050   1631.5546
     2152.7966   2083.9077    680.6124
     2011.6237   1755.9491   2051.7310
      501.9467   1017.2122   1430.5869
      831.2438    532.4934   2052.6963
      834.9315   1894.1772   1582.1893
      337.8456    290.5135      3.8990
      534.4948    192.5164   1010.1274
     1745.8419    586.6759    982.3177
     1853.2544   1525.4119   2182.3081
     1109.4426   1095.0898   1531.0193
     1298.4716   1308.0740     13.1792
      881.0716    579.2285   1667.4397
      664.8497    359.6573    733.2361
     2035.2004    330.0139    813.0189
      296.1487    104.2618   1219.8888
     1008.5378   1832.7672   1433.7957
     2038.6694   2130.6536   1546.5052
       58.2899   1410.6675   1395.5924
     1692.0015    795.9391     43.0401
       53.0641   1236.7590   1041.9375
     2127.2964    782.0770    525.5807
     1556.6385    933.4089   1419.1364
       92.9063    365.0497   1526.1589
      865.6720    305.1472    833.5568
     1451.8792    187.7388   1995.5447
     1362.9915    641.7608   1564.6873
      650.1733   1074.1152    368.3582
     1811.8362    848.9288   1055.4303
      873.4452   1802.0593    745.2932
     1743.1343    401.9815   1152.5787
     1815.7448    330.2292    928.3571
     2052.5918   2206.1843   1927.5751
      431.3879   2145.7715   2068.5056
      504.5073    522.2554   1606.6644
      117.3664   1037.2747    919.0196
     1305.2355   1172.1434   2060.7307
     2175.9409   1379.5953    457.5064
       42.8342   1257.4868    256.4018
     1131.1581   1214.1919    323.7435
      972.6122   2060.1160    745.6490
     1758.9011    119.1153   1738.7349
     1494.5446    465.7391   1606.0350
      134.3351   1344.6334    656.9301
     1710.6827   1567.8011   1479.0928
      143.7918   1212.0308   1788.9384
     1299.8431   2201.9478   1288.5990
     1358.7036   2260.0696    457.5233
     1969.5391   1758.3910    687.8521
     1827.3658   1596.1444    482.1769
      249.8473    233.1933   1647.2606
     1786.4978   1819.9019   2063.1443
     2145.5962    106.6358    721.9571
     1865.5818   1359.9702   2036.3246
      838.3398   1134.4486    208.9521
      416.1882     73.4734   1619.9050
      233.0723    368.2453    825.9682
      793.0516   1546.1505    243.6825
     2156.6895   2074.2207    295.9066
      920.0374   1402.3156   1572.8054
     1059.3687   1974.0251   1655.1813
     1058.5809   1506.4387   1070.3488
      242.3086    622.9337    438.9791
     1153.4586    846.1823   1451.1359
     1731.5629   2113.2585    135.8491
      456.2835    879.2182    224.6754
      641.0961     10.4029   2076.4983
     2080.3372    151.7524    531.0483
      993.2355   1685.3638   2108.9077
     1690.5472   2030.6254   1207.1957
     1889.6886   1927.9299   1018.0995
     1459.3052    986.1904    602.9760
      487.1502    609.1730   1873.4657
       33.6792    813.1158    710.4627
      326.0057   1639.1964     82.1122
     1343.7118   1573.2247    622.6678
      623.4324   2071.1375   1960.7948
      732.0364   1698.3020   1763.9108
     1016.9709    943.9995    214.4922
     1218.3063   1052.7588    643.1426
     1900.6947    776.7372   1655.9453
     1581.4410   1132.3723   1329.6384
     1123.6947   1770.8446   1620.3875
     1181.7177   1719.4791   1002.9873
        9.8400   1677.1843    414.0962
     1226.6628   1970.9169    409.8017
      309.9345    898.6487    636.5486
      835.1257   1536.3706    685.2878
     1753.0850   2037.9509    830.6484
     1446.9731   1510.3966    183.7630
      109.5323   1747.3895    822.7001
      396.2583   1201.5046     28.2133
       80.1243    149.0282   2235.6101
      590.7876   1251.7716   2165.6162
      167.9919    336.1431   1269.2289
      791.3000   1261.5073   1750.8759
      148.8564   2064.7031    621.4255
      717.4261    132.2359    196.7199
     1762.6256   2261.5955   2208.0098
     1747.7726   1810.8569    832.0137
     2149.7400     26.1084   1430.4727
     2045.2218   1927.4698    821.0463
      607.7338    557.3753    589.3405
      469.1462    165.2121   1393.4756
     2096.3323    797.0099     92.4529
     1495.0210   1150.9139   2249.3628
       95.6513    784.6613   1431.0009
     1006.8105    977.0107    835.6030
      262.2318   2146.6863   1206.2433
     2034.7743   1522.5679   1461.7563
     2158.1016   2042.4857   1773.2632
     1670.3682    828.8265   1245.2510
       48.0927   1050.1692    256.4612
     2029.4873    254.5915   1428.8431
     1604.7117    281.3995    754.7691
      262.2363   1031.6705   2200.4758
      602.7865   2064.1377   1236.0852
     1732.8706    913.0490    240.7561
      396.0254    847.6608   2086.3501
       39.8941    679.5289    128.3912
       13.9898   2244.9377    553.2091
      756.5624    717.7695    466.8668
     1225.9135   2038.4590   2037.0123
      198.2459   2242.2781   2026.9418
     1379.2896    554.5622   2123.4817
       31.2243    612.5043    569.8213
     1422.2594   1137.1093    741.7463
     1344.2648   1165.8754   1141.2435
     1377.4413   1229.4138   1374.2386
     1980.2365     41.3114   1114.1104
     1351.0613    976.2405   1872.7712
      426.3162   1063.7467    373.2959
     1470.8734    706.8458     81.6715
     1937.4813   2238.2068    161.4826
      782.5786    253.1855   1736.7211
       44.4878    614.9219   2001.3335
      100.5724   1997.8153   1328.5558
      898.5249   1677.6411   1600.0406
     1914.0670   1147.8807     37.2364
      932.8086   1056.0859   2255.1719
      305.6938    735.6786   1264.0437
      807.3873   1751.8370    337.7586
      444.8748   1990.8898   1826.7002
      832.3087   1092.9854   1572.3936
     1481.0583   1562.0166   1374.4442
     1558.3403   1259.9893   1102.7263
      348.0462    179.4510   1839.8490
      458.7034    791.0610    805.4413
     2161.0723    819.8578   1983.5980
     1737.5471    624.5846    587.9525
     1037.1632    907.1468   1648.4910
      178.2641   1261.1909     87.8940
     1051.5459   1894.3694    588.7562
     1335.4264     75.4129    974.9236
     1748.4209   1690.5911    671.2454
      389.1260    694.5742   1664.8156
     1620.2764   1745.5811    439.9495
      810.0455   1627.2323   1962.1486
     1861.2325    312.4537   1641.6202
     2243.0090    607.4084   1503.0442
     1148.2732   2189.5969    825.0754
      690.6566   1849.7953   1958.0686
      400.9114   2007.2766    324.5410
      111.1240    801.3030    483.0746
      462.4874   1444.9141   2221.7793
     1581.4221    875.2005   1020.0909
     1690.4185   1456.2794   1190.8770
     1230.7422   1694.8820   1821.6927
      405.0256   2092.1155   1624.2751
     1612.2959   1403.6947    936.4421
     1906.1622    803.1686   1282.3729
      504.4090    307.4537    551.9016
     1782.5524   1016.9251   1355.3386
     1180.3112   1704.2061    706.3734
     1343.5035    976.7241   1020.7690
     1419.5093   1401.4218   1222.0585
      690.7413    159.0930   1453.0669
      913.6433     67.8012    853.7971
     1987.6903   2204.9353   2158.9709
     1886.4810   1344.6945    823.7040
     2075.0754   1305.2328    246.0610
     1248.3969   1950.3571   1800.2645
      484.1326    530.7750    418.8680
     1477.4169   1425.9572   1878.2753
     1049.8130    259.6396   2010.8904
      424.6711    154.9750    393.6848
      995.4677   2065.0264    443.4054
     1869.2722   1756.1188     22.0670
      589.7513   2126.6541    623.8635
     1510.7491   1964.5581    159.8158
      596.3336    228.8098   1867.0876
     1278.2207    354.9022   2062.5901
      220.1504   1983.1074   1524.9342
      877.7355   1302.8824    551.0505
     1853.8567   1852.6410   1222.1340
      895.8610   1549.5587     24.6749
     1083.4304   1838.3433   1971.2314
       40.6182   2002.9641    831.5836
      226.8294   1556.7694   1517.5490
      180.1026   1533.7878    812.0238
     1470.4509    436.9235    625.9822
      902.0946    168.0197   1556.0349
     1650.5665   1894.8845     19.5082
     1280.3762   1605.2739   1592.5449
      207.2993   1457.7928   1740.0134
      834.2352    470.7813   1287.1064
     2157.3669   2044.5161   2148.4658
      818.0472   1039.4946    991.5035
     1688.0105   1265.2615   1851.3071
      249.2449   1396.2439   2208.1638
      379.2789   1444.6418    749.6238
     1633.9003    101.0536    592.9131
      671.8704   2154.0867    366.7651
     1215.7628    137.6809   2109.4255
     1243.2043    517.7493   1712.0925
     1715.5012   1022.0051    687.9492
      423.8945   1816.0728    939.6221
     1502.3936    360.1790   1200.7681
     1539.0452     51.1196    879.3992
      421.3419   2219.6829   1053.5696
     1172.5131    984.4316   2073.3513
     1931.2906     13.9971    639.9115
     2146.5427   1877.5878   1430.6298
     1723.9622   1979.6993   1909.2585
      569.5544   1623.0404   2028.8218
     1411.6527   1966.1334   1408.8978
      771.9700   1627.6775    888.9092
     1443.9349   1632.2448   2081.1204
     1803.1654   1010.7594    456.2900
     1968.4938   1258.3387   1176.8717
      193.3027   1032.2014    445.7154
     1558.6744   1225.2480    553.7936
      806.9837   1540.8080   1132.8970
      820.0563   1110.3696   1201.0543
      956.4820    569.5540   2257.1104
      604.4698    809.2288   1467.3284
     1155.1998    701.4991   2109.2354
     2050.4011    837.7783   1484.2549
     1349.9988    758.6469   1965.9093
     2254.2305     12.3601    336.9304
        5.9395    473.3047   2259.6853
     1228.5962   1963.7311    722.1553
     1994.7476   1017.1911    597.1417
      747.1917    377.5461   2201.1343
      239.2151   1246.0088    811.0021
     1143.3682   1001.7151    431.8855
      639.6389   1902.7061   2186.8435
      525.7977   2095.7241     18.1151
      628.0433    679.4859   2075.2800
     1322.8792   2228.1580   1922.9965
       16.6235   1574.5289    629.7723
     1146.9298    178.2747   1643.6541
      463.4406    720.9926    559.3519
      934.0569   1092.6880    438.1543
       22.4190   2128.2642   1963.7220
     2228.4055   1854.1241    279.8474
     1181.7711   1273.5292   1892.0604
     1848.6245   1404.1284   1394.4604
      380.1331    121.2104    144.6305
     1823.7338   1632.6064   1301.2496
     2042.3812    138.3930   2261.5291
      320.4849   1182.5811    601.1375
     1031.2181   2110.8657   1222.4915
     1194.8212    703.8044   1156.2993
      194.9568    813.7054    256.9512
     2181.2803   2210.2400   1156.6091
     1155.2362   1306.5919    973.5309
     2252.6858    649.7653    347.8828
      549.9745   1157.6815    193.0348
      799.0639    912.7855    283.2921
      584.6232    236.1556   2104.6218
       79.5896   2044.2286   1094.6292
      177.6828    552.8242    233.0716
      896.9877     47.9547   2047.9927
     1320.3119    177.0199   1199.0016
      644.7631    442.2033   1977.8718
     1240.7573    816.7057    578.4915
     2086.2439   2054.8169   1017.1987
     1599.1094     52.1278   1548.5249
     1081.9166    829.3654   1904.2941
     1274.5638    319.9449   1022.5639
     1731.7704     94.1849    164.7615
      896.7870   1868.1351   1825.1405
     1320.1814   2136.5850    294.4774
     1543.9818   1319.3062    134.2741
        3.1722    760.2734   2181.1162
     2043.2655   1876.0479    480.0610
     1927.9672   1167.6851   1904.7478
     1897.8424   1062.4695    256.0736
     1487.9392   2042.9073   1975.8391
     1428.7599    295.9935   1441.2190
      832.1231   1904.4327    521.7360
     1927.9969   1708.4747    924.5172
      590.2744   1686.3116    394.2734
      199.4160   1901.8116    978.5975
      706.5547   1232.1906   1027.6995
     1125.0660   1973.3792   1006.6230
      545.0923     51.1546   2250.8550
     1258.1375    616.9694    731.3143
      888.9210   1872.7021   2093.8228
     1994.6182   1340.1083     17.6557
      779.4014   1121.4626   2035.6987
      741.8772   1344.2462   1262.3584
     1981.0615   1044.2729   1295.1285
      947.0878   1192.0002    907.1127
     1508.2418    236.8348   1014.8317
     1246.0065    389.1261   1270.9823
      111.1802     83.7252   1815.4479
      648.0555   1823.3943    872.2424
     1133.4620   1157.3931   1314.8567
     1664.6304   1160.4147   1529.9738
     2194.3892    406.1978   1165.5775
     1608.6626    543.8902    751.9252
     1634.8754   2165.1064   1742.9557
      612.9656   2008.2031    988.0980
      520.2595   1282.4097    442.7613
      582.6711   1300.0095   1696.1156
     1119.2788   1267.9508    535.8892
     1473.6251    703.1188    681.8817
      267.2300   1932.0035    767.6125
      912.2989     26.4993   1140.9137
     2050.2607    352.2553   1798.6881
     1485.5601   1006.0349   2057.1287
     1660.1045    229.5336   1290.9976
      236.2108     36.9902    512.0751
     1128.1296    911.3462    997.9374
      234.2472   2135.4902    934.7930
     1238.8922   1536.2173   1361.9188
     1180.2908   1346.8994   1194.9789
     2166.2668    160.6750    972.9259
     1023.4627    384.3698   1631.0282
     1983.1555    885.3465    374.5500
      567.5557    870.2241    430.8201
      225.4335    379.5392   1886.6273
     2081.3049   1466.0505    977.8179
     1698.9861   2074.9167   2103.0701
     1460.1458   1644.5457   1846.9287
     1683.8409   1702.4197   1908.1368
      147.2177   1816.0282    576.4682
     1355.5756     27.4977    713.4276
     1081.0242   1191.3352   2104.9529
     1401.2111   1342.5939    955.8262
     1252.8950    381.5625    708.0879
      338.5737   1092.9471   1655.8436
     2046.6500   1693.0146   1116.0872
      966.3199     35.5441   1404.2360
      885.5418    583.8741    852.9035
      487.0346    995.4881      2.9000
      353.5045   1999.3068    553.3317
       82.5486   1921.7616   2065.4209
     1845.8748   1209.8275    620.5346
      720.3467   1125.0787   2256.3518
     1315.3744   1019.9055   1411.5616
      433.1206   1887.8857     53.1303
      763.5330     34.2684   1856.3993
      289.3005    227.4494   1059.1904
      751.5753   1694.7435   2193.3389
     1126.8649   1423.6039    160.2955
     1257.0977   1627.6946    204.2829
     1339.5483   1837.4357   1985.8655
     1980.9976    759.3439   2150.1208
     1683.6404    198.3884   1989.2822
     1264.5933   2001.3208   1584.9327
     1093.2571    131.2354   1018.2321
     1754.3619   1882.1267    207.3940
     1329.3591    843.9717   2200.0537
     1997.3430    626.9763    327.1079
     2101.5134   1110.2321    397.9201
     1231.3107   1235.1707   1657.9539
     1531.5405   1250.5542   2053.2859
     1018.5341   1215.9325   1700.4020
       50.9212   1161.0327   1395.0854
     1332.1888   1298.3938    231.5688
      574.8873   1826.6226   1347.9382
      302.5157   1160.4518   1395.3129
     2178.3447   2258.8562   1718.5480
     1741.7196    713.3331   1839.1376
      552.9693    516.0410    145.3940
      277.7107   1049.7559    166.1600
     2183.5571   1586.3762   1294.5382
     1376.5386   1220.7428   1839.3361
     1093.1700   1643.7643     41.5362
       22.7673    532.7379   1739.3541
     1130.4716   2262.0320    165.9758
     1358.3463   1928.7377   1009.9667
      995.6984     21.6400    649.3418
      789.6329    145.4819   2236.1614
     1937.6472    229.7047    178.3858
     1761.9609    529.2294   1559.7566
     1144.2399    356.9522   1838.8905
      511.0973     12.2824    834.1121
     1545.7871   2130.5054   2259.3210
      987.9832   1667.2670   1808.4323
     1349.1501   1687.9095   1233.8821
     1585.2278    426.2740    959.8358
     1711.2002   1541.1589    109.9543
     1654.1174   1884.4139   1031.6215
      566.2045    303.1190    298.3355
     2074.7258    947.9402   1742.0997
     1083.1793    879.7299     14.8117
     1022.3937   1837.2667    367.1101
      917.0109    740.3965   2053.7773
      386.9909   1027.9600    822.3103
      220.9181    910.6757   1076.9105
     1387.9506   2236.4619   2142.9187
     1967.2695   1541.2507    133.5384
      398.7518   1792.2681    471.3390
      874.3299    346.5293    331.8688
       42.8515   1641.4165   1764.3287
      396.2833    661.8708    251.8031
     1514.5063   1095.9985    950.6410
     2122.4641    233.5338   1622.6472
     1226.6956    561.7363   1943.0963
     2087.9062    817.8705    746.4681
     1179.2836    161.9134    533.6672
     1889.6532    909.1727    851.4405
     1459.4854   1108.7180    223.6333
      951.0858   2143.5220    962.8025
       84.3439     93.4266   1201.0171
     1322.4353    134.7023    262.4984
      774.2188    377.9001   1546.9586
      203.7734    423.9746   2140.7151
       63.9024    948.1700     45.9465
     1646.9551    591.0045    199.3715
      348.8282   2201.1074    700.8654
      594.8246   1463.9906    353.7878
     1089.8241   1192.7321     86.7634
     1469.1947   1734.4410    977.1678
      356.6188    798.4636   1877.0093
     1146.1030   1328.4666   1458.9141
     1544.5966     63.7746   1150.8090
       68.5280    272.6075   1040.1573
     1052.4550    481.4448    713.3956
     1176.1338    735.5961    378.2274
        2.6003   1603.3782   1030.2671
     1211.8203   1490.8674    835.3942
      791.5457   1913.6901   1322.2416
      674.1989   1713.3505    602.5853
      897.7853    127.3755    432.4410
      931.8267   2180.8513     54.7022
     1520.3481   2201.5400    215.1144
     1761.1638    157.8329   1050.1281
      688.9752    504.4244    353.5171
     1500.7992    672.7769    924.6542
      410.4804    123.5884   2082.9409
      969.1365    985.3880   2044.4191
     1536.7257   1451.9479   2210.0020
      628.4852   1487.1312   1838.9813
     1851.4987    149.7358    461.3825
      237.6056    674.9565    662.8032
        7.4832    408.1060   1962.8469
     2155.6187   1688.0232     91.3995
     1577.3093   2250.3779   1987.9072
     2078.9497   1359.6512   1985.1810
     2053.9587    744.3730    935.7341
     1964.9884   2155.1641    842.9103
      328.7023   2111.6648    153.6672
     2183.3723    172.3772   1921.3663
     1105.1610   1509.5773    579.3779
     1860.4528   1751.8759   1764.5776
     1824.8906    192.8055    703.7177
     2178.4917   1012.6783    748.1658
     2132.9631   1592.6672   1925.7412
      501.1270      0.3124   1252.1018
      416.8647   1998.4109   1099.8060
     1825.3903    354.8620   1882.1373
     2070.2935   1600.4977    558.0956
     2091.7300   1782.3064   1796.5573
      567.8564   1204.0348   1925.0942
      420.5164   1453.4656   1633.4180
     1012.8088   2081.5469   2089.4705
     1956.6587   2259.1436   1354.2007
      247.0033    164.5569   1444.4343
     1593.7599    569.0209   1988.3855
     1081.2800   2243.0234   1941.3042
     1877.9186    722.7346    173.5031
     1479.4294     58.8562   1760.6216
      761.6668    849.2485   1947.1139
      941.5994    891.3992   1143.6903
     2078.1997   1193.6543   2130.3940
     2137.8901   1005.0740    963.5136
     1432.5796   1134.2220   1594.9410
     2092.0911   1088.8802   1543.6213
      690.8384   1486.1237   2177.6880
     1868.0106   2154.1870   1710.3909
      892.0600    775.5993   1765.3077
      690.3502   1175.9115    578.7544
     1659.1051   1478.5488   2004.7876
     1587.9823   1708.3005    226.1702
     1009.0519   1614.7190    835.3320
     1569.4658   1835.5455   2064.2957
      469.1157   1781.3741   1875.1859
     1606.6741    629.3575   1152.5833
      521.6182    481.2954   2179.0117
      350.1826    806.2373   1476.2202
     1376.0927   1796.2849    303.2242
     1902.9543    991.0897   1563.9548
      929.7440   1239.1731   1389.9125
     1292.9132    698.7384    953.8229
      332.2160    529.4659     63.2301
     1636.0635   1660.9211   2210.2058
      498.3277   1857.8433    672.9836
     2078.0232   1021.2148    168.0312
     1022.8026    729.8807   1294.5660
      701.3581   1822.7451   1115.9315
     1051.6011    283.7161   1165.6992
     1976.8558    757.6311   1900.1189
     1852.7290   1310.7864    194.2093
     1463.9823    466.0483     69.2748
     2235.5332    975.3943    519.9138
      675.0121   1724.5073   1507.3367
     2185.7891   1833.0576    661.6431
     1947.2792   1464.8026    349.4993
     2098.2100    848.7747   1146.1423
      539.4599   1085.9911   1042.5356
      704.0043    587.8267   1451.6149
     1145.3733   2229.0850   1521.0391
     2261.2761    989.9467   2117.2778
     1049.6102    509.2408   1211.2924
     1514.5857   1353.2844    381.1713
      439.6614    860.9199   1023.3959
     1443.5745   1570.3342    835.4072
      650.0042    706.0201   1679.5433
      226.2128   1602.6885    574.0956
     1905.5217   1236.2283    411.7677
     1734.5999   1388.7505    494.9502
      375.8455    490.9739    654.5836
     1748.5161      8.9103    828.2715
      998.4472    420.6564    159.2521
      962.0667   2058.9448   1448.7477
     2001.9343    446.2050   1271.9580
     1917.2231    159.2132   2029.4590
      571.7462   1643.5793   1030.9949
     2226.8499    236.1703    369.3778
      129.8071   1447.0410    407.8401
     1316.2296   1538.7950   2257.4224
     2077.2354   1018.2723   1942.3525
      388.2242    644.3992   1084.5988
     1936.8892    399.2215    602.0686
     1582.7864   2133.3228    972.9238
        3.0529   1202.2294    799.3836
       88.7552   2065.0239    194.6075
      362.1991   1569.4520   1847.7599
     1844.7074   1698.3530    270.9463
     1104.7617   1482.9655   1908.5038
      448.7415   1408.5988   1983.1154
      231.6753   2179.5310    339.2765
      566.8179    285.1990     74.8043
      300.1049    618.3096    874.2193
     1856.1178    560.6655   1986.8376
     1965.2618    618.1349   1475.3969
      555.2258   1027.5322   2054.3064
      170.9340    480.5233   1039.3628
     1550.2406   2151.3428    717.6127
      494.3214    903.8233   1690.9342
      113.2088     33.4285   1002.7696
      763.7260   2208.4055   1308.6304
     1069.3251    355.9579    507.8000
     1114.9554    242.4558    306.4373
     1327.4000    358.1249    198.6998
     2170.4934   1143.2457   1224.4619
     1765.1475   1251.5935   1269.8737
     2012.0837    299.7006   1043.2365
     1672.7804    944.1191   1627.6080
       72.0006   1213.7048    500.7345
     2004.1028   1886.6963    211.2644
      842.0283    500.3640    629.6273
      978.6005    811.7417    418.3885
       10.3973    881.0959   1619.6221
     1854.6639   2005.3005   2253.9692
     1136.5806    499.8373    962.8719
      841.7236    654.8158    241.5914
     1370.8514   1408.3215   1513.2765
     1689.8958   1194.3223    323.5288
     1640.4442   1720.4166   1289.0150
     1797.1218   1249.8628   1006.3520
     2192.2222   1844.1022    960.7630
     1467.5908    864.9115   1631.6530
     1058.5953   1856.8032    829.3606
     1755.5059   2252.1143   1264.6536
      606.3312   1153.8871   1290.0262
      857.0736    831.1216      4.2231
     1756.2819   2237.5713    353.3990
     1669.1095   1914.2463   1416.7908
     1702.6116    794.9272    795.1396
      696.7320   2178.1414    131.1984
      426.0733   1371.3352    201.1953
      833.6202    196.4932   1049.2312
     1898.4734   1974.3865    648.9070
      531.5579    284.2319   1598.3740
