      636.0753   1937.3372     36.9853
      810.0842   1060.1123    496.9992
     1256.9440   1645.6858    145.7448
     1275.2229    635.9345   1997.7957
      666.5388   1651.2087    737.9763
      437.4741    695.0396    955.7855
     1813.2153   1311.6725    771.5123
     1447.8029   1969.6974    980.8359
     1435.5535    217.5461    894.7084
      861.1379   1949.5525   2099.0156
      846.7764   1325.6716   1542.1494
      905.3334    439.3972     78.0021
     1562.3336   2185.2876     79.5886
      463.9691   2249.2461    863.8930
     1968.5403    545.3806   1150.8514
       37.1853   1229.1591   1945.0596
      708.7984   1403.7305    547.7760
     1228.0648    218.0552   1597.8251
     2243.8665   1917.4146   2242.5811
     1926.3291    911.6248   1798.4651
     1374.2183   1954.0958   1327.6826
     1249.1758   1724.9667   1615.3561
      327.4883   1300.5935   2173.7039
     1177.2120   1638.4270   1903.9343
     1135.2542    712.1364    676.3622
      330.1928   2090.9238   1417.0522
      961.2296   1247.0717   1213.0385
     1659.4857   2229.9465   1920.3065
     2125.7336   2185.2014    171.8153
     2246.0344    170.1855    394.4032
      405.4601    883.5963    480.3606
      254.2651   1046.4617    600.0326
      133.4901     27.0309    726.4279
     1773.5527   1644.9633    828.9498
     1383.6130    952.7893   1982.0468
      712.2673    159.0217    141.1295
      601.9412   2181.4363   2125.9167
     1071.4635    457.2275   1740.0519
     1647.3329    290.2279    336.3982
     1319.3241   2083.5452   2198.7390
      404.3746   1166.0284   1319.1047
      381.5962    254.6358    245.1293
      787.4366    263.3679    670.3833
      887.7895   1986.5687    633.2726
     2124.5605     27.2899   1272.3740
     1734.4541      1.6462   1604.0049
      932.5280     10.2660   1132.9991
     1596.0262   1354.3817   1059.2057
       32.6218    459.2982   1632.0599
      528.5718    989.4074   2155.5942
      279.3716    905.5992    864.7372
      982.7291   1507.7266    472.2865
      841.0630   1317.9067   1906.5443
     1664.2070   1335.4458     69.0931
      599.7917   1868.7559   1915.5852
     1640.0094    249.5259   1371.6426
     1511.1082   1589.8063    605.4157
      491.0861      3.4653    262.3841
     1522.6163   1701.2250    338.7340
     1277.7852    804.3639   1679.9779
     2083.2373   1803.2744    557.9652
     2109.5415    750.2983    806.1552
      336.5565    182.7912   1861.3145
       98.8284    708.7766    693.8998
     2150.2075   1056.5424     37.8890
     1077.7916   1494.4083   1026.9529
     1679.5100    816.1103    504.4455
     1425.4489   1128.4052      1.4097
     1117.1425    332.1131    528.8936
     1336.3721    594.8331   1469.1649
      862.9987   1444.2059    762.0981
     1892.7490   1690.5698   1426.2220
     1663.6909   1002.4508   1435.5350
      244.7988   1083.4596   1883.5974
     1828.5452    106.8184   1245.3341
       77.1818     63.9136   1904.1887
      535.7405   1688.2506    246.3200
      446.9810    174.3925    704.2205
      920.0327    616.1944   2127.4563
     1538.6255   1851.9080    776.2181
     1941.0586   1582.8932    437.9894
      632.0920    871.2870   1210.2234
      765.9695   1769.0016    456.9923
     1637.4548    842.6902    267.3804
     1929.8737   1113.5980   1545.6561
      611.1049   2055.9871   1465.0538
       52.3728    768.5326     40.1299
     1472.8440   1510.6512    859.5051
     1002.9393   1743.4263   1461.4586
     1064.0142    239.6884    223.2062
      231.2362   1140.2837   1547.6589
     2232.9458    170.0965   1671.3478
      273.1840   1698.3885    875.8322
     1258.0157   1370.9576   2248.4258
     1490.3265    509.2856    167.2506
      890.5953   2122.5547    362.1558
     1003.6695     42.4217    486.6907
      148.1412    950.2247   1257.6478
       68.1850     59.9939    991.7416
      147.1582   1847.3481   1640.6349
     1963.4969   1473.1198   1907.1836
     1988.7694    868.7108   1165.3702
      343.2212   1442.8943    647.0891
     1543.2871    881.0858   2247.2524
     1789.3101   1849.6853   1042.4430
      100.9556   1632.5922    716.3712
     1566.1516    425.6938   1924.1110
     1941.7593   2088.5361    432.2267
      629.4052    733.6157   1646.9504
      404.6284    860.4698   1131.3492
     1051.5826   1043.5577   1865.9138
     1345.9872    122.7457   1346.2504
      608.9228   1487.9915   1260.5372
     1912.6143    735.4476   2111.0461
      112.2931    347.5925    191.4565
      367.6707   1401.5654   1000.4572
     1373.6538    481.3768    470.1284
     2075.2188   1644.8495   1204.8522
      873.3291   2198.2312   1598.0900
     2193.6626    946.4288   1461.8762
     2118.0911   2149.3474    715.3826
       56.9043   1348.1908    198.8821
      335.6016    621.2411    646.4783
     1077.6230    868.3674   1267.8551
     2121.0918    352.0800   1899.1949
     1662.3127   2137.3452   1025.7399
      290.8335    365.1159   1243.9856
     2091.7058    178.4291   2144.5503
     1812.3954    778.3959    895.3768
     1729.7533    825.7557   1950.6091
      712.2963   2124.2124    871.1265
      559.1309   1388.1931   1556.0474
      183.1955     31.3383   1225.5137
     2042.6866   1742.6469    828.6063
       38.8990   1987.5623   1863.9037
     1494.5022   1430.1132    302.4106
      706.4003    430.8212   1369.1559
      223.9794    305.3045   1658.2893
      527.0300   1158.1335    954.5559
     1186.6240    215.9095   1044.4801
     1130.0026    470.8227   1166.7787
      482.1999    779.5668    211.9920
      836.0424   1608.9780    162.1317
      780.3718   1122.2930    791.6565
      464.0788   1058.6121    230.0386
     2232.4409   1759.2538   1015.4138
      846.9586    240.3567    393.7470
      304.4205     74.4234    468.8219
      771.3563    875.5290     83.2912
     1973.7410   1447.4149   1571.5381
     1419.6617    828.4323   1324.9641
     1527.6427   1769.0225   2050.2002
      554.3661    228.2855   1621.4366
     1769.5032     80.1156    272.7843
      381.3670   1934.4691   1203.7733
      944.4059   1698.7513   2136.8835
      356.5151   1425.1710   1325.0283
     1174.3964   2078.5193    839.9894
     1075.3710   2127.2861   2046.3948
     2041.2557   1973.4608   1948.4717
      604.6088    694.3904   2095.6086
      531.4609    439.6527    796.3165
      340.8211   1681.3367   1134.3372
      385.5586   2151.3972     21.4557
     2175.0671    829.7585   2024.1459
     1695.7877    648.1042   1165.3845
     1647.0781   1039.1807    806.1207
     1331.1115   1398.1176    533.5839
      612.8439   2012.9686    575.9763
     1488.4335    241.0823    629.8150
     1141.4280   1401.1952    195.7427
     1158.3660    514.3887    218.5922
     1848.8776    598.9047    633.8412
     1652.6055    713.7106   1446.5554
     1145.7307    983.8593    455.7944
      195.5577   1218.6652    908.2575
     2120.9822    794.2176    245.1279
     1008.3383    382.9280    892.0569
      127.7297   1207.1260   1196.2927
      430.6930   1954.8656   1674.9569
     1390.3975   1151.0138   1315.6410
       49.8771   1974.7809   1309.4198
      627.3287   1658.0385   2131.0723
      979.5769    278.1154   1405.4265
     1997.2660    234.0331   1103.9828
      906.3204   2199.4983    109.6055
     1948.2013   1121.3140   1227.8651
     1293.1561    978.9821   1079.7460
      618.0180    633.7117    578.1953
      544.6726    898.3881   1874.0876
      350.3668   2018.8552    766.9342
     1381.5823   1718.5085   1102.8617
      224.3983   1856.9750   2177.3513
      583.7634   1026.4840   1522.5846
      438.4004   1742.4979    581.0775
      630.2378   1363.1306   2186.4604
      963.6900   1406.3529   2234.0391
      715.9276    168.7316    950.9412
     2184.1643   1434.8329   1751.3314
      733.1376    494.5490   1682.9266
     1302.1063    426.3655   1763.2743
      516.7822   1191.9954   1915.9219
      208.5046   2069.1489   1064.4712
      270.1082   1597.7792    268.0551
      319.7533    729.9238   2201.9197
     1108.3945   1427.6814   1401.4718
      692.8477    858.9370    325.2627
     1605.2152   1430.7837   1352.2274
     1625.3545   1753.7567   1318.6046
      939.5360    859.8288   1671.3545
     2107.5439    690.4346   1360.5458
     2196.6470   1641.4927   2016.3138
     1769.9092   1288.0999    428.5851
     1160.7637   1754.7701   1242.0946
     1883.4540   2232.1626    915.3467
     1032.5687    628.3967   1487.9368
     2017.1953    207.7223    168.1242
      857.6983   1589.6371   1287.9573
     1973.8219    615.4076    110.0299
      609.1960    176.9012   1935.0498
      717.8405   1635.3030   1584.8582
     1033.5532    775.7166    224.0462
     1333.7440   1331.4048   1170.8151
      457.9551    522.7217   1827.1288
      676.1965    505.9308   1046.0684
      735.3553   1272.7410    201.9630
     1705.1035   1140.4148   2076.9587
     1683.5385   1968.3514   2072.6045
      945.0123    760.5978    498.7737
      852.5939     31.0816   1933.8088
      879.7968   1765.1371   1821.8711
     1951.2069    446.3849   2213.5635
     1023.1135    706.8354   1873.8744
       16.2350    329.1385    849.5562
     1692.5529   1604.4928   1097.0790
     2013.6744    242.9022   1448.4071
     1529.9718   1612.9983   1601.9305
      277.8409   1362.2523   1851.4706
      368.4750    529.2375   1558.8763
      779.1715   1867.5570   1598.4756
     1754.8840    123.7158   2258.6787
     1825.7737   2037.4935     92.4427
     1286.3505   1710.9906    483.5685
     1172.9028    848.8239   2174.5581
        5.0874    993.1024    756.3724
      181.9349   1017.3852   2148.1863
     1894.5654   1988.5173    821.1779
       82.3521    542.6592   1921.7924
     1851.0424    341.6544    606.4249
     1812.1365   1216.1437   1713.7231
      745.4869   1811.0740   1110.3392
     1133.1794   1205.7983    979.7206
     2087.6487   1937.3359   1407.6625
     1671.9275    388.1140   2254.3425
     1720.6931   1834.2118    186.9684
     1235.3693   1726.7096    843.6902
      851.7013   1079.0802   2140.0254
     1176.2487    161.8317    702.9943
     1187.0801    213.4193   1921.8070
      832.7263    875.3281   1442.1737
      403.3919    137.2848   2194.9431
     1566.9944   1036.6030   1760.6663
      938.3036    223.7641   2105.1345
     1735.8868   1467.7672   1681.3643
     2257.6997   2161.1731    471.6202
     2163.7910    723.7980   1742.5850
     1133.8109   1198.4113    700.9799
      598.9152    348.7901   2196.2529
      792.1058   1083.3992   1707.6119
      963.1644      3.7854    831.4697
      806.8868    696.2191    860.4162
     2232.0527    513.6957     32.0207
      122.1936    348.7727    545.0560
     2210.0549   1026.0518    448.6299
      441.6748     68.0287   1377.3126
     2234.7053   1345.0933   2182.9524
      872.1772    558.9846    373.4589
     2023.0144     49.6403   1826.5483
      378.6916   2118.5574   1939.0991
     1558.7374   2188.7178   1309.1119
      201.3232    808.6021    338.1529
     1061.1924   1116.0399   1491.4607
      886.0699    522.0380    666.3597
      537.4482    204.2943   1201.8518
     1228.6793   2189.0498    255.4611
     1177.8676   1987.6082    512.1451
     2044.4869    770.5078    518.8471
      150.7323   1237.7246    432.3439
      632.1587    868.1258    731.8786
      202.6900    742.8635   1811.0605
     1334.3080   2143.7214   1944.8032
      960.2146    906.1170    721.8364
     1341.1914    403.5714   2152.9937
     1242.9592   1203.0754   1751.6348
     1826.7643   1010.3384     87.4690
     1543.0763    842.4066   1047.8965
      182.3722   2213.9768    229.6728
      354.0020    484.7369     56.3225
      605.3607     10.1580    539.1914
     1366.8593    793.0678    374.8038
      520.1879   1867.6857    925.7473
     1121.4023   1496.4807    707.5734
     1775.0573    544.7838    304.2774
      878.7777    210.9355   1705.7462
     1070.2302   2247.3997   1375.9226
     1872.0878   2092.6245   1274.2988
      489.8501   1535.1486   1876.5428
     1638.0000    463.5697    678.9512
      408.2827   1510.5630     43.6751
     1630.3728    612.1544   2161.6433
      109.8877   1698.2405   1279.4462
      906.9480    637.3246   1196.1411
     1094.1744    741.8502    990.9597
      276.4282   2043.9590    438.0770
     2202.2869   1613.3597   1474.1740
     1042.0227   1754.4579    326.7198
     1911.8177   1480.1062    991.7284
     1380.1886   2215.3213   1058.5234
     1111.3739   1398.9990   1953.2272
      483.0330    682.1426   1335.5145
      277.2936    238.9145    965.5603
     1452.1302   1947.6968    517.7019
      646.7861   2153.1602   1770.0377
     1062.4825   2003.2626   1793.9673
     1472.9189    137.4395   1769.5814
     1496.1818    381.7903   1584.7231
     1476.2816   2255.0947    453.8122
      905.3223   1065.5850    216.8881
        6.9462    938.8439   1058.8406
     1181.3967   1104.7834   2129.0686
     1455.1228   2136.4187   1569.6161
     1927.2170   1334.9672   2260.7117
     1622.1105   1939.2469   1485.8434
     1465.4700   1116.6124    341.8967
     1285.4928    696.9643     61.6736
      852.1324    906.4778   1044.0051
      262.3522    509.6213    973.3637
     1688.6359    311.6900   1052.2844
     1356.6702   1599.5181   1371.6317
     1439.3252   1324.6508   1593.1581
     1265.6049    935.6694    789.4630
      341.4825    903.9016   1585.7327
      516.7872   1144.9347    615.1525
      997.7452   1502.8790   1689.3546
      137.9654   1771.1226    458.8664
     1372.1145   1456.5627   1845.6664
     1782.1217   1852.7134   1794.6807
     2258.7009   1549.7633    363.0235
      315.4341   1824.8613   1905.2626
     2035.1154   1254.8610    594.3334
      844.0989   1313.9336   1001.4703
      763.8799     73.5821   1381.2242
     1358.6697   1208.4146    784.7772
      547.7115   1743.2771   1340.3350
     1266.7817   1026.2789    187.5171
     1330.0219    654.4423   1136.7952
      567.3578    344.3249    496.5017
       61.3711   2143.4534   1595.1345
     1558.0638    716.3855   1730.9280
     1089.8361   1929.4076     43.6535
     2219.5081   1055.0316   1679.7052
     1917.6831    992.0909    661.4465
     1096.2015    431.9313   2183.4819
     1437.0574    398.9943   1249.9015
     2168.3027   1385.6364   1246.2350
     2130.9348    446.1009    667.0128
     1301.9840   1841.2202   2153.8457
     2074.1035   1727.6853   1720.6770
     1323.9296    243.1779    297.0180
     2171.0488   1266.1940   1460.4532
      846.8184   1981.7030   1319.2803
      432.6682   1311.7217    249.9548
     1712.0962    149.4076    800.1170
     2246.7415    392.8438   1195.1840
     1997.3257   1715.8698     23.6853
       58.7682    194.2680   1407.1348
       99.1268    318.2837   2093.5532
     2010.2664   1108.3041   2014.7096
     1158.7897   2029.5208   1531.9948
     1837.3451    274.6584   1986.4424
       30.9844   1341.7356    732.7916
     2226.0620   1896.6882    263.0389
      639.4327    574.8477    224.5289
      372.6263    456.7549   2057.5718
     1712.7555   2076.8284    605.4089
     1962.4373    575.1699   1881.1771
     1474.6387   1258.5402   1968.0369
     1859.6635   1780.0417   2088.7458
      413.7007    539.8126    350.5049
     1028.5852   1737.6273    639.7646
     1617.2994   2036.2770    331.2255
      660.4326   1559.2622    950.0882
     1757.2255   1508.9858    258.3798
      759.3589    424.8535   1967.9070
     1816.1025   1785.9083    603.4409
       54.7963   1927.0970    764.7829
     2013.6567    490.3110   1623.2450
     2235.6541    605.7749   1008.2852
     1923.4551    837.6059   1521.3429
     1261.8594    938.9107   1485.6401
      319.4885   2222.1790   1691.6769
     1668.8291   1578.8715   1905.2528
     2075.2617    167.2758    730.0370
     1141.3861     58.2877   2228.1594
      359.7343   1638.7163   1596.8528
     1873.9866   1419.8889   1299.1064
      654.0274   2002.1202    312.6817
      135.1451    670.3358   1342.2532
     2087.4543    404.9784    386.4342
     2234.7810   1603.0114     74.8553
     1708.5583   1569.9266   2206.2314
     2022.5176   1011.1182    943.3574
     1489.5464    112.5855   2094.7737
     1075.2467   1988.7366   1086.2181
      173.2366   1045.3208    226.2159
     1312.3560    462.1018    839.4142
     2111.7930   1309.2408    957.4112
     1460.6310    709.5167    678.6014
      319.2681   1856.0601    155.7364
     2016.1582   2188.9758   2134.2256
      665.9489   1170.0933   1242.9767
      822.3444    877.6555   1924.2064
     2081.7156   2006.6127   1080.3483
       79.5746   1466.9589   1047.1395
     1560.8237    591.1347    933.6705
      831.8312    325.5223   1142.4652
      174.0182   1527.5936   2134.0264
     2002.6848   1283.9626    270.0542
     1403.7820    151.7886     72.0894
     1722.7201   1033.8511   1106.5603
     1995.9088   2070.4441   1625.3101
     1071.4261   1227.8354    418.3308
      146.2834   2153.6975   2137.5818
     1399.9847   1880.8695   1783.3817
      142.1406   1598.8915   1799.7505
     1349.6034   1921.4553    211.2340
     1160.6407   2250.0237   1759.0619
     1588.1249   1290.0273    639.9153
     1764.6770    350.8999   1699.5135
     1905.6886    476.3499    881.0846
       93.9270    572.8989    388.1563
     1473.5519   2162.2996    723.3136
       46.1956    144.8998     45.1246
     1899.1600    999.0255    357.3651
     1955.2489     74.3579    545.5788
      191.1050   1435.4651   1540.4287
     1454.6235   1527.7927   2222.3821
     2079.4795   1520.3755    677.5513
      936.9507   1754.8593    930.5128
     1823.3428    482.8416   1393.4316
      583.4258   2131.9456   1152.7915
