      853.2231   1627.0928    275.7127
      783.2446   1105.8469    560.6221
      979.7974   1539.6342     11.2078
     1329.2765    661.3012   2235.2046
      551.1644   1770.8290   1027.9767
      460.6402    855.1549    923.0596
     1613.6262   1572.7057    482.9240
     1656.1752   2249.1941    858.4704
     1393.8524     53.5734    870.5663
     1154.6602   1787.2998   2063.0439
      940.2142    976.4254   1465.8596
      810.2498    144.7702     14.9104
     1769.5393   2153.1238    453.8638
      648.6873   1958.1335    821.5174
     1971.8810    399.1172   1223.1648
      217.7432   1054.7500   1673.7421
      773.9348   1478.7499    905.4713
      965.4207    448.2928   1607.0662
     2128.5103   1831.7566   2215.8035
     2123.8948    869.2133   2056.5342
     1788.7599   2102.8401   1092.5834
     1490.9304   1715.3993   1481.4734
      440.7704   1217.0198   2208.0400
     1051.1036   1989.6753   1767.6244
     1375.9299    586.1813    780.0284
      463.6843   2167.0305   1258.9348
     1237.1987   1319.4795   1092.4150
     1728.3134   2256.0239   1974.5227
     2217.5930   2081.4163    147.3178
     2193.8311    289.3429    289.1088
      561.1603    963.8915    515.1824
       94.0720    743.8062    577.6891
      573.6246     47.1307    850.0500
     1933.9470   1635.6631    658.4775
     1460.8713   1217.0408   1787.4570
     1053.0685    235.6258    339.3705
      871.0213   2114.0254   2196.9048
      671.3840    547.1082   1878.6111
     1579.3124    202.5559    564.0757
     1445.6866   1897.5598   2117.6099
      334.4845    956.7436   1267.2845
      732.4198    215.9018    269.6428
      597.4529    353.3419    809.8525
      735.3066   1746.3613    556.1605
     2035.3676      6.6031   1498.3940
     1909.7970     86.0783   1751.2054
     1151.4719     39.8145   1154.4418
     1341.3296   1194.8895    779.1003
      317.2264    830.1910   1552.8153
      779.8624   1137.6448   2253.1216
      159.9312    847.6771    898.5511
      469.0487   1415.1207     75.8816
      825.8376   1519.9073   2028.3080
     1919.2410    952.7099     41.9361
      593.1169   1660.6951   1605.4269
     1925.0360    118.6158   1222.5109
     1291.2104   1436.2219    484.8355
      355.0453    119.6623     79.9519
     1527.6508   1825.5763    488.1622
     1165.6049    291.9678   1797.1375
     2248.3958   1838.6819    408.3240
     2054.0774   1102.8221    752.2609
      270.7690    104.7060   1661.6681
      171.1869    501.2391    786.0153
     2149.6846   1259.4923     78.7481
     1270.7847   1704.6196    803.1736
     1869.8947    830.2449    951.6689
     1560.1642   1355.2419    226.4311
     1026.2725    583.7107    487.6873
     1668.0959    383.2014   1667.0476
     1100.3828   1479.5582    868.4388
     1939.9705   2022.1420   1688.3411
     1483.2821   1277.9147   1313.1105
       19.5113   1074.9209   2180.6960
     2032.2593    131.4390    944.3477
       94.9915    413.4270   1881.6414
      441.6521   1779.6561    151.0088
      919.0969    375.6261    884.6094
     1136.4843    866.7544   2069.1646
     1270.0032   2020.3232    615.9019
     2164.5569   1620.5565    399.4572
      510.2422    724.8389   1155.5665
      563.9477   1602.6029    319.8793
     1282.7966    719.1511    271.8404
     2055.1804   1476.1991   1399.5883
      594.8778   2085.4094   1060.4888
      182.4706    760.0948      0.8690
     1219.8008   1868.0509   1044.0609
     1098.9454   1639.9695   1453.8115
     1103.4467    497.1992     92.7927
      502.8041   1361.3110   1244.0514
     2231.4526    145.5435   1642.0469
      407.6367   1874.9645    769.6952
     1363.9883   1589.3606   1980.1154
     1694.8972    327.7833    197.6481
      983.2501   1933.8536    348.0963
     1160.3960     65.3777    114.7723
      278.8609    559.6393   1415.5920
       78.2904     31.3688    924.7418
      161.0261   1908.2883   1597.6588
     2166.8738   1518.4056   1770.3292
     1784.0691   1289.2170   1249.0870
      276.3174   1445.8438    371.6864
     1680.2021   1185.9396   2230.4211
     1588.4221   1824.4971   1005.4427
      141.3262   1750.7494    729.5778
     1815.4849    697.2361   2040.9344
     1661.7800   1844.4723    116.5035
      774.0226    702.2335   1640.8041
      170.4372    716.7363   1150.5194
     1151.6023    529.0068   1412.3215
     1422.1072    185.7802   1131.1542
      585.0944   1590.5393   1343.8296
     1582.7559    925.7828   2066.6311
      315.1854    526.6420    454.5524
      379.4661   1125.0696    996.3180
     1544.8829    317.6201    852.8069
     1866.5499   1833.9578   1428.1360
      876.6638   2175.8054   1867.5558
     2251.0879   1226.1812   1567.3552
     2078.9219   1954.5474    685.7824
      124.6256   1345.9988     28.4182
      377.3482    728.5175    739.3957
     1150.8124    813.5843   1334.8446
     2036.7531    392.6703   1830.5857
     1773.9819   2026.7917    673.5586
      299.2430    378.8872   1145.9839
     2203.9712    178.7255   1890.9537
     1866.2107    427.1436    875.3926
     1399.0168    820.0760   1509.3265
      835.7944   2169.7576    877.2760
      841.6880   1502.9175   1544.0009
       26.2497    474.3452   1240.4617
     1712.5021   1567.3578    907.9407
       63.4722   1863.5403   1900.5957
     1530.4175   1056.7794    220.4225
      761.1679    465.1777   1321.4875
      432.9533    386.8668   1622.1993
      641.7473   1074.7915   1144.1763
      973.5927    114.9575   1380.7532
      837.5741    759.8589   1350.5709
      155.2738    594.2790    203.9127
      684.9219   1551.6003      6.4808
      738.3443   1147.1279    923.7950
      430.6728   1242.3323    333.7556
     2003.4734   1385.2266    542.3305
      775.1374    185.3423    692.1290
      181.9426      3.0208    597.0938
      763.3571    802.4183     37.6977
     1917.3552   1712.6156   1773.3373
     1558.1373   1101.7322   1009.2011
     1705.9606   1986.7821   1922.3358
      570.4949     52.5609   1621.6279
     1709.3717    135.5745    338.6052
      913.1761   1785.1593    809.2503
      877.1429   1873.0245   2072.9583
      742.7952   1240.1997   1414.9832
      967.5295   2038.9161    685.2806
     1170.7687   2251.5981   1862.6666
     2242.1006   2123.1938   1568.9067
      431.4211    691.4043   1776.9015
      489.7736    358.1828    308.0580
      245.0748   1640.7805   1324.2688
      335.7557   2062.2266    145.4738
     2209.6350    669.3723   2256.0229
     1752.9923    996.1409   1227.3903
     1310.4630    894.8837    808.3782
     1285.9521   1302.5470    235.5041
      680.5995   1947.6703    292.5424
     1250.2653     51.0905    590.6121
     1024.1836   1400.1094    195.8324
     1023.6705    368.8589    670.1549
     1966.5229    826.7967    581.8889
     1508.4945    741.9449   1722.1415
     1377.6537    999.8567    554.1091
      300.2278   1042.4641    716.8298
     1900.5867    505.6096     22.5732
     1209.9979    406.5896    978.4425
      126.7614   1232.2631    886.1090
      315.9015   1571.8788   1637.5634
     1324.7775   1629.9692   1062.6927
      191.6707   1971.3394   1262.1293
      313.6884   1861.8870   2095.1003
     1006.9102    569.7411   1179.1338
     1949.2428    558.9105   1439.2672
      970.9739   2186.3154    203.3847
     2053.9277   1137.8270   1326.6187
     1751.2977   1380.0377    707.9542
      615.9633    557.6653    510.5938
      996.7251    470.0926   2065.3145
      404.4056   2129.9924    684.0980
     1532.8267   1664.7545    747.5363
      302.8981   1615.6483   2222.3545
      582.8045    847.5897   1370.1910
      453.4185   1943.9382    442.2428
      568.9153   1867.5804   2179.8840
      404.4842   1270.5476   1782.2990
     1096.9821     74.3273    829.9034
     2193.9749   1550.9106   2053.9475
      679.8868    332.2489   1569.0682
     1388.9108    354.4115   2005.0616
      648.6985   1313.4148   1977.4700
       43.2670   2009.5442    944.6736
       59.6445   1561.8989    154.7983
      173.4577    782.1273   1981.7502
     1292.0748   1476.5630   1641.4014
      815.9290    770.5485    514.0034
     1819.3959   1541.3491   1595.3358
     1595.8762   1887.0402   1290.6737
      886.7532    178.4525   1662.3319
     2071.3835    855.5071   1165.8920
     1899.4973   1782.4490   2053.8643
     1660.8204    976.0665    762.2626
     1546.3181   2213.3467   1239.1025
     2050.0205   2156.7939    879.5628
     1183.0631    269.7024   1465.9646
     2178.4414    351.1182     26.0589
     1316.1985   1813.3710   1287.0803
     1515.5083    820.8102    164.9172
      673.5305    418.1679   2194.3533
     1059.2847   1269.6149   1397.2704
     1078.7887    790.4648    112.7652
      946.9022   1230.5861   1155.6548
      355.6024    472.0647   1946.4672
      982.1479    256.5349   1109.3510
      621.9498    988.9828    251.6008
     1744.9813    887.7335   1751.7996
     1622.1394   2090.1946   2180.2771
     1059.9314   1054.4207    804.5540
      565.0377    286.7839   1855.5431
      756.6573   1782.1890   1839.6414
     2236.5554    900.9158   1754.9976
     1021.0641    675.7648   1855.0089
      102.4508    323.9792    514.6301
     1688.8906   1620.8447   1242.1613
     2060.3357    317.3753   1551.2231
     1174.0623   1907.3595   1483.7762
      294.2243   1229.5912   1421.1122
      574.5328    612.9690   1519.9203
      735.1815   2116.7673   1554.4891
     1952.7708    202.5683   2196.7749
     1789.8060   2248.2715     94.9451
     1488.7987   1626.5564    232.4357
     1410.8142   1124.2272   2167.0457
      212.8896   1090.4070    481.5162
      516.9167    746.9578   2121.3752
     1863.2178   1875.9626    915.3417
      202.5974    584.9121   1651.4630
     1569.3505    502.3842    581.4375
     1893.2849   1481.7395   1972.3446
     1291.4922   1451.7733   1343.8525
      974.4274   1441.8320    553.7649
     1884.7441   1787.7555   1192.1030
     2132.8308    547.8003   2004.5763
     1830.0972   1845.4250    487.1491
      881.2532   1876.3314   1071.3894
     1069.7178   1046.5771   1714.3068
     1660.7373    453.6590   1102.7599
     1431.7614    147.3875   1798.0671
     1152.5071    749.9026   1649.4067
      232.5183    139.1672   2052.7205
     1480.9401   1005.0646   1316.5479
      828.7349    154.9828   1984.9053
     1610.1632   1365.6819   1615.3424
     2224.0491   2198.1682    414.3609
     2212.5483    648.6145   1436.4260
      699.7808   1342.9796    306.4234
      553.7675    216.5004   2171.4570
      480.2345   1349.2295   1537.5344
      981.2589     34.6216    512.5606
      689.8666    636.8065    763.0845
     1501.9240    575.0234    291.3106
      252.7557     86.4112    329.8884
     2051.0259   1037.2440    263.9984
      353.0590    131.0930   1401.1317
     1924.2213   1273.6318   2121.3923
      853.3201    555.4958    197.6800
     2169.8430     52.4783   2172.3994
      650.9535   2045.1528   1913.1743
     1757.0873   2125.1240   1474.0901
      145.5050   1048.0682    188.7627
     1352.0978   1107.7083   1555.2781
     1018.4390    670.5891    784.6594
      506.4712    383.9971   1338.5258
     1236.9637   2174.7295    358.3777
     1289.3942   1979.0035    113.3742
     2261.2815    999.1477    663.0186
        8.2197   1316.2932    313.6871
      746.8139    880.7917    799.5776
        1.8738    953.0629   1433.3159
     1207.3373   2110.0276   2126.3474
      931.9536   1256.8345    745.4740
     1154.9644    199.9120   2067.6924
      723.2595   1270.9803   1695.0459
     1950.2118    727.6030    280.0503
     1777.0764   1225.6664    917.4823
      199.5051   2045.0077    363.7356
      384.7087    501.3293     20.6606
      558.7695     11.3374    310.1586
     1075.9974   1188.9907      2.6371
      722.4944   2121.1514    539.3217
     1117.2234   1188.2559    507.0697
     1325.1287    301.1554    596.0437
      664.0927    171.9721   1344.4668
      996.6895   2147.8870   1567.6470
     2042.7279   2025.5480   1119.8029
      474.9522   1720.7886   1885.4570
     1849.6619    360.6871    575.4876
      289.9126   1359.4913    669.7659
     1595.1605    569.8781   1950.3177
      292.7200   2143.5330   1461.9880
      722.5016    585.2583   1087.7544
      889.7131    919.1554   1072.5688
      131.9308   1970.7877    629.0530
     2205.5542   1877.7567   1354.3682
     1139.0532   1651.5377    268.3203
     1985.2065   1460.6168   1110.5376
     1327.6516   2129.2231   1368.3317
      961.5773   1197.7556   1984.4473
      379.7182    537.3937    930.7640
      271.8711    233.9486    822.7539
     1277.5601   1873.5222    327.1557
      460.5259   1972.0471   1600.7816
      850.8043   1864.9902   1571.6353
     1289.3921      6.8075   1606.3192
     1384.4857    481.9397   1607.9105
     1552.3591   2111.7131    553.2269
      963.7279   1113.7820    229.0732
       79.9238   1031.1013   1147.2806
     1370.0468    966.1652   1890.6261
     1625.7360   1894.5186   1635.9457
     2171.7683   1204.7087   1853.2603
     1558.5067   2168.0530   1720.1517
     1748.3938    697.6158    121.1009
     1547.7025    514.0822     23.0154
     1178.7037    691.0754   1039.3458
       28.3843    329.4778    974.1335
     1849.5632     81.6227    684.5125
     1006.7270   1616.1216   1154.5868
     1221.6478   1231.6509   1937.2610
     1491.1381    783.1592   1136.7720
      551.7795   1026.7148   1636.6106
      450.1168   1661.1930    621.7413
     1000.0181   1387.5239   1794.8715
      299.0134   1702.1705    360.8884
     1752.9526   1204.8459   1831.5781
     1895.6045   2026.6799   2259.4812
     1742.1531   1129.1589    486.8008
      165.3699   1592.6946   1967.1847
     2223.0942   1279.1842    603.6636
      767.7334   1771.5731   1317.0857
      410.6303    130.4461   1070.1415
     1233.8323   1058.1455   1030.2045
      497.0905   1863.9475   1369.8457
     1260.0654   1020.8751    211.1707
     1813.7751    641.1445   1185.5183
      418.2421    230.4795    555.8838
      312.7795   2058.2507   1851.5842
     1438.7627    464.4093   1278.3301
      907.2258   1856.7274     90.2655
     1985.2993    985.4502   1753.3860
     2148.5930    750.6434    806.3812
     1294.4392    628.4249   1937.3246
     1448.3143    169.3378   1469.5387
     2115.6292   1680.8795    880.5679
     2170.4226    520.6599    432.1761
     1222.9004   1390.6136   2139.7678
     2145.0371   1792.8218   1594.8975
     1303.0004    367.5297    336.1536
     2212.6011   1698.5656   1149.2909
     1040.7135   2012.0483   1249.5942
      604.2585   1355.7045    659.8248
     2002.1268    152.7190    430.8199
     2147.5000    600.4452   1733.4321
     1908.3436   1817.3949    236.3189
       76.5500    165.4807   1237.4553
      134.0743    466.9228   2113.8374
     1882.8002   1030.0723   2060.9607
      987.1202   1712.6749   1756.5280
     1782.9960    323.1331   1887.1044
      139.0020   1510.6713    929.2252
     1901.8887   1575.9213    349.3289
      520.6089    667.1859    243.9113
      438.2296    974.3962   1904.5236
     1996.8038   2073.8584    340.6607
     1830.0984    638.7977   1693.3474
     1632.1040   1078.8223   1525.1890
     1621.3760   1673.5255   2157.1572
      347.6663    874.1360    367.0376
     1097.0027   1719.5331    560.9293
     1515.8312   2150.1536    208.4341
      266.9781   1717.7130   1067.4833
     1772.2681   1466.9742     84.3013
      917.4622    695.9432   2131.0728
     1482.0990   2010.9861    838.8339
      317.4045   2124.4695   1014.4400
     1629.6647    686.4004   1427.1580
     2107.6399    600.9935   1030.3777
     1923.5714    854.4907   1435.4746
      830.9948    892.1070   1835.1111
      437.7519   2200.2461   2104.8894
     1630.7368   1659.3293   1863.1075
     2203.8984     96.2455    681.3669
     1408.9723     75.1832   2147.7986
       53.9604   1576.9584   1548.8987
     1914.9200   1265.3209   1578.4348
      580.5077   2105.0984     61.1063
       96.7412    334.0988   1528.1644
     1788.2074    540.5940    379.8495
     2023.9908   1573.7045     62.9576
     1594.8684   1360.8217   1998.2834
     2006.0713   1118.4850   1040.3319
     1646.9166    187.4553   2194.5623
     1350.8823   2074.3833   1112.8876
      373.7810    955.3807     39.9877
     1641.5693    791.0809    563.0128
     2255.2393   1269.6528   1212.4844
     1632.5236    654.4058    849.1734
      114.5609   1816.5663    104.7314
     2028.6624   2065.8669   2005.4725
      467.7555   1494.3873   1006.6851
      692.4435    987.3901   2046.3633
     2235.6121   2197.6274   1271.2946
      117.3508   1504.2612    585.1603
     1706.3519    168.4995   1063.3934
      680.5195    317.1414   1084.9359
      445.5490   1479.2455   2005.2078
     1879.8939   1285.0176    271.9818
     1422.5529    210.4383    168.7119
     1519.6323   1406.0016   1104.3922
     2221.0974   2157.9980   1860.3987
     1189.1088    821.0325    510.7590
      132.2189   2063.4702   2157.0581
     1293.8411   1756.3292   1722.3286
      192.7180   1178.7830   2030.6749
     1275.7655   1618.6001     53.6236
     1406.2507   2021.6465   1868.1240
     1543.8232   1253.1702    535.4754
     1774.2740    137.2890   1523.0570
     2149.0010    349.8594    770.4621
       19.2747    785.2809    292.8211
     1087.8146   2120.8418    955.6745
       81.9833     51.4774    120.0572
     1766.5994    927.6758    336.7314
     2061.1636     59.9826    170.2617
      124.2208   1307.5605   1759.8086
     1495.8442   1388.4525   2235.2629
     2109.9294   1379.4072    845.9179
      758.4919   1452.0494   1165.2679
     1714.4275    324.7143   1343.1903
      822.2311   2255.3157   1156.1420
