      881.3578   2219.3445    188.3447
      839.6884   1439.1252   1022.8275
      903.6747   1866.6654    208.5096
     1016.0934   1092.5227   1706.7693
      622.3479   1798.8595    718.3454
      628.9323    650.5771   1056.8079
     1769.6719   1409.2168   1039.6600
     1149.4138   1854.4349   1141.9521
     1363.2518    189.7922    779.8088
     1305.5601   2139.6885   2211.8977
      512.4527   1534.5337   1451.7878
      811.1124    194.7661    191.8280
     1355.3163   2025.3640    324.2045
      816.3156   2188.8364    887.3439
     1364.2905    853.7065   1151.2683
       46.4144   1376.6929   2092.3826
      991.4266   1677.9672    546.5850
     1292.6107     67.6032   1354.4840
     2081.4041   1915.5615   2234.2529
     2195.8213    499.8695   2245.9773
      956.8164   1815.0264   1194.4258
      586.9734   1916.9507   1781.6973
      117.2269   1178.2273   2127.9072
      729.1223   1188.4988   2126.1836
     1129.2625    831.8474    610.1662
      195.3422   2056.2271   1808.5807
      375.9288   1528.2885    790.0758
     1418.4718   2170.4868   1701.1951
     2040.6201   2140.9697     25.7789
     2031.1862    258.9272    204.5159
      762.1921    862.1040    548.5757
      100.9593   1062.2690    664.7482
      571.9668    166.8911    682.9809
     1554.0291   1516.8342    867.8157
     1236.6304    786.9640   1590.3568
      763.4575    136.2501    742.4785
      877.5214   2097.8774   2115.2258
     1285.7644    475.3237   1374.2137
     1944.1499    116.3240    361.9807
     1523.0763   2074.4683   2213.0146
      324.8504   1328.7406   1408.9989
      300.2738    355.3646    397.8490
      493.6694    328.6156    755.0723
      448.8236   1916.9662    779.0152
     2115.7388    150.8044   1361.5990
     1747.5825    187.0022   1575.5452
     1070.0660    102.2066   1110.6350
     1222.7638   1371.7233    737.1511
       91.9805    657.4030   1597.7709
      879.5411   1254.4285   2243.5356
      665.8010    887.2812    968.1839
      948.1194   1462.3752    431.7318
      489.8931   1372.2046   1557.4049
     1580.1598    925.0254    168.0115
      578.9450   2237.1240   1679.3531
     1607.6733    693.3836   1390.7194
     1667.6947   1547.0286    672.2351
     1237.5590     81.9123     47.0723
     1315.4766   1920.6066    583.2531
     1674.6505    662.7083   1592.9940
     2209.6248   2113.4043    403.9084
     2175.4526    544.2507    919.3765
       60.7384    335.8855   1723.4713
       11.9220    551.0696    726.2865
     2260.3569    747.7035    336.4453
      737.6981   1346.9551   1195.1497
     1273.6925   1350.6732    441.3842
     1442.6683   1492.7245    410.0117
      854.1245    281.1115    585.1318
     1180.1945    676.4238   1417.4789
      995.9688   1388.3083    734.2059
     1948.0857   1928.5623   1832.4132
     1326.7841   1026.7246   1253.6432
      306.2401   1453.1077   1924.6825
     1685.4460    491.9072   1385.5236
      185.1729    197.7766   1897.4690
      689.9348   1897.0763    139.7167
      351.7661    114.5401   1017.6923
      905.7894    444.4791   2104.3611
     1461.8264   1710.3817    725.6505
     2097.1064   1504.8540    807.4450
      695.9189   1011.9217   1116.3907
      745.4888   1984.0988    715.5740
     1467.7440    861.9376    327.9379
     1690.3923   1353.9109   1471.1191
      595.2148   2228.5183   1475.9598
      435.9758    755.3133     87.3121
     1337.8239   1696.3601   1344.3021
      671.5434   1674.4424   1437.6095
     1111.0508    566.8561    133.5541
       74.1742   1258.9340   1915.2693
     2105.7815    104.1932   1578.0300
      339.9807   1630.3016    988.8884
     1167.9520   1662.9266   2079.5569
     1724.0295    337.3736     22.8864
      784.3330   2014.9258    517.8396
     1490.7410    279.3171    401.6059
       87.1956   1227.0361   1694.4824
       81.9632     67.5520    520.6338
      147.8482   1793.6671   2051.1147
     2011.4246   1304.5289   2243.3308
     1946.9066    934.7834   1209.8800
      673.1464   1429.6885    905.3259
     1650.3440    811.9402   2261.8677
     1790.2242   2257.3171   1468.7375
      194.3726   1549.9701    880.5646
     1356.7195    297.3374   1788.4731
     1835.3212   1896.3279    699.9783
      207.2983    753.8385   1737.6348
      234.6049   1023.3026   1034.3530
     1469.5024   1395.4912   1774.8384
     1489.6071    135.9790   1262.7422
      179.4680   1805.9009   1247.2714
     2112.5681    599.3316   2106.0940
      126.7812    508.0126    485.9904
       12.1402   1874.6809   1323.5409
     1436.3278    473.8181    435.6259
     1783.3458   1896.0194   1691.8174
     1080.2710   2188.7739   1638.0426
     2161.9653    934.0276   1449.4618
     1952.1564   1994.7882   1224.0039
      518.2318   1166.4497    655.2567
      171.8608    264.7952    508.6340
      992.0670    887.0699   1292.5472
     1936.5819    161.0729   1731.3793
     1622.8738   2026.0085   1387.5074
       16.1348    664.4727   1098.9404
     2190.9827    211.7741   2113.0771
     1327.8860    998.7811   1012.3502
     1940.9794   1093.9299   1733.1654
      731.5229   2023.9792    932.9595
      182.3460   1047.5217   1647.5553
        4.2811    165.8005    858.0591
     1985.9869   1643.9205    888.1038
      187.5370   2074.4492   2182.2295
     1069.5985   1809.6476     91.6745
      331.9513    263.2200   1182.1311
      165.7657    152.8592   1659.6646
      282.6065   1464.6730   1087.8676
      593.5689    302.8963   1354.3044
     1294.4749    157.3850   1145.3066
      634.6144    786.9287    399.5099
      593.0353   1643.8308    554.4178
      436.1861   1280.1249    982.3656
      785.4848   1633.9863    450.0189
     2153.1294   1719.5765   1377.6158
      957.0522    667.6611    650.1929
       11.1362    204.5890    393.5067
      555.8995    939.0861     53.3016
     1849.7369   1544.4189   1726.3185
     1090.0521    655.9166   1642.8557
     1177.3278   1788.5680   1553.3665
      395.6612    326.4576   1377.4506
     2092.1790    330.7412     21.9250
      375.7959   2222.2529   1311.6464
      632.5407   1783.4423   2228.2017
        2.2947   1543.8856   1766.3029
      928.5235   2005.5934    859.8977
      772.3829   1993.4999   1901.7484
     2128.1528   2051.8218   2097.5422
      589.6392    796.3705   1847.7285
      393.6799    501.0303    759.8091
      314.3300   1709.7668   1421.7770
      391.9658   2225.8281    301.0016
     2084.4553    614.9274   1907.0345
     1840.2054    638.1920   1415.3175
     2036.8875    529.7842    744.6335
     1887.1927   1159.0518     69.4740
      418.4527   2157.6294    522.1479
     1496.5627     83.0335    379.7209
      596.7709   1321.5874    268.8149
     1659.1761    754.6960    413.4435
     1825.3103    387.6905    551.2506
     1778.7092    803.4236   1514.2792
     1320.6550    871.7899    195.9536
      368.6922   1126.5288   1117.6709
     2075.6067    474.6258    185.0148
      908.8740    461.9193   1180.5657
      216.7638   1189.4061   1274.0328
      257.9489   1818.1129   1848.7751
     1216.2203   1507.7180   1010.8917
      293.0157   2114.0630   1639.5411
      430.7165   1687.5527   2250.7500
      853.3023    886.7669   1479.0652
     2243.3379    243.2792   1560.4177
      831.7426   2030.5685     78.7125
     2058.7830   1396.4744   1421.2213
      941.0771    635.3433   1053.6344
      624.2674    551.4998    674.5170
      392.4358   1060.8752   1904.2521
      259.5369   1829.8839    371.1249
     1169.3748   2190.0056    995.0561
      464.0703   1895.2705   2148.9258
      267.1228    973.3367   1249.9977
      766.1544   1170.8054    473.1423
      612.3367   1205.9441   1860.7004
     1330.9420   1321.7250   2149.4700
     1159.6427    426.7365    873.8702
     2208.5654   1119.0981   1971.6941
      956.9528    700.4731   1457.3694
     1365.1161    463.8801   1926.7845
       16.8962    876.5549   1684.0461
       81.1472   2193.6724   1179.8158
      227.6975   1650.5358    290.7871
      197.2566   1113.3063   1955.6202
     1017.3404   1861.8210   1384.3154
      915.4779   1066.2600    776.2595
     1902.8114   1279.4177   1393.8192
     1462.9513   1770.5909   1075.9294
      489.8824    562.5342   1464.6246
     2033.5250    729.4069   1413.8322
     2190.7065   1803.8159   2061.4143
     1436.6384   1054.7742    271.9918
      852.6258   1553.7365   1479.5143
     2116.4360   2044.1267   1334.7400
     1401.5315    688.5127   1026.8555
     1934.0994    816.0067    556.9412
      532.0076   1330.3679   1341.8119
     1884.4098    435.4587    160.5633
      364.4819    464.7519   1630.7136
      380.1980   1914.6888   1550.1755
      619.8306    298.7930    156.3653
      721.7781   1408.6815   1409.9589
      208.7191    519.5693   1705.9550
      468.2552    757.9734    971.9202
      892.8113   1288.6522    325.8029
     1706.5349    704.6418   2104.7161
     2144.2957   1476.3079   2146.3813
      771.5813    708.9346    945.6005
      908.5012     40.2089   2063.0518
      431.4116   1808.8904   1723.6628
     1796.2527    146.5522   2136.1477
      595.9183    606.3902   1870.2305
       93.2478    658.5710    908.5167
     2109.0867   1259.0747   1218.4303
     2255.5393    324.4610   1370.8868
     1817.1989   1694.4532   1579.8016
      332.7150   1110.8800   2115.0942
      296.3002    490.1325   1446.0846
      583.0543   1894.5720   1568.5331
     1609.4751     84.7461   1977.7673
     2201.3347   2236.8516    121.3447
      979.6580   1650.4930    337.0547
      687.3899   1094.3531   1702.8005
       75.5678    858.5596   1126.8423
      161.4895    766.4493   1963.9617
     1783.7783   2261.5732   1111.3357
      250.1168    669.3440   2253.6921
     1629.6512    978.7333    361.5151
     1521.0107   1035.2498   1710.2706
      483.9756   1705.3696   1307.2563
      970.2429    999.1220   1145.0872
     1940.9307   2053.9592   1492.2522
     1634.8229    265.0869   2093.0461
     1655.1616   1865.8593    365.4593
     1287.8652   1523.5674    563.4254
      557.6464    994.8843   1818.2983
     1233.7418    197.8795    615.9149
     1230.3885     38.1398   1747.1075
      804.2471    767.9937   1307.8418
      364.7051     90.4047   2132.7332
     1232.1589   1007.3958   1562.9934
      576.6990    404.1295   1919.7451
     1990.0564   1912.2777   1616.5935
     1585.4585   2191.8835    549.9890
     2094.9412    607.4959   1687.3124
     1164.3097   1694.8864    458.3930
      675.6874    181.9043   1937.7742
      605.2010   1042.3143   1320.7324
      638.4005    274.8303    896.4761
      750.9411   1355.5996    732.7422
     2255.1411    371.7513    181.9229
      355.0358    163.6689    692.7701
     1937.9521   1335.3041    691.1066
      709.8663    305.3269   1547.3358
     2045.6887    764.8084   2190.1165
     1102.5004    522.0349    331.5670
     2219.7637      7.5074   2161.1716
      290.4635   1954.9983   2013.8378
     1296.8960   2105.1575   1330.6333
      140.7380    869.0663    300.0232
      668.0491    859.3408   1623.0234
     1005.7227    723.6257    278.8577
      448.1740    610.3758   1132.6831
     1201.1125   1972.7804     10.9077
     1098.6399   2235.2869    192.4185
     1808.2733    521.3153    362.2383
      308.7061   1504.1757    458.1245
      724.6137    953.8090    719.9438
      179.9429    935.1644   1835.0840
      992.2598   1980.8143   2231.8906
     1252.5166   1093.1906    875.1635
     1685.4537    475.0999   2137.1472
     1370.5223   1597.8726   1569.2438
     1792.6533    962.1556     48.2852
     1737.0399   1007.3764   1176.3611
      112.6958   2019.5876    382.7723
      214.6823    367.8248    165.7358
      505.1337     77.2295    478.8437
     1294.5685   1005.2637    591.3113
      213.0981   2030.9298   1253.7444
     1432.0342   1556.7992   1047.3359
     1499.2782    808.5186    533.8843
      762.3725    291.0333   1090.6802
      636.3929   2259.3440    866.8298
     2111.1838   1866.0488   1209.5056
      660.4547   1524.7644   1580.7343
     1611.9092    553.8425    357.1686
      710.2251   1953.2312    339.6660
     1756.3447    576.4562   1940.9033
      189.4007   1900.2372   1447.8190
      783.9142    960.7881   1291.2097
     1004.8577    322.0675   1379.9320
      175.0101   2128.1028    831.2531
     2132.2820   1812.7405   1720.9464
     1030.7987   2045.0133    167.1789
     2111.9482   1378.1217    988.9563
     1480.4653   2071.3689   1214.0311
     1001.9713   1495.1920   1593.6372
      470.3212    820.0483   1284.2482
      432.6767    544.1937    937.9598
     1487.0219   1908.6356    664.0533
      418.3452   2190.3687   1804.2830
      802.4692   2181.3892   1737.6163
     1521.7560    251.7000   1903.2719
     1666.9277    386.5828   1579.0879
     1074.1438   2204.1624    564.9634
      536.3618   1412.5938    728.6023
       80.5884   1079.3092   1153.7223
     1215.1906   1492.2443   2166.5967
     1294.9115   2221.9543   1536.5078
     1922.5898   1738.1022   1732.1759
     1478.6599   2051.5059   1553.8771
     1111.1254   1214.9952    136.5108
     1276.9690    667.2182     62.2410
     1079.2950   1002.6259    512.3396
      456.5095    456.2761   1256.7499
     1588.8849    287.4218    191.5561
      858.3319   1737.5526   1373.9406
     1541.3552   1369.9301   1331.1201
     1519.6761    600.3671    872.1641
      229.7369   1045.0105   1427.9056
      527.2231   1687.2791    884.6126
      735.5270   1382.3883   1861.0841
      157.4005   1995.7969     97.8990
     1696.2816   1723.1796   1728.3311
     1627.9666   1739.0835   1917.8102
     2258.3723   1524.7227    252.2638
      269.7497   1881.1730   2198.1174
     1748.0142   1381.5305    825.2462
      389.9974   1317.9160   1182.3981
      622.1219    121.3719   1029.8649
     1014.5272   1189.5656    640.9257
        6.3972   1954.8184   1720.0891
     1401.0773   1018.2099     74.9800
     1183.6516    818.8358   1245.7467
      650.3269    269.1096    517.0453
       83.4450   1915.3390   1907.1698
     1475.0341    846.1076   1797.4279
      877.2975   2043.0906    314.0526
     2166.9263   1226.2024   1765.5289
     1832.4005   1021.6151    596.7875
      944.7744     72.9096   1679.3024
     1311.4532    648.9393   1253.0602
     2191.9734   1646.8534   1601.7197
     2255.7505    355.6484    559.7143
     1282.6078   1300.2657   1835.1207
     2149.3682   1585.6932   1958.3043
     1666.3927    165.1535    331.6131
     2139.4917   1438.6166   1632.9484
      958.0316   2249.4199   1465.4033
      558.5774   1690.3112    189.0175
     2036.0282    576.0087   1095.9739
     2243.7537    340.5493    946.1094
     1866.1686   2113.2307    154.4992
       50.9468    516.9443   1283.0098
      447.7361    395.5497   2072.8616
     1836.2058   1070.7231   2137.8352
      879.6258   1986.3115   1089.1115
     1942.9072    498.4743   1764.5780
      199.7075   1526.1581    142.1740
     2157.4595   1601.0968    448.4548
      583.1056    616.6664     79.1802
      221.4818    607.9427   1890.4904
     1400.8202   2106.3142    645.9028
     1976.1500    459.6790   2187.9187
     1695.3217    911.4290   2080.8027
     1948.2236   1488.0890   2160.9873
      867.5148    899.2426    883.7032
     1144.1483   1514.9562    396.7645
     1593.6223   2183.8123    316.0105
      477.3366   1465.8827    939.8954
     1837.7439   1493.5482    314.5425
     1031.5018    689.4113   1992.0801
     1878.0670   1942.6462    276.7568
      287.0837   1742.3633    815.5416
     2159.1978    420.1586   1615.5182
     1956.3138    598.9065    913.3303
     1857.2573   1260.2313   1758.0878
      825.6519   1237.2552   1961.3864
      184.4077   2260.5828   1799.0673
     1387.1034   1806.8230   1547.7368
     2141.5027    617.0715   1261.7749
      975.1815    305.7539   2258.4641
      293.1087   1706.6654   1626.6068
     1994.7360   1396.0321   1778.9238
      523.2639   2007.5425    208.8942
       63.1749    926.9538   1311.2281
     2010.8641    504.4393    384.7384
     2255.1487   1547.6525     44.9232
     1587.5417    995.1391   2242.9143
     1619.9614   1095.1339    969.8386
     1302.4698    517.2353   2147.3330
     1359.6672   2180.4016    978.4690
      406.2508   1301.6189    381.7340
     1610.4574    409.7898    550.2114
     1794.1521   1204.3698    923.2594
     1736.5391    579.6021    537.9070
      123.5928   1878.9296    242.9217
     1923.2197   2067.4863   2149.4043
      943.2947   1256.6398   1053.5648
      812.2000    821.0652   2242.8120
     2158.3940   2259.3186    839.8961
      127.8481   1633.3722   1086.2545
     1685.5457    355.0703    371.8564
      771.3269    492.2900   1009.4489
       31.4461   1615.4725   2107.5801
     2246.4858   1295.4042      4.7743
     1427.5944     33.5298      4.7976
     1971.7660   1401.8088   1221.8545
     2262.4900   2226.0032   1653.6364
     1495.3948   1587.9496    567.4800
      176.9955   2259.5964   2119.2368
     1241.8708   1874.2694   1380.2225
      420.4539   1272.8829   1904.9504
     1247.3103   1757.1202      3.5794
      963.8856   2054.4958   1721.0438
     1535.8966   1412.8513    710.4071
     1874.4963    389.9370   1463.6459
     1806.4294    475.3774    726.1960
      910.6511    630.2406    433.7371
     1652.1439   1919.6970    826.2410
      114.3271     26.3271     52.5675
     1827.3566    562.6592      5.5813
     1672.7119    121.5371    981.0708
       73.7284   1505.9880   1948.4564
     1147.4557   2002.5309   2070.5508
     2147.6008   1753.0955    907.2270
      597.7111   1245.2180    834.6086
     1955.3033    726.9224   1219.4734
      285.5193   2070.9976   1450.7511
      427.9884   1847.8257    296.2904
     1834.3929   2067.6692    558.2880
     1768.7716   2159.5586   1845.0392
     1718.8533   1729.9236   1211.1713
     1863.5382   1482.0111    532.9373
      366.5769   1732.9288   1164.5176
      433.1575    584.8692   2205.9570
      431.5177   1655.4086    407.9081
     1123.9014   2011.7418   1300.6200
     1913.7894    152.9942   1490.9071
     1463.5494    722.9030   1627.6013
      757.2841    516.5516   1985.0599
     1552.4666    184.9134      3.7573
      258.4238    869.4045     99.4506
      549.5596    277.2246   1151.1082
     1466.0580   2028.9414    824.9392
      486.5886    988.2645   1177.0024
      551.2346   1163.7819   1489.2609
     1980.7750   2241.9797    762.7452
     1917.7389   1726.1230   2261.3215
      431.9424    974.8990   1421.2839
      733.4581    681.1373   2099.6526
      761.7183   1859.4375   1495.3015
      437.6245    217.5820      6.8455
      445.2067    305.1901    985.2516
     1839.9714    585.3953   1069.5316
     1802.0284   1669.8910   2097.0415
     1267.1123   1172.2698   1421.5923
     1415.2168   1373.5237     76.9975
      790.5078    484.7907   1772.8085
      701.1533    350.9233    692.6393
     2031.8649    390.6910    907.6957
      198.1070    110.4815   1149.2350
      785.8182   1916.9829   1280.8235
     2141.4736   2121.0278   1528.6641
      168.4471   1376.3534   1238.9293
     1635.2079    597.5393     33.0057
       96.1384   1427.3396   1025.2898
     2138.4602    873.6165    522.0753
     1579.9187    854.9277   1531.3610
      200.0483    348.6796   1332.9054
      960.5884    511.9379    897.1775
     1282.0333    162.0677   1916.4889
     1405.7720    687.2359   1445.4076
      626.0985   1021.7635    572.8240
     1787.1064    716.9183    920.9538
      812.0122   1835.0537    847.4282
     1801.3911    400.8953   1206.6492
     1719.0018    310.5468    838.3694
     1975.4529   2096.4399   1924.5728
      381.1571   2126.8513   2147.2837
      700.0165    491.9319   1605.6913
       54.1111   1078.7655    944.1310
     1287.2402   1029.3438   1962.7566
     2221.3901   1417.5214    437.4299
       65.9995   1343.5754    202.8751
     1103.1442   1324.8118    319.0868
      971.1083   2049.7883    670.7812
     1786.9991     37.3614   1710.1000
     1518.7958    535.9057   1562.0785
      172.7556   1389.4999    507.3872
     1707.2518   1540.3992   1551.0428
      259.2481   1207.5891   1784.8188
     1389.3512   2256.1582   1163.7484
     1400.7196   2193.5737    449.3557
     1992.3926   1870.1617    596.2750
     1941.1385   1626.8977    454.6732
      273.0157    303.0587   1752.0676
     1782.9415   1869.7156   2131.7351
     2059.6223    179.2753    796.4401
     2025.8928   1413.3163   2000.2760
      896.1188   1010.7255    335.0301
      362.4736     78.5690   1698.9617
      268.7322    383.8991    625.7507
      827.5735   1502.9355    254.1929
     2058.1194   2207.2759    294.7575
      896.1097   1344.1907   1487.7861
     1068.9301   2014.5510   1521.6449
     1004.8705   1638.3530   1285.3063
      209.2073    704.6191    434.8235
     1081.8038    844.1403   1474.4098
     1652.7355   2170.8218    116.9107
      409.6234    899.2036    250.6592
      708.5555     47.3825   2089.8518
     2190.8191    159.3887    638.2245
      940.2411   1635.4591   2154.9990
     1687.8229   2070.2432   1168.3387
     1806.5020   1910.5197   1121.3088
     1469.3634   1016.5543    478.1910
      425.8102    608.0710   1973.1321
        1.1261    868.4091    925.6685
      369.2700   1637.3181    157.8901
     1213.9357   1712.1963    688.0421
      593.7416   2099.7354   1843.9893
      606.8174   1721.8353   1872.8180
     1092.4679   1107.3334    300.5753
     1226.5298   1178.4812    680.8140
     1724.6512    709.6781   1780.9746
     1536.8492   1073.0173   1302.2756
      842.5641   1690.6417   1627.9215
     1094.4147   1663.3257   1076.5691
        3.7516   1690.7516    592.8755
     1141.8335   2053.1746    323.0974
      302.1170    744.8784    629.1718
      885.7918   1523.0425    623.0070
     1877.0856   2088.7795   1043.8859
     1294.1953   1569.1942     78.2676
       99.6211   1736.9773    915.6889
      523.8932   1314.4790     35.7956
      118.9794    191.3653   2092.4119
      695.9930   1387.5005   2227.3733
      235.4309    516.2287   1223.4740
      821.9244   1236.2681   1736.7589
      348.8504   2073.6953    692.4645
      628.9980    163.5626    338.7596
     1801.8168   2218.0088   2060.1313
     1866.0868   1919.5221    921.1394
     2256.4746     13.2631   1453.3679
     2030.2919   1881.5787    809.9629
      545.5057    589.4246    456.9227
      499.1039    123.7099   1364.0002
     2182.5515    801.7863    152.1681
     1535.6459   1343.2064   2184.8933
       97.0928    839.9801   1508.5614
     1104.3911   1011.0839    723.4921
      293.5270   2192.8542   1117.9576
     1989.3434   1552.8126   1526.5780
     2082.8984   2056.0051   1716.9221
     1607.7435    867.8668   1175.8569
       66.3389    967.0014    116.0837
     2065.5627    315.0281   1468.7756
     1554.6650    267.5303    687.7560
      199.1772   1036.0822   2235.2144
      592.1794   2232.8770   1243.7325
     1716.9951   1074.7139    188.9482
      327.0183    749.2528   2078.7786
      146.2369    520.8344     44.9327
      110.1050   2122.4055    550.7853
      759.2391    655.6781    536.1408
     1370.5594   2035.9845   2046.7230
      277.9798   2157.9111   1970.2141
     1244.7972    640.4196   1983.0133
       27.7446    663.4200    565.1866
     1384.7700   1244.4634    814.2707
     1265.9810   1164.6113   1125.1692
     1392.7147   1241.4945   1278.1738
     1882.0524    200.2603   1073.2640
     1205.1250   1097.6974   1787.8330
      371.1396   1109.6765    511.1754
     1448.0043    684.8855    233.8022
     1862.0758   2243.6064      7.5418
      871.0906    281.8469   1697.8929
        7.7559    556.7751   1963.6354
       61.2648   2065.4084   1365.5719
      651.3932   1734.8557   1662.2358
     2084.6924   1190.5399    118.8576
      885.4827   1063.1233   2059.5037
      357.6056    654.6180   1317.7228
      760.9571   1733.2892    268.9808
      385.3256   1993.2723   1805.1104
      716.3006   1024.3368   1507.8947
     1522.2205   1657.4761   1225.0399
     1567.0734   1224.3346   1157.6353
      451.2170    252.6772   1884.0144
      574.9500    849.8783    788.4568
     2227.5808    766.6569   2066.4670
     1673.1719    632.4801    722.1355
     1032.4888   1039.6953   1508.0342
      327.3619   1245.1370      4.6718
      894.8610   1860.7058    632.0718
     1448.7220     99.2207    962.4503
     1831.9064   1709.3533    599.0409
      399.5773    623.5088   1751.7452
     1764.1198   1694.3663    382.2560
      634.3074   1551.2327   2011.9937
     1955.1056    347.3593   1646.7556
     2199.0698    569.6553   1466.8470
     1255.8508   2253.9167    788.9612
      797.9683   1739.6891   1841.0995
      529.1769   2014.4670    409.6800
       78.5400    855.5858    538.9789
      558.6498   1526.7461   2202.7583
     1557.6810    895.4966    983.4995
     1754.3556   1347.5715   1238.2743
     1137.1263   1573.4529   1867.9005
      494.0746   2070.7144   1626.6064
     1419.0970   1217.6116   1008.5609
     1954.4686    907.1999   1410.9034
      436.4832    256.7868    543.5347
     1832.9166   1060.8826   1388.9315
     1110.1921   1866.6608    588.6313
     1167.9294    973.1721   1126.4395
     1381.6912   1507.3870   1262.6887
      693.8211    146.4754   1413.1708
      937.3887    229.5495    760.3260
     2018.6707   2254.4277   2093.0681
     1936.3632   1397.8954    895.6927
     2141.8184   1307.2480    277.0069
     1283.9346   1947.3762   1900.0995
      360.5594    535.5768    336.0030
     1630.6326   1405.3710   1887.9327
      853.6806    224.6232   2084.3042
      419.8214    188.1858    328.7854
     1005.2940   2002.3768    484.9791
     1864.4178   1944.5956     38.0826
      507.1386   2249.0815    682.8687
     1398.5435   1941.2130     86.2263
      449.4335    287.4060   1686.9386
     1071.2876    278.7952   2087.9558
      214.7516   1907.4991   1664.2994
      873.7975   1312.9528    563.8197
     1814.9639   1885.5005   1497.8766
      853.2557   1500.3369     29.5001
      943.8777   1872.5575   1823.3767
      138.9155   1981.9374    684.3522
      338.3120   1525.1271   1548.6277
      196.3274   1576.2072    661.6583
     1533.9728    598.3215    557.5033
      873.7118    191.2258   1512.0844
     1475.6248   1698.4447     23.2853
     1176.5442   1588.0883   1649.3995
      265.4735   1562.2618   1758.9076
      862.8043    540.8453   1362.2887
     2249.9827   2079.7883   2253.0200
      882.7626   1064.8693    997.4953
     1786.8931   1167.6404   1932.7666
      172.9818   1387.7888   2262.1851
      428.8514   1520.8732    597.7058
     1623.6927    149.5253    553.2817
      581.7354   2222.5300    330.2431
     1080.3364    117.5246   1964.5728
     1259.9808    571.2860   1561.7068
     1662.8341   1036.8879    775.4039
      405.8177   1839.3457    970.5962
     1384.5364    322.2352   1236.0951
     1639.6309     84.9893    765.6423
      348.8559   2074.1858    952.5526
     1162.0372    851.4945   2033.6880
     1944.2098    147.7646    631.4658
     2164.2168   1924.6317   1493.0270
     1685.7524   1927.7954   1853.5839
      551.8476   1716.6066   2068.8694
     1581.7070   1879.0360   1213.7272
      746.6738   1645.5726    913.1855
     1295.1115   1515.1321   1985.8762
     1791.8136   1117.0474    388.1144
     1933.8881   1270.2271   1071.9471
      151.1892   1048.5548    439.3400
     1377.7382   1328.5104    613.4971
      854.3346   1665.7010   1089.0267
      814.7442   1156.8822   1182.6200
      931.6364    636.2593   2144.5737
      622.3719    848.8715   1403.7054
     1129.4332    679.9887   2184.6521
     2148.9973    751.7449   1577.1417
     1354.1442    833.9462   1965.7062
     2161.4424    125.7890    241.8790
       74.5432    332.6020   2262.6616
     1222.5953   2063.8784    490.5819
     1920.9219   1206.6547    522.3895
      778.1241    334.3098   2256.7039
      209.7979   1246.9320   1039.1323
     1275.8794   1009.4263    384.2203
      633.1512   1894.1558   1993.3053
      497.6212   2178.7083    109.0262
      534.5982    759.2919   2047.4773
     1417.9211   2259.3093   1892.8900
        3.2132   1632.5786    788.8231
     1121.8567    104.8062   1531.5742
      461.2224    663.7625    713.4040
      873.9133   1007.1938    573.7267
        0.7414   2122.3054   1817.9535
     2126.4314   1713.2697    223.3497
     1027.6570   1209.5620   1887.1445
     1859.8638   1399.9590   1578.2916
      213.6142    144.8655    350.3001
     1847.7374   1496.6621   1384.9241
     2041.6943    109.0507   2241.0608
      205.4786   1209.3590    560.9532
      842.0927   2148.1409   1177.7032
     1171.8263    650.8201   1126.0461
      109.6458    741.9805    153.3020
     2177.4175   2222.9551   1265.5909
     1034.1704   1410.6389    935.0656
     2243.3169    554.7756    371.4174
      450.7784   1197.4197    184.8016
      820.5472    791.0494    289.7764
      621.3217    188.6074   2233.9993
        5.9675   2004.0657   1165.4767
      159.3415    559.1862    266.6956
      891.8925    129.3054   1858.2463
     1333.6311    303.1535    998.3275
      581.3430    553.6080   2098.7441
     1282.1561    836.7955    441.0909
     2086.7141   2102.1240   1104.7377
     1448.7283     81.6723   1519.2391
     1122.7363    767.5790   1827.7687
     1508.0747    441.3188    966.6505
     1766.4454     11.7315    248.0582
      788.3965   1914.7765   1709.8782
     1254.4503   2123.8342    153.2355
     1760.0219   1277.0122    193.6062
      137.8844    820.7966   2180.7026
     2014.6771   2011.4841    435.5889
     1828.6051   1377.8159   1908.6772
     1929.4302   1021.2747    244.1646
     1477.5723   2041.3522   1877.1523
     1538.0449    324.0962   1417.6047
      869.7150   1816.7496    437.5111
     1979.5420   1792.5425   1030.5973
      606.3401   1786.1719    377.3018
      212.5125   1837.6506   1052.5426
      728.4714   1233.4175   1021.7927
     1174.2446   2054.6030    690.1620
      553.4671      5.0941   2209.8464
     1249.3430    561.9325    500.4363
      739.0182   1947.8844   2163.2285
     2117.1611   1414.5729    111.2730
      685.9745   1049.9956   1963.0695
      938.5423   1324.9214   1267.5963
     1931.7001   1149.0669   1241.8500
      866.4213   1247.6875    856.4121
     1502.3397    227.2303   1085.4783
     1255.3025    435.1331   1150.2397
       17.0021    123.1656   1779.2460
      606.0351   1864.2870    906.1180
     1084.4309   1160.1321   1231.9753
     1625.1281   1077.6158   1532.6547
     2190.6619    452.3123   1110.7679
     1581.4924    445.2092    769.4160
     1725.3079   2088.0806   1560.3047
      549.0148   2092.5625    813.0785
      374.8936   1324.9159    572.0299
      604.3127   1364.5706   1728.4790
     1093.6901   1354.7877    553.9993
     1487.7998    722.0787    720.4305
      229.3799   1930.4281    864.8956
     1023.7367    110.0346    908.0826
     2122.4573    419.8749   1837.0667
     1514.0616    995.2639   1927.3038
     1756.7178    269.9972   1378.2821
      247.8081      2.2759    656.2477
     1133.0763    782.7971    813.7441
      161.7095   2055.4150   1037.1339
     1030.6658   1673.6853   1484.5148
     1207.2194   1345.3580   1316.6332
     2088.0071    198.2219    981.9200
      992.6656    437.8098   1723.8639
     2043.8010    869.1504    334.9310
      526.0527    950.3652    429.9070
      163.3052    413.2196   1895.8936
     2004.3254   1535.0051   1052.4253
     1608.8353   1943.5164   2052.9749
     1464.6205   1589.8184   1922.1199
     1755.9580   1585.4143   1900.8381
      120.2990   1782.9243    705.9339
     1458.9423      3.8894    752.0659
     1134.5826   1265.0256   2209.5872
     1381.8704   1422.8063    923.0152
     1431.9747    110.6822    580.7641
      480.2865   1176.1982   1704.1757
     1946.5708   1737.0681   1206.0353
      887.5263    127.3742   1307.1693
      954.9392    717.3904    859.3124
      363.7136   1044.1396     88.6955
      547.8422   2005.6552    626.3486
       71.4255   2104.7197   1999.9475
     1800.4847   1180.2042    718.5248
      865.0139   1040.6749   2255.9646
     1433.7119   1042.6736   1460.0079
      352.2379   2020.6152     81.3542
      744.6387    128.9437   1713.2802
      291.0910    300.9836    819.5774
      865.1875   1802.3401   2256.4697
     1058.2070   1497.0217    208.7435
     1165.8405   1677.0651    215.2113
     1298.3700   1715.6490   1928.4562
     1840.3409    760.2584   2262.8289
     1798.2296    153.7688   1940.6536
     1242.0477   2091.0457   1751.7222
     1247.9155    111.2215    937.4510
     1713.0293   1989.2552    168.5553
     1326.6610    733.3307   2136.3708
     2042.8392    668.6582    252.0575
     2231.9224    952.6382    369.9481
     1329.2073   1377.8984   1633.0439
     1637.8290   1105.4980   2060.5725
      960.3605   1389.0020   1864.1472
       34.5746   1133.0221   1333.1923
     1298.2783   1447.6945    249.4580
      496.1414   2049.6748   1404.5190
      408.8281   1161.3918   1327.5243
     2092.0837   2258.4033   1780.8265
     1618.4457    774.1217   1914.0662
      506.2583    676.2390    266.5948
      228.4524   1047.6956    219.1815
     2139.3901   1689.1207   1133.3755
     1596.5330   1217.3451   1853.3727
     1091.0272   1595.1323     30.9222
       10.6442    532.2003   1747.8641
     1113.9753   2168.4241      2.6454
     1297.6345   1862.8352    783.7900
      716.6962     71.0888    548.3640
      813.1779    124.9483   2254.1255
     1829.6985    236.7137    219.7380
     1824.6121    536.7820   1587.8293
     1175.6185    358.9453   1860.8665
      481.0065    139.4072    871.2749
     1623.4373   2256.3689   2179.7888
      932.4463   1570.4431   1772.6130
     1292.5773   1691.8091   1126.4375
     1706.8781    534.8859    918.6802
     1719.6406   1738.5144     16.6403
     1641.4783   1863.5306   1023.8754
      413.0634    347.6853    183.4204
     2088.7749    792.3696   1775.2577
     1144.9192    810.1519    119.1744
     1056.5792   1845.7153    338.1576
     1005.3229    871.4838   2211.1472
      398.4535   1275.0734    769.1028
      336.0351    798.8050   1139.6121
     1456.8663   2219.4282   2080.5935
     2043.1613   1580.9751     55.2455
      470.5632   1841.5222    523.5560
      896.7544    422.2720    408.7574
      107.5459   1732.7939   1737.1147
      299.1842    719.0019    248.9666
     1499.8728   1034.8875   1120.8981
     2124.6379    241.8950   1729.5414
     1161.4955    560.5695   1813.7812
     2165.0232    718.9706    830.1993
     1119.3975    125.5308    460.9795
     1937.6821   1062.9540   1038.7853
     1554.1666   1203.5770    147.5811
      954.3341   2188.3794   1008.5325
       43.3138    144.4459   1274.6522
     1364.4401     32.7740    224.3241
      884.6295    402.9005   1504.8536
      277.1720    290.6173   2053.6006
      144.5982   1196.6650     94.2406
     1686.4351    475.9069    175.5224
      372.5733   2234.3367    836.3118
      527.4849   1451.5232    445.5761
     1185.7681   1020.3760    155.9998
     1467.3558   1839.4050    880.2870
      524.0330    948.0349   2030.4830
     1038.3254   1462.8367   1375.1964
     1572.3146      5.9059   1114.7217
      180.6101    265.4496    984.2503
     1215.6958    400.1790    673.6381
     1219.2068    701.8962    276.3889
       13.8260   1822.1233   1101.9435
     1136.0962   1549.5704    823.3167
      698.4769   2051.7346   1407.7294
      789.9839   1705.1041    665.8848
      840.2004    208.2278    394.7292
      926.7451   2219.8657      6.2753
     1457.6273   2129.4023    135.5728
     1696.1978    178.8209   1197.1449
      512.6760    363.9566    380.5528
     1605.4990    706.0050   1018.7359
      510.2863    207.6176   2061.7581
     1081.6801    972.3040   1891.2257
     1612.6836   1549.5514   2245.4539
      520.0674   1463.8308   1876.8264
     1802.0928    201.3052    466.4449
      115.5148    762.4120    725.0770
        6.1432    288.3436   1921.8979
     2207.7014   1886.8115    129.2684
     1612.3394   2258.3823   1798.4917
     2179.2141   1395.5571   1883.6001
     2113.9661    768.3231   1042.6907
     2092.9277   1936.0892   1017.7059
      205.8437   2163.5408    195.7149
     1927.3779     19.9523   1905.8052
     1099.8286   1545.8099    632.5188
     1826.6277   1794.1385   1926.3871
     1762.4351    216.4483    669.5764
     2086.9890    979.4899    905.3833
     1937.7889   1564.4441   1925.8704
      464.8493    105.6976   1167.3617
      358.9650   1951.7094   1119.2079
     1789.6660    310.6033   1747.0736
     2056.2698   1474.1975    578.1891
     2032.1954   1757.1305   1906.0739
      518.6747   1115.4067   2227.9807
      393.2918   1382.7560   1729.5137
     1087.6290   2182.5381   2068.0674
     2015.7434   2234.0369   1408.0165
      349.0116    185.0615   1522.3334
     1494.8176    603.1454   2126.3308
     1051.1677   2246.6135   1841.1040
     1872.4597    718.3071    377.8101
     1444.9530    103.8830   1726.6947
      937.5295    869.5060   2011.6709
     1028.6538    815.2865   1049.8369
     2158.5339   1269.3171   2063.6555
     2133.9490    959.2421   1093.4492
     1482.5262   1236.7391   1465.4235
     1990.7775   1078.9786   1522.2659
      744.1422   1626.4310   2152.7971
     1870.6929   2080.3748   1700.1783
      896.0611    575.9858   1598.0170
      741.3308   1157.4675    670.2594
     1773.7322   1474.0103   2102.4021
     1362.5298   1752.6077    188.2578
      965.5887   1619.8636    940.1597
     1443.0264   1840.5684   1934.8477
      445.9672   1845.7573   1931.7043
     1715.8162    631.4796   1236.4578
      543.8791    404.0466   2255.2449
      468.9424    753.6523   1490.6346
     1225.2135   1900.2593    201.5820
     2022.4856    896.2179   1599.4188
      922.4989   1091.5181   1345.2002
     1404.4785    828.9033    879.1567
      355.0931    549.7831    127.0690
     1584.1108   1746.3739   2103.0525
      681.3204   1843.8833    535.1451
     2120.7683   1002.2405    191.8929
      999.2130    698.4447   1257.0839
      744.7827   1846.9567   1062.4231
     1174.4490    287.7195   1250.7484
     1832.1395    812.0826   1946.0018
     1923.3640   1400.1445    142.1578
     1443.1224    586.7167     64.7595
     2185.4385   1072.7336    545.1975
      493.7326   1724.0103   1515.6132
     2194.9431   1847.4597    716.6780
     2043.6980   1507.6613    291.7828
     2130.1917    826.6317   1246.1962
      557.8182   1102.6926   1008.7056
      727.3129    685.5482   1503.7300
     1135.0593   2183.5603   1424.7854
     2192.8560    912.3171   2239.2053
     1082.0919    511.7073   1292.0870
     1621.8260   1413.8092    298.3713
      420.2533    944.7020   1002.4484
     1352.3168   1525.6584    747.7880
      576.9501    659.2106   1631.0094
      261.9867   1691.1385    534.5870
     1978.8330   1355.7133    413.3349
     1734.3248   1350.9200    614.9320
      343.2337    561.4015    536.8080
     1864.3401    151.5980    865.1758
      922.5636    506.2953     50.0663
      861.0612   2053.6553   1537.5646
     2092.9780    437.2751   1327.4669
     1995.3126    219.4673   2070.6333
      563.9718   1710.8701   1059.7505
     2084.8496    214.6206    504.9966
       98.6862   1584.9373    432.7849
     1419.6735   1514.8894   2195.3311
     2092.2339    995.1869   1831.9889
      210.2798    821.2782    977.2739
     2015.7513    368.2408    572.4479
     1492.9624   2011.0400   1032.7489
        2.0342   1268.9034    917.2542
       10.5672   2072.8074    205.3572
      197.8131   1645.0256   1930.1486
     1929.7472   1656.9302    210.3597
     1151.6344   1382.6007   1995.7537
      433.9171   1522.3875   2065.8152
      222.8995   2211.1216    413.0529
      501.5123    103.2945    165.7850
      229.9264    491.3925    885.9622
     1911.2460    640.7050   2075.2678
     2013.2772    527.4839   1508.7504
      668.5993    999.8037   2170.8464
      106.8512    318.3833   1170.8173
     1627.0154   2113.0945    741.0143
      440.3990    815.4166   1691.7972
       21.6478    156.7770   1071.6943
      789.4277   2210.6721   1345.3959
     1046.9594    487.0389    530.4312
      999.2371    142.7358    106.9580
     1397.9062    234.7902    170.3884
     2136.5217   1034.3250   1265.1633
     1679.0858   1191.9652   1345.8274
     1851.2466    391.2403    975.0657
     1799.7942    984.6533   1576.1764
       48.4372   1230.1953    431.0094
     1997.9222   1843.1403    130.3660
      849.1946    469.8133    619.5109
     1105.9645    897.8565    334.2212
       46.9299   1049.9658   1526.6416
     1736.2368   2076.4465   2206.9929
     1129.3009    625.8159    932.9919
      776.0062    680.8352    120.0099
     1208.6261   1571.2024   1444.9489
     1764.1256   1319.4050    400.7722
     1678.7794   1722.5638   1428.1792
     1755.0516   1180.2493   1112.2484
     2258.9756   1919.6051    908.0435
     1395.8132    903.4689   1610.8707
      996.0791   1711.4338    760.5153
     1664.1608   2233.0283   1280.9154
      583.0309   1193.8986   1199.3353
      975.5718    931.5728    158.9697
     1891.8961   2144.7231    353.5601
     1565.5201   1674.0715   1587.8384
     1636.4938    812.3088    829.2758
      691.0093   2105.2742    210.7045
      422.7523   1497.7128    265.4845
      940.0942    328.8244    978.2839
     1834.4540   2069.6145    777.9079
      517.5626    378.0775   1539.5450
        6.7776   1130.2634    244.3975
     1789.0142    860.0140    230.4776
      753.6057    910.4386   1836.5066
      564.9041    145.6921   1574.7706
     1919.1830    324.6457    752.4762
       84.1607   1831.0742   2262.6836
      748.2595   1210.5627   1372.0048
     1778.4827   1563.8215    903.9909
      718.6262   1569.4396   1783.5245
     1537.0743   1872.2588   1736.2004
     1513.6725    704.9274   1212.9036
      721.0844    614.0760    317.2401
      640.3851   1559.2792    311.7019
      735.3619   1385.3569    400.7039
      391.4185   2234.5310   1505.9323
      695.6315   1269.7468   1566.0431
      257.4259   1293.6525   2043.9287
     1361.6199   1401.0599   1431.1550
     1546.1880    603.6526   1752.2756
     1145.0544   1011.3803   1349.2335
      955.9636   1350.5986    147.0431
     2138.6379   1800.3293    485.4674
      585.8973    766.2526    591.3576
     1784.1166   2256.2300    656.8633
      679.3624    344.5125   2078.8577
     1452.7339    798.2596     31.8058
     1159.4919   1201.1482   1616.0001
      137.0615   2255.6047    985.6365
      993.1722   1478.1525   1141.9855
     1438.2592    505.9050   1132.1310
      825.0021   1575.5125   1960.5967
      682.0870   1537.7672   1090.7885
     1286.2206    186.8743   1613.7311
      817.0814    150.0950    933.0789
      742.3188   1162.9818    261.3670
       57.2413   1443.5656    820.6481
     1091.3385    127.5613   1338.8431
     1509.6598   1435.4961   1576.8309
     2229.6523    575.7989    180.8443
     1758.0122      0.2391    454.8526
     1928.1007   1015.4224   1946.8407
      974.7924    266.7817   1182.9950
     1375.4796    393.7851    800.4880
     1601.0819   1316.4631    944.3248
      564.0988   1374.9453   1088.9169
      342.4796   1109.8792    898.9132
      548.4239   1164.7466    413.6099
      543.0241    101.2376   1810.3727
      534.2063   1873.3135   1155.0581
      600.9625    669.7389    846.8914
     1635.5511   1401.6350     96.7250
      954.9283   1842.8052    978.5671
      332.7846   2025.9512    291.1468
      103.9969   1871.5320    513.4498
     1525.1378    795.6639   2091.3350
      403.7479   1650.2433   1883.1790
      997.4273    116.5649    300.4742
     1452.4484    385.5392   2094.0530
      600.1221   1517.4762   1260.4000
     2250.9695   1337.4841   1349.6520
     1599.3169   1771.3157    541.0472
      745.4440    866.0377   2040.2335
      667.2753   2032.5159   1191.4619
     1909.5175    247.1669     10.4712
     1101.7156    470.9804   2214.5137
       27.8284   1955.8578   2115.2676
      171.2660    641.2183   1415.8314
     1315.0088    432.2489     74.7253
     1394.4766    397.3867   1552.9956
      582.9681   1039.7814    223.3976
      930.8099     95.9962    544.0556
      384.6904   1492.2089   1312.7759
     1817.6774   1546.6395     55.4163
     1667.8615   1525.7281    459.8651
     1140.7639   1398.1115   1756.2764
      159.0011    719.5995   1229.1641
     1553.1923   1337.6342    502.4069
     2251.5056    694.6827   2257.2905
     1052.3788    289.2946    569.4320
     1090.5692   1897.5992    782.4363
     2098.4504   1147.6410    368.0736
     1601.3047   1225.7433    754.4895
     1053.8933   1729.3500   1735.8994
       74.2246   1704.6251    143.2991
     1164.3828   1732.7158   1287.4720
     1535.0461   1979.9926    251.8506
      241.9217   1501.8652   2110.4790
       16.9912   1599.6815   1267.4020
     1233.3870    351.9095    468.4373
      897.3860   2155.9868   1929.5779
      861.9629    974.0580   1669.0284
     1276.5021   2053.7827    861.1300
      154.2693   1226.9049   1480.7676
     1197.2389    310.6451   1462.3357
     1806.7876   2087.8342   1345.0321
      695.6850   1714.0394   1222.2892
     1560.8810   1788.9614    173.5766
      202.3137    577.9722    682.8970
     1842.4137    352.2129   2095.7065
     1862.8313   1672.3292   1374.8561
     1807.3081   2006.0968   1978.8604
     2032.3795    799.4699   1963.3983
     1009.6634   1294.4071   1665.4752
     1756.5817    956.6973    980.5069
     1648.7694    194.8891   1766.1819
      945.4169   1936.6974   2021.4724
     2086.3911    692.2872    434.8710
     1901.2346   1031.9369    838.7299
      583.8668    632.4692   1294.8191
     1309.3298    145.4014    413.2586
     1215.6202   1295.6407    947.0439
     2141.3276     43.0117    443.7474
       90.8567    465.3860   1533.6346
      733.6285   2248.0544   1895.6752
     2215.0657   1533.4180   1432.6104
     1741.9911    129.7606     58.5016
      131.3859    179.1489   1444.9911
      117.9126   1697.6770   1405.2638
     1967.6885     54.2831    156.1119
     1188.4418    393.8605   1657.5107
     2016.1617    615.3799     60.0721
      798.7829   1780.3607   2048.4814
     1132.1038   1929.6871   1712.2148
      571.2198   1481.7188    137.1292
        0.7585    915.3570    733.1874
     1973.8097   1796.3689    373.9245
     1198.8335   1180.1475    487.3586
      209.4678   1663.1376   2232.0442
     1019.5398   1418.0245   2228.8301
     1709.0745    498.5253   1747.1824
     1262.6674    329.7046   2072.5688
     2095.9580   1176.9352   1406.7881
      871.0231   1148.8108   1561.7087
      317.9948    421.5898   1075.9884
     1903.6705   1268.4935   2078.3308
      309.6376    662.3467   1563.2205
     1972.4370      2.2568    988.1142
     1970.5142    830.5365    138.9242
      963.1284   1859.0676   1600.5098
     1778.7430    801.5212   1112.6646
     1924.2720    537.8367   1276.4188
      885.3080   1057.2550   1858.6283
     1231.9093   1207.0961   2014.3877
     1222.4298    898.5560   2219.7661
      688.9287   2201.6221   1050.3225
     2159.9937   1918.9900    327.3602
      989.4488   2192.5100    372.6762
     1949.9198   2190.8000   1220.1716
     1256.1980     64.5007   2095.7061
     1092.2800   1061.5530   2071.1450
     1550.1748   1412.7925   1133.1234
     2006.4254   2064.5056    670.0746
      490.0205    439.3419    581.7518
     1907.1438    726.1956   1626.1927
     1398.4333    664.7083    416.5527
     1071.3584    460.1921   1080.1470
     1461.2990   1127.9877    645.4000
      188.9061    964.3210    824.9996
     1583.4136    488.8840   1955.2919
      318.1388   2246.6890     63.4926
     1262.3284   2259.7742    582.6295
     1736.1447    365.2765   1937.8158
     1973.7993    291.5387   1889.4606
     2017.4104   1208.9186   1908.9098
      915.8003    550.4598    229.8758
     1864.5372    679.9249    725.2204
      785.6763   2258.6057   1544.3324
     1058.8972   1236.4989   1435.7560
      384.9506   1899.1888   1330.8530
     1458.7979    644.6628   1922.7729
      103.9475    482.9554   1028.7537
      981.6948   1698.7960   1953.0669
      994.2521    299.7934   1901.0411
      249.3746   1355.0741   1605.7101
     1668.1475   1535.0488   1296.5739
      860.0262   2185.8062    527.0424
     1049.2109   1810.4280   2146.6726
     2123.2034    399.9454   2058.3328
     1504.1721   1780.2856   1387.2031
      940.4871    830.2186    460.1636
      426.2460    748.6603    463.8733
     2224.7600   2067.0239    755.6139
      266.0759    819.8251   1378.0591
     1011.6884    424.8875    727.9279
     1303.5101    746.2296    619.4249
      227.0014    215.9365   2257.7737
     1437.7175    170.5781   2066.6484
      369.1175    442.5935   1878.8479
     1332.8116   1373.5247   1129.5212
     1254.2708   1846.4862   2102.7693
     2021.0634   1741.9778   1534.2330
     1253.1083   1086.4633   2194.5327
      318.9183     95.8917    517.4305
      821.1963   1418.8099   2083.3931
      944.3380    654.4976   1785.7056
     1984.5834   1863.7876   1364.9995
     1702.7594   2053.2517    398.3333
      934.9711    848.8484   1818.7302
      479.2947   2208.8179   1018.7817
     1305.5950   1880.9314   1005.5709
       23.0849   1274.7557   1134.3745
      305.0108   1859.5182    635.0877
     1481.8148   2200.4417   1395.2985
     1134.5568    495.0289   2024.4554
     2101.3765    959.0115   2053.4026
     1415.8492    969.6812   2113.4810
     2175.5608   2259.7192   1063.0026
     2044.1669    112.1034   1176.8739
     1753.9214   1885.0374   1320.3368
       69.4627    981.4918   2062.1367
     1005.6377   1495.1984   2027.1241
       21.9949   1753.0963    349.0139
     1501.8964   1997.7021    471.2549
     1694.3641   2068.9670    955.3080
     1965.3147   2239.1262   1616.3337
      680.8809   2065.3633   1622.3284
     1264.5391    914.5052    783.2883
     1600.1185   1687.2623    913.5767
      230.3946    926.3786    613.3907
     2214.3718   1562.8036    995.2015
       70.7671    414.1234   2091.4287
      307.2281    408.0110   2242.1807
     1054.3435   2063.5625   1139.0760
     1233.9047   2195.9434   1936.0424
      473.6885   2045.7119   1993.6694
     2105.9819    718.9941    654.7885
     1055.4836   2158.9917    826.2665
      221.0147   1225.4380    335.3358
     1609.5486   1899.0878   2262.7258
      558.4902    459.2298   1061.3500
      664.3921   2116.4363   2059.3586
      524.3848   1156.5712   2039.9241
       24.4495   1048.4944   1796.1108
     1307.6272    645.1999    833.0786
      715.7206   1627.5170     98.6985
      181.3327   2254.2419   1559.3330
     1478.2783    868.4196   1335.3759
     1434.7504   1954.0745   1389.5311
      487.1043   1587.0756   1700.9475
     1677.5417    942.2849   1368.6198
      903.8127    784.3794   1632.2700
     1089.5603    902.0078   1670.2490
      815.5176    358.8276    843.4219
     1468.4276    929.6637    705.2698
     1722.9233    781.2561    595.0345
     1391.6223   1673.5531   2099.8113
     1643.2913    510.7686   1107.7123
     1352.1437   1176.8895   1611.1758
      302.3254    695.4550    841.0103
       46.3592   1815.4816   1558.4370
      213.0072    339.0233   1555.5762
      519.7659      2.5709   2011.8842
     1675.7916    879.3683   1703.1906
     1159.0857    247.7788    808.8389
      343.9455     90.0816   1932.1842
     1637.1818    959.2863    587.6003
     1429.1423   1891.0846   2168.4338
     1351.0563    244.5476   2237.7969
     1134.7571    280.9032   1024.0194
      651.5363    307.9218   1748.5365
      128.3392    196.0137    687.3930
      920.0623   1138.1887    168.0155
     2212.1956   1108.6793   2237.1838
       35.0051   1264.2664    656.6807
     1293.1102    862.6406   1417.6387
     1902.1863    885.9410   2130.3162
     1357.8114   1729.7638    536.1298
     1810.6561    882.4623    739.9883
     1798.6611   1195.3965   1555.9604
      841.6451    842.1422   1098.2103
      318.9876   1079.4022    706.1827
      379.5378    878.9327    802.7487
     1044.9729    281.2823   1595.1213
      105.3973    363.2276    339.8260
     1553.9680     75.1468    165.6310
     1688.6090   1176.0835   2251.9846
      986.4557   1268.2596   2073.8948
      728.2302   1074.3179    879.9200
      303.1411    153.0963    181.8981
     1154.6689   1742.6779    896.5404
      811.7197   1432.9165   1657.2190
     1690.9846   1297.5861   2065.1265
      461.7443   1551.7294   1128.3243
     1795.8394    817.9891   1315.6166
     1369.8615    547.4277    678.2590
     2129.5303   1272.6121    542.5315
     1783.8490   1789.5408    208.3419
      270.7047   1371.6606    893.0146
     2011.8927   1670.6471   2105.6616
      224.2972   1366.4114    699.9927
       10.9178   1471.1002    623.8978
      750.9430   1340.8738    144.6013
      802.4464    319.1285   1329.4733
      710.3325    142.3118   1221.2668
     1439.5621   1176.5029   2016.0026
      721.0448    976.0491    374.0994
     2149.0566   1962.3545   1916.7582
     1544.2692    251.5136    872.8328
     1556.3307   1231.2819   1647.9620
     1941.2484    600.7291    561.2178
      108.1485    619.3086   2117.0295
      538.1901   2032.6893   1016.8804
     1115.2251    199.6078   1760.6926
     1819.5275   1746.2339    811.7747
     2262.1482    743.5471   1372.3323
     1370.2731    240.9470   1422.8726
       16.9313    709.4409   1797.7781
     2054.2622   2044.5498    194.8402
     1822.1343    911.6888    416.8643
     1187.0199   2243.6350   1201.3556
     1849.6011   1563.2421   1168.5652
     1443.1260   1371.0588   1983.3680
      924.3635   2043.6470   1358.3328
      623.6935    818.6402   1164.8173
      441.3395    918.7619    627.3198
      631.6191   1583.4741    743.1876
      751.4151    697.9708   1726.3818
      778.7588    625.6277   1181.4712
     1186.7725   1523.5717   1219.8354
     2148.4390   1044.3896   1645.5822
      168.3757   2241.2952   1353.3524
      605.7394    776.2373   2224.9543
     1162.4305   1390.8151   1527.6622
      604.6577   1877.2091   1368.9751
     2015.8892   1278.5101   1607.4442
     1946.0466    270.3859   1283.6771
     2260.6174   1740.4359   1889.7303
      387.5305    898.3140   2195.0862
     1886.6526    899.9821   1760.9993
     1399.6793    335.2263    586.4600
      748.0446    523.2122   2218.7925
     1716.4967    977.2941   1884.7905
      816.4468   1538.8849   1275.0729
      192.5368   1426.9330    320.0069
     1319.6010    699.9948   1770.6136
      231.8016   1600.4747   1257.0448
      532.2251    482.8836   1740.8596
     1193.7007   1400.8779     86.2722
     1077.6392    957.8304    913.0717
      374.5100    810.1281   1876.3215
      322.9927   1715.8002   2069.1089
     1577.5640   1529.2572   2054.9343
     2143.1665   1331.2383    748.1965
     1486.7480   1537.0378    179.1366
      455.9135   2093.8257   1212.8474
     1829.4019    642.2266    187.9553
      810.0428    327.1488   1902.4288
     1639.9767    718.6901    212.4430
     1523.6040    245.6403   1615.1088
      104.2624    377.4799    786.9393
      431.2222   1698.5869    681.2444
     1938.5282    466.1666   1960.0103
     1622.9069    134.3430   1413.1239
      664.7433    441.3538   1214.6359
     1274.5410   2000.7299   1540.5542
      785.0010    565.6138    790.6061
      384.2139   1091.5439    331.7759
       61.1564   2260.8154    733.7580
     2129.9434   1168.3698   1040.0297
     1279.9868   1200.4685    285.7108
     1298.3654    536.5058    262.5556
      812.5413    693.0172   1928.2192
     2025.0693   1147.2360    679.6080
      943.7950    864.4046    696.5607
      641.2103   2148.7026    524.2252
      148.8532   1404.1216   1783.2424
      323.5249   1338.4196    190.9672
     1177.1061    279.8677     14.7195
     1478.7291    447.3320    229.7589
      761.1960    751.9174    723.3124
       68.7377     46.3393   1961.3715
     1437.1272   1316.9719    275.1714
      282.0217    930.9702   2022.5892
     1216.8511   2236.4558    353.7746
     2034.3741   1575.5978   1304.4167
     1087.1670    102.1917    700.0299
     1978.1636    793.7606    833.4495
     1126.9072   1331.3241   1135.5603
     2008.1699    988.6861     19.8272
      722.6746    485.1805    149.9367
      257.8871    509.4469   2078.9810
      901.2754    355.7247    212.8999
     1000.7766   2213.6396   1258.1725
     2196.9338   1099.9763    768.8935
     2144.3269   2202.2632   1961.2679
      679.8682    499.3852   1398.5740
     2167.9082   2191.0454    603.7411
     1794.9447   1704.7573   1013.4367
     2147.6089    347.7263    371.6324
     1361.9557   1934.6489   1712.0872
      965.6875    720.9834     73.8380
     1055.6622   1073.8894   2257.4668
     1581.0077    364.2334   1230.0891
     1503.7682   1570.0902   1422.0823
     1350.0627   1896.5341   1210.5842
     1987.1141    360.4773   1115.0256
      220.7823     95.2661    850.7493
      622.0184   1302.4558    554.0095
      859.4274   1494.5837    819.6837
      172.6047   1471.7428   1411.9456
     1695.7573   1359.9319   1701.3475
      686.9462   1161.8091     69.0690
     1466.2477   1051.7645    862.8525
     2047.1689   2085.6467    884.8032
      633.8424    809.9601    197.5742
     1592.5106   1181.8225    342.2362
     1089.5776   1136.0162   1023.6505
     1119.1173    704.6315    471.6107
     1786.2670   2227.9858    886.9201
     1278.2700    916.4976   1781.2699
     1072.7233   2062.7466   1884.8160
     2026.8710   1199.6910    860.2247
      367.0201   1480.7660     18.2855
      305.3541    899.9896    436.4281
      300.4458   2004.3859    490.6329
     1649.3894   1583.0850   1076.4491
     2187.3162   1989.5482    557.6086
     1296.6809    514.9014    981.3901
      918.9982   2258.5447    723.1783
       62.9319      1.6967    301.6441
     2064.0081   1669.0684    661.7816
     2161.5266    278.5276   1188.1509
     2121.9578    152.2550   1918.1913
     1979.4299   1890.5073   2060.2104
      342.2935   1159.1742   1557.2782
     1408.9689   1202.6134    462.2055
     1063.7601    304.2423    360.2341
     1848.1354     82.9311   1297.2404
      720.2311    356.2382    310.8784
     1917.2688    685.6779   1827.5515
     1410.1237   1153.9097   1802.6558
     1621.6509   2071.1711   1719.7800
     1618.7904   2256.2241   1582.7845
     2205.9163   1237.1791   1562.8920
     1819.9911   1877.1764    477.7404
     1122.4802   1825.2520   1915.7791
     1681.3777    324.2390   1042.2932
     2248.0513    880.9675   1911.0840
      702.9344    469.3976    487.2095
     2026.2534   1124.4969   2131.1726
      783.0137      8.6445    347.1801
      276.5881   1820.3534    140.7990
     1057.1052   1209.4436    835.7413
     1665.7927   1154.8513    532.0083
     2160.8738    353.9713    744.7127
     1071.5209    501.7764   1494.9576
      711.6078   2178.2429    703.3072
     1729.2877   1104.2874   1728.5820
      506.8594    976.3680   1595.4115
     1142.0951    596.4595    698.3129
     1359.8274    506.6914   1732.0664
     1971.3905   2227.6677    536.6894
     1448.6477   1831.7406    373.2716
      484.8481   1850.5481     97.7283
     2247.0527   2104.1262    954.0560
     1455.1915   1699.3110   1759.5316
     1598.9146   1546.5243   1744.4767
      865.1804     90.7191   1115.2881
      768.8387    957.7570    142.9634
       87.7107   2052.6826   1564.0244
      973.1445   1173.3033    448.6482
     1936.7853    840.3471   1014.9476
     1467.8710   1159.7522   2206.3970
     2221.5527    172.2866     47.1077
     1227.7520    818.5937    993.4519
     1275.3333   1764.7233   1735.1154
      164.7975   1193.6831    810.0265
     1527.3688    393.6129      4.1820
      968.6749    509.6089   1908.7821
      579.6685   2044.8551   2234.0137
     1685.6812   1611.6283    208.6695
     2073.6877   1603.3580   1761.0946
     1309.9760   1206.2664     90.2611
      919.2764   1667.0730    137.5546
     2045.7812    947.6913    685.8065
       50.0546   1401.7412   1560.2804
      696.1707   1477.0811    574.7333
      102.6015    179.4946    193.1697
      135.4661   1585.5181   1583.6277
     1475.8961    526.4485   1357.4812
     1192.2189    161.5429    222.0492
     1270.6803   2063.5774   1127.2699
      437.0564   1337.5485   2124.5464
     1794.4332   1337.9386   2250.3093
     1276.9415    335.1257    274.8894
     1542.6747    391.9927   1761.9696
     1557.3921   2201.7366    917.3746
     1116.0167   1971.6852    971.3665
     1618.6128   2135.8003   1996.9481
     2196.6919   1463.5936   1184.4875
     1258.2740   1856.3351    399.7900
     1673.0284   1970.8601    605.0417
     2143.8816    520.6437    561.9443
     1318.6323   1626.3176    349.0197
      605.2386    473.8893    868.4881
     1320.7396   1542.6683   1765.8887
     1350.0277   1660.4325    896.8900
     1988.9138   1028.6179    470.1804
     1607.5442   1893.1383   1547.1669
     2163.9717   1724.3517      1.2768
      551.6255    482.7481    232.0995
      519.0421   1038.1024    816.3760
     1072.2157     98.5624   2177.7446
     1909.3274    332.9100    369.8819
      630.5583   1347.3822   2024.8334
      255.5750    627.9509   1038.4315
     1655.0022   1735.3866    727.3047
     1888.0955   1554.8881    720.5529
      286.8532    132.3342   1333.6531
     1540.5973   1654.5398    348.6819
     1110.6531    371.2651    162.7810
     1930.7062   1222.0443    267.0937
      734.1961   2179.2244      1.9880
      695.1890     49.6963    144.7039
      350.6893   1004.5425   1729.0852
      292.2877    881.2631   1564.0587
