      893.5325   2224.8130    256.0505
      879.6176   1410.4105    949.6762
      936.2612   1770.0049    119.2434
     1132.8790   1065.5479   1857.2498
      568.0832   1609.1823    748.2078
      734.7647    619.3656   1042.4043
     1854.2432   1526.4333    946.7497
     1215.7405   1923.0037   1224.1630
     1337.7375    167.1911    830.5410
     1193.9451   2104.5378   2244.5535
      503.8621   1594.5930   1439.0366
      938.5106    169.0574    154.8521
     1402.9124   2004.7339    411.3212
      763.4670   2160.9976    843.4715
     1409.2473    784.3559   1160.8691
       13.5185   1408.7057   2104.7065
      948.6799   1647.8267    573.0179
     1294.7573     67.2899   1591.8534
     2049.6792   1813.4194   2218.4602
     1981.3658    399.0523   2069.3108
     1075.0355   1695.0564   1229.1406
      640.4898   1908.4985   1694.6985
       96.1037   1203.5359   2156.9680
      933.2586   1435.7922   2047.2946
     1066.2781    732.8679    832.1658
      140.2305   2047.7072   1755.0044
      542.3857   1276.9484    653.7919
     1401.6338   2064.3755   1761.5430
     2014.0763   2033.5326     68.2324
     2001.8457    333.4866    306.3231
      829.8201    945.6561    486.1936
      190.4945   1052.2428    653.4786
      474.2716    148.0034    648.8444
     1646.9169   1670.4130    895.0910
     1248.1580    789.4908   1751.0674
      784.9007     80.6073    666.2437
      757.6531   2091.7317   2158.3809
     1270.3376    398.1074   1503.2860
     1990.4598     57.8266    284.2028
     1454.3425   2013.4634   2195.0217
      309.3858   1409.6639   1323.4198
      319.0027    354.1185    277.2758
      424.6540    315.2664    832.1744
      486.8163   2038.5411    816.2698
     2050.1887    191.5401   1232.4061
     1793.3334    128.3895   1467.8928
     1113.8198     65.8640   1188.3932
     1299.8710   1376.2903    748.2186
       31.1763    768.1016   1836.3612
      873.6782   1292.1763   2211.8330
      635.7484    898.1777    886.6680
     1033.6639   1391.3164    379.5544
      453.4357   1268.9786   1490.0049
     1477.6003    894.1303    130.8372
      587.5028   2152.8494   1670.8201
     1560.9502    681.9180   1436.5712
     1749.5911   1468.2996    759.5017
     1191.1066    217.8368     69.7822
     1373.5114   1805.8378    533.5396
     1637.0007    696.1995   1652.0835
     2262.9763   2034.7804    459.5436
     2109.5479    510.9806    747.6739
       73.2978    258.6383   1783.5607
      118.3552    442.5969    639.0103
     2201.6282    900.3478    377.0075
      575.1586   1417.1991   1102.6501
     1389.1321   1144.5066    436.3618
     1426.8595   1576.6365    378.4858
      947.1173    275.6147    601.9655
     1173.3630    582.4631   1421.9397
     1038.0499   1370.1791    746.8153
     1949.2574   1935.5225   1832.2415
     1390.7587   1020.7554   1207.7491
      242.3204   1342.8826   2008.9037
     1553.5082    453.1630   1392.5435
      132.0797    200.1310   2002.7793
      663.1987   1784.2601    139.7341
      295.2537    131.0809    902.9949
     1041.1655    482.3482   2061.7402
     1529.8173   1741.8573    696.1147
     2172.5466   1421.9597    738.4636
      665.7523    923.1272   1133.9935
      716.9908   1984.2314    722.1049
     1353.0642    889.9449    377.2934
     1749.9509   1354.3092   1603.6704
      534.0897   2213.4268   1465.3845
      450.3188    717.0735      3.2874
     1452.1658   1731.8459   1423.9425
      857.0854   1737.2789   1317.2068
     1209.6425    452.3640      6.6817
       65.4777   1361.5015   1805.0791
     1969.6954     85.5221   1595.6504
      276.6765   1684.2249   1075.6824
     1234.7594   1600.9296   2062.0679
     1682.8917    352.8205     86.9283
      826.4872   2133.0720    566.9417
     1351.0217    330.1689    410.2705
       18.6637   1158.9263   1672.0938
       85.9808    194.1320    547.4824
      257.7231   1737.5286   1974.0142
     1744.7834   1169.3373   2132.2678
     1886.0259    996.3902   1071.0504
      613.9557   1407.7948    852.4499
     1542.6747    774.6858   2147.8455
     1795.6093   2179.1902   1542.3674
       48.7081   1427.0203    911.7986
     1391.3085    264.6216   1693.7750
     1685.2931   1906.9890    628.5132
      130.0161    715.2521   1645.7504
      272.6014    792.2484    861.7812
     1553.6625   1316.9520   1650.0972
     1461.3295     18.5069   1357.6924
      191.9980   1625.9231   1280.7063
     2123.2402    567.1960   2158.9424
       56.7421    387.3665    412.5847
        7.0312   1841.8463   1204.5510
     1256.4581    510.1987    562.0555
     1756.0051   1941.1558   1639.7119
      962.4012   2260.6343   1678.1292
     2187.6101    939.9424   1421.1866
     1884.7886   2092.0813   1198.9193
      577.4282   1050.2061    623.4376
      271.9749    348.3816    477.8169
     1169.3009    906.4554   1242.0535
     1975.6227    130.5658   1808.2678
     1612.4299   2125.0310   1416.8282
      120.2242    675.6640   1046.7814
     2192.2432    220.3677   2140.9304
     1468.5415    903.1550    809.7062
     1832.3450    947.3558   1834.7566
      818.8293   2087.2192   1095.7793
      216.4797   1265.1810   1589.9768
       22.3441    152.8641    811.2350
     1975.7137   1577.8381    770.8096
      318.4243   2003.3716   2187.9089
     1145.1348   1808.0054    215.3240
      455.4136    294.4460   1215.2931
       34.6928     83.4458   1580.2726
      289.8124   1386.0157   1034.1398
      608.9897    398.2193   1347.5042
     1180.9095    186.3676   1400.2228
      618.5162    699.7509    278.1940
      476.6782   1621.1035    496.2644
      444.9858   1252.2229    888.2482
      824.2031   1531.4802    408.7582
     2043.8617   1751.8182   1378.6145
     1087.7726    662.4739    589.7618
      153.5729    150.3187    332.0285
      662.0466    871.8987    118.5993
     1895.6228   1363.8733   1788.2340
     1093.2921    652.1339   1647.8635
     1373.5718   1802.2948   1678.4445
      341.7715    361.1346   1446.8800
     2185.4080    192.9338    148.8486
      290.2787   2177.3311   1388.6707
      499.9689   1670.3868   2226.7996
        3.8174   1401.1238   1584.7266
      882.0744   1936.1667    914.2191
      847.6835   2069.4546   1950.3522
     2130.3196   1916.9385   1993.9396
      605.9283    828.1282   1860.8358
      501.4904    560.5770    813.7507
      359.4650   1771.9354   1392.1581
      548.8978   2257.1416    212.6327
     2102.0669    568.5668   1910.2766
     1749.2258    586.4988   1343.8406
     1974.7976    625.2674    584.7706
     1715.0732   1127.3927    119.7614
      451.2984   2200.7371    412.4397
     1459.8149    230.5312    593.7242
      695.6044   1318.9032    154.3406
     1566.7407    778.0911    311.2121
     1850.2279    475.9541    453.8145
     1783.3937    778.6372   1479.5007
     1232.2687    826.4554    213.2863
      299.4035   1134.7792   1039.1847
     2080.8513    577.4808    114.4829
      905.0557    440.9449   1050.5627
      142.8624   1231.0284   1205.1139
      258.6975   1832.5188   1759.7802
     1304.4060   1547.7766   1072.8038
      207.4645   2237.7664   1584.2836
      298.9021   1573.8536   2121.3655
      864.2241    790.0667   1495.9683
     2210.6189    230.6482   1419.1841
      832.3162   1970.7642     51.6845
     2096.6201   1290.9464   1370.5243
      982.3047    676.7056   1100.3065
      720.6829    652.4318    778.2861
      429.6621   1039.0624   1871.5715
      226.7831   1703.2823    404.1618
     1016.5362   1913.0428   1133.3358
      459.2059   1868.7283   2043.0719
      151.7472    999.7391   1311.2517
      790.3553   1294.8459    357.7332
      725.5324   1326.3326   1925.9032
     1339.4152   1382.2781   2019.7582
     1095.0702    345.9996    893.7917
     2228.6577   1210.5067   1950.1726
      938.3904    582.3072   1453.8760
     1405.9248    433.2255   1882.0630
       11.2042   1002.0994   1876.6932
       94.5095   2226.1846   1286.8938
      117.4645   1685.1133    200.8405
      201.9089   1076.7117   1988.4711
     1037.2708   1622.6488   1484.9856
      806.5375   1006.9110    721.7182
     1890.9105   1203.6537   1491.8547
     1464.6052   1877.0624   1199.6466
      458.8965    610.1907   1424.2062
     2101.1333    662.9874   1267.7552
     2251.8281   1741.7906   2107.1340
     1578.5520   1013.9331    387.8716
      798.2690   1552.5216   1417.9635
     2130.9727   2055.1370   1287.0388
     1371.1299    526.1981   1093.1367
     1803.2744    707.1020    386.8926
      580.5367   1397.1384   1356.3737
     2034.1499    361.2740     32.5102
      422.3158    363.8759   1720.2780
      475.5100   1859.8959   1563.0892
      789.8727    376.0888    120.2846
      735.1715   1258.0466   1482.6414
      246.0786    446.5313   1668.8119
      546.5176    743.6138    999.2289
      929.0632   1355.5009    170.0782
     1774.9801    774.8100   2087.9824
     2068.1885   1579.6261   2170.6375
      849.0977    813.1221    912.8596
     1088.0739     89.3494   2209.9111
      467.1465   1653.4905   1661.4368
     1819.3986    177.8486   2218.9475
      731.1127    652.0200   1874.2615
       66.9583    582.2905    822.4086
     2168.5671   1367.1232   1147.7745
     2137.8364    443.0385   1378.7778
     1855.6111   1763.9666   1493.4531
      381.8842   1150.3069   2102.5037
      220.1147    578.9073   1467.4949
      675.8965   2025.4144   1472.3962
     1583.3608    196.1928   2180.3374
     2168.5593   2230.0747    112.6338
     1025.8369   1588.3580    273.7465
      899.3019   1037.3517   1799.5012
        0.9688    846.4237    946.8127
      169.6069    838.6653   2006.0833
     1758.5648   2165.1917   1026.3116
      170.8355    613.1523   2195.7839
     1653.1931    800.0131    541.3288
     1595.3021   1070.4059   1768.6261
      646.5196   1630.8379   1268.9589
     1083.2352   1080.0741   1079.5868
     1877.5135   1988.2186   1393.2694
     1584.2208    401.3322   2016.8232
     1610.1882   1946.1188    378.3391
     1412.9637   1376.0530    538.0597
      658.9564   1069.0389   1796.4386
     1127.1246    174.0113    737.7632
     1230.7067    183.7150   1875.9197
      757.0167    744.3416   1276.0381
      343.1991      1.8967   2243.4180
     1259.1569    995.4455   1667.2567
      666.3367    387.4021   1764.1533
     1983.8489   1911.7877   1622.3589
     1784.2720   2095.5688    492.9081
     2113.7905    727.8914   1708.4886
     1181.2628   1661.6638    403.2422
      791.4069    207.5278   1985.4042
      713.8731    961.8824   1361.8704
      701.9656    207.3731    911.2149
      803.1260   1277.8328    777.2808
     2191.8462    415.9705    203.0231
      272.4495    201.0088    678.9476
     2076.0659   1221.2017    636.2685
      691.1262    142.0488   1679.2324
     2077.0188    977.4326   2236.1038
     1155.3184    461.4631    333.1280
     2240.4202     12.9401   2145.9470
      248.6070   1975.4558   1952.4508
     1414.2898   2151.9150   1543.6013
      323.5084    838.4278    398.3117
      716.1310    894.8900   1667.5696
     1021.1370    686.1061    215.3520
      310.5796    506.4408   1250.3950
     1277.8022   1924.8047     96.5790
     1141.3148   2253.8806    373.8870
     1881.9595    481.3072    212.7565
      374.1907   1390.4994    487.1960
      658.5989    817.4008    660.6437
      214.3290    932.5321   1752.2703
     1080.4784   1896.2596   2217.7388
     1233.1541   1150.4606    826.7629
     1646.5302    566.9496   2202.5903
     1517.1949   1528.6718   1569.5482
     1854.7404    940.9478     47.7853
     1671.4227   1020.5438   1157.4313
      175.2055   1949.8571    383.2602
      139.1324    311.9426    134.4687
      646.2042    110.5356    460.9141
     1207.4540    901.6581    805.0317
      237.2885   1876.0887   1215.6949
     1512.7518   1538.4507   1065.7930
     1443.0103    697.5040    496.5863
      845.8455    278.0346   1274.9614
      690.4210   2260.4077   1015.5620
     2028.6511   1875.5525   1185.5598
      674.4224   1458.0260   1602.4950
     1393.4073    596.2370    304.9069
      621.8560   2004.8210    482.7199
     1702.0576    502.4877   1801.2345
      103.2309   1774.9353   1440.3546
      952.8855    993.2333   1347.7321
     1023.0229    340.7707   1404.3108
      120.8659   2246.1274    748.9874
     2040.7456   1688.5081   1609.5203
     1043.9352   2026.2692    192.7633
     2116.8987   1266.5287    925.7991
     1379.3436   2117.3535   1171.9205
     1104.9186   1463.0867   1651.1804
      502.3052    788.6261   1235.3783
      480.7693    466.0716   1023.8403
     1316.1436   1808.2327    808.6865
      513.4110   2257.8738   1840.8992
      797.9147   2062.4653   1699.9988
     1628.1106    296.8802   1790.8828
     1603.2766    274.2774   1545.2631
     1210.8447   2159.1052    582.5661
      671.1508   1432.0653    586.6186
       74.3239   1028.4462   1089.7411
     1133.2667   1422.0853   2182.7649
     1189.2556   2195.3862   1729.5530
     1914.3584   1572.6835   1879.4845
     1536.6222   1963.1821   1613.5587
     1257.3279   1057.7494    229.9316
     1242.9388    616.2259    130.1660
     1019.1642    897.9177    632.9877
      569.9557    573.7623   1199.2399
     1553.1700    404.0559    321.2354
      980.2429   1473.3741   1306.7223
     1602.3853   1352.7860   1379.5985
     1407.6122    450.3910    867.6963
      191.9467   1008.1813   1551.8666
      426.9084   1546.0967    942.1262
      864.4729   1443.8467   1788.3883
       15.2908   1870.3896     59.8265
     1707.8065   1550.4554   1756.1644
     1590.1366   1847.3195   1823.0067
     2227.9263   1525.4369    308.1952
      240.1867   1776.8235   2224.0046
     1670.3298   1190.8815    815.1387
      425.1679   1275.1282   1169.4785
      668.7827    156.2617   1183.3628
     1014.5469   1145.2628    661.2441
       13.6558   1847.0172   1644.7003
     1283.6013   1049.1217      6.7401
     1362.5266    793.6586   1377.2754
      735.5981    303.6259    507.8769
       52.0039   1836.3297   1894.8960
     1555.0966    823.5695   1867.1523
      841.2648   1990.4849    295.8473
     2053.8511   1175.8384   1763.2357
     1853.8080    825.3544    598.8748
     1003.2825     97.5301   1878.5791
     1388.5941    569.9407   1335.8895
     2257.0498   1598.7505   1524.0651
     2196.3198    306.7948    657.9517
     1311.1865   1430.6012   1791.3278
     2117.3982   1520.5682   1737.4503
     1573.1320    179.5706    377.6572
     2038.0051   1359.5061   1587.2129
      778.3583   2234.9897   1526.9097
      555.4706   1582.5609    184.6850
     1987.9706    529.2126    972.2981
     2212.0437    389.6899    898.9286
     1893.3900   2035.9154    271.9502
       73.2656    593.9348   1271.9469
      400.0132    360.6528   1979.3762
     1877.1820    983.0192   2093.4663
      928.0547   1746.8877   1040.3506
     1924.3218    545.9910   1778.2249
      191.8169   1436.3844    196.1094
     2034.3915   1654.6975    338.8405
      687.8500    668.6042     20.7245
      227.3855    623.2355   1855.4392
     1462.2313   1987.1132    643.1746
     1765.7567    406.3931   2129.6252
     1664.7369   1004.4114   1984.7975
     1778.3890   1356.7377   2234.7354
      889.7752    730.5180    671.7151
     1246.7239   1428.1694    383.8421
     1569.9127   2164.9158    455.1221
      436.5018   1567.2528   1194.1476
     1685.4437   1541.3271    318.9212
      978.6697    607.5891   1873.1487
     1829.3850   1840.9790    446.3460
      362.9712   1731.5670    723.2692
     2083.3059    463.0688   1631.7664
     1892.0576    678.5078    816.7119
     1829.1818   1124.7443   1709.5026
      959.2088   1243.9753   1934.5027
      317.5177   2206.3064   1798.0946
     1649.1278   1730.8501   1607.8136
     2178.8640    616.7089   1048.1780
      982.0159    348.1689   2225.3984
      259.2169   1696.8029   1590.6090
     1895.9420   1532.5145   1579.3279
      622.5955   2007.4673    206.1693
       40.4377    817.1629   1206.8293
     2097.9658    477.1157    459.2720
     2234.8835   1427.2062     80.5018
     1645.7772    954.5242   2232.6707
     1727.1365   1007.4276    911.0325
     1404.0889    332.4963   2185.2776
     1175.5455   2108.4688   1104.8438
      306.1916   1225.8978    345.0738
     1669.6805    343.8647    555.3779
     1952.5192   1127.6499    866.8319
     1599.4683    570.7892    430.6259
      231.0060   1891.6812    162.2170
     1904.2721   1988.8499   2054.0913
      980.5605   1296.5540   1115.2269
      717.7290    850.2498   2136.4829
     2195.7610   2198.4402    903.8389
      103.6152   1472.0593   1129.2058
     1740.7717    338.9023    300.2926
      709.3706    449.7830    881.5478
       81.1747   1586.7800   2257.3860
     2223.6895   1193.4294     62.7261
     1346.5959     26.2713     26.2424
     1941.1661   1440.0938   1144.2982
     2254.7600   2093.6138   1538.6328
     1591.4314   1511.0992    555.2355
      131.9067   2142.1355   2223.8376
     1228.3083   1800.7046   1447.5222
      390.1191   1299.8953   1825.9045
     1406.5454   1733.0249     37.2329
     1037.4498   2116.9624   1867.4036
     1557.5978   1348.2848    736.7757
     1773.2772    358.1726   1410.8762
     1848.1969    471.7092    703.6096
      946.4296    513.7399    435.7241
     1538.6482   1914.7479    838.2907
      126.9816     24.5784    152.3374
     1861.2513    573.3746      7.8196
     1890.7642     96.9454    902.5771
      108.5682   1533.3218   1944.7513
     1306.0186   1861.4880   2138.1067
     2156.8076   1721.4113    780.1000
      634.4487   1121.9601    824.3574
     1876.0577    632.3911   1158.2700
      414.0699   1983.1731   1358.4034
      400.6118   1742.9952    236.8329
     2024.1448   2128.0034    450.6107
     1854.1208   2234.7004   1924.0223
     1802.2461   1684.2638   1081.9410
     1943.1776   1418.9084    611.6256
      481.1561   1788.2303   1162.9661
      343.4554    612.5288   2042.9731
      372.3111   1529.4370    311.2971
     1133.0336   2032.2668   1383.3364
     1840.3848    191.7188   1247.4967
     1402.1066    656.6123   1793.5629
      843.8035    418.4029   1927.9596
     1469.1292    224.4236    118.5076
      261.0848    822.1838     40.3408
      669.6237    356.0228   1086.5004
     1383.5995   2126.4314    789.7010
      409.0374   1015.4647   1205.6096
      603.7373   1075.7339   1552.8142
     2139.0752   2123.5728    680.2639
     1965.4724   1740.4135   2015.0143
      445.2632    983.8793   1417.9052
      815.2103    607.8589   2079.3728
      831.0162   1844.1494   1551.8495
      348.6233    287.5598      9.4571
      494.4080    180.4236   1004.4993
     1771.9467    556.5204    964.6828
     1831.9146   1570.1671   2121.0496
     1087.2318   1112.1677   1523.3125
     1293.6139   1288.1542     10.1781
      818.1334    527.7860   1665.2222
      656.6763    307.1945    712.2492
     1994.0504    323.4588    835.7490
      274.2489    113.8210   1163.9412
     1007.1481   1834.1509   1435.4489
     2042.2871   2109.4478   1515.9740
       49.6172   1408.3702   1340.2362
     1686.1685    772.0848     91.5732
       64.7798   1218.6139    990.2278
     2095.5977    818.5669    555.2672
     1540.4937    936.7852   1482.6174
       57.2790    386.9024   1541.2185
      891.0159    322.9273    810.0742
     1467.6398    196.3841   1969.3079
     1356.2472    667.0865   1570.4639
      671.8106   1056.2030    382.3909
     1732.9524    780.2358   1039.6310
      818.4644   1770.0653    736.4826
     1768.2169    401.7376   1181.2621
     1737.3516    321.2107    906.7352
     2058.8215   2155.1543   1912.1650
      419.0269   2158.1985   2045.2112
      562.9808    490.6398   1587.5900
      165.6973   1005.6514    870.4720
     1294.3208   1174.1852   2069.1157
     2155.5342   1388.8766    496.9794
       61.1020   1283.6724    303.5265
     1152.7781   1196.0253    359.6125
      966.2556   2123.8064    768.1097
     1742.5101    104.7870   1727.8544
     1497.1649    483.3703   1629.6392
      137.6026   1359.3767    636.7430
     1688.3273   1587.0350   1421.1439
      205.0431   1179.7650   1797.7042
     1257.2615   2216.5488   1328.9927
     1378.4713   2255.5361    411.4795
     1966.3236   1786.7323    628.9864
     1848.2451   1634.9915    497.6882
      235.2176    229.8999   1598.7816
     1754.2006   1826.6565   2073.1406
     2075.1675    107.8418    742.3599
     1936.4265   1382.3496   2054.4731
      823.9337   1104.7823    203.2776
      422.1317     93.8866   1621.3011
      200.8592    328.9439    847.6504
      785.4866   1541.4010    168.0670
     2149.0825   2051.9495    256.3478
      924.2349   1396.7863   1541.1072
      989.8603   2001.7701   1642.5411
     1066.3666   1541.5568   1064.6688
      224.7506    578.7157    454.5137
     1159.1222    832.4799   1483.0601
     1662.4980   2114.0281    154.5664
      463.8707    884.7212    212.2962
      645.4232     12.8769   2073.7234
     2073.9446     90.1138    527.8937
      989.9629   1662.0577   2109.0825
     1602.0929   2044.3744   1215.4688
     1877.7411   1936.3864   1012.3765
     1457.6017    929.3970    574.8212
      481.8698    560.8505   1834.6025
       93.1494    849.2103    732.7278
      323.1445   1584.8284     77.7051
     1358.6522   1590.4077    607.9028
      597.9913   2052.2727   1942.7946
      720.9656   1675.8293   1786.3638
     1004.3322    951.4180    229.4420
     1229.7478   1044.4713    608.6304
     1892.0457    719.0740   1680.0817
     1547.0895   1116.2024   1334.7688
     1077.0649   1795.7892   1653.1658
     1184.1881   1774.1703   1021.5380
        6.3688   1713.4390    468.6356
     1198.3500   1923.9032    426.0862
      354.7448    889.0663    606.7678
      844.9651   1502.9425    721.6954
     1751.0925   2014.6929    837.4578
     1454.9529   1484.1154    167.5746
      137.3237   1744.5842    837.2672
      442.0061   1204.7455     42.9719
      171.1926    157.3935   2222.7183
      631.2759   1309.1526   2189.4619
      137.5449    364.5369   1273.2213
      761.8641   1244.6703   1700.8219
      179.5041   2058.9287    616.3965
      713.7803    175.0949    237.6043
     1757.6342   2222.1814   2126.5103
     1841.2977   1809.9205    823.1693
     2177.3308     26.6994   1396.7600
     2064.8103   1932.4504    819.6508
      582.5223    521.2593    581.8885
      441.6788    162.4986   1391.5690
     2133.4517    821.0638    158.2586
     1505.2731   1135.6704   2247.0935
       74.3936    791.0195   1435.4514
     1008.8158    976.5065    883.2373
      274.9340   2126.7942   1173.6627
     2058.8145   1516.5797   1398.3765
     2165.0459   2022.6914   1744.1490
     1604.4769    859.4276   1265.9540
       59.1071   1047.1282    244.3807
     1995.5852    283.5787   1447.8173
     1545.5317    286.9742    784.5797
      244.0339   1020.0043   2210.2761
      556.7074   2062.2163   1195.6456
     1757.5190    911.5298    265.2370
      411.0066    851.0017   2075.8394
       38.7039    645.7418    111.6040
       23.8597   2244.0120    531.7048
      773.4667    682.9280    472.9398
     1249.6951   2035.1036   2006.9246
      200.2989   2241.3823   2025.5112
     1386.5437    557.3759   2132.0181
        7.1578    645.1776    604.0188
     1420.8068   1159.2902    677.2811
     1279.2185   1200.2515   1082.2153
     1344.3354   1218.7629   1327.1896
     1925.4335     26.5129   1119.4093
     1355.4204   1003.1176   1893.5188
      427.6211   1031.7760    423.2932
     1468.1173    670.1432    103.8420
     1855.7188   2239.2588     95.1124
      888.0070    251.2900   1776.9100
       37.5477    602.6516   2022.5248
      102.9432   2006.5966   1347.0951
      898.0878   1631.9705   1647.2556
     1933.3601   1170.8586      5.7826
      910.0938   1041.0630   2258.6460
      256.7258    772.9164   1289.9690
      802.8823   1736.6754    317.0561
      450.8535   1985.7924   1793.7791
      856.0462   1071.5341   1560.9556
     1450.2496   1519.8829   1320.9268
     1565.6873   1209.8878   1074.1829
      329.1646    165.8168   1824.9667
      473.6880    755.6098    752.6216
     2161.7192    792.9083   2020.4103
     1719.7261    615.2119    621.3761
     1041.7919    915.9057   1650.1332
      233.1132   1217.3065    106.9833
      989.9996   1960.0508    623.9919
     1326.7260     20.1214    998.3110
     1740.8953   1670.2537    695.2888
      361.0402    637.7072   1649.0765
     1608.6866   1725.8118    459.0786
      782.6685   1587.0886   1986.5150
     1876.0549    312.4802   1655.9285
     2236.5986    586.7759   1511.3325
     1193.0793   2227.3760    809.8435
      695.8677   1843.6111   1945.4440
      417.8048   1981.7299    329.8547
      131.6375    808.8615    518.8969
      452.6638   1432.2106   2236.4868
     1524.4144    922.5015   1008.1070
     1695.6381   1450.6311   1192.5571
     1206.4099   1639.8260   1831.2649
      391.9059   2090.3125   1604.7086
     1647.1550   1411.7795    961.5964
     1854.5981    832.1688   1263.2642
      508.6013    318.5082    510.8571
     1784.7620   1005.7493   1366.1317
     1160.2616   1751.7101    602.0604
     1306.6096    984.7413   1009.6066
     1425.9794   1352.6141   1176.6942
      688.1332    160.3759   1408.0840
      911.2819     70.9171    838.3156
     1996.1212   2196.9124   2160.8208
     1943.4518   1333.2115    815.1115
     2105.1819   1305.6022    239.2830
     1190.9385   1923.0295   1806.1967
      465.2986    535.1517    357.9714
     1524.4409   1444.3385   1866.2668
     1043.9631    244.7586   2024.6492
      414.9669    143.2886    397.2518
     1022.5757   2088.9602    446.9723
     1836.7877   1770.0308     10.7382
      599.6643   2192.4180    605.2360
     1483.6089   1982.4454    187.4518
      577.2164    197.9047   1857.8998
     1239.1812    378.9409   2028.0537
      227.3188   1964.5680   1531.0212
      922.7572   1324.3701    548.8947
     1786.0209   1866.6743   1226.7166
      965.9609   1526.5433     35.4102
     1115.8535   1830.5369   1989.4515
       51.9471   2013.1608    817.0771
      220.3371   1503.5483   1487.4557
      241.3524   1509.0238    830.9697
     1486.2972    468.1760    603.2567
      885.3762    173.0577   1549.8821
     1603.4742   1860.6783     33.3957
     1292.3616   1628.2495   1592.3354
      242.4176   1460.9358   1733.8153
      803.2072    496.0357   1250.4376
     2177.2529   2062.2339   2166.9233
      807.8155   1051.5453    975.7441
     1702.2567   1277.1733   1831.9962
      214.1522   1385.2859   2239.3301
      404.0506   1414.2357    713.8967
     1664.8441     91.1993    577.9252
      716.4997   2176.8445    374.6163
     1277.2078    163.3351   2133.4480
     1238.2856    464.5135   1693.8662
     1654.6062   1002.7361    694.6263
      428.2107   1774.0898    929.7779
     1492.0526    374.8641   1208.2372
     1534.3594     74.2451    853.1434
      424.8662   2215.1699   1004.8749
     1200.6234    939.0731   2088.9016
     1900.3047      2.6064    637.7990
     2169.4365   1905.2803   1451.8901
     1751.3436   2016.8192   1868.3134
      570.4746   1650.3800   2015.6891
     1397.2916   1991.9570   1385.2855
      780.5163   1619.4247    904.2019
     1470.4824   1580.7316   2047.4341
     1791.9989   1025.9399    481.1007
     2010.2401   1216.5864   1114.3643
      188.1971   1013.6019    423.2964
     1613.5450   1215.2968    565.4860
      841.2608   1534.6329   1142.6920
      822.7059   1117.7803   1202.2703
      950.6383    592.8578   2252.8062
      577.5063    805.0056   1446.5183
     1165.7902    663.6116   2132.1855
     2031.2430    769.2943   1453.5219
     1342.2646    752.2269   2001.3789
     2213.3003     20.1159    331.8845
        8.7626    423.3029   2253.0554
     1209.7864   1981.1333    691.4692
     1996.3383   1017.2482    575.3754
      758.9615    397.2327   2179.0806
      225.3285   1255.5269    809.8559
     1149.5854    966.0140    419.5696
      636.3412   1882.3997   2172.0642
      550.9232   2096.5281      3.3680
      587.1226    672.2934   2052.1040
     1348.7736   2250.1841   1885.4371
       55.1411   1582.7385    680.4658
     1123.9020    209.5673   1649.3013
      436.1317    696.8146    526.9532
      964.1786   1129.9728    418.5269
       18.9811   2108.7664   1949.8655
     2204.9280   1833.8778    290.8789
     1193.6321   1269.9753   1893.1185
     1859.1842   1396.5156   1387.3767
      327.2689    112.6421    183.5692
     1860.3008   1613.4308   1291.4944
     2047.7637    115.8114   2262.0303
      353.1608   1191.6366    580.4321
      972.6144   2131.4277   1251.5228
     1203.1227    681.3528   1204.7074
      130.4663    793.5190    258.1332
     2152.8286   2243.1750   1153.3837
     1187.3977   1361.5403    953.8962
     2254.5691    646.4687    381.4045
      570.1633   1111.8424    190.9814
      803.8245    838.6966    297.8898
      562.5165    266.4295   2122.7473
       60.9734   2060.1101   1081.8436
      157.4653    519.4367    237.4448
      894.4337     12.2013   2086.3645
     1342.9271    162.8903   1197.7375
      623.5233    421.4081   1971.6129
     1259.0504    811.8063    624.2135
     2075.3547   2053.7068   1046.5719
     1596.1676     63.8389   1550.1965
     1067.2854    836.8916   1880.8798
     1284.9208    293.0829   1012.1435
     1676.6172     96.2419    166.8292
      926.8697   1873.7925   1844.6849
     1271.9431   2128.2720    223.9534
     1583.4329   1314.2814    119.6900
       19.7594    796.5235   2223.2905
     2046.2419   1896.0082    425.4147
     1890.6106   1184.6995   1950.7651
     1921.8381   1113.4048    253.2832
     1474.0391   2033.8639   1952.8295
     1410.6658    231.9849   1434.1113
      795.8110   1864.2911    499.2682
     1999.7196   1748.0780    954.8347
      582.8823   1772.3334    387.9804
      175.5636   1878.7789    990.6920
      726.1751   1265.2462   1024.1323
     1118.6807   2014.2933    895.5978
      552.1116     84.7402   2259.0110
     1252.1572    590.4433    774.3029
      873.9144   1869.8088   2102.6794
     2008.8792   1373.2539     30.6650
      779.1462   1120.1908   2017.0490
      774.2377   1350.0439   1259.0947
     1998.8945   1069.9595   1313.1284
     1019.7115   1207.2465    897.7669
     1510.3766    215.4042   1025.0226
     1253.7474    364.6729   1266.1246
      108.0116     30.9188   1806.2231
      647.4073   1819.5916    895.0742
     1118.3905   1139.2704   1287.5396
     1673.8175   1151.9763   1526.7174
     2155.3518    410.3611   1133.3184
     1619.7162    524.8971    800.1560
     1625.1509   2162.7295   1728.8582
      635.9268   2033.7166    975.2802
      569.0961   1249.6967    423.0124
      552.8417   1272.6093   1685.5496
     1194.4264   1259.9143    567.9292
     1470.4957    702.8282    699.3179
      295.4041   1929.6971    790.2806
      885.3763     65.8937   1142.2242
     2105.6560    345.1003   1858.3530
     1446.8708    967.4547   2103.7109
     1605.9113    201.8727   1300.3081
      254.3480     28.1979    535.5944
     1118.0420    858.2529   1043.6298
      225.4440   2135.9470    934.5956
     1232.2394   1575.5359   1358.2069
     1198.1151   1385.4342   1228.1189
     2104.0750    144.7062    999.3842
     1015.3824    412.2973   1618.7582
     1979.4365    892.9449    372.2040
      590.2619    842.0963    446.6010
      212.0474    395.8147   1887.4950
     2101.2324   1525.0618    934.9022
     1652.4803   2016.2753   2069.2131
     1483.0560   1648.3267   1797.7635
     1684.7285   1646.2498   1955.4301
      151.9816   1827.0128    619.9507
     1416.7788     26.7665    633.7145
     1083.2651   1177.1785   2158.6465
     1418.3026   1340.7368    919.8809
     1267.6396    346.9827    716.5881
      385.3548   1101.2119   1625.4126
     2058.3914   1626.7286   1121.3191
      953.9651     85.4089   1353.1958
      931.7487    572.0204    855.0422
      472.6815    957.7877      5.3416
      405.5311   2041.3323    613.8328
      102.2277   1935.5542   2111.9927
     1821.5771   1172.3152    650.4091
      676.8272   1089.3781   2246.5439
     1292.9542   1016.9429   1424.6976
      466.7217   1896.3302     77.0546
      754.1762      8.0392   1844.8132
      282.5221    316.2958   1065.1493
      780.8693   1694.3915   2212.9348
     1164.9412   1416.1390    154.4985
     1257.5315   1606.6453    185.9491
     1343.5559   1774.8027   1918.2936
     1994.9802    763.1307   2197.1401
     1716.2974    173.4156   1982.1415
     1230.0287   2010.0712   1585.0425
     1122.3317    135.7360    968.6484
     1761.7091   1893.8423    196.7630
     1331.7023    801.5939   2242.5940
     2038.9202    647.1686    345.0013
     2142.8447   1139.7684    403.3840
     1242.8352   1245.2697   1636.6741
     1519.9165   1202.0125   2017.2842
     1026.2797   1227.6627   1704.0342
       48.6247   1185.9189   1445.1809
     1353.5490   1277.6302    220.1841
      630.5635   1847.3041   1340.4663
      292.1201   1164.4016   1364.4867
     2146.2295   2249.2793   1716.0312
     1750.8044    716.6944   1839.9476
      554.7930    505.8729    157.3365
      311.0546   1034.5955    197.8508
     2225.1609   1624.9155   1275.1028
     1419.1547   1221.3778   1806.1483
     1169.5052   1703.9810     13.3553
        8.1343    510.3906   1765.4236
     1115.8164   2254.5330    141.2861
     1326.9369   1981.1538    974.9897
     1036.8339     30.6635    611.7246
      801.1810    156.1320   2219.9661
     1887.9048    223.0612    175.0273
     1744.3074    495.8195   1569.6543
     1071.1273    391.2221   1836.6715
      574.2053     24.2235    823.2287
     1583.1331   2237.3452   2246.3306
      980.1397   1669.2518   1864.4343
     1320.1372   1735.3948   1242.9202
     1586.7894    449.9338   1021.9496
     1694.9822   1520.8103    104.4193
     1632.4943   1892.3130   1032.0548
      554.0231    299.2440    297.9846
     2066.7517    949.3032   1744.6892
     1097.2161    861.5854     11.7243
      995.0601   1818.9769    394.3262
      954.7031    774.4117   2098.3193
      405.3410   1042.3027    774.9421
      254.8968    867.0819   1080.5265
     1407.9979   2237.4939   2089.0010
     1927.1671   1554.9680     96.8972
      373.4438   1841.0503    495.2838
      887.0356    315.1476    325.9478
       72.1301   1640.8226   1752.6576
      341.5185    683.0500    232.9131
     1457.6223   1116.0227    886.1441
     2152.6265    243.3587   1638.9097
     1207.2819    584.2698   1927.7635
     2111.5647    762.8893    777.5831
     1217.6544    165.1183    526.9839
     1925.0739    909.9221    823.4115
     1496.1405   1104.1750    210.1220
      987.4453   2187.9341    983.8716
       23.7889    170.3702   1208.9227
     1317.0974    129.1322    259.2599
      776.7345    360.0934   1523.5839
      212.4711    405.5398   2130.7341
       48.1688    983.8787     43.4317
     1669.9041    576.9397    192.4027
      364.1745   2233.0063    727.3636
      607.5602   1483.6475    365.4594
     1073.0059   1166.1099    124.6305
     1451.5382   1752.3667   1007.2197
      354.7363    799.7679   1841.6335
     1144.0896   1356.1710   1443.1252
     1536.8041     15.0405   1111.0197
       79.5135    236.5068   1032.0516
     1052.0299    466.3814    696.4471
     1195.8949    701.6005    405.4700
       33.1278   1649.3138   1025.5303
     1230.2643   1568.4203    860.4332
      812.6578   1959.7075   1268.4904
      697.0668   1663.0348    582.1617
      902.0657    116.9989    431.9533
      945.3741   2173.2532     18.4007
     1476.4766   2217.4248    212.2848
     1704.5321    134.1524   1038.3422
      701.7895    489.5529    389.8725
     1527.8784    686.6812    929.6266
      378.7268    142.1295   2043.7804
      973.7468   1000.5227   2038.8486
     1513.4827   1388.9451   2177.6729
      571.6042   1498.0127   1803.6896
     1854.1157    179.4707    435.9554
      243.0890    656.6387    683.9534
        0.8981    387.1016   1993.3182
     2148.6450   1662.7396    125.5990
     1616.5529   2242.3120   1948.1643
     2101.4551   1370.3477   1901.7939
     2006.0492    773.3409    984.7045
     1955.8035   2149.1384    842.8275
      346.6346   2125.8872    154.2281
     2155.7087    119.5895   1933.2875
     1134.0042   1499.8896    585.4761
     1839.9850   1763.2998   1754.7942
     1809.3466    215.0833    721.1940
     2145.9375    997.0366    779.5646
     2154.5063   1585.2968   1973.1073
      484.5493      8.3750   1233.7920
      391.0589   1958.2515   1061.4673
     1837.5195    344.4264   1890.3619
     2100.7812   1618.6638    559.3433
     2112.2952   1781.1763   1805.9446
      542.1471   1223.1642   1968.0092
      417.5094   1466.1145   1595.4331
     1015.9380   2064.3035   2090.6658
     1949.0668   2255.9399   1358.7747
      174.1779    139.8587   1397.2291
     1561.3226    602.9364   1948.2168
     1156.2498   2253.7996   2018.1527
     1912.4636    750.4313    163.4633
     1469.6165     71.7257   1738.9156
      810.3228    878.4742   1935.9618
      883.4150    887.3498   1138.1570
     2096.7424   1202.5062   2123.5002
     2114.4307   1028.7623   1018.9263
     1434.1052   1137.4265   1554.6525
     2126.9106   1114.7233   1538.1016
      719.9482   1498.8346   2201.3218
     1915.0266   2147.8901   1728.6584
      878.7523    755.4402   1740.9014
      762.8427   1188.9802    570.9661
     1679.5322   1407.1095   2029.2217
     1582.6979   1691.4257    212.0939
     1011.2748   1604.6593    854.3721
     1525.7762   1819.1118   2065.5403
      492.5481   1772.3711   1854.1300
     1593.2540    628.2944   1184.5236
      518.6144    482.2473   2196.0051
      299.7795    806.7723   1502.9409
     1371.3737   1801.1691    295.3494
     1933.3047    971.4616   1545.3727
      938.5391   1241.6744   1363.6777
     1303.3065    724.0659    953.6463
      334.7775    508.4259     76.6403
     1623.2998   1637.4399   2209.8523
      543.4044   1828.6965    653.5583
     2088.9819   1033.3707    174.1306
      988.4728    770.4034   1316.3771
      723.4849   1846.7727   1119.5757
     1063.9230    296.1484   1163.8109
     1965.5710    784.3743   1895.0125
     1823.6501   1347.8928    212.4726
     1482.7994    454.0589     60.1197
     2251.3955   1014.4825    588.0574
      662.8065   1699.3149   1537.5234
     2192.9448   1874.3723    616.4715
     1942.6519   1458.9487    367.0434
     2073.6785    876.9809   1198.0262
      572.0645   1120.6843   1049.1169
      701.5014    601.4695   1462.8119
     1094.0255   2221.2041   1512.6997
     2252.4668    998.9571   2092.5459
     1062.2437    525.6447   1236.4312
     1565.8286   1356.4952    331.4857
      425.4911    951.0633    979.4198
     1457.2358   1559.9622    831.7372
      614.1550    689.9561   1663.6068
      278.5094   1593.2839    595.1337
     1941.3156   1236.7902    434.3430
     1770.8218   1379.3273    516.7426
      369.6562    455.3859    658.9801
     1729.2484      8.7422    805.5966
     1043.0208    436.2013    170.5534
      912.6480   2086.3887   1452.1008
     1967.2244    445.8764   1237.1033
     1962.4032    175.0512   2048.3533
      620.9875   1660.2698   1053.1608
     2160.6921    248.3533    416.2708
      140.3942   1469.5126    442.0709
     1347.5222   1514.9756   2242.6663
     2057.0056   1014.9135   1957.8905
      347.2910    650.2433   1088.4889
     1974.6273    314.8535    582.5296
     1534.8158   2108.2046    946.8641
       23.9189   1188.3717    769.8250
       89.3745   2054.3750    183.6842
      364.8327   1564.2969   1896.9792
     1840.5255   1684.5068    250.7763
     1108.0947   1460.0226   1920.1600
      512.4815   1434.7775   2025.6244
      225.4790   2158.0964    364.4111
      555.5304    299.3634     91.9018
      274.6300    544.6035    910.6781
     1878.8077    591.2002   2021.5942
     1956.8551    572.7916   1465.8264
      590.3710    996.7838   2023.7347
      106.2455    462.1458   1060.2963
     1617.3918   2152.9746    681.0210
      479.6126    899.1251   1658.4293
      113.8949     15.2918   1029.0734
      725.4471   2212.4456   1287.2961
     1091.1240    345.5870    478.4537
     1119.3331    223.1224    293.4759
     1321.9561    356.4210    195.4642
     2199.6946   1099.4916   1261.0266
     1776.2439   1224.6456   1239.0792
     1935.8914    288.5182   1046.0239
     1730.4542    908.4371   1630.7539
       85.7556   1200.5775    498.9339
     1996.5349   1840.9036    180.9215
      824.5951    482.5495    640.2993
      973.8030    769.0536    423.6790
       16.5037    926.8656   1639.2086
     1787.5665   2030.2156   2250.5479
     1157.7981    543.3309    993.5169
      833.9302    586.9672    190.4532
     1353.8811   1374.7526   1490.8141
     1717.0679   1195.3719    338.8116
     1617.2319   1684.1210   1228.8273
     1802.5354   1229.0070   1019.4709
     2223.0549   1851.9969    961.2715
     1457.1766    878.7719   1672.8644
     1049.1451   1804.4951    790.3012
     1728.0559   2248.6326   1262.0250
      575.2050   1147.7349   1300.8510
      873.8633    808.4127     69.9492
     1794.7008   2236.2488    343.6519
     1635.7633   1869.0664   1418.2952
     1700.9778    782.4857    784.2590
      728.7393   2228.1257    108.3193
      459.1623   1339.7676    215.6909
      906.0858    234.0884   1005.3202
     1915.3470   2013.2284    634.7355
      560.6542    259.7157   1574.0962
