      868.5389   2214.5725    203.1349
      838.9207   1447.7661   1037.4746
      913.8645   1859.6748    208.7712
     1055.2153   1089.7100   1679.5000
      619.4053   1779.5939    670.3632
      603.2530    612.5801   1071.1674
     1781.7128   1413.9517   1003.6639
     1202.3538   1871.8625   1162.8468
     1326.8313    119.3516    763.4658
     1314.7144   2124.2944   2203.9595
      532.2411   1526.7983   1474.2219
      816.8719    206.7493    193.8654
     1358.8386   2077.0000    321.5126
      804.9828   2174.4705    864.3905
     1389.5811    865.4924   1138.6965
       26.3523   1387.5287   2099.8406
     1005.7823   1691.4481    540.7635
     1282.7267     54.4545   1403.1359
     2130.4197   1940.2168   2260.5149
     2202.0210    479.1447   2209.4216
      993.0589   1846.4583   1180.4841
      566.0119   1884.9341   1756.4524
       96.2120   1178.4176   2135.7332
      713.7874   1182.3839   2107.2451
     1129.3955    823.6817    643.6986
      221.2284   2057.2212   1878.2473
      377.6837   1482.0153    747.4557
     1400.1127   2153.7749   1705.0560
     2059.3787   2154.3582     18.5544
     2015.5906    300.2212    245.1501
      814.7903    858.9950    506.7604
      110.8797   1085.8342    608.9257
      557.6378    130.3825    654.5048
     1564.1857   1547.0447    864.0153
     1230.8134    765.7786   1606.0525
      723.3142    152.8222    764.1661
      861.8577   2094.9771   2114.9258
     1293.7347    475.8445   1406.5426
     1925.8892     81.5146    346.2746
     1525.6895   2066.4407   2216.8726
      308.3181   1309.2678   1398.4454
      325.8845    374.1282    398.7318
      474.8209    305.8896    737.2189
      469.6605   1879.0203    785.3599
     2121.7224    155.8655   1342.8589
     1754.1931    157.5453   1580.6176
     1071.4963     93.5638   1108.2657
     1185.0468   1364.4739    754.1672
       71.1905    690.0576   1625.1205
      910.2205   1254.9462   2217.8831
      646.7133    888.1147    957.4125
      978.4528   1494.7971    425.2083
      466.4185   1347.4696   1531.8997
     1562.4807    906.8536    176.0026
      565.9933   2232.6819   1668.7732
     1599.1576    690.5123   1376.9269
     1703.9500   1531.6155    684.1000
     1245.5630     45.0992     74.5131
     1335.3029   1872.6293    576.7972
     1639.1688    656.4760   1572.4380
     2192.8157   2128.1042    463.2010
     2165.2422    557.6343    892.6647
       41.0402    319.0522   1724.7484
        5.4087    553.5178    724.2604
     2250.9758    745.5694    327.8485
      739.8330   1348.8197   1207.8851
     1287.7693   1339.8441    431.9603
     1442.8192   1493.4774    425.4890
      826.2313    321.1962    600.4354
     1177.2063    668.9872   1388.7462
      988.5513   1385.7004    725.1933
     1918.6400   1926.4524   1868.4353
     1331.1517   1022.7259   1266.9843
      279.3658   1446.9005   1912.8906
     1662.6442    483.6564   1382.6924
      182.2915    205.9760   1864.4326
      696.2844   1871.9420    148.6368
      328.4386    105.4982   1002.7128
      933.3300    445.5025   2112.9795
     1463.8741   1699.1490    713.2266
     2114.2620   1504.0798    775.8428
      710.8203   1017.0905   1093.3638
      702.8796   1971.4519    747.3848
     1446.3682    841.3129    322.5292
     1703.4631   1366.0481   1457.5482
      568.1552   2211.2615   1461.4520
      447.3632    766.5905     56.3482
     1339.4653   1677.1298   1367.5745
      670.2376   1690.4495   1444.3419
     1111.5133    581.7754    122.3087
      130.0487   1302.6178   1937.0637
     2082.7249    110.6503   1549.9266
      340.4563   1616.1565   1008.1992
     1159.4301   1633.1921   2079.1606
     1751.1125    347.3283     41.3634
      785.0312   1985.6057    561.3441
     1471.7252    323.0674    408.9822
       66.2365   1261.8168   1696.8218
       54.7589     43.8323    547.5796
      133.4254   1767.2108   2053.8623
     2007.7963   1366.3494   2237.5776
     1960.8090    950.0728   1178.4785
      684.8239   1435.0302    915.0221
     1609.1035    785.8398   2260.8826
     1740.0104   2252.9236   1454.5615
      216.2101   1524.1930    889.5110
     1335.6244    271.0372   1767.6680
     1775.6841   1898.1440    680.1754
      227.1738    788.7357   1733.9789
      232.6528    971.0052   1027.5001
     1459.4410   1350.4910   1763.6567
     1464.5573    116.3997   1275.1962
      189.8583   1805.0597   1241.7852
     2087.6555    602.9901   2108.7244
      145.0816    485.9746    489.7843
        4.8798   1896.0663   1365.4401
     1377.4017    493.4052    413.1184
     1790.3638   1892.0316   1702.4500
     1058.6165   2208.2688   1644.2576
     2172.3550    949.1029   1435.4281
     1987.3894   1998.9194   1246.9586
      584.5124   1143.4393    679.3446
      213.1672    220.3941    538.1995
      995.2383    887.8507   1299.7058
     1931.8792    142.2545   1698.8954
     1658.4893   2069.9512   1395.8661
       15.9046    649.9353   1115.3280
     2160.1438    238.0748   2128.3022
     1343.0682   1013.1055   1013.3347
     1941.1964   1093.3943   1726.3335
      711.4277   2022.6442    958.3521
      201.6954   1102.4240   1650.2887
        5.8883    159.8643    861.7704
     1973.1663   1601.0272    913.6595
      226.5461   2085.6147   2204.6233
     1057.8811   1826.6460     83.7716
      303.9044    270.1334   1164.4281
      161.6656    144.9208   1668.5845
      294.1346   1446.4258   1080.3650
      598.6733    297.5319   1365.7795
     1277.0204    162.6474   1179.9016
      640.8118    763.1221    383.2860
      598.2538   1656.0602    488.8694
      427.5764   1289.1617    992.1646
      812.1616   1625.3494    443.3570
     2132.5193   1705.4177   1392.4014
      936.7429    692.3385    636.1862
       15.3467    210.0021    436.6270
      563.2559    959.0205     45.6238
     1798.8254   1532.2301   1770.5146
     1072.8325    664.3648   1625.0227
     1193.5823   1783.7627   1536.8792
      383.4520    325.5685   1376.5421
     2119.8071    258.9712     68.3887
      389.1485   2197.3369   1331.4177
      647.8492   1746.9448   2231.8503
        0.2272   1552.3490   1774.5139
      885.8038   1982.8464    868.7589
      777.3671   2004.1703   1894.5317
     2135.0188   2052.1375   2070.7888
      578.8571    791.5566   1901.4702
      402.5356    505.8238    738.1044
      302.7758   1689.1322   1390.1179
      381.0959   2231.7275    283.7758
     2108.0833    611.9237   1892.2340
     1816.9507    653.7012   1422.0463
     2012.1401    503.2560    740.6254
     1869.0903   1161.7982     42.7106
      422.5780   2157.7529    461.7520
     1476.3701    134.4450    350.5012
      628.7793   1309.8165    258.0231
     1651.1174    755.8968    365.6451
     1814.6617    370.3192    592.2886
     1783.7629    816.5926   1530.6156
     1306.6270    852.8671    179.1125
      373.1710   1118.0591   1092.8994
     2051.3682    476.7695    112.4106
      906.7744    451.9509   1174.6882
      201.1085   1199.9048   1254.8384
      231.9553   1840.0416   1862.5160
     1223.1702   1526.3495   1018.1660
      267.5190   2114.3992   1659.6216
      420.0581   1693.9786   2239.8574
      866.8697    871.4799   1474.0142
     2234.9172    214.5553   1568.4280
      843.6008   2000.6338     73.4475
     2082.3630   1368.1665   1409.9658
      944.9602    661.5002   1041.9166
      640.4197    568.4443    688.3289
      359.5792   1081.3036   1900.1929
      242.2717   1842.7660    446.3150
     1183.4263   2194.8870   1023.2357
      483.6398   1893.9160   2143.9131
      280.1259    982.3160   1230.0940
      782.5685   1190.9788    472.7454
      626.0133   1253.7809   1866.1832
     1320.0433   1289.4397   2139.7810
     1121.5349    439.1242    885.5488
     2213.1992   1161.9216   1962.4659
      983.0154    695.6973   1436.8984
     1335.6675    434.5877   1915.0575
       45.9027    881.7719   1697.9220
       96.2226   2150.7002   1153.7903
      232.3136   1683.3350    307.9904
      192.3945   1130.3070   1965.2096
     1033.7736   1878.5569   1400.3525
      917.9598   1053.3176    810.5330
     1902.5593   1255.8657   1406.3785
     1523.1522   1790.6777   1101.1737
      518.4958    557.5926   1442.2665
     2026.4019    727.7480   1414.2200
     2187.6582   1825.8613   2085.2124
     1453.5969   1088.9791    264.7848
      852.9675   1548.9088   1463.9119
     2138.4253   2071.6511   1369.3854
     1348.5416    685.4395   1041.8586
     1934.3405    773.6495    543.9105
      530.0071   1342.1636   1329.4955
     1857.6731    440.1788    198.1612
      387.1946    502.8322   1615.0409
      373.4064   1897.9435   1543.1621
      629.4016    278.4714    138.1099
      683.6889   1386.5386   1434.5454
      216.2721    549.0344   1694.0469
      455.3823    755.9711   1013.9371
      923.0345   1308.9426    312.1219
     1698.8629    682.0162   2100.9021
     2117.1238   1498.3042   2137.8044
      743.9866    715.3366    958.4358
      925.1976     80.2930   2069.6653
      400.5652   1772.3615   1716.8302
     1788.9169    164.3194   2170.1978
      620.8055    594.6671   1890.1217
       67.7849    678.1460    910.0799
     2105.3589   1317.5682   1198.2944
     2238.2507    339.0627   1413.7437
     1833.2073   1660.2489   1585.7639
      334.3708   1113.5836   2109.8728
      280.2378    479.2180   1445.5140
      573.4767   1892.7266   1543.9999
     1611.8982     86.1292   2019.7853
     2178.8667   2251.9827    156.8054
      989.2518   1680.0878    329.8594
      662.4191   1075.8665   1686.8839
       75.3754    835.0195   1097.1008
      160.5039    794.7524   1945.1205
     1793.7185   2259.2490   1083.8052
      261.2118    644.6325   2257.0728
     1610.2523    973.7546    368.6991
     1544.5535   1020.7567   1662.8396
      504.8416   1702.9055   1320.7076
      983.6447   1020.5844   1143.2109
     1931.0066   2046.1493   1458.5653
     1638.1919    292.7616   2086.7583
     1668.6255   1865.2114    347.2778
     1304.1774   1511.0458    575.7747
      526.8829    992.2181   1818.4773
     1225.1428    226.4609    623.1300
     1229.2089     40.9455   1775.4706
      807.4514    738.4995   1327.3066
      353.2004     63.4724   2154.2437
     1219.4690   1020.5937   1576.8409
      569.2350    367.2367   1900.8170
     1983.7698   1948.5188   1656.1622
     1590.8907   2188.4482    536.0632
     2116.0571    603.3995   1678.9932
     1182.8011   1714.1902    477.7227
      679.0521    162.8418   1969.1384
      640.4868   1030.2255   1305.0959
      629.7155    277.4207    924.3575
      777.2591   1372.4923    720.5082
     2255.1924    382.8445    194.8053
      356.2851    154.5012    698.1005
     1946.1486   1329.4395    667.2153
      704.7548    301.1020   1539.5215
     2053.4602    815.3367   2192.6333
     1080.3516    508.3702    338.6143
     2211.1558      5.4163   2100.3120
      260.0317   1930.9548   2029.4893
     1318.5255   2113.6687   1361.2894
      162.8689    859.2820    285.9116
      668.6407    845.0629   1601.2444
     1010.8714    722.8337    257.0107
      402.8231    619.1784   1153.4437
     1212.4330   1956.8293      3.3388
     1081.6925   2242.4353    206.5541
     1764.5845    554.2545    353.8076
      343.1799   1457.2845    508.7025
      720.7359    962.9408    705.4301
      182.6105    967.9309   1831.3259
     1003.6726   1996.1188   2226.5649
     1265.0096   1124.9718    865.0175
     1681.9438    485.4924   2108.2205
     1377.7075   1627.5723   1592.8060
     1764.4818    943.3203     27.3194
     1734.1338   1041.7551   1186.2686
       99.2244   2043.4561    406.3386
      212.2088    347.3570    177.3669
      555.3403     61.5029    487.8259
     1276.4895    988.5742    615.3197
      261.8020   2045.7242   1271.3192
     1458.3181   1609.5171   1026.2312
     1520.2397    766.1830    523.8943
      764.3951    292.8424   1084.9327
      619.1788   2258.8601    869.9939
     2125.7478   1857.3082   1213.8116
      693.8437   1540.8098   1587.0554
     1553.6635    572.0693    389.3150
      688.5050   1933.4337    341.4084
     1749.5150    589.3295   1938.6757
      189.0582   1906.0297   1437.9222
      794.0496    934.8207   1299.0708
      992.6475    339.3777   1361.8744
      155.5310   2107.2231    844.3074
     2123.6721   1773.4883   1719.8204
     1017.2987   2042.4478    153.0680
     2132.7195   1357.7382    991.8724
     1511.0344   2082.8069   1231.7040
     1001.0028   1487.3572   1631.7562
      478.3274    803.2632   1251.4513
      404.8582    572.0791    943.4872
     1511.6115   1902.4573    679.6860
      415.1859   2184.1497   1813.4711
      816.5580   2168.4937   1758.5823
     1496.6255    264.0500   1895.6512
     1694.1174    381.6339   1562.1577
     1075.2859   2178.0923    572.3322
      558.8023   1406.6339    756.6225
       82.2152   1049.1292   1157.5076
     1192.8557   1479.7805   2173.5750
     1256.9966   2213.3457   1578.0244
     1920.8716   1715.1873   1767.2500
     1517.2678   2069.0320   1583.5089
     1120.8202   1192.0024    115.7205
     1283.6396    640.7944     60.1637
     1089.8053    993.0997    503.0541
      475.4658    463.4683   1266.4590
     1590.7866    279.9423    218.1985
      861.3511   1734.4471   1394.8621
     1528.3591   1393.1630   1318.5573
     1499.9841    591.6902    911.7678
      231.5874   1054.6154   1418.9603
      518.0907   1636.7721    839.4332
      753.3687   1411.2550   1880.4554
      151.9013   2006.6985     92.1421
     1696.3086   1723.4619   1758.9072
     1611.2811   1766.5917   1931.4331
     2261.8540   1527.5121    263.4636
      298.1591   1873.9725   2206.2947
     1757.9597   1368.1409    793.3572
      378.3242   1305.6404   1192.1212
      597.5911    121.4112   1052.7581
     1014.7630   1180.5752    644.1582
       14.4585   1895.2051   1734.4557
     1380.3846   1001.9423     81.1002
     1188.4386    838.8417   1245.0757
      636.4252    266.1002    508.9554
       50.1548   1924.1990   1947.2207
     1480.1241    827.6116   1783.4490
      871.4111   2046.5245    339.9796
     2128.6638   1190.0547   1751.1232
     1812.3246    968.0102    632.8010
      903.9856     78.2795   1678.3472
     1332.7841    673.1700   1262.3889
     2200.2144   1618.9360   1579.4619
     2262.7332    355.2589    577.8268
     1318.3613   1279.6985   1863.6302
     2128.6577   1555.8943   1937.4053
     1671.7500    140.6012    332.2361
     2164.0593   1407.6210   1675.5446
      933.4811   2251.3013   1482.3827
      560.5826   1655.7466    139.5439
     2020.2408    610.4299   1043.8840
     2232.4949    324.0641    973.5140
     1898.0869   2110.0605    159.4341
       31.9218    503.2376   1297.3704
      449.6249    401.9371   2069.8867
     1809.3612   1078.1178   2117.7651
      879.9984   1951.3486   1069.6359
     1946.8793    479.0713   1730.4323
      182.1210   1508.2651    150.4020
     2161.9062   1592.9938    431.8337
      584.6851    597.0275     31.8588
      193.3561    615.7995   1886.6215
     1393.7511   2096.2832    631.0967
     2008.3225    404.6047   2194.8091
     1687.7278    887.7337   2098.7026
     1912.2733   1503.3213   2137.1792
      874.0809    888.7108    915.7950
     1161.9502   1520.1284    409.6229
     1564.6774   2198.3748    338.0609
      473.7088   1473.7614    941.6019
     1832.7203   1475.8209    321.3232
     1020.9144    652.5043   1985.2771
     1894.8666   1943.0969    279.6174
      301.7060   1681.2570    814.4973
     2158.8972    402.5251   1612.6405
     1891.1940    553.9928    891.0257
     1835.5732   1289.0422   1751.0465
      834.6270   1242.2802   1957.7662
      208.4986   2246.8513   1770.6445
     1399.9712   1841.5995   1577.1185
     2114.9482    637.0397   1240.7482
      972.9023    285.9838   2262.8411
      243.8963   1728.8191   1581.5281
     1994.9474   1399.5081   1806.3151
      522.1636   1985.4340    230.5130
       90.8544    901.6065   1299.3643
     2019.3535    510.2560    324.7318
     2254.2515   1542.4718     33.5974
     1575.9836   1010.1702   2257.6755
     1621.1724   1125.4785    970.8845
     1320.8749    504.0239   2145.0664
     1394.0552   2141.0603    995.6945
      398.0428   1305.4211    377.9435
     1615.2064    353.1160    569.4054
     1793.2622   1200.3995    894.1875
     1702.3815    555.3640    552.2319
      145.4963   1894.4868    281.7666
     1944.2815   2096.3967   2144.0095
      926.3820   1284.4714   1074.4658
      827.9483    872.8203   2199.9077
     2119.2781   2258.4265    856.5555
       99.7760   1604.2762   1043.2196
     1677.3962    370.8981    367.5127
      728.6232    477.2038   1015.6656
       12.8534   1622.0474   2110.1523
     2231.8071   1286.3138     19.6057
     1424.2092     44.8709     12.7056
     1913.3147   1359.1123   1220.9890
     2255.1187   2253.4675   1649.4811
     1541.4081   1553.0198    603.3622
      163.0512   2253.8806   2140.3218
     1286.0815   1896.6074   1394.1744
      415.1267   1267.5608   1911.4095
     1270.7043   1760.9000      8.3447
      974.5619   2040.4865   1736.1429
     1538.2166   1391.5630    714.0223
     1849.4801    413.2041   1408.5850
     1787.6698    464.2493    755.5562
      872.3682    631.1946    439.9808
     1652.5463   1936.0928    837.1377
      126.6134     12.1013     98.8536
     1861.4338    508.2423      1.5628
     1685.0258    155.4201    963.6679
       67.9842   1503.0868   1943.1045
     1171.1088   2026.1123   2088.1094
     2149.0432   1708.0304    867.6300
      632.5229   1246.9165    846.3356
     1970.6544    753.4012   1157.4697
      297.4711   2065.2493   1461.2228
      380.3130   1839.4513    282.9089
     1829.0454   2094.4336    561.5828
     1780.0454   2162.6379   1894.8539
     1734.4399   1748.6178   1183.9174
     1867.1517   1468.7825    532.9080
      374.1199   1691.3650   1176.0919
      415.2511    587.6337   2191.3857
      432.0281   1613.9781    382.2491
     1142.9777   2000.7812   1306.1260
     1916.9875    149.4946   1454.8043
     1452.7269    715.3834   1625.5721
      800.1689    522.9365   2004.9020
     1580.6204    184.9730      7.9686
      273.1735    846.7220     70.0196
      523.5833    268.7756   1174.0770
     1430.6832   2028.5155    821.7058
      511.6836    978.4199   1152.8826
      568.0281   1157.7372   1450.1700
     1943.9890   2243.4819    745.3483
     1923.3733   1733.1050   2257.6233
      441.3568    960.1412   1382.4318
      703.7857    719.9583   2086.2268
      798.8894   1888.7517   1493.3500
      420.2280    221.3649      1.3159
      438.5953    273.4020    994.5576
     1823.7140    572.0529   1098.0736
     1789.7277   1652.7477   2117.9399
     1274.1285   1192.0068   1430.5490
     1417.5802   1370.7531    103.1339
      789.1481    495.7162   1778.2981
      661.2745    353.8477    712.5688
     2039.0144    398.4052    930.0640
      202.6835     93.0727   1140.4008
      830.9810   1902.0497   1271.3165
     2079.6013   2145.4922   1568.1674
      151.1605   1386.9141   1221.0737
     1681.6208    583.3625     32.3645
       93.6722   1399.3657   1027.5836
     2153.9824    838.5927    522.9515
     1554.5167    859.2462   1511.9221
      178.0835    322.1820   1326.1980
      938.3832    488.3996    966.3314
     1320.2843    139.1170   1937.1490
     1389.3661    674.8231   1450.3145
      658.4375   1015.3422    543.5808
     1818.3369    726.1393    957.7445
      801.4094   1775.8597    801.2122
     1791.9957    365.3676   1210.3789
     1686.0338    312.2578    829.4599
     1989.1118   2102.5569   1912.3176
      440.5360   2101.0674   2180.1548
      678.8038    492.7635   1623.2484
       53.0888   1072.1670    973.3011
     1262.6852   1010.6664   1977.8413
     2211.8203   1392.6724    423.9458
       70.9081   1346.4736    227.0969
     1117.5719   1339.4025    320.4283
      924.9717   2068.5090    683.2520
     1762.6121     28.4606   1738.0873
     1517.4906    520.3896   1554.3684
      155.8579   1340.4753    459.0894
     1705.1552   1547.3167   1510.9388
      261.8896   1224.1476   1780.3451
     1393.0096   2235.0378   1193.5183
     1397.0326   2242.9421    468.5145
     1984.3032   1836.7219    618.4847
     1975.3827   1628.0575    455.5305
      252.8151    345.7942   1703.2876
     1782.3033   1858.8091   2148.0483
     2075.2827    180.5005    802.4373
     2025.2444   1385.7118   2004.2062
      909.1735    987.7932    339.9195
      364.7244    121.7722   1723.7601
      276.6586    382.0537    620.6741
      858.1958   1510.4271    260.1841
     2065.3813   2173.5725    300.8749
      888.3563   1354.0558   1473.2870
     1095.9762   2015.7625   1531.6788
      988.1349   1663.2269   1277.8486
      198.6604    680.7094    402.8694
     1099.0735    849.2274   1475.5543
     1661.0436   2129.9683    130.8851
      391.0808    879.5755    247.0163
      723.7600      4.5614   2102.9856
     2168.3770    163.0797    643.3990
      941.4263   1647.8820   2173.7061
     1713.1241   2061.2192   1158.3877
     1862.8556   1916.5361   1120.0685
     1443.9082    967.6020    476.8194
      432.4884    611.8588   1958.0472
       37.6547    891.6605    893.7469
      358.2469   1621.9362    168.9178
     1236.0688   1706.5325    684.7203
      604.8055   2073.9673   1799.7550
      567.2073   1715.1885   1868.1156
     1078.9587   1109.8522    291.8157
     1226.3309   1180.5979    670.8704
     1753.3514    712.0811   1734.9082
     1552.0742   1056.6799   1325.0680
      852.4042   1682.8209   1627.9191
     1120.9977   1705.3893   1097.3561
       28.2165   1629.3342    575.0097
     1135.3845   2070.5137    320.7429
      295.0017    747.6519    601.2538
      897.0976   1549.7958    644.0345
     1851.7292   2088.2832    992.9800
     1293.7876   1583.6814    117.6584
       94.9298   1746.8900    874.4221
      502.0916   1316.3505     43.7743
       82.0615    169.6776   2069.6765
      676.7538   1332.4531   2224.1792
      257.1242    491.0654   1236.6592
      818.4642   1221.5641   1743.0148
      322.8816   2060.6738    727.2556
      619.6958    165.7031    308.8799
     1799.3909   2244.7019   2065.4375
     1858.0067   1903.0381    895.5502
     2234.3958      1.4937   1439.0704
     2027.9270   1875.1638    793.8420
      533.1059    581.6631    434.3259
      491.1418    121.1254   1355.0925
     2179.4744    817.9588    146.5872
     1550.9951   1354.0405   2209.8445
      121.9032    864.5698   1505.5842
     1110.9736   1022.9385    728.2468
      292.5862   2165.8125   1090.6390
     2051.6047   1551.3330   1499.8162
     2125.0947   2065.2590   1748.5134
     1603.0299    893.5608   1180.1646
       63.1907    951.6198    112.5650
     2042.8071    307.6856   1468.6136
     1516.4799    245.1108    713.1057
      193.3359   1018.4814   2235.4355
      600.5884   2203.7463   1241.6805
     1704.9425   1062.1440    182.9503
      324.8886    750.2271   2071.9255
      111.8712    526.4200     48.7118
      109.3897   2100.1328    624.1096
      719.7841    662.5201    546.8561
     1400.8024   2036.7842   2034.9066
      307.4454   2153.9744   2026.5757
     1240.4020    643.4578   1980.0852
       25.4186    665.4811    555.6454
     1379.1085   1279.5437    801.9229
     1270.2576   1183.4725   1125.0532
     1391.7135   1232.2065   1269.7787
     1855.2102    192.7674   1070.4980
     1224.4656   1119.9564   1795.3872
      454.0376   1082.5658    520.0806
     1413.3929    662.3188    243.2617
     1848.9205   2247.1907     17.2248
      862.6458    280.2682   1716.2523
        5.9086    520.4859   1969.1047
       76.5283   2082.2603   1361.8282
      661.2746   1739.9059   1653.0571
     2051.3347   1210.0688    116.7282
      879.4190   1059.1929   2079.1775
      367.1621    636.5922   1356.0892
      756.2862   1729.8390    285.4167
      379.4169   1973.1847   1776.3215
      723.5171   1024.3364   1496.7974
     1549.0316   1655.4143   1249.2505
     1573.6843   1250.2206   1183.1921
      386.4580    263.5360   1903.2294
      571.9187    825.7224    786.0253
     2219.5671    744.9482   2041.5305
     1679.8918    648.3826    774.5952
      999.8838   1026.6915   1502.5295
      307.7457   1245.9233      0.1209
      912.7075   1868.8628    661.2193
     1355.1909     79.4864   1021.0372
     1820.1095   1683.0734    587.9777
      393.6306    676.4011   1780.7450
     1791.7670   1705.7898    391.5584
      625.0884   1559.7755   1994.9983
     1911.3793    306.5863   1619.6135
     2182.9670    590.4089   1460.5746
     1289.0355   2195.7170    806.9395
      781.8234   1769.9041   1846.3794
      482.9539   1974.6415    428.2762
      103.4751    840.2405    490.2139
      550.8534   1530.2535   2229.3987
     1543.7845    929.7739    995.2485
     1712.6837   1397.4965   1200.3331
     1140.1814   1583.5496   1863.8914
      469.5070   2069.2612   1607.1838
     1425.2552   1214.4637    992.3484
     2009.4302    960.9881   1371.6938
      446.9886    249.4789    510.2743
     1830.3823   1047.2075   1378.4509
     1123.8688   1867.3531    590.3661
     1180.0354    993.9207   1125.4673
     1393.8706   1538.0920   1232.2753
      693.5525    136.0881   1448.8860
      918.7703    195.9018    742.7028
     2008.0721   2255.1108   2051.4111
     1955.0914   1383.5742    866.3030
     2124.5322   1264.0519    292.1371
     1255.3363   1998.8048   1905.2018
      363.6364    529.9096    308.4501
     1625.6858   1389.0059   1861.3931
      821.8047    242.3100   2094.8481
      408.2616    176.7635    330.3801
     1019.4444   1997.2733    494.3114
     1915.8983   1942.8813     38.4329
      462.4545   2210.0752    651.2471
     1405.4573   1938.8358     98.6507
      446.6662    305.5764   1711.3988
     1057.4503    292.9164   2076.2603
      195.1283   1921.4381   1658.1051
      887.3607   1359.4478    532.3627
     1849.2462   1850.3218   1518.2257
      859.6187   1478.5775     56.4829
      937.4345   1853.0830   1830.1101
      112.3634   1928.6913    731.4329
      342.7069   1527.5931   1534.0831
      217.0096   1530.3831    658.8173
     1495.2284    561.8810    585.6949
      884.4621    195.2265   1516.2092
     1474.4489   1692.3121     18.9517
     1188.5398   1541.0612   1655.1171
      285.2250   1584.8219   1729.1002
      883.3227    521.1654   1361.5243
     2256.3171   2134.6514   2257.1965
      877.8210   1070.9385   1010.2015
     1791.3519   1174.1830   1924.5679
      155.3190   1407.4365   2258.9521
      510.5914   1527.7531    602.8956
     1609.7930    146.1804    530.9249
      581.5405   2221.2620    312.8393
     1125.6196    123.7127   1973.8888
     1272.2975    559.4067   1570.9813
     1665.2137   1025.4875    789.8442
      417.3676   1802.6681    979.9420
     1405.6251    347.3202   1218.6460
     1632.8163    109.3896    781.2770
      340.7343   2039.2692    953.0436
     1136.0371    822.0293   2029.0393
     1957.5387    136.7905    632.3340
     2159.1028   1944.0027   1553.9741
     1713.1382   1936.6929   1877.6561
      548.7639   1722.3496   2063.7168
     1609.4873   1894.3324   1260.7588
      757.7842   1659.4346    941.3604
     1310.9080   1497.1985   1982.1154
     1781.3751   1094.7180    385.9195
     1938.2803   1258.7523   1040.8301
      142.1700   1030.2479    402.2558
     1369.5525   1319.2843    607.0787
      871.0917   1690.1968   1112.1172
      804.1891   1153.9357   1196.2931
      898.3425    679.0434   2143.2122
      633.9322    852.6059   1395.4509
     1104.7090    630.8712   2188.3140
     2169.9785    790.9383   1579.2902
     1341.3673    824.0770   1952.8016
     2138.9436    153.4219    274.8342
       55.4358    318.2250   2255.2639
     1242.0607   2051.8008    487.1421
     1893.3472   1195.6827    525.9669
      777.3015    350.0520   2262.4780
      201.6671   1219.3212   1039.6726
     1282.7275   1017.5345    337.6981
      636.6171   1896.0107   1976.8782
      508.9531   2158.5691    109.8220
      527.2595    757.4503   2108.7993
     1372.7410   2198.4631   1886.2272
       43.3251   1587.0956    770.4261
     1085.3948    118.8671   1508.7563
      491.0645    682.4431    611.6709
      888.6639   1035.8599    571.0338
       58.5961   2083.0107   1776.5787
     2143.7842   1687.0924    226.4519
     1035.9934   1192.0929   1856.1489
     1895.7552   1446.6765   1585.1139
      203.6819     99.5177    342.2012
     1875.1581   1480.2301   1391.6000
     2035.4830     90.4794   2220.0044
      269.5693   1168.4966    495.2688
      826.2900   2111.9062   1195.2340
     1164.2825    669.3578   1148.0619
      119.1573    713.7173    147.5918
     2217.2524   2259.9973   1235.3120
     1045.0803   1409.6301    931.0564
     2253.8613    550.1460    381.6046
      462.2232   1200.7281    197.1814
      821.7988    791.9839    297.8344
      629.5530    205.3386   2218.5952
       76.3537   1960.7386   1185.5641
      169.4951    524.6810    256.1290
      845.0187    113.5443   1871.9535
     1349.3258    321.4836   1022.5478
      588.4950    563.6631   2087.6655
     1245.1913    863.8877    468.4633
     2172.9004   2078.1462   1173.1309
     1415.9806     61.0611   1547.7302
     1109.6434    755.4030   1831.9883
     1491.5531    375.2879    903.6901
     1782.0811      7.7409    231.6908
      776.8444   1930.6150   1718.2407
     1252.6357   2121.0837    153.3276
     1750.8174   1263.9858    194.5483
      132.0988    802.9265   2180.6648
     2008.2323   2003.4999    451.5260
     1806.2384   1379.5497   1931.4572
     1898.1356   1018.7513    233.2608
     1507.6090   2034.0171   1852.6315
     1516.4221    337.7005   1446.4338
      874.1259   1826.8395    429.0291
     2017.3734   1800.1449    987.7921
      556.0947   1771.3696    314.5004
      216.8894   1762.7335   1033.1166
      733.1625   1237.9561   1023.2075
     1190.8132   2048.2302    709.9739
      560.1287     23.6792   2216.1353
     1256.0634    575.1014    580.1666
      742.7020   1932.0667   2141.7466
     2134.8289   1410.0189    137.0492
      700.6408   1078.7854   1910.0597
      944.1232   1313.8990   1267.3633
     1942.5964   1156.7421   1220.5931
      874.1099   1292.1490    887.6699
     1505.5973    207.5320   1100.8295
     1287.9083    502.6838   1168.2052
       15.2485    107.2193   1811.3013
      625.4277   1830.8624    891.3379
     1096.8875   1169.2848   1232.5267
     1644.9786   1084.8107   1496.5615
     2177.0701    473.3623   1101.7753
     1574.3496    464.9133    738.9417
     1774.0472   2078.6409   1573.8539
      542.4510   2085.8442    827.3022
      441.0027   1293.1256    573.8837
      589.0105   1391.3870   1712.0371
     1110.1750   1340.7124    549.0522
     1487.6345    701.9111    730.1135
      249.9252   1877.3619    863.9000
      990.9084     57.9323    915.1001
     2116.3176    422.2701   1822.4056
     1513.0990    959.4275   1944.7698
     1755.3894    236.8540   1400.9827
      243.7974      1.4118    651.0980
     1081.1124    817.6664    845.0027
      139.7828   1990.1281   1004.5325
     1046.6283   1666.4841   1501.2552
     1178.3181   1326.3334   1313.0494
     2037.5588    205.9301   1002.3074
     1000.3941    447.0483   1727.1974
     2013.7383    880.2963    362.7689
      518.1489    926.5906    408.5240
      174.1259    406.4252   1892.8000
     2006.9937   1481.0370   1063.2410
     1611.1490   1945.0339   2051.8269
     1494.8375   1585.4938   1901.4973
     1704.1222   1584.3962   1941.0010
      157.8029   1743.2992    659.7545
     1478.9866     20.3288    677.6778
     1128.2754   1269.2749   2177.8628
     1400.8058   1431.3517    929.6711
     1410.2224    166.3051    563.2037
      485.6119   1199.8230   1719.1523
     1947.3064   1761.6875   1213.2825
      897.4805    143.5338   1318.6340
      936.6356    664.0710    841.0411
      364.3333   1059.2135     85.8408
      522.3370   1992.3250    629.7227
       67.2458   2111.1963   2021.4886
     1790.2596   1161.2119    687.1751
      802.9838   1076.0446   2262.9480
     1409.3119   1049.0840   1465.2418
      346.1406   2034.1564    110.1166
      705.6749    119.1983   1705.3230
      304.9111    336.8729    832.7886
      866.8503   1822.2761   2254.5986
     1097.5532   1517.4343    221.5129
     1165.6000   1713.4906    230.2094
     1300.0675   1698.9015   1908.4990
     1824.9099    751.0861   2246.9443
     1782.2373    161.5712   1960.4370
     1180.2914   2104.3445   1758.9467
     1196.3373    108.3419    910.7918
     1723.8983   1960.0663    142.0675
     1314.2437    715.5276   2135.1838
     2062.8718    683.1552    244.0882
     2225.4038    947.8899    334.8873
     1312.5472   1384.2239   1588.9301
     1615.7198   1071.4098   2067.6501
      958.5506   1396.1685   1835.3171
       23.8781   1110.3239   1360.2119
     1314.7305   1453.3866    261.5205
      495.8335   2025.6990   1397.5883
      385.3696   1151.2545   1320.3260
     2068.6096   2261.6616   1741.1086
     1622.6575    745.6396   1914.9370
      515.5549    654.9946    225.6689
      211.6800   1033.8365    203.3155
     2104.5115   1667.9175   1103.5697
     1576.1333   1171.5673   1848.2994
     1126.0594   1619.8849     41.6379
       26.7694    512.0557   1758.4789
     1124.5601   2167.6802      0.7248
     1287.2906   1880.7544    788.9993
      745.6168     92.7547    577.7960
      823.1293    118.0063   2260.1877
     1817.2727    243.5789    231.0825
     1815.7917    536.7024   1580.8842
     1176.3505    311.5214   1876.4879
      480.3405    137.7118    867.3575
     1632.8759   2254.3784   2214.0657
      918.8862   1591.6658   1798.4419
     1307.2240   1690.3330   1150.5796
     1689.4460    524.3491    963.5190
     1700.5758   1721.9513     39.8248
     1686.5073   1900.3320   1037.8481
      419.5479    324.7908    174.9811
     2071.1672    795.9770   1762.8290
     1126.4779    780.1987     94.3546
     1068.2247   1883.3383    356.0523
     1014.6891    852.4787   2212.1497
      429.2007   1243.7588    782.9242
      305.3082    794.0479   1144.3799
     1442.1481   2232.4268   2096.8428
     2036.2162   1570.8627     54.6082
      444.0928   1803.8129    484.3034
      899.6108    433.1042    429.7262
      106.5095   1714.0138   1725.6292
      304.4260    698.2836    221.8740
     1501.2438   1075.7145   1128.9028
     2111.9363    232.8154   1726.3131
     1166.5280    543.6644   1803.6101
     2208.3955    745.0806    774.4199
     1102.5898    127.7617    496.2191
     1896.1820   1070.6561   1015.4998
     1548.3066   1193.8175    129.9065
      938.5399   2164.3088   1019.1993
       66.5795    166.7384   1264.1776
     1347.5160     25.5890    252.1865
      880.4047    397.9990   1536.8021
      283.9232    259.6685   2069.8455
      136.0914   1187.1053     74.6007
     1656.7893    481.9146    196.2821
      358.3055   2226.7212    856.9510
      541.4156   1436.6044    423.3101
     1169.3014   1012.0162    129.3814
     1482.8119   1820.0359    875.4252
      496.3911    939.9722   2019.2094
     1028.7378   1483.3716   1378.0723
     1576.8918      1.0080   1074.1233
      171.9205    256.1219    982.6611
     1167.0227    397.0981    693.9935
     1209.6796    716.1852    298.9296
        4.9889   1819.5685   1063.8573
     1156.0864   1552.6078    806.4595
      697.0143   2051.7727   1386.8571
      794.7744   1727.5934    604.7761
      824.2457    237.3450    418.0934
      923.7365   2224.8406      9.0746
     1457.2468   2140.2258    132.7182
     1680.0104    143.7156   1187.2449
      548.5150    372.7857    357.3044
     1615.6400    718.9665   1008.0228
      503.1084    193.4774   2064.5100
     1073.1385    968.2133   1871.4861
     1622.9520   1544.8220   2257.5681
      499.7271   1451.8812   1877.7664
     1810.1185    190.5367    466.2907
      161.1324    764.2954    741.8846
       15.1172    305.5937   1927.0214
     2242.5962   1894.3939    162.9888
     1576.5834   2238.9666   1849.6542
     2200.5325   1357.1005   1866.3247
     2150.0823    766.3096    996.9236
     2057.6528   1974.5012   1042.3221
      197.1193   2151.1116    242.0744
     1930.6301     53.5384   1876.4814
     1107.3793   1532.2032    618.2733
     1841.9421   1751.7935   1959.0603
     1768.0538    195.3387    660.8215
     2110.6270    961.7251    861.6815
     1910.3146   1563.7745   1941.7307
      431.7735     64.5646   1165.4706
      320.8977   1911.7213   1125.6656
     1766.0560    300.0006   1750.9568
     2088.4094   1466.5562    576.8373
     2054.9707   1745.7163   1914.4526
      521.3333   1124.0553   2212.7065
      378.5828   1390.0900   1729.4323
     1036.0756   2189.1812   2076.7290
     2022.0765   2222.3857   1369.0789
      339.0910    206.2415   1533.2687
     1504.6027    580.1771   2134.6301
     1028.5468   2248.9888   1853.5896
     1871.7837    710.8829    368.4734
     1443.2356     85.3474   1757.0276
      929.6691    862.1577   2011.8955
     1034.9441    835.8377   1064.3588
     2142.7100   1260.2500   2111.5444
     2170.7598    943.2996   1061.8800
     1501.6194   1239.4105   1460.7085
     1985.1738   1086.0691   1531.4999
      744.9181   1551.3422   2174.6040
     1899.1934   2116.1274   1728.5000
      880.9323    574.0921   1586.8491
      805.3904   1174.5095    702.1960
     1719.6738   1448.3613   2098.9478
     1373.7971   1758.8419    191.3116
      999.2182   1603.8507    957.4297
     1435.1195   1859.4893   1937.3715
      425.8898   1857.0917   1938.4573
     1726.1226    703.4509   1226.0446
      545.8841    393.6107   2248.4673
      464.4557    772.6860   1473.7731
     1200.1714   1917.3822    205.6042
     1978.9749    865.9313   1561.3724
      922.8003   1096.9141   1331.3156
     1434.2921    793.7524    903.9616
      356.6907    513.1791    111.1723
     1588.2224   1735.2836   2118.1372
      643.4390   1856.9225    501.2386
     2110.0596   1012.4948    166.3403
      981.7262    677.3669   1240.4834
      720.7065   1833.2136   1079.1415
     1189.1448    324.9554   1238.2611
     1827.5852    794.8337   1941.4514
     1926.7987   1384.8448    158.9423
     1467.3350    576.0988     71.2986
     2186.2119   1034.6338    548.6038
      461.4069   1716.8490   1523.3363
     2211.0359   1822.1207    709.3879
     2039.7192   1496.3469    300.8853
     2142.0706    842.9038   1235.2100
      561.1436   1103.8081    982.2048
      733.1324    675.3257   1503.4417
     1126.1128   2194.8281   1427.2308
     2213.2529    894.4476   2215.8630
     1103.3170    504.6094   1297.3513
     1615.1730   1432.2784    327.0185
      422.8803    943.2142    996.6667
     1370.5215   1525.8280    762.1351
      542.5032    662.8209   1631.5114
      281.2307   1652.6783    519.8865
     1995.1588   1349.4498    426.4516
     1719.7167   1342.7605    596.1832
      339.6036    560.2104    505.6821
     1857.8717    160.9929    849.6667
      952.4656    497.1736     51.1592
      875.3903   2069.8223   1554.8875
     2084.9629    451.4515   1308.3613
     1956.8652    221.1107   2060.9639
      573.2457   1694.5693   1048.6582
     2029.3278    221.3185    449.5962
      116.6454   1547.7954    418.4621
     1397.5841   1500.9034   2208.1890
     2092.0803    998.7565   1860.0032
      239.2853    778.1005    944.2011
     2030.9259    350.3872    591.2479
     1486.1282   1985.2494   1043.5802
       14.2066   1249.3180    917.0980
        8.6992   2073.7632    233.2794
      192.4212   1648.0878   1908.4084
     1907.0840   1624.1224    223.4463
     1152.1304   1382.8243   1970.1836
      416.3968   1515.2550   2072.1719
      201.0409   2189.9067    449.6834
      489.9841    102.3159    149.8897
      230.8530    554.9893    856.0911
     1888.5886    632.1180   2073.5464
     1999.8976    513.2502   1489.9406
      653.5926    985.2592   2131.7786
       98.0752    377.7197   1140.4709
     1599.3212   2101.4214    726.4232
      462.0007    833.8953   1693.9747
        6.0338    151.6024   1074.0464
      779.7151   2236.9709   1340.3661
     1030.5341    511.5917    555.0049
     1004.3711    145.8689    142.9478
     1391.8013    218.5952    163.2897
     2145.5388   1071.1361   1217.1312
     1714.5100   1212.5417   1332.0388
     1830.5295    358.0031    971.4243
     1809.7019    992.4302   1586.4232
       12.4990   1186.5630    418.7982
     2018.6646   1808.2234    149.9998
      839.1165    525.3542    646.2878
     1100.3328    886.5972    291.7658
       35.9619   1054.8135   1568.1472
     1738.6088   2086.7227   2215.6707
     1117.9332    641.4141    948.1506
      724.5624    697.8254    154.9939
     1210.4553   1554.5005   1444.1376
     1768.9957   1324.3909    408.8015
     1708.3459   1739.3718   1405.3319
     1748.6389   1222.9873   1108.0222
     2211.1504   1906.3839    899.5714
     1386.5802    907.2029   1624.6151
     1006.2235   1713.1204    761.7216
     1631.0905   2235.2180   1259.0398
      568.6863   1186.8715   1204.7594
      963.1649    899.0674    138.4910
     1880.5374   2149.4951    348.9032
     1582.7758   1703.9210   1588.7134
     1630.6610    839.8882    807.1051
      693.1298   2090.4453    204.8076
      473.3806   1461.5215    199.5101
      948.2479    268.8093    970.0922
     1814.8270   2068.5952    786.7325
      509.6059    373.2406   1525.8679
        3.6212   1136.2854    211.4529
     1779.8802    848.4924    208.4335
      716.0962    902.1562   1777.1848
      537.3043    163.3939   1579.2496
     1924.4644    317.7139    772.0909
       87.7825   1802.2880   2250.7063
      754.2463   1202.6763   1376.1082
     1769.1653   1565.8096    861.0895
      703.0566   1569.0793   1781.0571
     1567.9313   1905.1686   1708.8353
     1507.4982    680.2795   1190.5981
      708.0299    562.4839    331.6169
      656.2531   1550.8260    308.5153
      737.0594   1377.3783    388.2237
      381.4403   2260.9644   1538.4266
      684.2046   1253.2925   1583.7142
      260.3246   1333.7426   2089.4998
     1350.3135   1421.8826   1388.2109
     1573.0211    615.9344   1758.2449
     1154.9901   1022.6441   1351.0862
     1009.6735   1352.7036    132.9707
     2150.1187   1779.9009    498.8766
      623.1378    824.7731    589.7677
     1749.4850   2251.5193    668.3651
      672.9929    378.9089   2087.9536
     1412.6549    808.4734     37.0043
     1200.4712   1217.7592   1614.0533
      107.7642   2258.2275    981.0571
     1008.6332   1511.2178   1141.8285
     1491.0300    489.9315   1094.6451
      823.8826   1575.2463   1962.0184
      699.7294   1547.8214   1104.3688
     1256.5903    185.9440   1601.8557
      793.2562    116.8768    958.1890
      766.3986   1127.1622    271.4449
       59.1108   1385.6096    795.9740
     1100.8516    150.0372   1305.6481
     1517.6436   1429.2531   1567.3918
     2207.5181    577.3004    173.2951
     1755.1710      4.1145    452.4536
     1912.2593   1001.0400   1947.0468
      986.0559    268.3958   1165.4126
     1304.4292    305.9987    823.0979
     1602.5491   1346.2128    927.0539
      586.4045   1360.4349   1092.6124
      325.2811   1112.5242    898.6041
      588.5494   1192.0701    412.8400
      535.9561    127.5326   1827.8419
      512.3204   1849.3241   1174.6432
      572.1619    649.8173    858.3450
     1642.9198   1401.3748    130.6737
      939.1705   1791.4279    950.4615
      315.6144   2020.0573    329.2272
       75.3577   1882.1906    530.8033
     1491.8424    786.5369   2097.6765
      390.1809   1621.3066   1879.0232
      966.0262    121.9690    326.3609
     1453.3119    382.7433   2053.1829
      627.3438   1521.8234   1299.6514
     2260.5042   1320.9851   1334.7168
     1617.6331   1756.8217    536.8598
      744.6258    896.8942   1973.5920
      662.9882   2013.8193   1178.5502
     1914.7898    246.2143     39.2400
     1131.2357    438.3348   2228.3408
       71.0882   1960.3119   2151.6248
      150.7305    649.9726   1430.8723
     1306.5881    417.6037     89.9417
     1376.5962    358.4099   1582.1335
      561.8579   1053.6110    248.5576
      929.6313     84.4930    544.0100
      376.0342   1493.3182   1313.8563
     1812.5793   1547.2609     57.9281
     1687.3873   1535.9689    479.2865
     1157.7213   1370.9312   1764.0522
      151.9283    693.5905   1248.9042
     1537.8395   1320.8092    505.4212
     2246.0701    677.0435   2257.2695
     1023.0540    288.7891    585.8240
     1071.1498   1906.0330    781.0036
     2059.1099   1071.2810    369.8712
     1589.0250   1209.7571    758.4300
     1055.9442   1714.3668   1700.9254
       84.4594   1706.9592    166.4915
     1159.2002   1730.7383   1329.7002
     1534.1487   1997.3467    250.3447
      214.8242   1560.9039   2091.2310
       13.0247   1703.0049   1239.7694
     1216.3544    392.5519    482.0770
      861.2446   2186.3259   1949.9900
      860.2272   1000.2863   1666.2375
     1237.9792   2025.0787    934.1213
      140.3867   1227.0179   1483.9590
     1175.1234    315.8393   1453.7090
     1846.8817   2143.7886   1275.2277
      731.6226   1705.1149   1244.8735
     1576.9103   1771.7816    173.8576
      199.8857    578.2357    660.8717
     1843.2528    376.5523   2093.3120
     1906.2485   1672.4935   1391.9341
     1815.0542   2010.3881   2024.2932
     2040.0348    812.8793   1983.5540
      997.6208   1280.5376   1661.0247
     1741.3083    952.2650    951.0208
     1640.9836    162.3000   1790.8923
      911.1320   1909.2988   2035.1333
     2082.4407    688.4337    434.8065
     1888.8597    999.8878    830.4466
      610.3852    652.0679   1301.7534
     1284.9224    189.4652    417.6090
     1236.1466   1313.1080    949.9700
     2139.3689     58.0560    459.6770
       68.7822    503.6464   1538.8105
      660.9551   2239.7883   1878.8987
     2251.8589   1533.2123   1375.6525
     1743.3137    126.9886     94.8026
      125.9922    152.4697   1451.2004
      103.8317   1695.5630   1412.4275
     1978.4716     68.0135    170.0299
     1196.4681    385.6458   1674.9802
     2015.1078    660.1959     37.6532
      771.8231   1729.8887   2054.9050
     1145.5074   1916.9978   1709.8531
      666.0342   1464.1842    126.5581
       12.5180    906.7359    673.5779
     1994.9600   1792.1044    356.5463
     1199.3917   1155.8680    455.5114
      220.9980   1650.1053   2255.9521
     1012.1583   1451.0568   2218.1226
     1733.8892    496.2243   1745.2244
     1267.1884    282.9297   2068.9690
     2075.8030   1164.8777   1374.8273
      869.2428   1171.8673   1538.0808
      305.5686    424.8247   1043.0442
     1870.2654   1275.8555   2096.1609
      303.3720    691.8745   1568.0942
     1944.8711     18.3202    965.3199
     1959.0400    828.6485    130.2589
      961.0415   1868.0439   1614.9083
     1786.0914    845.5234   1115.1453
     1911.7986    565.0290   1278.3516
      888.0481   1047.9080   1862.8870
     1197.4442   1198.9994   2002.5228
     1234.0856    893.0410   2221.7139
      718.1793   2207.1765   1058.0388
     2178.3152   1919.1676    362.8256
      999.6358   2200.4221    392.9855
     1984.2565   2164.2791   1139.1611
     1264.9083     80.9989   2140.1594
     1077.3473   1026.5964   2044.2218
     1524.8729   1435.6462   1108.1997
     1979.1133   2041.9448    691.5582
      499.4452    438.3327    568.2454
     1934.6597    678.7046   1606.8903
     1359.8733    682.8619    442.3770
     1094.9233    463.5874   1093.2374
     1453.2095   1116.6986    655.6280
      180.5105    981.2601    803.3236
     1577.5356    473.6336   1917.2299
      318.3203   2231.2485     68.4096
     1250.3457   2252.3828    603.9576
     1752.0283    364.8135   1921.3258
     1953.3625    284.7294   1863.9526
     2000.0090   1195.2213   1921.4509
      892.0448    565.1516    242.4852
     1869.1531    642.7889    688.0809
      749.5666   2246.5598   1560.3497
     1064.9349   1212.3607   1448.0942
      379.5300   1872.0671   1338.8029
     1457.3859    624.9971   1935.1029
      102.2581    480.7244    976.4776
      989.5805   1694.3130   1975.6578
      958.5405    249.6431   1903.9181
      244.0470   1341.7325   1585.4291
     1702.6659   1567.2351   1304.5770
      840.1635   2180.3962    513.3845
     1062.0259   1825.8114   2136.2085
     2105.5908    400.4447   2016.8945
     1497.1414   1777.3969   1402.1447
      991.8185    812.2314    458.8627
      416.4986    739.8573    422.9705
     2206.9880   2058.1702    778.2806
      275.0816    824.8012   1354.7069
      969.2610    426.7795    752.3499
     1327.5173    771.4073    640.4266
      201.2248    167.8185   2244.6968
     1464.9652    161.0019   2089.5298
      370.9531    461.3064   1837.9554
     1316.8735   1390.4736   1142.7870
     1251.4307   1838.3870   2060.1106
     2026.0280   1749.6812   1564.2642
     1237.2449   1085.7634   2178.6099
      346.0570     69.5992    493.5891
      819.9287   1394.3369   2092.2693
      939.3836    638.8624   1777.7644
     2023.1211   1877.4539   1407.5902
     1716.6156   2058.1802    387.7342
      927.6234    855.4585   1806.8671
      502.3575   2178.8887   1016.8629
     1324.4050   1851.4894    993.7895
       16.7885   1238.1761   1145.1713
      318.4119   1867.2192    658.7914
     1492.9323   2195.8472   1417.7024
     1140.1354    478.6538   2033.0975
     2103.3545   1005.0492   2065.6812
     1405.9834    968.3176   2122.1960
     2140.7839   2253.0413   1042.4178
     2034.0380     99.0673   1175.7186
     1800.3666   1920.6130   1330.1532
       58.6736    986.2387   2065.4919
      996.9525   1489.7322   2021.6549
       34.7481   1733.2207    365.8664
     1484.3823   2011.8597    455.3732
     1632.7321   2099.0312    966.6812
     1911.2802   2232.6702   1571.8175
      671.5352   2055.0518   1596.7361
     1280.7074    905.3969    814.9295
     1641.5621   1720.6508    945.6260
      235.0052    934.0164    613.3422
     2195.7815   1549.1576    964.8543
      102.3225    391.7846   2083.2693
      286.8763    399.7387   2231.4939
     1070.7622   2063.5029   1135.7305
     1208.8833   2200.8372   1989.6741
      470.0278   2050.8047   1965.6504
     2093.3784    671.4745    647.9436
     1067.7639   2120.4482    841.0906
      191.6180   1210.3546    294.1591
     1606.4130   1898.0641   2258.5166
      515.8367    445.0913   1059.6589
      634.0867   2088.4600   2054.2759
      537.7881   1134.8761   2001.9672
       26.5415   1074.5248   1792.2728
     1262.9291    689.0847    829.1412
      754.3815   1665.7401     91.1358
      174.6148   2246.4170   1534.2817
     1476.9985    838.1542   1328.4008
     1474.6086   1978.0732   1416.2593
      502.3689   1587.0934   1683.3495
     1680.6302    906.1574   1375.8547
      887.5064    781.3109   1633.1006
     1073.1991    886.8195   1668.1407
      805.7968    347.5349    854.9074
     1470.1912    905.6251    707.4658
     1724.4967    763.7278    587.2601
     1384.5574   1672.5226   2089.3982
     1664.5859    513.9889   1191.5354
     1406.2599   1180.0334   1642.6647
      379.6325    719.0744    792.3856
       23.4301   1810.1119   1552.5205
      177.0652    326.7260   1529.1813
      505.2045      1.4151   2019.9003
     1660.0104    870.3234   1706.2440
     1101.5538    258.2596    807.2720
      324.4268     86.8931   1953.1896
     1622.7609    937.8391    593.4893
     1410.4318   1883.7169   2159.6497
     1382.8573    281.9919   2228.9053
     1146.9265    275.9033   1023.8817
      657.4542    300.2360   1732.7601
      107.5384    207.3471    696.0423
      929.1566   1109.8638    153.3432
     2207.0950   1085.3473   2249.9631
       16.1073   1253.0026    642.2975
     1305.7169    866.1121   1416.7485
     1892.0740    887.0679   2128.4810
     1396.5720   1700.5789    522.7253
     1833.6104    805.7387    785.0059
     1807.8218   1212.0736   1572.3135
      845.6422    850.8488   1121.5840
      334.7724   1096.0933    688.6997
      350.2471    894.2864    808.6113
     1050.2328    300.1829   1602.3483
      142.5471    321.9127    353.7791
     1579.8632     72.9869    179.3851
     1680.0811   1196.6702   2243.2119
      993.9168   1238.5449   2049.3428
      726.8907   1070.6448    877.2923
      276.3422    153.9662    167.0034
     1157.0713   1760.3038    903.5745
      801.2826   1407.7981   1669.4053
     1646.0668   1265.2655   2045.5067
      493.6704   1520.2213   1162.9957
     1858.0944    835.7721   1321.0159
     1363.6531    506.4550    756.1351
     2107.0593   1233.6655    534.9764
     1811.9084   1787.7207    192.0955
      252.9325   1336.6340    869.6925
     2029.8687   1683.3544   2100.2192
      245.3132   1336.1367    661.3508
        7.2302   1442.9865    602.8916
      810.9772   1301.0177    142.8396
      781.2457    306.0427   1304.1740
      696.4401    132.5150   1221.4631
     1426.6880   1148.4504   1991.2639
      722.4976    964.9040    346.4986
     2127.7581   1927.0708   1888.8230
     1474.3822    174.6571    904.8000
     1610.0791   1236.5040   1643.5538
     1928.3777    539.6596    509.7382
      117.6924    615.7241   2104.0435
      530.0160   1966.8279   1017.1422
     1080.3201    160.3668   1747.0269
     1875.7150   1726.7413    795.5610
     2255.3821    755.1384   1377.4104
     1346.9618    243.6861   1397.6198
        7.2613    708.1646   1813.6445
     2071.1064   2005.2704    183.1149
     1792.0780    893.1583    437.5345
     1191.9868   2226.7146   1225.8772
     1868.4437   1575.7668   1167.9026
     1453.6187   1349.2803   1989.6776
      945.1360   2055.6973   1359.9752
      654.4556    811.7360   1159.6661
      440.7249    905.4153    610.8499
      684.8557   1584.3104    748.5886
      717.9587    687.3260   1736.7637
      780.9244    626.6069   1163.5546
     1182.3445   1524.6267   1240.3931
     2121.0713    988.6708   1645.8813
      186.3025   2241.8862   1333.4420
      653.1428    787.6246   2261.5884
     1128.4371   1380.6406   1518.8900
      630.9147   1866.8335   1339.9138
     2016.8486   1285.8589   1605.7954
     1952.8417    266.7863   1276.8467
     2244.9424   1718.3549   1909.6638
      398.4371    909.7778   2197.5310
     1885.0656    880.8273   1758.9666
     1386.3557    383.2478    606.2593
      763.8304    555.5404   2219.4602
     1709.3373    955.5412   1889.7761
      838.8746   1508.2345   1271.3501
      280.1880   1469.5240    325.1274
     1313.7965    687.7968   1793.4404
      193.7742   1587.0104   1211.3206
      532.3019    491.8972   1749.3918
     1206.2074   1374.0786     84.2331
     1089.3345    995.1682    932.0919
      370.3226    850.1785   1895.0303
      343.8788   1728.9617   2059.5659
     1538.7178   1520.4911   2077.5896
     2116.5540   1300.7371    753.5024
     1482.2384   1562.0266    190.6158
      455.1956   2060.4343   1180.3160
     1855.9979    642.6517    165.0551
      772.9948    345.7147   1908.5201
     1618.7272    688.6924    182.1545
     1543.3865    212.5227   1619.3278
      110.6502    381.9132    789.6416
      437.1753   1704.2646    651.1772
     1930.5618    461.6259   1946.6632
     1585.9175    135.9787   1433.6792
      669.8539    447.9243   1220.7433
     1311.0004   2023.2488   1556.1881
      763.6118    544.6202    829.5926
      360.0117   1090.1617    325.7552
       47.6239   2258.3875    758.7785
     2105.5710   1138.5818   1013.4548
     1266.6829   1211.8191    254.9434
     1256.8807    539.3200    240.5153
      821.2091    711.7922   1925.4482
     2028.4713   1108.9601    666.6419
      941.6918    892.4241    693.4090
      642.2387   2108.4431    475.8518
      148.7123   1436.7363   1755.4368
      294.6076   1326.6617    182.0009
     1193.5421    251.6004     33.8687
     1463.0754    424.9313    213.7011
      765.3415    767.2629    760.2947
      116.6042     16.6902   1936.7474
     1468.9244   1313.1907    285.1529
      255.1278    950.8155   2042.0513
     1197.6356   2251.3137    383.7055
     2039.2572   1537.3378   1288.2687
     1090.1305     61.9334    723.7485
     2015.9353    734.6854    841.3873
     1110.7041   1349.0234   1120.1493
     1986.3455   1004.7662     16.1452
      751.4352    465.8540    143.2825
      265.9078    515.9253   2055.3623
      929.3525    361.2023    214.3487
      986.3540   2222.3252   1255.4813
     2206.4807   1107.1456    780.8652
     2176.1106   2197.4714   1895.6625
      708.6895    498.7164   1416.6001
     2140.9236   2204.6470    648.0905
     1834.2747   1712.8624   1008.6223
     2159.7822    364.0009    373.0282
     1353.5153   1944.2218   1739.7019
      897.4142    699.8730     85.1517
     1031.0305   1057.2520   2232.2554
     1602.7012    300.8882   1273.6320
     1523.2258   1564.5627   1435.9813
     1395.0309   1878.5968   1237.4767
     1974.3656    415.7431   1113.0881
      216.2560     99.6047    842.5773
      640.3391   1302.4414    575.6029
      876.3553   1517.0280    845.3987
      175.3092   1479.5763   1402.4478
     1698.7563   1396.5935   1661.6945
      662.9477   1154.9817     95.1474
     1456.6342   1047.3893    843.7064
     2019.0046   2087.6423    886.5507
      581.3547    842.1471    218.6785
     1612.8636   1199.7371    353.3904
     1088.2019   1165.5876   1020.9130
     1132.5798    672.4661    470.7259
     1754.8457   2242.4065    860.9490
     1252.9863    904.5487   1785.0155
     1024.9485   2040.8344   1926.0680
     1993.0673   1179.5668    855.2655
      358.6751   1473.7422      4.5631
      308.1817    906.0197    436.4193
      283.7913   2031.4259    546.2809
     1678.6393   1577.5898   1069.5369
     2165.5737   1980.5752    595.6908
     1298.3955    511.8292    946.8604
      880.4720   2262.2451    728.2906
       21.1281      9.5986    343.0731
     2074.8037   1670.8320    651.3729
     2157.1885    289.1160   1186.3823
     2132.6375    133.9801   1933.8632
     1982.0675   1898.5719   2085.6812
      371.2119   1139.0647   1541.4020
     1415.3771   1162.8147    450.7026
     1047.6045    284.8823    375.1493
     1862.2068     69.5572   1279.1091
      731.2146    370.4393    317.8586
     1931.2717    658.1699   1838.2629
     1413.7218   1053.8728   1805.4648
     1676.2793   2077.7700   1739.5513
     1601.5774   2247.1375   1616.8568
     2175.8457   1197.5757   1543.0029
     1829.4985   1887.7828    483.7326
     1128.5229   1834.0970   1899.4203
     1641.5710    347.4578   1049.7435
     2237.0007    888.2982   1918.4991
      693.9366    452.2975    497.1368
     1999.1941   1147.7083   2145.7449
      773.5631     40.7532    376.0505
      266.1674   1810.8879    133.4017
     1063.6139   1198.7960    834.2493
     1644.7190   1144.0081    556.4413
     2157.3579    367.6149    752.3136
     1080.2148    502.4764   1503.6030
      663.5775   2189.4663    692.8542
     1718.3662   1086.2145   1745.0688
      507.9361   1002.4171   1581.2428
     1122.0602    609.3096    720.4332
     1390.0403    506.7796   1735.9087
     1974.5372   2224.9873    539.4861
     1470.1256   1833.6277    381.4571
      470.0446   1859.1843     86.8387
     2220.4072   2092.8086    974.3328
     1465.2299   1738.2391   1764.1708
     1562.2158   1548.1721   1721.6726
      874.3566     81.0266   1125.1902
      764.5181    931.5238    145.3106
       52.4217   2061.4197   1556.3201
      984.8627   1181.5533    452.6495
     1966.0056    880.2451    994.6309
     1474.4956   1162.9016   2192.2214
     2254.4956    114.0304     12.4734
     1215.7957    831.3544    998.5826
     1257.7173   1750.6649   1723.7360
      163.0784   1177.3999    785.4149
     1547.8577    391.5472     10.7472
      973.3741    452.3301   1917.4900
      613.1593   1996.7357   2259.2600
     1686.7666   1592.7849    211.0427
     2045.1918   1576.3661   1712.9128
     1322.3939   1191.9329     70.1472
      944.5424   1655.3789    136.6957
     2033.2050    888.8143    694.6117
       13.6044   1386.3605   1530.3099
      721.3685   1481.4984    557.1011
       73.0522    183.8076    210.7747
      134.2081   1558.0211   1580.1470
     1462.4066    511.9479   1318.4569
     1185.1548    166.8680    242.1534
     1307.3495   2036.4427   1145.2773
      446.8203   1312.6660   2109.9680
     1801.6663   1354.4847   2258.3215
     1284.9092    340.8989    293.3678
     1551.7117    379.3763   1736.4119
     1510.6885   2235.9319    863.6837
     1064.8949   1944.7020    986.5618
     1616.3506   2130.3989   2011.9055
     2231.3684   1486.9390   1184.8073
     1277.4824   1871.0149    374.3523
     1645.1993   1976.4612    553.9663
     2125.8574    508.6410    537.8048
     1320.5309   1638.4293    352.3340
      568.4647    444.0878    866.0699
     1343.3086   1507.5989   1773.9797
     1325.5699   1668.4490    889.6910
     1977.1293    980.8406    519.5068
     1649.2526   1909.6500   1522.9767
     2170.0056   1724.9541     12.4208
      560.1664    465.8852    185.2084
      515.5363   1026.2445    805.7509
     1064.4038    124.2958   2193.9219
     1895.0682    365.0919    400.6985
      612.3817   1364.3462   2040.6227
      223.6339    620.0311   1070.3580
     1649.6156   1730.2263    742.8264
     1918.9246   1545.7728    712.1125
      299.0227    131.8599   1323.3276
     1557.6101   1651.7190    368.6266
     1116.1755    346.2676    181.4349
     1919.3567   1216.4117    294.4230
      718.9753   2155.3511     24.4475
      679.5359     60.0566    156.5732
      346.1224   1001.9892   1718.2100
      306.8709    907.9200   1555.2554
