      913.0349   2187.8464    249.6151
      885.4612   1412.0559    940.0427
      925.0931   1735.6595    102.2001
     1133.8312   1037.5311   1848.4999
      563.6115   1620.6364    774.8257
      727.3500    663.7993   1088.4437
     1862.4006   1523.2950    995.9093
     1254.3350   1881.1034   1184.0988
     1366.7428    179.1476    831.3875
     1191.0958   2102.4573   2258.0583
      466.6403   1567.5020   1439.0237
      932.5098    145.9286    151.8408
     1398.8855   2027.8661    379.5916
      758.9610   2144.9058    824.6761
     1442.6573    763.0129   1167.1934
        3.3979   1425.5514   2101.6375
      938.8531   1657.9846    570.5938
     1330.4299     85.1186   1556.4998
     2052.0750   1838.8400   2237.5664
     2005.7816    345.1526   2091.4011
     1090.0344   1680.6299   1227.0458
      675.9694   1917.3016   1744.5592
      110.0058   1219.6018   2165.3018
      896.4894   1419.7072   2073.3965
     1091.2540    717.4128    840.7954
      132.7631   2078.8311   1727.4993
      512.1310   1285.2452    673.1079
     1390.8159   2064.5283   1750.0577
     2001.3351   2035.1544     52.5895
     2023.0623    381.9327    349.1991
      802.9396    958.1857    517.4147
      175.9686   1062.2859    665.3960
      539.1588    138.1382    660.9576
     1654.1718   1666.4797    911.5854
     1234.3778    786.5913   1740.9955
      778.6583    103.7685    638.1367
      741.1548   2091.2153   2152.9104
     1234.8696    398.0771   1483.8016
     2009.6219     65.4778    276.8027
     1429.7013   2026.5474   2200.7290
      299.0098   1403.8336   1357.8206
      335.5102    355.6020    257.4770
      453.9742    317.9957    832.7426
      507.4839   2063.0535    768.4595
     2076.3579    188.5905   1253.0344
     1783.5607    116.4849   1439.0226
     1113.8167     45.3032   1248.7482
     1280.0585   1347.7303    734.8353
       52.1708    759.4768   1843.9087
      854.4503   1252.8701   2231.5854
      614.7081    919.2678    866.5214
     1015.1266   1387.6887    352.4345
      501.2108   1248.9296   1489.7596
     1502.7627    909.3770     80.1002
      625.0324   2154.2815   1679.5792
     1574.0228    721.8986   1442.8998
     1735.9823   1448.1899    742.1597
     1195.0265    217.9938     60.0630
     1374.6111   1803.9379    506.0192
     1622.1373    691.1221   1667.5031
     2256.2458   2035.9200    413.2172
     2104.1648    539.3157    744.8588
       37.7200    286.8624   1757.5060
       83.7981    458.6068    649.5384
     2187.5110    862.9965    339.0926
      606.7357   1426.5703   1103.4619
     1363.3014   1153.2625    436.2503
     1437.5238   1581.4817    409.1954
      962.1915    238.4514    620.9708
     1160.8690    604.4865   1408.7605
     1050.1177   1397.0491    754.8065
     1931.0178   1929.5286   1832.2219
     1419.9944    992.1165   1218.2588
      221.0557   1343.0559   1988.0480
     1572.3590    463.6913   1411.8508
      182.4140    197.3310   1985.3113
      689.6544   1814.9290    148.2946
      289.8080    129.6299    861.7098
     1018.7479    469.2111   2071.2207
     1517.9342   1723.3337    664.6505
     2138.7585   1405.1409    712.9323
      668.0624    926.7320   1138.1934
      759.4647   1965.1305    687.7144
     1361.6292    909.4556    385.1685
     1778.0260   1342.4430   1604.3206
      532.7071   2223.1731   1459.3191
      481.4742    724.5998     26.3685
     1455.3574   1718.5922   1418.7455
      862.4131   1732.8341   1294.1829
     1212.1925    447.6247     10.9827
       16.5952   1393.7725   1838.4324
     2007.6803     73.3571   1553.4436
      247.5443   1645.7783   1089.3761
     1235.7709   1628.8921   2043.0977
     1708.0807    361.7485     72.5584
      839.0602   2147.2268    563.6248
     1347.0302    326.5126    417.7318
        7.4290   1139.2241   1674.6282
       94.4603    207.8548    589.7281
      241.6659   1779.5383   1977.6964
     1741.5388   1183.2684   2122.2256
     1886.6921   1010.1886   1091.2837
      629.6688   1406.5896    857.8096
     1532.6852    792.1059   2131.6562
     1796.9009   2169.6865   1516.2363
       36.0569   1426.5389    907.0883
     1333.0026    261.4269   1669.4119
     1689.4891   1893.5004    614.4218
      166.2424    696.8349   1655.2582
      244.0831    823.4965    875.6614
     1528.1362   1302.0367   1652.2623
     1479.4152     63.2373   1374.6266
      215.1865   1637.9989   1313.5409
     2117.8403    549.4528   2122.3047
       96.7616    433.6290    415.7894
        6.9987   1847.1022   1222.2905
     1274.7137    532.1068    551.7573
     1756.2341   1947.7255   1623.5372
      934.1812   2256.0615   1673.5610
     2230.3379    986.4587   1385.2642
     1877.9860   2083.9990   1187.2346
      529.0244   1042.4669    615.0208
      272.6761    337.0906    481.5149
     1175.6385    939.4614   1250.4187
     1955.3536    155.7855   1788.2482
     1597.6517   2097.6924   1390.2600
      124.6997    667.2989   1051.4004
     2222.3369    247.8578   2130.5371
     1471.8031    900.0018    801.6943
     1818.1495    958.0628   1817.1362
      803.0861   2038.5874   1077.1375
      222.3609   1285.1084   1555.6372
       45.5215    170.8232    800.4205
     1967.0387   1581.5560    743.2307
      297.1812   2008.9670   2186.7944
     1136.6521   1810.2400    203.3176
      423.0906    292.2876   1214.7062
        6.0485     65.5054   1584.8490
      308.4052   1388.4686   1074.6949
      564.2273    395.4865   1361.1526
     1185.8137    207.6302   1403.1833
      623.6349    707.9368    240.6082
      487.4928   1600.9918    544.0919
      463.8014   1282.1847    943.6266
      841.1104   1524.1237    425.2513
     2030.3370   1721.4634   1349.9669
     1053.2855    660.1331    593.6723
      162.2025    165.5351    358.5000
      674.7864    946.4816    129.9496
     1895.5498   1374.1484   1812.0930
     1070.8982    650.4199   1648.6324
     1381.4744   1818.0771   1673.3715
      360.2003    357.3095   1463.6327
     2195.7363    181.7545    154.7675
      311.4955   2216.8433   1373.4648
      471.3025   1702.6622   2237.8010
        8.2573   1377.1078   1610.9813
      864.3809   1922.7742    896.4423
      850.6555   2039.3627   1936.4561
     2140.0051   1922.0420   1971.3444
      547.4200    816.2513   1874.5519
      490.5326    538.7950    783.4130
      353.7959   1765.2854   1418.9392
      532.3162   2243.8342    235.5367
     2113.2031    592.6144   1911.2872
     1761.2726    580.7650   1349.6892
     1976.1442    602.1021    550.9674
     1666.5065   1124.1963    128.8991
      450.5782   2190.8054    428.5518
     1460.8130    221.4644    606.6292
      641.7346   1327.3287    157.7185
     1556.2458    775.1273    256.7854
     1822.8213    510.8817    399.2930
     1806.2249    764.3273   1469.5337
     1302.3074    818.8959    179.7397
      299.1092   1135.8010   1051.7479
     2092.6160    582.7274    104.7171
      930.6925    478.8208   1051.7761
      175.4332   1232.5295   1247.5797
      304.2442   1896.1436   1739.7883
     1279.1321   1539.6650   1037.4688
      199.9313   2228.5981   1578.8267
      320.3112   1585.3921   2109.7397
      875.1320    787.8096   1518.3857
     2232.2095    224.2934   1430.4932
      841.6523   1964.2742     53.2303
     2065.3115   1294.4094   1350.0494
      973.3461    695.0787   1064.0302
      688.6636    648.8994    764.6748
      381.9735   1029.5665   1887.8301
      200.7942   1702.6190    381.0013
     1020.3591   1900.5133   1143.7009
      434.2589   1889.0781   2060.0371
      179.0988    988.6260   1294.0997
      753.4200   1304.7852    362.5927
      695.1470   1397.4299   1965.9347
     1332.6301   1401.5610   2017.5107
     1082.2847    321.6452    916.1267
     2249.8435   1220.4690   1957.7848
      929.6221    569.1988   1461.6160
     1382.9695    403.4358   1880.3395
        7.3136    984.1646   1877.8165
       77.6215   2237.2715   1284.4398
      107.2873   1689.6011    170.4299
      204.7564   1091.0742   1983.4050
     1049.9922   1618.5420   1461.3151
      821.3585   1010.7925    755.1751
     1876.6594   1179.9067   1444.1230
     1488.6472   1851.6675   1188.4008
      417.5608    623.4990   1451.6516
     2090.7822    665.9874   1256.1704
     2260.2861   1759.9421   2098.2524
     1565.9938   1016.9800    357.8028
      802.6438   1534.9536   1410.0428
     2115.5244   2052.0461   1315.8220
     1379.7352    520.5860   1076.9674
     1796.2162    730.4408    369.9553
      575.2150   1381.6085   1340.3467
     2066.0400    381.3225     32.0236
      427.5710    370.7821   1765.2236
      482.9930   1870.1842   1591.0972
      783.4319    364.8689    122.8799
      733.4949   1273.4872   1494.7673
      265.4092    469.9308   1638.2264
      570.5187    702.1511    948.0333
      918.7600   1340.6072    174.2492
     1762.6793    743.7018   2075.5540
     2064.5645   1558.1899   2164.8433
      831.1926    830.4691    925.8193
     1054.1403     77.3509   2187.6318
      471.3806   1664.3684   1638.2797
     1830.7744    207.8017   2223.2563
      725.0618    630.5667   1870.0419
       54.8153    652.5207    837.9780
     2221.1187   1350.4681   1134.0203
     2172.8657    454.5039   1369.4830
     1832.7300   1757.4053   1462.6755
      419.4159   1185.7482   2045.9799
      180.2570    539.7969   1447.6278
      669.5887   2018.1002   1485.7479
     1609.2900    172.5638   2173.2747
     2148.5581   2224.0613     98.1087
     1039.7616   1595.2928    251.7246
      879.6124   1035.3444   1812.6724
       21.8892    850.3885    954.4288
      157.4987    847.2617   2043.4534
     1749.8627   2198.5283   1011.9712
      181.6446    630.2179   2230.4766
     1632.8217    808.8796    527.0998
     1566.0317   1038.2512   1781.3434
      627.0305   1634.4407   1305.1637
     1089.7775   1087.8975   1052.5571
     1883.5331   2010.8564   1391.6840
     1530.1699    370.2464   2020.8020
     1609.3661   1931.2990    368.8668
     1407.8752   1336.1525    552.4235
      628.3627   1033.5466   1799.4545
     1146.8362    163.1744    744.3916
     1230.8553    195.5561   1877.0573
      767.2003    757.1527   1290.3108
      346.1827      7.5508   2227.6572
     1283.3000   1016.0621   1673.0637
      688.8323    389.3026   1733.7186
     1973.5582   1887.1674   1607.1494
     1784.6501   2088.4207    489.4864
     2131.6316    697.6728   1709.0625
     1211.1033   1678.5636    398.3711
      781.2650    221.2717   1995.0588
      729.2390    942.1175   1385.1729
      724.6341    174.9215    882.9707
      812.9609   1276.0220    738.8889
     2204.3589    428.6359    221.2829
      326.8714    199.6692    634.3571
     2076.9756   1222.2629    628.5019
      694.4548    160.4848   1665.5697
     2065.1741   1011.1535   2199.4128
     1188.6594    504.9951    317.7798
     2215.6738     14.0155   2085.9705
      253.7114   2000.3849   1928.6896
     1446.3405   2162.2529   1549.0756
      327.4276    823.9598    377.4543
      730.3960    868.5704   1668.8485
     1049.1904    764.6356    218.5684
      317.4460    533.8465   1244.3842
     1305.2013   1932.8792     91.0308
     1127.5276   2262.5244    369.3603
     1885.2201    458.0942    181.7768
      367.7849   1384.6676    497.0273
      661.1109    852.1786    640.2189
      197.5448    973.4720   1752.5750
     1064.0165   1892.4128   2251.4551
     1225.6274   1122.0476    817.5549
     1629.0425    559.2599   2212.4377
     1528.0599   1518.6062   1608.4117
     1880.6775    916.1840     43.8191
     1664.5035   1017.1801   1168.1229
      193.4888   1924.4708    416.2315
      141.6514    301.3230    137.3649
      641.0128    115.9885    459.5753
     1242.0425    896.4272    790.5626
      253.9030   1865.1711   1230.7007
     1519.7611   1535.9597   1064.4913
     1416.3331    697.3525    443.9723
      840.8666    298.6369   1269.8324
      665.2668   2226.0327   1052.2831
     2037.8744   1900.9286   1172.3348
      646.0934   1470.2383   1570.9854
     1391.4716    593.4473    234.7211
      600.8350   1993.3701    480.3340
     1637.4722    482.0752   1803.4640
      125.2519   1787.9216   1421.2891
      969.6231    981.9468   1362.1307
     1006.0880    339.1437   1413.6321
      115.7755   2235.1558    722.8190
     2064.2488   1685.9128   1600.0951
     1052.7365   2015.2249    202.1372
     2111.5530   1270.1090    933.8814
     1398.1600   2070.3538   1183.2505
     1113.4678   1483.3623   1683.3185
      520.7554    815.6965   1253.8982
      471.8663    484.0845   1012.4561
     1320.7391   1755.7545    794.3297
      531.8532   2254.0774   1843.9727
      818.8518   2059.2158   1698.6812
     1570.6121    258.8624   1802.7343
     1616.2178    273.6606   1560.5120
     1199.0648   2128.7546    580.9258
      665.4471   1428.1162    586.5931
       48.2278   1035.5251   1100.5145
     1127.0760   1410.2058   2149.5430
     1195.3722   2190.3518   1685.8818
     1912.5967   1582.0758   1882.2605
     1537.1310   1982.5896   1600.6213
     1257.5900   1036.2102    244.0185
     1195.2506    642.9109    101.0691
     1013.1746    936.0346    645.3121
      530.5118    573.8314   1229.3601
     1512.1561    429.3066    269.7987
      993.8182   1462.3849   1306.4019
     1620.5411   1325.4093   1421.4921
     1409.1975    421.3092    868.3112
      189.8502   1044.6825   1529.6063
      435.3337   1552.6577    975.3499
      877.0084   1477.9806   1808.7826
       16.2724   1883.4869     28.9884
     1722.3805   1513.3347   1756.1080
     1573.0909   1854.6493   1811.1169
     2204.8787   1535.7599    301.2637
      227.0022   1800.2490   2208.4600
     1670.9233   1214.8068    794.0768
      424.1716   1246.6377   1217.3820
      668.5032    150.8630   1197.5760
     1028.8933   1162.3580    674.8887
       44.1443   1862.9301   1608.1589
     1282.3923   1063.3076      9.2849
     1342.5153    813.7311   1391.0844
      761.2759    319.3275    506.9742
       69.2417   1857.9473   1883.4160
     1585.8875    805.0368   1906.8617
      834.9855   1978.8267    303.4100
     2079.6584   1198.3785   1771.8599
     1854.5519    821.1060    580.7966
     1026.0354     62.7158   1873.2898
     1384.7299    577.0397   1325.7667
     2239.4128   1621.4423   1496.3468
     2186.6499    305.7285    679.5195
     1335.9513   1452.7976   1775.2028
     2113.6521   1503.3162   1736.4485
     1545.1774    192.0868    378.1364
     2014.8518   1338.2803   1598.6411
      777.3261   2252.2075   1508.3016
      542.3279   1594.2509    168.6998
     2019.4441    520.0184    945.4444
     2245.5491    419.2438    883.4531
     1887.4491   2048.3777    299.7188
       62.5424    571.2347   1262.2354
      389.3908    381.0930   1998.8394
     1857.6063    952.5995   2076.8713
      922.0087   1741.6533   1035.7498
     1897.7720    527.9890   1752.6802
      159.7851   1447.1251    158.8260
     2068.6238   1707.2137    311.4392
      687.6557    603.9691     33.1266
      243.1154    614.8842   1866.3949
     1400.7494   1981.4209    601.6963
     1750.7030    397.7733   2122.4355
     1647.1144   1018.2235   1977.6178
     1757.0331   1373.8445   2247.7607
      868.4520    751.3898    670.6016
     1249.1676   1446.3428    385.6829
     1568.1392   2169.5955    429.1365
      420.1173   1538.5299   1213.1306
     1674.8690   1487.3457    323.2999
      984.0314    620.7308   1913.0320
     1852.7979   1836.9850    434.1977
      358.6176   1725.3131    750.0184
     2081.9597    468.5257   1664.8210
     1915.2120    695.3027    799.3640
     1871.6512   1129.3279   1681.1704
      964.3527   1251.4548   1952.5554
      315.2929   2186.9871   1803.8276
     1615.5038   1720.9050   1600.8241
     2169.8767    637.1465   1055.6240
      986.3339    311.2849   2251.8237
      237.5566   1707.8479   1632.7915
     1888.4216   1543.2672   1587.7336
      633.1140   2022.9689    205.1862
       27.9188    808.7725   1209.9258
     2169.1694    460.1106    505.3633
     2220.2483   1419.9520     71.2984
     1677.8130    974.9492   2222.7375
     1724.6147   1073.6594    940.6796
     1383.1001    282.0872   2197.8979
     1180.2273   2116.0437   1107.4961
      282.7654   1232.9777    335.3829
     1706.3239    347.2693    526.4881
     1935.5037   1129.7351    831.0554
     1594.4282    565.7950    423.6955
      224.3655   1917.1897    179.3138
     1931.8416   1989.3361   2045.8386
      960.5126   1280.8633   1142.0199
      706.9549    843.2658   2178.7756
     2222.3694   2200.7898    887.7831
      138.4710   1470.3650   1167.7930
     1716.2289    295.3355    285.5643
      725.6593    459.0474    929.0293
       95.9672   1600.9965   2221.7368
     2201.0396   1187.0168     67.9686
     1329.3406     41.0731     34.5771
     2016.3953   1444.9895   1157.2977
     2249.8735   2078.7075   1529.8112
     1571.8649   1532.0151    576.1871
      110.5824   2141.6716   2253.2581
     1234.2230   1803.9833   1437.1981
      401.0094   1323.5704   1837.3760
     1428.6282   1712.1381     17.3590
     1044.1351   2077.3301   1844.3965
     1521.0652   1362.9542    752.2056
     1794.8308    367.0873   1399.2012
     1857.7141    491.5430    714.7785
      968.0453    567.4648    392.8639
     1541.9751   1904.9717    822.8401
      148.0111     55.4378    162.5049
     1861.5415    604.2067      8.5447
     1893.0887    114.0147    905.3828
      116.9057   1584.3633   1960.6985
     1277.4672   1821.7030   2157.3105
     2175.9331   1693.8390    778.1648
      632.3508   1134.2933    824.9787
     1898.5326    641.5156   1118.5813
      390.6444   2002.6334   1363.9980
      372.2255   1760.8003    260.8235
     2049.1299   2167.8726    454.5405
     1834.3999   2193.3083   1919.0048
     1806.4828   1733.1531   1071.1432
     1936.6218   1412.9064    600.9217
      464.0000   1786.3792   1176.0430
      364.2425    608.0581   2104.9170
      369.7462   1550.2803    312.2708
     1158.2010   2034.2115   1356.1608
     1854.5070    185.4945   1253.5018
     1442.3362    644.6492   1817.4236
      851.7078    428.7712   1905.5503
     1501.2809    226.9707    129.0339
      277.5675    824.5834     24.6313
      652.6550    367.3741   1131.5189
     1383.9880   2104.0999    810.3495
      386.1703   1012.1172   1229.8997
      640.2215   1059.6360   1564.1124
     2133.1877   2102.5974    666.1151
     1985.2762   1767.0554   2037.9481
      463.5061    991.7707   1440.1125
      806.5159    605.0979   2067.1001
      830.8862   1857.4504   1554.1018
      337.9611    253.7768      8.2634
      531.8495    187.7810   1008.3048
     1763.8271    581.1394    934.8192
     1838.0974   1584.2711   2131.8333
     1091.2820   1106.2172   1539.8676
     1300.7612   1283.4780      7.3979
      851.4777    533.1513   1677.4399
      662.5961    362.3995    745.4564
     1997.5245    324.5819    805.4113
      289.0771    111.9600   1214.5181
     1013.2247   1841.9141   1406.3300
     2036.7737   2106.3391   1526.8154
       28.3545   1409.3468   1373.5648
     1703.3320    772.1693     56.4180
       88.0335   1224.6954   1013.5923
     2096.0371    800.3458    532.2360
     1565.5996    942.4465   1427.8130
       49.6045    393.7559   1543.3289
      881.9359    341.1159    777.8752
     1460.9474    157.2179   1979.9293
     1336.5746    653.4514   1580.9005
      700.4371   1068.9689    343.0013
     1774.3684    826.9448   1013.6694
      824.5735   1741.0820    745.1945
     1742.8800    391.3877   1159.6898
     1796.3436    351.5294    910.6562
     2055.6655   2188.7229   1935.4238
      444.3046   2141.1506   2061.3977
      550.0542    484.5049   1576.5819
      147.4160   1037.6865    884.7657
     1287.8895   1165.8444   2062.7656
     2177.5564   1383.7959    484.1594
       68.0379   1280.1089    284.9459
     1133.9375   1201.0060    347.4561
      985.0726   2150.9333    764.0896
     1753.5371     96.3598   1756.5111
     1465.8228    481.8697   1626.6270
      184.2991   1380.7546    666.3353
     1707.3795   1554.6152   1438.3751
      167.8681   1230.4711   1798.1398
     1307.6351   2198.5461   1350.8831
     1356.6931   2253.2261    451.9791
     1961.2231   1774.9136    647.8716
     1834.6353   1594.9586    492.8158
      225.9008    212.1994   1628.0793
     1745.5074   1818.8488   2073.5029
     2100.3633     99.1205    743.9218
     1903.1998   1358.6537   2079.6931
      835.2377   1131.6837    156.6108
      425.3915     54.4377   1634.0192
      225.3087    358.1398    829.9065
      770.8339   1521.9866    198.6467
     2106.8555   2063.1006    236.1223
      932.0053   1386.2123   1575.8428
     1048.7870   1996.9340   1606.1838
     1043.3806   1514.0768   1057.6030
      248.9802    595.5864    450.6971
     1137.9329    837.0306   1481.3779
     1713.7395   2100.3508    136.2621
      468.5513    899.9749    219.0964
      635.9255     30.7143   2053.6504
     2080.8601    127.8429    518.9839
      996.2625   1665.1467   2115.2898
     1636.6503   2062.4480   1159.9769
     1876.7322   1956.0316    986.4286
     1426.7000    955.5421    587.3276
      505.0385    561.0308   1858.0543
       93.4996    853.4902    704.6440
      312.3885   1623.0880     94.5361
     1332.5789   1562.8032    617.7659
      633.8724   2051.6133   1987.6862
      719.2542   1687.7419   1789.1289
     1016.3668   1005.3603    220.7021
     1219.9247   1081.2369    602.5276
     1885.7737    759.4589   1662.6326
     1549.7092   1154.1344   1308.6051
     1101.0671   1772.1740   1651.8870
     1184.2598   1752.0120    999.7707
       10.0556   1704.8575    469.6374
     1217.6190   1941.4373    382.9584
      347.0540    879.8439    591.5438
      820.4091   1498.8345    703.4189
     1741.2230   2051.8438    803.5939
     1428.1086   1460.8402    161.3268
      125.3255   1726.7161    830.5340
      423.0878   1232.2671     12.3147
      136.5755    136.1535   2216.7219
      607.9821   1310.6467   2154.5137
      191.1029    358.5040   1295.6967
      813.9317   1245.7216   1782.4874
      127.4447   2037.9512    634.6548
      723.0636    151.2111    249.1907
     1746.8917   2234.1960   2110.9998
     1783.5177   1819.6827    830.3491
     2173.4285      5.9141   1403.1427
     2045.6667   1915.5082    819.8163
      620.5479    545.8796    573.0581
      436.3248    150.5881   1393.8076
     2108.8225    818.2468    108.5734
     1517.4755   1191.0876   2228.9802
       99.9416    790.9033   1422.4744
     1017.0074    938.5102    868.1221
      273.4536   2108.5850   1188.4349
     2059.1296   1510.4515   1428.5931
     2135.4324   2014.6016   1719.6554
     1680.1187    791.7061   1233.2794
       57.5463   1067.6284    269.7796
     1992.0796    297.9086   1475.4456
     1618.9550    263.3528    808.7848
      228.2093   1025.3763   2181.2454
      572.7510   2025.6783   1219.6798
     1755.4745    948.4097    239.8959
      403.3516    863.9894   2081.4749
       37.4130    676.9944    133.1031
        0.3974   2258.7473    553.2419
      757.2435    711.9256    453.2213
     1251.9536   2014.4125   2009.1046
      195.0885   2217.7712   2030.3462
     1367.4894    558.8334   2093.0051
       15.8235    651.3370    610.4619
     1421.8931   1150.2073    709.9996
     1304.6123   1202.3773   1121.6755
     1350.9918   1236.7500   1363.0249
     1937.0339     27.4244   1086.2583
     1374.1862    970.6686   1877.0518
      460.5303   1060.6809    398.5074
     1456.7310    658.8450     50.3958
     1890.1241   2234.2505    102.9972
      874.8964    223.3422   1793.9686
       76.8824    617.3753   2043.1479
       89.3275   2024.0254   1346.4868
      896.5756   1627.4333   1624.0223
     1905.4351   1151.3374      8.4298
      897.6735   1011.9887   2234.0796
      292.5067    770.0445   1291.9403
      836.4496   1709.6467    331.0051
      483.5622   2006.9387   1844.4611
      859.9162   1074.7150   1587.5995
     1494.6730   1516.3184   1351.8708
     1563.2480   1207.5146   1081.8197
      354.9507    157.7578   1837.0699
      439.9810    801.5150    760.7068
     2143.8787    801.4211   2011.6111
     1709.2382    638.2900    622.6623
     1034.5901    911.6797   1653.0430
      223.0613   1227.3972    105.9439
      999.0734   1942.6572    639.6985
     1334.1276     18.3739   1016.3972
     1752.5245   1671.0385    695.4266
      395.6237    683.6475   1665.2793
     1627.8625   1703.1525    429.6588
      792.6086   1610.4741   2012.0885
     1834.1252    294.5610   1631.8147
     2204.0347    629.0084   1509.6741
     1188.2380   2202.5662    829.5023
      686.0358   1832.0913   1952.1141
      429.0446   1995.2056    322.6075
      110.3447    790.0671    463.2157
      454.5502   1458.1913   2261.6479
     1548.5093    904.0319   1006.9940
     1693.0409   1454.8395   1183.1791
     1212.9746   1641.9176   1815.1295
      411.6798   2096.5967   1608.4999
     1661.2338   1392.3463    964.3812
     1914.5122    806.5740   1255.5470
      508.9991    349.0438    543.1319
     1766.1041    975.7709   1364.7041
     1164.0587   1758.3317    625.5481
     1306.5758    998.2708   1004.9703
     1419.3545   1385.1593   1196.5593
      668.9398    183.4746   1429.3140
      947.2675    111.4075    846.1248
     1972.7197   2196.1582   2160.8787
     1904.7722   1343.6613    847.2557
     2115.9397   1309.7301    243.6975
     1197.0615   1932.6948   1797.4923
      444.7455    501.4470    376.1770
     1555.3688   1408.9336   1860.0782
     1024.1218    241.5231   2023.5646
      400.6820    165.1069    397.0449
     1026.7734   2068.8408    427.4741
     1859.0078   1738.6116     37.9626
      603.6921   2192.9131    610.9720
     1503.7460   2011.2852    162.2801
      603.6172    241.7675   1875.7394
     1222.0286    372.1459   2074.6255
      226.1620   1987.5344   1531.8142
      910.7413   1331.2531    556.5703
     1798.5775   1860.4907   1246.3459
      955.3284   1506.4181     12.8779
     1084.4734   1836.3340   1984.1101
       23.8658   1954.6936    825.4586
      202.0144   1520.5874   1522.1003
      227.6316   1539.0071    886.7635
     1475.6992    448.0226    593.4748
      908.1241    180.1460   1555.0986
     1625.9706   1875.9996     40.4260
     1276.6263   1617.9940   1579.8522
      216.2904   1461.3036   1744.1514
      775.4112    512.7532   1257.5912
     2165.8057   2051.6782   2155.9336
      813.8771   1064.4319    992.6339
     1704.5258   1240.9587   1820.0531
      243.8488   1409.6130   2214.3506
      400.3754   1461.0985    750.0170
     1646.3257     83.9031    576.9579
      718.9940   2165.6848    381.6028
     1251.6136    140.9194   2088.7329
     1231.9481    480.9266   1693.4550
     1676.5226    997.8511    674.7390
      415.8721   1789.1350    954.2843
     1466.3375    388.3780   1232.3416
     1569.1824     40.3809    876.2990
      386.2345   2220.0786   1009.9330
     1221.1296    938.0607   2047.7369
     1902.7701      1.4517    597.4042
     2158.2532   1877.1660   1444.4032
     1723.4716   1976.1547   1882.0822
      560.9969   1610.3000   2026.1578
     1418.2944   1955.4364   1403.2339
      776.5691   1618.6763    930.4832
     1471.6025   1563.5436   1997.5570
     1780.6998   1026.6713    484.3768
     2032.6304   1165.7001   1126.9116
      189.9745   1016.3993    439.1459
     1606.8286   1190.4271    560.0219
      805.0590   1547.7767   1156.6877
      829.6705   1109.2495   1239.0300
      948.8376    588.8782   2258.1653
      558.5307    810.5737   1503.6393
     1145.6331    653.2208   2135.4382
     2090.7639    801.6812   1438.0424
     1342.9049    749.9432   1961.9598
     2236.2678      0.6784    328.1241
       33.7489    453.8775   2259.2063
     1222.1711   1968.2571    725.1041
     1983.1111   1029.3062    601.7985
      776.5283    391.0674   2177.0674
      250.4773   1268.9084    840.7345
     1103.1550    956.5299    433.8304
      628.5418   1894.4105   2180.5208
      519.3854   2100.0796      8.2931
      594.3746    679.6660   2084.1692
     1310.8198   2236.0601   1855.8973
       45.9830   1547.4103    669.7277
     1121.8281    176.7562   1656.0955
      438.1350    681.7387    540.1922
      922.0942   1140.2252    421.3759
        6.4524   2097.1167   1900.5286
     2233.0239   1847.0093    252.0002
     1189.6650   1255.9375   1897.7773
     1869.8301   1384.9369   1341.1946
      366.7016    123.5251    181.8289
     1864.5538   1615.4521   1256.2667
     2046.1394    140.7194   2237.7424
      332.1543   1166.9441    577.7103
      970.2686   2120.9675   1242.6998
     1207.0439    675.2753   1189.1990
      149.7054    860.5600    238.2382
     2148.9604   2219.8699   1132.0217
     1174.5546   1335.0164    978.5474
     2249.0728    630.5603    367.6044
      542.5754   1134.0850    175.3587
      807.1721    854.2648    288.3022
      561.7195    257.6237   2125.0642
       55.9606   2060.0066   1089.3400
      180.6488    544.0199    221.9677
      890.3560     14.6447   2033.2184
     1316.4257    181.2482   1229.1830
      630.3111    452.3354   2021.6017
     1239.4896    798.9049    590.0096
     2066.6504   2074.4272    977.2233
     1616.8893     56.3000   1575.6880
     1071.8773    811.0847   1898.5599
     1274.6178    286.9120   1010.8514
     1694.5498     90.6169    126.8370
      907.8202   1863.7991   1775.2593
     1277.1274   2140.2363    225.8926
     1593.9064   1347.4324    138.8237
        4.0123    778.6489   2204.5645
     2078.2710   1920.5564    432.9583
     1876.6030   1147.9650   1938.8784
     1926.6636   1135.0857    209.4562
     1474.1708   2016.0314   1959.2267
     1403.6118    293.1049   1440.6603
      794.0750   1879.4255    502.9277
     2016.0199   1729.2656    916.9479
      604.5015   1758.0957    364.8962
      173.0094   1852.6345   1027.0182
      736.4423   1259.7531   1035.4520
     1101.2965   1991.9607    949.6495
      563.5895     58.5264   2259.7468
     1288.0033    587.2132    769.0671
      875.1807   1852.4148   2085.6855
     1997.9917   1339.3489     43.4817
      792.7499   1134.6018   2021.9800
      772.9942   1336.8685   1277.3613
     1986.5374   1000.8561   1307.0750
      986.8138   1182.3650    891.5531
     1485.6395    241.3155   1053.1824
     1250.7522    426.5445   1233.6699
       93.5480     55.7001   1818.9032
      661.2926   1810.3982    880.7714
     1123.0189   1150.2833   1271.7898
     1681.6938   1117.8840   1558.5935
     2163.5508    390.2994   1113.6119
     1623.8616    500.0162    767.6530
     1667.3962   2150.9695   1737.0243
      580.3854   2008.7987    996.4759
      529.6652   1270.4041    414.3002
      618.3913   1273.4218   1702.5652
     1179.5444   1297.1653    533.6860
     1466.3192    690.3041    701.0895
      304.1231   1926.9900    776.0396
      866.7010     70.6678   1112.8156
     2029.1416    369.6731   1860.0413
     1443.9808    989.2195   2110.9692
     1617.7163    212.0390   1280.2231
      247.4454     15.4849    529.4418
     1157.6133    839.9966   1046.6006
      199.4087   2098.4941    892.1484
     1254.5582   1547.3676   1380.6487
     1191.8479   1384.4657   1216.4186
     2112.6289    144.3792    969.2709
     1025.3032    379.2830   1636.5852
     1947.7946    926.3907    369.1353
      579.0499    847.4573    419.6009
      203.4103    391.2667   1877.5480
     2112.1216   1518.8409    935.7070
     1642.5337   2042.3215   2105.4424
     1465.4866   1652.7697   1796.7883
     1673.4537   1660.6440   1929.7097
      173.9252   1798.1769    614.0159
     1404.1312     23.6637    666.4521
     1072.2045   1205.1558   2155.7954
     1422.5295   1329.9172    954.2847
     1270.8215    358.0840    699.4886
      367.7093   1150.9658   1664.4188
     2045.6501   1662.6794   1118.9823
      908.9127     88.3514   1347.1206
      894.4289    578.9041    846.3969
      459.7944    967.2629      8.4808
      370.4053   2039.1266    567.3525
       91.4270   1969.3042   2087.3743
     1837.5796   1221.3232    635.2514
      665.0268   1100.3850   2226.5793
     1272.3080   1030.2555   1427.6229
      467.9349   1890.1583     90.0535
      767.0286      3.2436   1843.5933
      311.8111    245.3468   1034.8903
      715.8930   1697.0815   2203.5107
     1128.4291   1414.2794    128.5800
     1267.6946   1626.2251    194.2158
     1345.9202   1814.1405   1920.6479
     1984.1122    762.8359   2160.7312
     1713.7061    165.9853   1987.5771
     1271.8307   2010.9255   1563.3599
     1119.0018    105.7703   1017.4221
     1744.8425   1886.2385    225.7154
     1313.2478    797.8896   2221.1694
     2034.4994    641.6624    327.0084
     2109.6333   1139.0969    404.1547
     1249.5856   1256.1769   1651.1763
     1513.4005   1218.4570   2001.7871
     1025.0150   1247.8888   1714.7704
       44.3685   1197.8101   1447.3853
     1307.7639   1285.0916    228.1568
      589.1731   1848.5117   1373.3776
      322.8960   1161.5592   1405.2660
     2127.3220   2257.5149   1732.7257
     1772.8120    691.4485   1848.4456
      543.7584    489.3909    168.6737
      299.5952   1050.6833    193.8441
     2238.6721   1629.6141   1263.0515
     1395.5236   1209.4006   1812.3983
     1165.6841   1656.3286      3.4046
       30.1359    519.2020   1730.8271
     1126.1804   2261.0916    137.9853
     1335.6720   1930.2366    981.2341
     1027.7654     19.2941    590.4250
      788.5065    152.9504   2220.6292
     1933.0608    244.2215    171.1380
     1744.7870    516.7426   1588.4382
     1067.4648    389.0068   1848.2339
      553.9211     15.3906    855.4519
     1561.8004   2224.1226   2240.2288
      980.5609   1668.5236   1850.5925
     1343.1038   1666.6516   1207.2098
     1587.0660    441.5637   1007.6983
     1732.8568   1559.9329    110.4806
     1659.3844   1880.5444   1029.3969
      564.7197    299.1596    304.9834
     2102.6809    940.5388   1734.2916
     1114.8696    917.5463     12.4168
     1025.2009   1812.2684    409.0024
      947.5809    790.8799   2121.2070
      396.5244   1057.4333    803.8448
      245.7025    902.9462   1088.6168
     1392.7056   2230.2075   2088.0869
     1979.1912   1533.7358    125.6531
      400.9826   1807.7557    491.2627
      886.7728    330.3497    336.6772
       57.9862   1640.1562   1744.8424
      360.7038    655.2413    226.1368
     1485.6887   1095.7268    911.8758
     2117.5620    242.8236   1666.5955
     1216.0664    580.4734   1908.0320
     2117.7065    768.7852    753.4481
     1205.3983    166.1777    521.8635
     1896.7722    928.2887    807.3387
     1457.9611   1114.4589    168.8164
      951.6672   2178.1226    995.6937
       50.2297    207.4361   1206.1732
     1322.6323    119.2996    268.7231
      779.6210    386.5845   1501.6313
      208.0170    389.4412   2154.2764
       75.8147    972.5901     58.6055
     1686.8237    586.1622    179.0792
      338.3661   2227.4224    728.1190
      611.2658   1501.7955    353.0034
     1100.3187   1184.2382    112.5460
     1447.8751   1739.0137   1009.2960
      316.0142    805.6391   1882.1743
     1145.0577   1337.9829   1460.3170
     1513.4602     13.2671   1148.5009
       56.9260    244.5334    996.6645
     1064.3160    479.6496    726.8981
     1200.9878    729.5455    381.6386
       17.9994   1651.8324   1036.6757
     1210.9685   1556.5680    808.4351
      803.4436   1954.9086   1303.7709
      678.4529   1696.6082    561.1052
      915.3644    113.9885    404.1270
      931.6801   2167.5371      1.0497
     1509.9724   2221.3889    216.8518
     1716.3960    156.4998   1007.9543
      692.9406    512.3425    357.0905
     1527.3311    672.4183    936.2413
      397.4330    142.8361   2058.4019
      982.0573   1018.2122   2021.7329
     1536.5591   1455.3910   2209.6775
      592.6923   1507.9065   1792.9690
     1857.5872    176.8616    424.2628
      261.6956    666.1832    685.1670
       10.2222    402.5699   1986.0732
     2144.7422   1694.5443     83.5692
     1592.1766   2220.5393   1918.3063
     2071.8296   1408.8606   1943.8002
     2024.4698    828.9890    965.2332
     1949.3961   2152.5173    811.3154
      322.0522   2128.8899    139.6531
     2161.0950    175.4106   1914.5089
     1114.8923   1535.1195    564.6574
     1824.7083   1733.6602   1724.6012
     1811.4629    228.5444    664.8073
     2178.2017   1014.7986    757.3471
     2156.6572   1631.5461   1955.4038
      494.9627      1.9411   1207.4197
      381.0568   1995.1443   1027.0155
     1800.6571    338.9521   1894.9817
     2075.6248   1611.7471    537.3188
     2104.1003   1776.2251   1803.1814
      604.2467   1209.5732   1921.0336
      411.0143   1414.1309   1620.3754
     1008.8943   2038.1085   2090.4075
     1963.7526   2259.3398   1312.2921
      198.7260    176.5004   1410.0647
     1605.1001    573.3544   2010.6128
     1152.8546   2219.9438   2031.3899
     1916.3252    739.4021    170.7249
     1465.6364     64.8415   1741.1807
      796.4089    861.5783   1941.4047
      931.6542    909.0739   1136.4542
     2105.8188   1224.9166   2115.3408
     2109.7803   1025.7463    955.8488
     1461.9954   1093.2606   1558.1229
     2108.7842   1120.8647   1537.2725
      715.2595   1481.4532   2228.5720
     1911.6666   2122.7144   1724.5902
      887.0063    758.0916   1759.4546
      706.9426   1177.4847    560.5130
     1690.2598   1414.4598   2038.8096
     1568.5768   1684.7200    212.5387
      996.9775   1608.4220    830.4931
     1504.0071   1807.5726   2068.8901
      493.0547   1788.1398   1849.1373
     1603.2739    601.4974   1178.5618
      515.3993    469.2831   2204.4746
      321.4016    838.9943   1521.8032
     1392.2780   1827.9403    262.6488
     1955.3275    947.1368   1547.9640
      944.8775   1218.9641   1404.9948
     1317.9375    737.4777    937.4318
      324.2711    478.6485     56.6446
     1641.7002   1646.4508   2193.6892
      544.6117   1853.8934    669.0787
     2114.5312    998.4460    186.2390
      994.2122    733.1378   1295.8992
      725.6504   1847.6757   1136.5184
     1059.1411    269.1145   1153.7700
     1969.3434    792.6638   1879.5029
     1826.1056   1335.2981    224.7698
     1463.0273    451.8354     29.1496
     2236.0374   1003.9154    534.7932
      674.9568   1696.1768   1524.9917
     2203.3066   1873.0992    624.0242
     1965.2788   1472.4716    344.9312
     2123.6245    914.6498   1143.2173
      564.8889   1109.8357   1048.3081
      699.4651    614.4724   1461.1910
     1107.6906   2232.8335   1481.6407
     2245.5332   1003.0507   2098.6877
     1023.4020    497.7691   1240.0270
     1516.1250   1327.2876    351.3192
      448.3106    902.8273   1012.7892
     1457.5404   1542.3672    847.5787
      623.1624    679.8890   1674.8384
      256.1862   1581.8961    585.7652
     1910.3092   1248.4874    412.7088
     1741.0564   1370.4680    495.5728
      329.4213    445.3296    657.9207
     1739.8481     28.4053    758.9610
     1035.7216    450.1028    176.8417
      903.3283   2084.9521   1464.9344
     1964.9301    449.8741   1250.1333
     1941.5878    128.1388   2023.0742
      610.9875   1667.6476   1042.7542
     2209.8433    240.4203    379.3244
      150.4136   1437.1588    411.3084
     1320.6490   1495.5148   2236.4829
     2047.3894   1033.6768   1949.3759
      364.9720    686.5005   1072.7150
     1989.2223    334.6626    565.0244
     1540.2148   2074.5505    972.3359
       15.1614   1227.5564    754.0558
       44.4822   2067.3928    176.4956
      336.5052   1600.8982   1839.2985
     1829.5112   1683.2188    266.9101
     1095.3784   1473.3868   1914.6829
      456.7664   1430.7831   2041.2335
      178.8329   2148.2507    336.3327
      583.7125    278.3314     89.9250
      284.4738    569.2797    874.7466
     1893.3246    562.8947   2008.1996
     1961.6938    563.3163   1464.8344
      583.3052    987.1761   2030.7845
      193.3853    441.7529   1066.7594
     1581.4141   2124.0576    668.1766
      443.5832    934.5142   1696.1616
      124.3490     44.6637   1028.0422
      722.5717   2188.6558   1288.6088
     1090.5519    399.6712    490.7344
     1125.2083    247.0786    309.0122
     1315.3551    363.7336    184.2863
     2208.7539   1156.7963   1250.5118
     1785.8022   1199.0269   1249.4553
     1957.2708    284.4413   1065.1816
     1711.6956    909.9761   1639.8638
       77.2401   1232.8817    515.2606
     1976.5260   1863.2849    201.0135
      874.3854    486.9041    573.0964
      945.7156    799.9962    439.6027
       13.8881    871.5446   1628.7562
     1815.2899   1965.7428   2240.4839
     1165.6273    525.3715    975.9313
      845.4567    605.8298    205.3151
     1359.5325   1409.4952   1519.9944
     1701.3292   1184.8517    354.2582
     1620.7745   1678.8020   1225.6708
     1835.2870   1294.2753   1044.6598
     2184.3230   1883.5708   1012.5974
     1471.3054    858.5623   1658.0914
     1060.9836   1825.9277    811.0618
     1709.3328   2255.9402   1262.3359
      608.6354   1111.1980   1276.2435
      883.4835    789.8118     59.1592
     1742.0223   2252.7742    322.9350
     1641.4338   1874.0021   1421.9291
     1701.9746    788.0802    798.6218
      745.4539   2218.3496     97.4402
      402.6125   1368.9465    206.5785
      879.7533    276.4651   1001.9891
     1925.8557   1990.4357    626.6005
      507.3357    254.9373   1602.5530
