      893.8740   2088.3447    203.6988
      973.5134   1295.6456    707.6088
     1263.4613   1725.9171     15.7488
     1221.7375    780.7446   1858.6520
      682.2983   1627.2029    634.6682
      617.0600    643.5812    893.5452
     1864.7751   1462.7919    934.0411
     1339.1261   1872.4614   1137.7583
     1285.3071    380.7429    862.7415
     1066.5477   2182.8928   2205.6260
      515.2502   1594.2699   1355.5635
      888.0146    262.0092    223.5283
     1498.0470   1960.1792    467.2875
      554.1163   2196.7244    894.7455
     1746.8553    550.4026    783.3309
       75.9667   1427.5281   2054.0679
      883.1028   1492.4523    601.4762
     1344.4611    262.6490   1557.5979
     2059.2061   1694.3676   2260.9746
     2045.8093    410.0108   1744.6097
     1375.2761   1723.1781   1350.2990
      940.0002   1858.3893   1751.2015
       72.5132   1202.1500   2251.4771
      980.4369   1423.6412   2085.8728
     1112.6083    663.6637    846.1368
      263.7745   2193.1028   1687.0090
      770.3998   1107.5422    863.7764
     1630.0762   2062.0894   1900.0958
     1936.7416   2124.7959    279.8471
     2089.7961    312.4716    248.3224
      709.8212    731.7158    402.3882
      153.3167    966.8430    465.2529
      271.7075     29.8966    674.3097
     1644.2753   1510.5103    906.6221
     1386.5020    885.2704   1696.2487
      890.8848     34.6603    390.1328
      790.9911   2112.8293   2209.2988
     1101.4236    349.2858   1602.9941
     1868.2469    155.2046    263.8441
     1461.1239   2042.1858   2200.8699
      266.4512   1295.7267   1233.6758
      309.6204    243.7606     99.7133
      479.3730    133.5772    785.4091
      646.6899   1897.7678    801.9086
     1957.6409    184.9406   1309.1046
     1794.2307     59.5164   1420.1011
     1226.0703    159.1935   1071.2439
     1360.4706   1304.9816    822.6913
      128.9619    390.7461   2000.1329
      832.3081    932.3358   2205.8010
      557.0211    872.3526    900.2902
     1102.3068   1280.9121    174.5678
      527.1679   1266.9166   1588.7960
     1620.0472    982.0043      1.5177
      720.1953   1943.5004   1955.1962
     1739.3860    621.3995   1355.3549
     1742.2460   1474.7744    635.8298
     1059.4760     55.6970    163.6243
     1394.5664   1740.3062    515.7131
     1668.7550    750.7560   1627.7836
     2180.6172   1717.2982    510.2425
     2063.3169    638.5513    499.3280
      303.6129    151.5552   1528.0824
      251.4872    443.2750    540.3162
     2192.0579   1102.3040    396.2654
      905.6425   1291.8308    929.0279
     1465.0842   1011.3917    487.3008
     1533.1086   1364.9135     48.3303
      870.9302    280.9825    564.8342
     1223.4708    484.0313   1434.7692
     1256.8821   1178.2557    593.1113
     1904.6216   1925.1339   1831.0640
     1454.4323    974.2045   1251.6686
      241.5991   1230.1708   1945.2455
     1771.2476    377.0445   1399.1096
       12.7055    151.8372   1922.7251
      777.3633   1835.9476    112.6765
      309.8575     37.7463    952.9059
     1058.4624    584.8656   2007.4722
     1492.2201   1740.5693    915.8457
     2127.9912   1482.3649    721.5128
      540.9350   1049.9279   1100.4323
      842.9257   1823.6459    689.1473
     1501.9565    858.7242    224.6608
     1959.6713   1095.6270   1515.9792
      678.0469   2008.7764   1367.8658
      388.1006    764.6040     81.2531
     1725.3617   1707.4067   1397.4305
     1072.5518   1646.6703   1439.5897
     1158.2101    348.8930    153.6579
       96.9759   1308.9097   1790.0419
     2026.0215    130.4627   1822.8079
      188.6170   1814.6702    870.0846
     1377.2712   1462.5739   2143.6194
     1711.1685    476.7175    163.6904
      794.6197   2099.9500    650.6061
     1084.5522    174.8341    372.9867
       29.3293    934.6860   1456.3452
        9.2929    219.6517    596.3890
      125.3038   1780.4197   1736.1040
     1865.3909   1348.0577   1977.9402
     1838.5974   1127.0328   1255.9912
      576.5201   1551.4089    848.6604
     1455.4700    790.1381   2128.8682
     1751.5457   2056.0374   1432.8000
       74.0689   1522.6838    836.8942
     1506.8494    557.8721   1483.7340
     1490.1832   1916.7544    679.1482
      466.1965    747.2439   1615.0088
      332.5323    805.5051   1080.3740
     1356.7872   1212.7620   1944.1100
     1543.6638     74.2181   1501.7336
      505.1756   1544.0094   1104.9235
     2030.4054    744.3746   2021.9930
       25.9143    401.5125    395.9054
      275.3653   1716.5973   1076.5099
     1032.5978    494.5690    696.5089
     1867.1610   1856.0217   1548.1069
      937.1520   2240.9482   1754.2291
     2074.1365   1002.9064   1314.4644
     1978.3911   2181.2253    926.8981
      550.4612   1097.3281    452.4995
      533.4788    537.2474    484.0375
     1025.6539   1046.2867   1130.4174
     2021.7449    300.1197   2010.3458
     1613.5676   2120.4045   1213.9606
      235.9384    579.6425    985.8675
     2179.9670    309.1073   2212.5750
     1579.1604    815.0885    902.1592
     1895.6874    986.7369   1768.0272
      881.0939   1985.9894   1155.2240
      371.7117   1444.9838   1490.6049
       43.3353     26.5438    802.0131
     2013.6731   1751.6530    968.3300
       38.3476   1895.5056   2242.6963
     1335.6234   1481.7703    203.4652
      543.0554    415.3669   1271.1367
       35.1478    132.5764   1677.6410
      271.2078   1458.8608   1005.6683
      773.7021    517.8609   1179.3363
     1204.9406    119.3796   1355.5875
      386.5316    498.5562     95.8709
      840.3914   1685.3224    416.5815
      498.5212   1066.6576    784.2056
      878.0745   1397.6548    319.7781
     2014.9248   1659.1299   1186.9629
     1038.9989    425.8650    386.7796
      181.1839    173.8878    410.1383
      897.5554    843.0323    172.5452
     2012.9513   1223.5048   1795.3395
     1311.1923    678.4550   1596.5038
     1313.4659   1575.4810   1698.5056
      393.3114    389.0292   1458.7838
     2056.3035     71.9387     92.0098
      456.6302   2141.6863   1460.6146
      478.2400   1575.5334   2245.2039
      178.9517   1283.8878   1463.1368
      915.8408   1869.0719    921.8043
      952.4030   1934.0068   2196.5039
     2179.0500   1793.9431   1875.6544
      651.5174    914.2320   1962.2850
      435.1574    470.1620    722.8617
      431.0970   1817.6147   1470.5493
      364.7264   2191.4993    153.3938
     2171.8279    533.7408   1992.2407
     1969.6344    745.7660   1245.5737
     1864.7162    725.1422    682.5640
     1587.0659   1276.2020    339.1330
      355.3009   2238.2400    413.1144
     1364.3885    133.0071    576.9861
      910.7837   1389.2573     59.8701
     1348.5369    580.9670    295.5878
     1811.7573    503.9707    572.0668
     1693.2915    976.0912   1366.6041
     1087.2466   1029.0834    116.8834
      353.0765   1205.1271   1014.7296
     2141.9729    784.8878     20.5454
      896.9803    613.6925    970.6865
       19.4999   1211.6877   1254.2440
      316.0816   1938.6836   1671.8922
     1486.6268   1285.8418   1047.5747
      172.7608   2216.3992   1454.2473
      296.9760   1573.6366   2011.4402
     1020.2798    522.4477   1239.9583
     2226.4751     41.2081   1282.3322
     1125.0671   1954.0281    128.5658
     2037.1902   1280.6251   1410.5505
     1097.8505    783.7390   1090.5128
      755.6135    543.8978    696.4344
      346.7314    891.7782   2050.4709
      573.5624   1863.4784    517.2870
     1118.2579   1833.3407   1260.7397
      509.7101   1849.5289   2082.3711
      230.1567   1029.9620   1245.7566
      642.8702   1491.1829    412.0498
      741.5773   1265.7218   2023.5687
     1163.8656   1214.1740   2080.1257
     1014.8640    147.9335    920.3092
     2134.1729   1262.6693   1986.2115
      966.1916    413.5604   1429.2478
     1625.9110    432.7435   1894.8871
      151.9196    974.0513   1679.6454
      226.3109   2200.5205   1197.4156
       40.1577   1649.0873    177.8136
      108.8226   1003.8679   1945.9392
     1072.8419   1619.9982   1794.8101
      775.0150    977.6987    366.6609
     1779.7166   1405.6010   1395.4456
     1502.4042   1624.0173   1133.2341
      413.6587    633.1880   1371.1604
     2237.0684    821.5099   1225.2109
     2185.2302   1614.7389   2082.1021
     1690.2125   1043.5992    331.5602
      752.4999   1513.2151   1332.0062
     1867.6411   2228.4246   1190.7345
     1226.1354    573.5474   1044.5415
     1899.4961    500.1662    313.4402
      526.2960   1339.8613   1246.0625
     1902.8162    323.1557     74.8350
      502.0176    267.5357   1663.7344
      693.5397   1745.8539   1534.9445
      866.6561    497.8264    163.4643
      761.6748   1284.6997   1343.7371
      151.7940    593.1283   1827.9369
      618.2626    300.8136    952.7073
      850.4890   1138.2748    187.4951
     1788.5792    821.2889   2136.3596
     1782.4746   1719.3053   2250.5569
      903.4218    752.7720    619.0330
     1071.4199     47.5263   1997.6399
      677.8928   1734.6343   1775.9755
     1895.7892     90.1168   2162.1001
      862.9422    644.5960   1658.8103
      143.3232    494.3578    752.1202
     2136.4521   1501.9762   1003.0558
     1983.0826    480.9969   1289.3186
     1672.6924   1517.5021   1587.8837
      489.6131   1152.4225   1899.9896
      391.1047    505.5212   1685.7246
      851.0236   2052.2507   1585.7184
     1648.3749     30.7957   2164.9014
     2124.2368   2095.1333    109.3335
     1073.5131   1608.4904    240.2413
      914.0573   1045.3928   1862.6355
       83.5192    757.6622    683.1007
      125.4248    892.9377   2243.8481
     1611.7828   2155.9878    823.3460
      220.6126    427.4656   2194.1240
     1699.4994    672.7728    368.2997
     1669.7106    996.4620   1653.7371
      539.8600   1824.9489   1229.4061
     1129.6854   1143.8427    855.4039
     2005.2076   2130.6445   1413.1821
     1762.7314    307.9546   2129.8875
     1530.9939   1729.3944    303.9403
     1148.6387   1462.1472    697.5211
      695.0110   1051.2688   1733.6401
     1107.0576    242.8261    671.5374
     1347.7351    186.4367   1850.9316
      691.7938    659.0656   1439.8763
      345.7751      9.5081   2136.3662
     1448.8588   1127.8295   1724.3533
      695.4678    402.5398   1511.5381
     1983.3019   1635.6733   1716.7606
     1710.8655   1949.6049    596.5569
     2135.7380    842.8040   1597.7567
     1312.5364   1510.2883    533.8833
      922.9252    302.3129   1993.6130
      468.0659    862.8984   1388.4077
      781.4796     94.3038    780.4469
      999.4052   1021.6926    625.5160
     2116.3972    511.0737     44.3951
      206.2884    244.0701    710.7207
     2257.1152   1224.7823    635.4856
      701.1863     25.3996   1524.4856
     2174.3450   1021.9049   2110.3452
     1275.7975    328.5063    393.5590
     2138.2029     69.3055   2134.9121
      268.3240   1972.0449   2116.0349
     1310.1621   2237.8149   1520.3230
      245.5328    620.0221    309.3030
      971.7444    859.8771   1709.4604
     1019.4883    669.1281    377.9090
      293.0164    390.7123   1185.0881
     1283.0414   2170.7507     76.3683
     1140.6345   2178.2969    359.6645
     2050.1868    852.5818    253.7100
      148.2106   1442.5964    597.0865
      579.9759    793.5579    659.8399
      300.3040    802.5847   1826.4138
     1220.7384   1972.0481   2145.9556
     1341.6606   1090.6283   1011.2744
     1570.4785    467.8017   2218.7625
     1486.7207   1438.0490   1756.0844
     1987.3529    984.3239     12.9318
     1606.4567   1075.0889   1053.5773
      162.2799   2106.9717    315.7941
      125.4605    335.3557    187.7923
      684.3958     55.3827    566.4810
     1182.1716    599.7126    559.0734
      471.0377   1813.3217    926.9501
     1358.0834   1498.5363    961.3372
     1425.3364    758.4120    460.6692
     1015.0232     28.8689   1533.7303
     1046.4650   2232.6763   1133.8555
     2074.2834   2009.8510   1101.6968
      644.7470   1521.9698   1588.4813
     1473.3651    376.6077    202.4565
      574.8746   1747.1898    296.5620
     1670.0521    625.6804   2023.0066
       21.8024   1719.0205   1276.6354
      872.7333    778.9149   1245.7913
     1200.4412    371.3956   1230.4324
      104.0821   2046.2035    889.3172
     2202.5996   1677.8567   1580.2576
     1220.3541   1936.4044    351.9685
     2113.8208   1194.0862    829.9062
     1449.2666   2188.4414   1022.7243
      957.9457   1305.8230   1887.1118
      562.8007    747.8331   1173.4072
      283.1288    323.6893    935.4763
     1321.4855   1691.2471    734.4611
      684.7654   2153.8459   1821.8774
      971.4156   2055.1077   1941.3501
     1811.3796    207.0704   1866.5001
     1554.8271    278.9414   1679.3488
     1228.9796   2188.9954    621.3795
      751.5734   1209.9478    542.6157
       27.1984   1047.2749   1040.4640
      938.2529   1155.3433   2194.6899
     1451.1522   2234.8369   1740.1554
     1989.1298   1463.2034   2201.6267
     1507.5564   2082.6201   1466.5623
     1444.6027   1120.8386    177.6153
     1109.6056    605.8084    158.4920
      796.3134    814.6317    818.4501
      486.8520    503.4507   1019.6669
     1371.1510    396.8753    628.4237
     1238.2477   1430.2457   1439.0529
     1447.4717   1334.2000   1547.0981
     1377.4216    695.9833    791.8264
      281.6389   1025.4789   1480.2267
      349.7940   1578.7528    819.3439
      813.7498   1582.9448   1915.0325
       99.4748   1862.2822    329.8022
     1770.1836   1487.5885   1819.6510
     1683.8914   2007.9753   1668.9746
     2087.4016   1623.1754    259.2463
      118.3634   1801.0558   1994.9642
     1878.7654   1335.7338    715.7068
      575.7573   1293.0504    975.8145
      749.0702    246.6095   1326.0649
     1231.5173    885.2791    599.0460
      113.0819   1934.3163   1515.5110
     1289.6445    936.6113      3.0467
     1223.1362    754.2585   1309.9958
      702.8608    279.9617    373.2233
       61.1482   2036.5419   1779.9740
     1763.9546    805.8063   1894.5275
      965.3624   1839.3961    257.8193
     2158.2883    991.7103   1793.9501
     1896.1133    849.2111    449.1716
     1192.6171    419.5162   1848.8879
     1423.5154    566.3901   1250.4482
     2163.3140   1382.4019   1598.2705
     2205.4766    496.1814    647.1234
     1222.9525   1446.9974   1938.1814
     2097.4722   1468.3035   1850.1471
     1525.6025    210.5175    356.9745
     2206.4417   1137.6000   1608.8829
      806.0688   2226.7244   1326.0210
      426.1543   1522.9899    224.0984
     2040.3539    135.3029   1087.6461
     2214.7197    310.0915   1238.1023
     1690.7230   2002.2198    306.2880
       41.4839    573.7677   1168.2715
      403.5335    274.2843   2124.6990
     1908.4652   1047.7729   2009.3383
      837.1985   1764.1993   1307.5278
     1864.3118    532.3141   1877.6863
      237.9427   1574.3253    381.3557
     2143.6604   1850.2333    211.8722
      688.0285    645.7192     63.3370
      395.1053    418.5531   1898.4408
     1513.7904   2181.0879    604.8693
     1906.0632    531.8053   2146.9062
     1729.1361   1235.0416   1757.8306
     1746.5715   1389.5441   2213.8093
      798.3044    510.3949    456.0664
     1091.4991   1480.1920    478.0757
     1659.0874   2249.3057    401.6847
      750.2809   1469.6027   1052.6859
     1659.0819   1537.2819    170.9695
     1097.6606    618.5228   1719.1134
     1812.6152   1714.9908    477.5765
      391.9865   1864.0907    712.1486
     1906.5424    547.0670   1521.8572
     2125.3298    699.1528    777.3660
     1891.5719    833.4033   1475.6785
     1193.4102   1105.4518   1781.8933
      458.9473   2063.6655   1903.0222
     1729.6495   1731.2544   1770.8259
     2247.8362    476.0169    917.8557
      929.1824    141.9964   2231.0481
      193.9310   1682.4243   1482.4299
     1899.1825   1369.9421   1597.9314
      617.0438   2058.6802    139.4637
       59.9288    762.3541    942.1320
     2146.7571    568.5294    284.5875
     2228.9348   1423.8903     25.4460
     1718.2313   1163.2368   2116.0698
     1885.6986   1146.9380    896.5495
     1435.0387    197.2610   2255.4253
     1106.0732   2016.2252   1046.8842
      432.6497   1216.8989    139.2455
     1597.3141    341.5561    693.2578
     2018.4370    927.1014    817.5911
     1558.9056    460.1914    422.0583
      436.3082   1993.7385    322.8971
     1997.4224   1866.6669   2066.9900
      799.1420   1174.6967   1135.1086
      907.3077    813.9677   1976.1305
     2210.9800   2198.7173   1026.2544
       41.5542   1478.5000   1181.2050
     1746.4086    302.2279    436.2044
      839.5929    303.4164   1075.3190
      188.4767   1600.8633   2210.7046
     2114.7698   1326.1053    209.8523
     1309.1437    162.6544    197.6576
     1956.0236   1438.9310   1224.6045
     2207.6257   2151.3735   1587.4943
     1345.6454   1298.3828    379.0737
       62.9722   2144.4109   2205.3115
     1513.5776   1841.2604   1565.6866
      408.4009   1427.6115   1784.1903
     1418.6062   1974.1195    190.2394
     1174.8845   2216.3167   1801.2094
     1493.2175   1271.6527    582.0387
     1693.8668    508.3734   1663.9374
     1998.7230    442.8141    782.0994
      632.6334    463.0425    242.7496
     1553.1866   1972.4552    976.8740
      122.2279     23.1969    124.8875
     1947.3905    659.0042     85.8555
     2072.6667     50.1385    716.9201
      105.9104   1579.4166   1861.6533
     1471.3672   1830.5616   2087.8708
     2205.9500   1743.6393    749.8636
      683.7413   1339.9946    747.8854
     2040.8097    608.5224   1036.3707
      513.5896   2231.1887   1210.4088
      232.0491   1968.4066    120.0154
     1813.9006   2190.7644    567.9661
     1880.7946   2193.8376   1944.4121
     1718.9833   1743.8441   1117.4094
     1822.1046   1355.3419    344.1534
      402.2468   2021.3411   1134.2653
      515.3600    575.5167   2162.2900
      440.2443   1549.6465    553.0590
     1029.4498   2065.9414   1340.6338
     1708.0583    217.3141   1217.6556
     1518.9591    700.6878   1848.1044
      871.6519    450.2347   1799.0389
     1669.0850    205.0751    113.3512
      407.2127    966.1923    312.4467
      994.3623    185.9233   1244.6249
     1308.6473   1985.2720    872.7463
      473.8123   1107.6041   1363.4813
      709.2087   1056.6055   1490.6528
     2063.9131   2105.1218    573.3904
     1894.0576   1605.8145   2003.3831
      475.2491    958.4958   1683.4404
      741.6271    590.0939   2010.1613
      947.4533   1853.9556   1507.8949
      537.2805     46.8095      2.2585
      722.9388     82.3416   1089.5815
     1730.2784    528.8070   1132.1748
     1652.9419   1585.0317   2068.2183
      967.1064   1138.0629   1335.1598
     1265.6947   1205.3242     40.5271
     1008.3104    675.3953   1485.6626
      647.3209    309.0683    662.6778
     2158.9365    250.1238    835.8260
      481.5581    195.0291   1128.1409
     1288.7317   1978.2542   1397.8754
     1911.3757   2165.3337   1680.0957
       31.2491   1504.5403   1434.1681
     1648.2871    693.4461     40.4563
       63.3899   1270.6279    942.7869
     2155.2844    889.1296    595.7025
     1430.8170   1030.3737   1489.6686
      142.8720    468.7593   1382.3942
      819.7473    350.5347    824.8733
     1595.8746    124.6470   1952.7217
     1481.7158    792.7824   1437.1860
      740.7482    981.9432    622.4922
     2054.2170    839.5173   1024.3462
     1060.6691   1691.1157    747.7614
     2021.1255    351.3329   1029.7969
     1885.4232    177.5367    864.7292
     2142.3755   2178.7747   1878.3451
      568.0516   2094.3792   2155.0110
      632.2975    532.5350   1777.7402
       41.9627   1034.2317    763.7383
     1397.7756    968.9895   1966.8309
     2044.9019   1275.8185    501.3593
      161.3475   1220.3569    358.4555
     1236.2439   1071.2581    346.6848
      900.6887   2171.1404    925.2862
     1670.9119     18.1961   1745.9037
     1475.4318    294.2012   1341.3677
        2.2321   1474.6504    443.3422
     1459.3605   1583.0023   1516.3256
      286.1384   1195.4812   1668.8511
     1272.7085   2149.5835   1220.4915
     1420.1454   2178.5605    360.7375
     1937.9365   1920.5035    385.2396
     1968.9294   1528.1014    481.7754
       24.9683    261.6467   1475.7361
     1702.2971   1823.0082   2034.3743
     2012.8643     61.0351    468.0327
     1989.7377   1236.7618   2238.9055
      661.8642   1282.8301    287.3462
      506.5261     30.5043   1691.8103
       79.7564    198.3674   1039.4856
      680.5958   1530.8651    133.5625
     2178.8694   2034.6840    362.8601
      986.0775   1397.1395   1488.4219
     1112.1949   2039.3324   1590.7665
     1200.8751   1580.9747   1210.5352
      370.8757    376.6551    367.7521
     1176.2833    909.0356   1583.7961
     1619.6005   1890.9955    107.2129
      601.5381    996.8738    143.3738
      754.5557     57.8801   2056.4009
     2006.5894    332.7590    495.2133
      729.3939   1493.1606   2153.0620
     1788.8564   1983.1986   1068.8961
     1756.0510   1824.5819    880.6008
     1646.4012    852.1598    560.5579
      625.2333    336.9348   1962.9141
      360.8103    949.2178    613.8314
      265.7639   1722.1467    167.6717
     1498.7234   1500.7946    708.2148
      703.1458   1757.4316   2172.7178
      648.6572   1368.8315   1816.9685
     1052.2297    917.6436    376.7418
     1271.4795    918.4480    852.1529
     1970.9983    711.1091   1751.3873
     1195.8132   1167.1008   1501.3075
     1235.8774   1801.2986   1579.6566
     1181.2594   1768.0110    968.5933
      337.3297   1796.9525    446.5358
     1286.3643   1704.6428    277.5549
      248.9172    971.3107    907.6592
      857.1210   1592.9863    870.8658
     1858.4574   2018.1918    819.3336
     1497.2424   1685.3990     29.9392
       29.5142   1947.5050    592.7367
      646.9984   1276.8892     34.1281
      137.2306    161.8127   2182.6482
      572.6865   1092.3857   2163.9155
      246.7160    178.1571   1275.9257
      784.1375   1283.9895   1610.8248
      250.5582   2055.7449    613.3860
      709.9380     56.2400    177.5987
     1746.6074   2014.0812   2154.5515
     1983.3884   1874.5966    637.9758
     2035.6704    101.4150   1571.8254
     2127.8484   1990.8054    837.7511
      353.4130    696.7734    527.7108
      525.9099    148.9031   1398.0936
     2195.8071   1083.6766    125.3768
     1465.6311   1142.7483   2157.8098
      179.1100    675.3089   1562.2209
      995.1465    925.4284    911.8447
      156.4045   1962.5168   1126.9485
     2000.4081   1598.7250   1432.6652
     2073.0000   1946.7092   1644.0758
     1621.7300    747.0710   1160.8691
      214.7859   1039.3378    161.8876
     2075.7991    349.3826   1467.9591
     1683.1196    313.0181    971.0585
      297.4648   1083.1136   2165.8604
      673.1025   2020.3192   1021.9494
     1801.5021    868.3306    173.9192
      277.1695    661.5740   2067.2148
      125.9332    620.6367     83.9559
       61.1746   2221.5784    531.6010
      518.6431    728.4222    271.0618
     1359.4943   2033.9954   1950.1190
      194.2802   2185.7839   1963.2839
     1246.8445    497.2053   2203.8682
       40.0165    669.7130    444.2860
     1488.5129   1044.9004    778.2991
     1334.0094   1254.0792   1312.2087
     1218.6409   1005.2302   1282.6744
     1703.7173     35.5015   1027.3857
     1638.0181   1052.8762   1902.4758
      304.8896   1183.9869    570.2676
     1380.4292    681.4419     73.7607
     1785.4581   2185.5620     92.0069
      708.5834    167.1552   1779.1331
      157.9043    354.1478   1717.0466
        4.7379   2041.0747   1296.0764
      892.8657   1519.6758   1688.4026
     1754.2849   1177.6650    128.6497
      902.6685    666.6856   2212.8914
      182.0941    731.4615   1306.4779
     1100.8461   1719.9243    490.6398
      357.3147   1792.0322   1877.9071
      931.4984    932.9218   1465.4362
     1493.1552   1453.3379   1304.1407
     1793.6357   1284.0076   1079.7507
      274.8551    159.9857   1883.9926
      349.9485    735.7666    813.6337
     2225.0725    764.5674   1812.6526
     1555.4563    601.3904    652.0070
      978.8655   1138.7325   1609.0615
      186.2991   1363.8763    145.8018
     1213.8856   1922.5348    643.6669
     1432.4126     86.9854   1215.1669
     1620.7700   1724.0018    670.2061
      489.2950    673.5902   1883.0176
     1580.2595   1514.6085    417.1717
      932.5224   1777.3669   2013.2393
     1826.5883    252.4167   1636.3997
     2247.9761    512.8688   1623.6184
     1211.7566   2235.6431    901.3284
      547.3364   1597.4003   1941.3563
      754.5679   1948.2351    377.7719
       37.1823    838.5452    253.0049
      496.5623   1351.6115   2031.7042
     1801.2513    686.0188    973.4389
     1689.4445   1479.1912   1141.7073
     1212.5491   1831.2820   1864.9169
      579.0127   1984.8203   1664.9540
     1638.7197   1255.8937    839.4639
     1825.1256    932.0965   1074.8203
      449.7039    196.8781    525.6534
     1601.3926   1221.2876   1273.2269
     1088.1925   1508.7754    947.4727
     1398.1434    788.3486   1090.3651
     1207.3894   1286.8906   1086.4961
      879.2900    195.8011   1571.3879
      994.0787     33.7171    610.0045
     1982.0342   2087.5522   2146.2036
     1922.6729   1646.1697    737.5758
     1896.8572   1494.5424    159.1773
     1351.5382   2009.6859   1691.1085
      586.6702    294.6021     44.5783
     1555.1520   1351.5795   1976.2950
     1170.1897    178.0251   2179.8171
      472.6020    141.6315    262.5398
     1013.4578   1994.6646    482.6265
     1814.2410   1745.1143    250.5756
      501.2921   2093.8079    605.1601
     1536.5461   2245.2454    140.8893
      512.4796     91.6903   1938.7732
     1375.0353    342.4032   2029.3567
      267.9274   1925.4124   1354.4976
     1005.3785   1203.6100    460.2086
     1870.7827   1875.4323   1264.5444
     1142.4738   1462.4146      9.4954
     1173.0258   1684.5671   2030.1570
        2.4532   1759.6528    993.9683
      283.3195   1594.6826   1274.0210
      177.8450   1703.5864    632.1044
     1528.8444    534.1640    932.1886
     1065.6044    219.7851   1776.5785
     1904.6875   1922.3689     53.6728
     1157.4614   1378.7000   1692.0776
      187.5017   1515.1533   1654.8162
     1069.4098    390.2356    959.9803
     2227.4009   1996.1637   2021.8741
      778.9741    930.3329   1059.7268
     1684.8794   1192.6643   1514.8699
      344.8939   1355.2698   2201.5481
      437.5934   1307.8789    756.1258
     1612.9515     99.3216    709.7433
      666.9719   2173.0261    380.0250
     1347.9740     15.4256   2071.4304
     1389.2023    459.2943   1753.5339
     1747.9209    924.7391    782.9503
      718.0205   1702.6785   1079.5278
     1464.7040    368.0675   1104.2433
     1423.6128    160.8281    925.6144
      391.1935   2015.4713    899.1199
     1125.4994    968.7556   2030.9033
     1859.1866    214.1819    642.8611
     2092.0906   1867.9438   1399.8070
     1466.5111   1814.1481   1797.1744
      436.1976   1701.7428   1654.9543
     1597.1505   1899.9731   1300.7382
      967.3427   1656.9243   1125.6489
     1443.4371   1620.8970   1934.0187
     1936.4807   1109.0134    269.7193
     2084.6162   1157.7977   1107.2045
      407.5673   1323.6543    379.2425
     1709.1331   1146.6681    597.5250
     1005.6493   1381.7238   1211.3016
      697.6287    973.9142   1287.9474
     1024.1503    423.8441   2188.6760
      716.2557    832.7825   1675.2723
     1150.1322    762.5893   2200.3630
     2148.0928    628.4192   1419.3909
     1358.0026    597.7599   2004.5977
     2216.8550     91.2385    310.5850
       58.1715    723.0357   2060.7910
     1036.8230   2029.9717    763.2399
     1948.3383   1071.5146    613.8701
      774.8293    388.6528   2197.3440
      218.3717   1218.5634    775.2949
     1247.1002    809.5944    270.6592
      962.8716   1684.5492   2240.6213
      501.1510   1844.6814     47.1813
      575.6765    822.1152   2169.4880
