      856.7312   2229.2449    194.4169
      862.3082   1440.0425   1026.1968
      895.5591   1873.9395    207.3046
     1038.4894   1072.5217   1688.1669
      605.5756   1754.3904    678.9805
      611.2675    630.9896   1063.3925
     1792.7372   1398.7305   1031.3350
     1210.0457   1871.4205   1172.4523
     1313.5227    126.8345    770.9322
     1318.7220   2142.3567   2211.1284
      535.9302   1523.0553   1476.7139
      808.9050    182.1014    196.5107
     1355.7870   2063.9631    302.1078
      804.5175   2179.3887    866.7467
     1375.8345    847.0858   1132.1754
       34.3151   1378.3939   2100.3223
      996.2269   1700.9086    520.3456
     1311.5961     46.2451   1374.3915
     2111.5408   1947.0851   2248.1116
     2199.2664    476.8061   2216.3374
     1000.0848   1837.0247   1174.7767
      565.2648   1905.9735   1753.5941
      108.5444   1192.8114   2138.3594
      690.6376   1180.7637   2130.9788
     1124.4253    823.4677    636.8354
      232.2527   2067.1877   1856.6969
      365.7638   1486.4447    777.2335
     1391.1829   2168.5730   1689.1477
     2056.2969   2150.4500     28.5583
     2033.8788    289.1616    257.0636
      810.5582    852.1469    501.1995
      120.5101   1075.3514    615.6589
      563.9304    145.6612    658.1821
     1554.7545   1576.1794    854.5579
     1234.4602    762.4158   1597.6638
      725.9794    138.9206    759.9730
      855.2276   2097.2009   2120.4331
     1284.6702    491.0862   1402.3916
     1938.2509     71.6200    346.8954
     1519.9313   2083.1597   2211.9175
      307.4971   1317.1052   1378.7180
      283.9091    368.8149    392.3339
      482.4533    305.6661    732.1953
      470.6828   1895.1338    788.6688
     2136.6836    152.0001   1359.1301
     1764.6130    160.3708   1578.6879
     1087.8671     84.8701   1119.3625
     1207.6332   1367.9752    731.7721
       65.3116    681.9791   1630.0325
      897.3888   1226.6965   2231.1411
      637.2721    878.1455    965.0574
      960.6834   1466.7891    431.0410
      459.3483   1326.5068   1529.0642
     1547.0391    915.1047    165.1009
      561.2891   2245.1929   1680.9733
     1604.3245    696.8214   1376.7834
     1694.8257   1547.9579    687.0532
     1250.2013     91.3867     75.4140
     1326.1816   1877.1693    585.5106
     1650.8839    669.6674   1569.3301
     2185.5085   2133.7861    461.5653
     2168.3669    550.0960    894.8698
       59.0881    312.3078   1714.7871
       12.6432    556.7070    726.9347
     2246.9851    752.6235    304.9321
      721.0731   1351.8422   1217.9955
     1290.4773   1335.8734    456.7347
     1448.1064   1483.7153    424.2335
      811.0162    288.1141    610.4686
     1184.2487    676.0201   1399.1704
     1012.6346   1400.0624    742.3311
     1940.7002   1917.8416   1849.1901
     1326.9991   1028.2408   1272.4697
      282.3649   1453.6830   1914.8058
     1673.3416    496.4387   1392.6373
      191.5044    193.0715   1838.8816
      670.9443   1879.0897    146.6526
      344.4308    105.8872   1010.8850
      938.1658    448.8177   2099.3276
     1450.9224   1690.0153    731.5745
     2134.1709   1495.8452    776.5275
      708.3614   1008.1426   1101.4928
      712.2836   1971.8285    747.2480
     1485.8730    832.7273    341.4517
     1697.0043   1371.6113   1466.2606
      568.9214   2222.2014   1450.8853
      443.1909    764.1008     47.7269
     1348.1592   1677.6593   1380.9470
      647.7132   1690.7274   1462.1757
     1065.4019    572.1409    130.0837
      123.1107   1306.4305   1912.0875
     2075.7754     79.7849   1540.3376
      326.0396   1617.7798   1003.0677
     1150.1753   1622.1196   2068.9238
     1748.2051    359.5452     19.3698
      786.7583   1981.8572    572.0052
     1480.0004    328.5029    403.7234
       63.1288   1274.5562   1695.2585
       69.6069     20.7637    552.4860
      142.9694   1791.2112   2066.6755
     2006.2958   1334.6492   2229.6633
     1968.8824    965.4684   1177.9136
      691.3311   1435.1001    927.6502
     1610.9985    793.1666   2262.3015
     1760.1193   2257.8550   1441.8163
      168.1725   1530.9104    863.9388
     1345.7440    274.4056   1741.7135
     1779.4286   1887.5220    677.1842
      233.3483    789.7880   1737.5776
      230.7742    982.6078   1026.7069
     1476.9866   1372.1062   1772.1910
     1483.1179    133.1500   1280.8383
      192.4940   1815.7559   1263.4943
     2093.0049    606.1918   2095.0178
      128.8754    477.5388    503.2145
        1.1632   1890.8311   1342.3705
     1353.1289    497.4954    426.5744
     1781.6083   1930.1543   1679.6385
     1058.5546   2203.5415   1627.0038
     2180.7249    950.5751   1446.0439
     1988.3405   2017.2419   1231.6030
      570.4659   1128.0648    681.2237
      203.9255    235.7595    512.2311
      991.6957    864.6995   1303.4127
     1946.5354    160.3245   1707.9788
     1672.4604   2048.5754   1398.0183
       28.0858    643.6995   1122.9156
     2142.6416    263.8957   2155.1167
     1330.7019   1008.3066    986.3546
     1953.2966   1086.9281   1737.6311
      711.8436   2030.4900    958.1482
      197.4955   1120.1532   1656.2738
       18.2446    154.2910    847.3488
     1983.1738   1594.9878    920.1107
      225.1183   2076.4705   2216.9976
     1070.7133   1832.0594     95.4602
      326.8218    281.2709   1170.2614
      168.0057    149.6910   1635.9917
      290.0337   1448.1703   1077.7925
      597.5172    328.4370   1364.3850
     1282.0729    151.7101   1179.2383
      629.4106    753.7495    396.0680
      607.1556   1649.5969    489.1471
      419.1600   1304.8322    985.0563
      814.7688   1608.2985    431.3188
     2140.6343   1703.2384   1364.6810
      948.9872    679.6440    616.6217
        9.3632    188.4136    455.2133
      579.0574    956.6957     58.7317
     1822.4030   1550.6964   1750.6613
     1080.9454    658.3607   1643.6583
     1193.4336   1776.4105   1533.8259
      390.6780    314.9696   1372.9280
     2147.9294    268.4075     93.3422
      366.9108   2199.6624   1299.1699
      640.1873   1771.1134   2227.0713
        3.4894   1550.9153   1762.1393
      894.8089   2001.3743    851.4237
      783.0637   1989.8586   1917.8772
     2118.5054   2062.7261   2094.7600
      582.3064    767.0016   1880.7964
      405.0713    515.1569    741.7750
      291.8177   1693.8661   1391.6266
      372.9523   2242.3496    290.6219
     2118.5884    626.0900   1885.8572
     1817.2424    644.5305   1400.3081
     2025.8030    507.3640    731.1241
     1889.1610   1140.7432     70.0934
      426.2493   2146.2051    476.8692
     1468.0814    130.0934    372.9493
      620.8458   1326.2115    240.4960
     1674.0500    730.5207    381.7898
     1815.1012    383.0239    559.1949
     1790.7932    811.7166   1501.6321
     1305.8707    846.6426    214.0351
      381.3965   1127.7283   1122.3208
     2035.2423    453.5391    112.2454
      895.3160    454.1954   1171.3044
      185.7001   1217.8335   1252.7274
      233.6733   1847.5885   1845.8639
     1249.6287   1537.0143   1034.7839
      273.3752   2099.2007   1647.1976
      410.6620   1700.7743   2240.2371
      857.1934    855.6958   1447.5240
     2219.9524    213.1745   1573.9501
      846.4984   2011.9119     80.4041
     2059.5776   1359.9222   1412.1284
      953.5267    647.1871   1040.7726
      625.9175    588.1008    688.7195
      389.5941   1089.1328   1877.7059
      227.3338   1845.5870    432.4523
     1158.7563   2178.8430   1019.0521
      470.3356   1907.0912   2128.5151
      290.0609    985.6460   1237.5165
      786.6960   1187.1194    461.0772
      608.1706   1250.9491   1859.4878
     1359.2312   1320.9323   2149.6057
     1134.5775    424.0116    894.7514
     2248.5681   1147.9230   1940.0503
      963.3867    677.1405   1460.5369
     1332.5708    439.5809   1912.4915
       32.1865    890.3678   1694.7395
      115.6066   2164.7358   1151.9272
      232.4705   1671.4357    305.7549
      201.0808   1125.4884   1926.2081
     1015.8569   1861.7087   1399.7861
      910.0021   1053.2704    793.6559
     1881.3645   1261.3633   1413.7811
     1523.4248   1784.7086   1095.7233
      498.1019    545.9872   1462.3490
     2022.0891    725.2368   1396.8561
     2189.7988   1821.9672   2065.6790
     1471.1619   1078.8879    256.9135
      831.7878   1553.9198   1437.0797
     2124.4927   2063.6138   1354.1353
     1363.0911    681.7189   1034.0166
     1924.3289    779.2667    553.8764
      535.3295   1345.4663   1332.9629
     1850.9894    445.9746    202.0034
      374.5709    477.1180   1605.9290
      372.0645   1912.2382   1558.0808
      619.2047    275.2646    134.4990
      694.3681   1383.2078   1447.2124
      196.0726    539.1085   1686.3988
      451.7297    757.5207   1000.8353
      904.9645   1299.2117    314.5330
     1687.4594    673.4327   2088.5579
     2129.0217   1482.9874   2141.6992
      760.0338    703.4569    956.2921
      913.1441     69.4035   2062.7861
      404.5597   1761.6825   1725.0453
     1785.7944    158.0696   2165.9038
      630.5002    566.5961   1870.5148
       72.0662    671.4814    916.9969
     2084.8347   1285.3042   1187.5211
     2254.2617    332.7823   1412.3796
     1837.8229   1676.8386   1573.7872
      333.8152   1119.2379   2096.1543
      254.6624    473.1655   1429.0918
      571.8010   1888.7893   1548.4214
     1621.0006     93.1012   2008.7521
     2181.5486   2261.1809    125.3505
      980.7333   1662.2360    337.7195
      660.5851   1096.2985   1721.4113
       90.0949    847.7911   1120.9963
      163.0016    778.8080   1972.8556
     1763.8306   2253.7671   1082.3063
      261.1286    669.0881   2258.3032
     1607.0188    975.1708    376.3549
     1538.7040   1018.7099   1660.9954
      514.7197   1684.1130   1327.4667
      971.3065   1010.9465   1159.4125
     1919.7335   2061.0085   1461.1580
     1633.1685    278.4280   2095.2617
     1671.3120   1853.6375    344.2175
     1312.4294   1515.7921    564.8867
      531.2195    978.0030   1814.5110
     1214.6711    228.1987    638.7316
     1236.1522     29.4062   1775.5457
      791.2368    718.1520   1322.0270
      364.6607     63.4244   2157.2678
     1210.2314   1036.4668   1581.6476
      566.8635    372.2914   1928.9177
     1991.4440   1937.9811   1645.7767
     1584.6564   2182.5718    536.6961
     2110.9749    601.5735   1670.3428
     1191.2515   1718.6187    456.2558
      668.8492    185.9512   1974.2031
      633.2369   1029.0001   1333.9926
      627.5455    273.6512    902.6552
      782.1852   1371.3615    753.0800
     2248.8494    389.0478    196.2194
      330.1880    175.7506    672.0775
     1954.7478   1317.9832    670.7488
      692.7592    295.6273   1568.1326
     2058.6794    802.1461   2177.9548
     1080.1663    502.6246    338.6242
     2191.9434      9.7904   2100.5652
      263.3936   1957.3438   2034.5387
     1330.3953   2110.7124   1367.9463
      184.1363    845.9376    303.1328
      646.0201    847.1358   1592.7802
     1001.6790    725.8368    263.7826
      409.5325    623.3997   1141.6119
     1228.2576   1953.5884      6.6963
     1077.4830   2230.6091    207.0727
     1750.3573    542.1836    375.1556
      337.7777   1474.9948    518.8796
      725.5712    958.5697    728.7972
      179.7030    950.6810   1835.9685
     1023.2385   1997.6034   2222.5200
     1250.4800   1140.2427    868.7438
     1671.6121    478.3567   2087.0378
     1387.2378   1617.3531   1600.5966
     1773.2078    959.2665     35.3329
     1726.0491   1042.4487   1174.5845
       90.2237   2036.0128    420.0910
      211.8099    335.3319    157.7824
      552.6080     48.0094    489.0677
     1281.2892   1002.6323    603.4728
      241.4255   2034.2491   1248.5255
     1472.6028   1617.5773   1036.7700
     1555.9707    761.8702    549.9805
      755.8954    296.5060   1074.8470
      605.7221   2261.8145    836.5886
     2127.1594   1853.2382   1186.9153
      698.2376   1550.8969   1590.1549
     1553.2061    547.1133    383.9767
      720.4748   1948.7177    341.6544
     1759.6891    568.6467   1920.1301
      174.2221   1908.3035   1442.0668
      796.8610    921.3627   1280.1071
     1001.2350    326.8925   1368.7445
      186.4789   2115.3679    857.8551
     2141.9058   1753.5320   1726.3053
     1034.6458   2022.0881    169.2834
     2132.5818   1342.7024    973.4496
     1494.2069   2073.5527   1226.0554
      970.8705   1515.8599   1601.2556
      467.4398    795.2802   1244.7882
      394.8636    573.7795    944.6215
     1513.1798   1881.6846    670.7132
      412.5290   2175.1887   1828.3904
      809.1280   2178.4277   1741.8136
     1493.6771    270.9891   1912.2333
     1698.9998    355.2126   1565.7159
     1079.0332   2186.3835    593.7915
      573.7600   1415.4513    759.1001
       97.7156   1061.4707   1163.6376
     1231.4276   1474.0670   2164.3701
     1247.9794   2220.2400   1561.1161
     1906.0626   1752.1868   1747.8877
     1518.0323   2052.3469   1604.6512
     1111.6432   1194.6257    106.8374
     1270.2267    635.8647     64.4740
     1047.8419    995.9121    509.5941
      443.2255    461.6500   1257.8916
     1608.2186    299.5452    192.4611
      846.9920   1734.8978   1408.3925
     1538.4097   1394.4976   1313.3998
     1505.5782    600.5555    909.4106
      232.5739   1052.1982   1406.3040
      528.7594   1652.1151    824.5590
      750.1051   1390.2876   1861.7576
      122.6939   1996.0267     94.8209
     1716.3864   1726.9308   1737.6875
     1611.9532   1781.6448   1894.4226
     2240.0637   1519.3231    258.3666
      271.5748   1884.4918   2231.1340
     1765.4581   1376.6433    802.8967
      393.2299   1313.0464   1201.8345
      567.8041    100.9625   1023.8670
     1001.1613   1171.2031    633.2764
        3.3206   1915.7655   1735.9410
     1398.3297   1012.9146     89.0401
     1188.4539    834.6509   1252.4409
      636.7960    259.9818    515.7510
       66.7398   1933.5336   1909.7448
     1474.8033    821.5060   1777.8389
      898.4235   2056.1694    320.7118
     2115.8777   1218.4647   1745.3984
     1815.4049    981.8315    616.4695
      905.2231     90.0127   1674.0702
     1345.0266    666.5546   1256.2365
     2191.1331   1620.6705   1569.9907
     2259.1538    361.4514    590.4504
     1322.0629   1291.3979   1840.5811
     2120.2419   1546.4546   1922.9614
     1650.8325    155.5473    338.8746
     2145.1643   1401.6736   1641.4232
      929.7031   2248.4634   1469.2493
      545.2662   1664.6521    138.0971
     2019.8317    586.9477   1046.4547
     2233.7986    316.4096    960.5749
     1887.5759   2096.3999    144.4568
       40.6656    526.9800   1305.5664
      426.8236    404.5849   2056.1089
     1822.8922   1091.9667   2113.3679
      894.4119   1965.2640   1050.2086
     1945.2578    483.2620   1752.8328
      173.8297   1524.3580    162.9022
     2158.1472   1614.0898    449.2879
      578.0835    597.1960     19.5425
      232.0534    616.2736   1869.6843
     1400.6217   2068.9287    631.1551
     2010.2183    420.9839   2169.0388
     1701.8112    908.7991   2083.4590
     1927.3994   1497.7916   2143.0125
      881.2023    867.4990    894.8815
     1150.0148   1521.8344    408.4213
     1545.7690   2198.2607    332.7317
      497.9245   1484.2189    937.8268
     1818.1091   1472.3796    318.7611
     1038.5847    632.9335   1972.0419
     1879.0228   1950.0808    267.5831
      327.4066   1689.9691    828.5512
     2129.2830    403.2952   1625.2179
     1899.2068    544.6426    893.9699
     1855.8214   1279.5366   1753.7460
      832.8823   1243.6483   1969.4843
      198.8275   2253.4365   1755.2429
     1381.5448   1828.0527   1593.7109
     2116.3083    635.8962   1225.9240
      974.3298    291.4455   2246.0083
      241.6129   1728.4100   1564.5082
     2007.8943   1399.4919   1797.9603
      521.2750   1986.1696    214.5523
       83.8212    921.6364   1305.8113
     2057.9043    505.3024    317.2995
     2259.5955   1544.0997     44.7838
     1589.0376    997.8792   2231.5686
     1611.1234   1121.4209    985.8167
     1302.8547    496.1335   2176.1355
     1395.3539   2147.1248   1016.5537
      376.6108   1303.6727    376.4722
     1597.9060    345.8083    565.4715
     1781.1034   1198.9667    897.8965
     1696.1182    553.1842    579.9222
      160.9848   1901.5723    265.3986
     1922.8940   2098.3171   2163.3069
      949.2732   1276.5018   1100.3608
      841.7366    852.3405   2199.1770
     2145.8528   2249.3379    858.4075
      114.3111   1590.0812   1055.5012
     1690.5470    367.1151    379.0269
      722.8923    467.5181   1003.5370
       22.9173   1623.7109   2104.1965
     2231.4702   1311.7311     16.9431
     1424.7098     53.3106      1.6182
     1911.6427   1356.0302   1243.2993
     2251.1890   2252.3528   1634.6449
     1518.1925   1543.7812    606.4902
      140.6405   2259.2322   2151.6531
     1292.1747   1885.7452   1390.1909
      407.0416   1290.6472   1918.3737
     1258.6985   1741.9191     18.4167
      968.6197   2066.2158   1744.6254
     1556.6824   1391.7606    738.0952
     1854.5786    401.1340   1408.9886
     1788.2966    460.5267    747.4454
      891.9002    608.6771    428.8874
     1642.8726   1935.3629    826.0422
      125.8529      1.0489    102.7511
     1848.8064    516.8174      3.1420
     1679.3711    134.4738    977.7948
       57.6877   1505.8070   1947.3500
     1174.7472   2018.5371   2087.7283
     2141.9050   1707.8629    868.0472
      640.6033   1242.4637    851.1488
     1946.7476    730.7743   1148.3892
      279.7827   2069.9280   1444.8080
      373.9698   1819.1045    290.5153
     1811.9580   2080.4185    560.8907
     1779.3676   2185.8486   1887.0652
     1740.1759   1746.6260   1200.4312
     1868.9905   1466.7051    531.8604
      366.6041   1714.4232   1191.9387
      414.9937    563.2437   2196.0488
      420.4639   1614.0519    362.9745
     1153.5818   1997.9092   1336.7161
     1919.5161    166.2890   1458.6888
     1458.2234    701.8173   1633.2948
      805.8771    541.0982   2001.4862
     1578.7899    198.6798      6.2395
      253.1365    852.2391     79.1028
      554.8012    257.6869   1182.8893
     1444.2061   2038.8973    833.3094
      522.6301    975.2862   1178.7434
      557.4011   1164.3893   1461.9095
     1943.1122   2250.8381    753.6458
     1929.7961   1732.7775   2251.1765
      451.2973    957.1490   1394.1517
      700.5341    738.1130   2067.0535
      774.5724   1891.7258   1501.5342
      415.6548    238.3616     10.4542
      446.1375    276.3853    994.9195
     1825.2372    536.6771   1093.9294
     1788.8693   1648.5638   2117.6423
     1266.3635   1197.1495   1447.7438
     1434.3075   1373.8414    127.9125
      786.4301    497.6025   1799.9769
      670.2331    366.7039    703.5803
     2044.9764    386.5004    928.0504
      193.7285    109.9847   1149.0823
      835.6934   1897.0271   1270.8833
     2100.9688   2133.1191   1548.9121
      139.0042   1395.0154   1241.5602
     1673.3970    573.3667     10.3231
       95.0969   1390.3438   1017.4523
     2154.3950    852.8975    516.5893
     1541.5348    861.4014   1527.4751
      176.5658    321.1949   1322.6055
      929.4129    473.4172    965.2852
     1328.4545    158.5103   1912.0006
     1398.5056    683.4742   1436.8059
      663.8210   1042.8212    540.5790
     1832.8073    723.7002    957.2780
      811.5883   1801.3864    795.0079
     1790.4930    358.6521   1202.6704
     1676.3268    299.1342    840.0223
     1975.8569   2107.1235   1921.8274
      429.7657   2094.6418   2190.0042
      696.2502    495.8665   1629.1991
       59.8746   1065.7212    974.3943
     1257.6578    997.1147   2002.3850
     2224.8291   1395.1520    427.5659
       64.9397   1351.5685    185.8305
     1121.2543   1321.4889    326.0060
      950.4499   2055.2229    672.6459
     1765.8365     43.1560   1733.9387
     1525.6582    523.6424   1556.1201
      147.9753   1341.9139    456.5995
     1694.0266   1566.5692   1548.0414
      280.0204   1252.3541   1784.0040
     1396.1749   2253.6096   1201.8676
     1387.8794   2225.6228    469.2528
     1972.9360   1853.8156    607.4903
     1958.9312   1634.2819    487.5655
      274.1157    338.9605   1714.4769
     1778.3024   1858.3102   2137.3896
     2065.4949    166.2907    821.2097
     2036.3788   1372.0265   2010.9628
      899.6269    989.7292    324.4320
      360.5824     79.0732   1711.9207
      280.7723    372.3777    642.4935
      841.8987   1495.0905    250.9105
     2075.6548   2175.5227    300.6726
      903.8370   1358.0537   1454.7579
     1070.1296   2012.5511   1547.9241
      992.5225   1663.9155   1273.4028
      194.0110    677.7745    411.6789
     1103.0485    837.6318   1466.4166
     1648.7734   2129.8748    141.1078
      416.9797    891.3657    230.0807
      720.0155     13.5651   2100.0239
     2167.4792    173.4162    635.4098
      925.0357   1643.4484   2177.1431
     1679.4180   2054.7312   1161.1033
     1884.7810   1903.7395   1094.8124
     1446.2959    946.2347    496.9937
      436.2234    636.7839   1961.7119
       33.2835    875.5043    916.5039
      363.1602   1601.3982    160.2525
     1253.4637   1683.1831    687.6557
      614.1450   2088.8411   1819.6718
      573.5936   1720.3513   1872.3807
     1089.4628   1107.1075    296.5302
     1230.0817   1179.6190    671.1636
     1777.1243    715.3314   1728.6699
     1541.1964   1054.5083   1328.4918
      823.8025   1701.2423   1628.6718
     1093.5869   1693.6147   1089.6599
       24.3137   1661.8898    571.9958
     1138.0018   2064.2065    327.3073
      298.3597    740.9489    578.1487
      892.4628   1532.8411    632.7796
     1840.1012   2079.9282   1008.9649
     1293.4855   1586.9443    127.6889
      113.8327   1757.6072    895.4773
      503.8820   1340.6085     54.3301
       70.0126    171.6010   2067.9939
      699.4402   1338.3473   2235.6743
      237.3575    513.6472   1233.3169
      830.2104   1210.7523   1749.2954
      321.1800   2073.0581    728.2081
      616.9891    159.4885    313.9815
     1791.4442   2234.6848   2077.1179
     1842.3391   1891.1718    893.2173
     2245.0491     14.5338   1447.5800
     2029.0077   1897.3146    784.7039
      542.5932    588.5347    449.5649
      505.9207    130.2377   1366.1980
     2163.6318    810.7028    109.6079
     1577.5288   1339.5355   2213.1433
      100.3882    825.5239   1498.5784
     1096.5575   1004.8594    731.5784
      318.8276   2180.0012   1096.6722
     2035.1335   1548.3029   1491.9894
     2130.0920   2064.7905   1731.4755
     1619.0245    868.9382   1187.8478
       60.1494    917.6263    129.3031
     2057.4099    327.1994   1464.2539
     1486.3689    275.8893    719.3159
      194.8733   1029.0457   2243.5867
      592.0236   2215.0308   1229.9583
     1700.1298   1060.9520    192.1352
      317.8497    739.8197   2086.3186
      128.5455    515.2136     49.3690
       85.1860   2101.2727    615.7551
      751.3527    661.5259    551.4550
     1390.4075   2034.3752   2056.7913
      301.9335   2169.7043   2021.7212
     1262.6135    618.1302   1971.2063
       32.9267    676.9456    560.9070
     1405.7122   1268.5203    805.7363
     1285.5240   1179.4191   1116.2401
     1377.0969   1238.1526   1309.7554
     1866.7123    187.0996   1083.8835
     1217.7731   1110.5797   1806.6008
      455.6712   1091.9095    513.2239
     1417.5192    671.9679    258.2549
     1830.3494   2254.3730     14.6618
      857.6893    286.1516   1706.3289
       31.6470    550.8079   1966.4720
       71.6175   2082.8433   1373.6101
      640.6621   1737.8124   1673.0398
     2070.4294   1211.1923    115.1845
      868.8909   1050.5582   2081.6655
      353.3457    639.8481   1346.4264
      771.2971   1758.7083    301.7348
      382.9895   1983.3813   1776.0874
      728.5786   1037.1110   1508.0840
     1538.6914   1666.2498   1253.2739
     1535.2357   1231.5530   1188.8856
      374.2211    273.3584   1886.9591
      546.9846    834.6031    782.5671
     2219.9221    761.1346   2041.2765
     1702.6022    641.3887    808.8069
      990.9804   1005.9988   1512.3472
      309.9893   1226.1129      0.0077
      923.3397   1853.4846    638.3419
     1330.9176     77.4023   1006.9857
     1821.7046   1692.2151    609.7265
      410.5320    636.7728   1754.0015
     1793.1307   1677.8563    393.3866
      633.5084   1539.0599   2002.9583
     1927.0342    330.0947   1607.0059
     2171.6816    591.1417   1460.5189
     1288.4175   2185.9453    829.6831
      771.2200   1752.2632   1844.2535
      524.6473   1962.2255    405.5556
       88.5627    852.1487    487.7147
      551.9624   1515.2184   2211.6433
     1558.3535    903.5548   1002.9722
     1723.0507   1388.4172   1231.4722
     1116.9891   1577.8439   1858.1172
      459.6635   2087.4431   1619.6414
     1434.5542   1229.3040    994.3367
     2004.9042    929.5119   1376.7534
      439.7924    244.9478    522.8453
     1837.4414   1043.4971   1385.7415
     1122.0247   1843.1562    609.7941
     1175.9866    996.6318   1109.9158
     1399.7922   1524.0063   1239.3632
      690.6318    156.0096   1412.2408
      926.9998    177.0672    751.0004
     1995.5828   2256.9509   2069.4851
     1949.5568   1405.6028    871.3950
     2155.6555   1278.3815    283.9837
     1256.3868   1971.0276   1914.3094
      393.0007    530.1392    320.5445
     1631.1919   1406.5493   1880.0192
      851.2807    242.9595   2084.7976
      387.6596    191.5544    348.1574
     1049.6741   1991.1820    502.0760
     1888.9626   1934.6210     25.5344
      458.7840   2235.5979    675.7858
     1418.1147   1949.7609     93.0730
      459.5996    270.0858   1716.5322
     1069.0441    276.0428   2069.4592
      188.5107   1911.4343   1668.4442
      882.4788   1326.3385    572.4547
     1854.2521   1866.0426   1514.8422
      865.4095   1498.1765     62.7105
      940.0569   1866.0533   1828.7190
      123.1550   1939.6857    751.7686
      330.6772   1528.8414   1531.3262
      211.6308   1520.1892    671.1441
     1496.3970    547.5005    580.5291
      863.2229    198.9770   1510.1757
     1475.6294   1717.7500     10.9251
     1178.1069   1578.0981   1647.1223
      291.1171   1590.9564   1729.8149
      891.5535    521.4694   1360.6272
     2260.8752   2128.4048   2246.6064
      893.2402   1075.9866    991.6776
     1771.4846   1183.9213   1918.4744
      162.8957   1406.9591   2251.4082
      519.1049   1525.8917    618.8940
     1631.0166    139.2179    542.5775
      558.2278   2195.8049    316.7714
     1112.4506    115.3854   1969.1409
     1264.3184    552.8574   1577.4778
     1673.4034   1017.7037    767.4346
      429.0393   1800.9034    967.0621
     1395.4532    344.4730   1245.9252
     1627.5835     96.1861    743.3943
      371.5552   2046.2856    939.5048
     1163.3773    816.0723   2033.7412
     1959.5507    137.3869    635.5724
     2157.7852   1943.6818   1530.9304
     1731.8433   1951.4883   1874.2010
      531.9956   1707.6488   2075.9451
     1615.4327   1895.8025   1265.9049
      745.9077   1647.6357    944.6908
     1326.0068   1488.8448   1986.4750
     1789.4608   1081.2175    397.4529
     1942.1632   1278.4215   1034.7313
      128.5113   1033.7385    393.3296
     1390.8553   1316.0592    617.2899
      867.2841   1675.6027   1104.3674
      806.4546   1147.5382   1201.5438
      909.3292    673.2679   2124.0791
      627.5816    833.3780   1388.5603
     1124.8158    635.5864   2167.6379
     2161.8611    791.4207   1540.0836
     1339.9501    827.5647   1960.2404
     2150.4058    154.3530    278.7975
       76.7217    323.1379   2260.6145
     1248.9025   2079.2734    496.9197
     1909.9486   1188.0591    514.6393
      787.9269    348.4994   2258.2410
      218.8827   1222.5588   1048.0995
     1300.8140   1009.4193    341.0079
      609.3966   1884.5114   1969.8396
      511.2627   2150.5229    112.3385
      513.2465    757.2738   2115.9600
     1397.1945   2165.7495   1881.0986
       15.0246   1624.0753    775.1454
     1072.4160    106.7161   1507.5060
      492.5451    707.4484    606.6711
      866.8927   1022.4794    562.2419
       54.8399   2122.4265   1793.1069
     2139.3853   1685.6040    233.4566
     1049.2869   1195.7130   1854.7356
     1908.2919   1463.9546   1603.2566
      192.7798    106.5657    345.6053
     1858.5197   1478.3489   1396.7877
     2024.0510     84.4753   2238.8918
      252.8517   1166.4714    502.9940
      849.8554   2120.0403   1196.5900
     1169.0463    661.5715   1150.0159
      111.0044    697.8103    157.3030
     2206.2395   2249.7285   1250.7426
     1053.1768   1386.9023    938.7427
     2255.7327    544.0434    362.7241
      438.9295   1204.4052    187.3368
      814.8479    773.5137    322.4630
      629.4164    207.2805   2206.1716
       72.9118   1950.3392   1169.9595
      168.1982    517.9424    279.3604
      853.6791     94.4480   1878.6597
     1316.8711    306.0245   1025.8680
      597.8177    552.3652   2070.1777
     1234.1949    870.3058    458.0294
     2180.4734   2078.2522   1153.7419
     1401.5510     75.2343   1560.7416
     1117.2147    761.6551   1845.2286
     1488.5275    373.6134    921.1169
     1768.1320     11.7167    229.9101
      768.0191   1927.4607   1724.9406
     1246.9965   2129.3259    155.6801
     1755.3496   1242.0474    215.8371
      137.1922    833.6021   2170.5493
     2003.6918   2018.9088    444.0516
     1825.2129   1393.7632   1912.2455
     1891.3292   1002.0616    245.3127
     1523.3831   2024.1821   1885.5082
     1542.7565    327.2236   1456.8304
      887.8152   1856.1355    441.9278
     2034.1799   1815.9293    990.3892
      564.5953   1782.8490    311.7317
      218.5579   1776.7197   1071.0240
      750.8569   1238.9528   1030.5900
     1203.2499   2033.5911    688.8375
      545.6067      0.7064   2214.0686
     1285.4556    587.2606    593.0633
      754.4396   1938.3492   2119.9915
     2106.8232   1418.6549    129.2473
      709.8242   1085.1368   1941.9056
      972.4399   1294.7283   1287.4507
     1904.0164   1154.0297   1219.5538
      900.8430   1261.4031    879.6124
     1490.7269    217.5878   1095.6848
     1287.3191    494.4466   1157.6473
       10.8258     97.9818   1798.7612
      620.7626   1822.3578    879.8825
     1130.7585   1169.7372   1241.5089
     1643.2059   1065.3660   1498.0458
     2179.6782    472.5683   1077.8315
     1585.5543    467.2029    748.5697
     1743.8302   2101.0156   1584.6166
      538.4899   2075.8896    817.6947
      439.5582   1296.9729    582.2479
      604.7874   1396.7653   1682.9053
     1109.5499   1339.5432    553.6709
     1479.1820    693.3473    726.8282
      267.9141   1880.9969    857.3351
      960.7078     67.8070    905.5969
     2120.8896    418.6057   1820.0120
     1501.2240    944.3489   1941.2366
     1745.0803    224.5954   1369.6282
      229.0035      0.4070    671.5821
     1090.5394    785.0258    836.8990
      160.4837   1990.3561    993.2446
     1019.0474   1675.3859   1498.0479
     1196.8604   1347.3213   1319.3226
     2074.7581    204.6229   1016.6356
      987.5854    449.4337   1699.9104
     2024.5360    867.1868    351.7329
      507.9865    921.4653    424.6276
      183.0954    409.9218   1888.7416
     2017.8688   1476.7938   1066.6200
     1601.8374   1912.0066   2043.4489
     1478.3208   1594.2793   1913.8416
     1694.1169   1597.9005   1930.3051
      182.3983   1733.5641    689.8173
     1465.0109      0.0581    700.4420
     1132.0571   1239.6268   2193.3672
     1412.3782   1441.5803    953.1467
     1424.6252    158.2078    575.9293
      475.9034   1191.9357   1705.8719
     1957.7924   1744.2657   1205.9354
      905.0349    156.9564   1324.8711
      928.2540    650.6204    819.8829
      382.2707   1038.3090     92.1482
      509.0090   1992.9568    614.8887
       60.7418   2103.5503   2021.3196
     1827.4510   1166.9130    713.0338
      806.0309   1048.6304   2261.4214
     1400.8761   1066.2373   1487.2894
      342.7289   2012.3856    133.4723
      713.7227    115.5198   1725.9235
      323.8460    333.8019    847.3702
      862.9089   1822.3837   2254.6562
     1064.1975   1515.3330    212.5981
     1171.4143   1709.1008    228.2029
     1286.7710   1710.5979   1903.9613
     1818.1802    766.1306   2256.3818
     1813.2284    149.7290   1943.4841
     1194.5129   2092.3857   1762.4631
     1155.9392    103.3369    911.8499
     1706.3586   1946.5815    132.4342
     1315.9983    725.3010   2132.7463
     2047.6371    675.4280    236.2952
     2216.4553    940.9376    321.9993
     1306.0891   1407.6074   1608.5682
     1630.6547   1083.6298   2033.1981
      942.8652   1381.0361   1838.7534
       19.0655   1112.1158   1348.5988
     1290.5126   1443.7180    281.0027
      480.8760   2054.8340   1389.3545
      399.2453   1143.2441   1337.8464
     2069.7402   2257.0891   1735.3003
     1635.5873    747.0733   1893.0835
      514.6418    666.8683    222.1440
      220.5431   1027.0752    198.2496
     2110.1082   1654.3054   1112.0688
     1564.6025   1185.6030   1846.3370
     1097.4193   1606.9233     29.6537
       27.8600    514.3912   1765.0182
     1121.2991   2189.1145      8.7301
     1301.7261   1872.7097    777.3364
      737.0803     64.9580    548.2817
      817.3066    115.7588   2246.7976
     1835.0522    248.6908    251.5996
     1814.3469    531.9492   1577.4797
     1175.2942    305.5167   1853.7791
      441.1779    143.6653    840.0051
     1618.2152   2259.6179   2217.2646
      895.9211   1587.8276   1787.0530
     1321.3792   1693.0342   1161.2500
     1679.8564    512.2476    953.8474
     1711.8611   1724.4808     43.5661
     1692.5426   1887.7976   1057.8109
      419.1075    327.9910    200.0129
     2107.8489    795.8282   1752.3098
     1131.8453    765.1371    118.8986
     1059.5288   1857.3547    348.0774
     1036.6608    845.3799   2196.2759
      431.7274   1262.7806    785.1710
      298.5804    806.7233   1138.3334
     1445.2296   2233.0708   2057.6382
     2040.6306   1573.6597     60.5009
      429.2137   1793.2396    490.5555
      888.4840    413.5378    424.9535
      111.7022   1732.7465   1721.4301
      299.1796    681.9813    212.5452
     1490.0295   1039.6102   1136.2076
     2118.1121    227.0847   1750.8287
     1178.0331    524.2254   1806.7362
     2201.6477    740.1154    796.8616
     1119.7104    118.6807    495.7056
     1884.1621   1074.0513   1016.5799
     1539.6635   1182.1637    110.1404
      963.9433   2153.3040   1017.7800
       52.8916    164.7880   1266.5574
     1349.8309     40.7570    240.0799
      863.8627    404.2510   1514.8002
      247.1993    260.6639   2055.1201
      134.2981   1177.9960     81.5220
     1660.3124    500.3635    203.2141
      353.2788   2218.8164    872.6405
      537.9626   1431.0573    432.4329
     1190.9037   1001.5285    116.8591
     1494.1721   1815.6699    885.3098
      485.2376    924.9659   2004.3324
     1022.2755   1495.3525   1366.3806
     1551.7495      3.2830   1067.6466
      180.2450    248.7141    978.2161
     1193.3862    431.6399    680.9092
     1206.1606    702.7293    315.3491
        6.3718   1787.3759   1057.0857
     1164.6880   1541.7200    829.6804
      723.2285   2061.8733   1390.4060
      796.2505   1711.0800    608.2811
      824.9713    212.6650    397.7991
      932.9061   2196.6467     26.5504
     1456.3392   2149.0815    136.1036
     1681.5344    156.2141   1179.1891
      537.9584    340.2113    366.4266
     1621.9895    718.1229   1022.6334
      478.6282    201.9108   2076.0701
     1072.7979    964.3152   1885.8901
     1608.7546   1548.1422   2260.7983
      501.9595   1439.5967   1862.3740
     1814.3416    205.6729    466.3083
      147.0378    749.0023    723.8464
        0.8645    284.3514   1913.2021
     2228.1682   1867.5063    154.8462
     1584.9993   2247.0398   1856.3944
     2205.3909   1357.4600   1866.8348
     2140.4922    747.3783   1028.2750
     2033.5492   2009.7472   1034.5125
      195.3747   2152.3525    240.0017
     1937.7142     50.0929   1869.6462
     1099.3015   1549.0483    636.0471
     1822.9847   1768.6123   1952.2548
     1770.8982    219.6404    661.4955
     2117.2993    955.0189    849.0675
     1912.2601   1579.5823   1946.2443
      445.3811     76.9929   1173.4390
      347.6359   1934.0983   1104.2250
     1788.2821    267.3221   1752.4498
     2077.8567   1464.2292    583.5596
     2034.4209   1754.2811   1905.6079
      512.4823   1140.7225   2244.7444
      393.9925   1398.2424   1707.1044
     1054.3075   2204.1946   2075.1497
     1994.0642   2219.2261   1360.3787
      341.7130    210.0152   1529.6228
     1476.2676    590.0505   2135.4407
     1037.9288   2238.1272   1836.2263
     1879.1516    694.2403    363.5210
     1434.9740     85.3809   1771.8876
      967.7131    841.5514   2019.4802
     1055.7996    818.1478   1078.9535
     2154.1001   1249.5132   2086.4492
     2172.9050    952.7458   1062.2069
     1521.7784   1245.8768   1451.8542
     1953.3783   1091.2220   1531.4498
      732.3617   1588.6017   2192.1855
     1901.9089   2107.6340   1740.5850
      869.1479    591.9508   1603.3781
      782.0213   1171.9182    699.7126
     1715.1794   1463.4558   2072.9233
     1377.1917   1788.7889    190.9687
     1005.2599   1605.1102    948.6376
     1429.5948   1852.8981   1941.4908
      414.2154   1848.2333   1930.0775
     1748.6417    678.3754   1217.5490
      527.5223    394.6454   2247.2131
      446.4450    761.0369   1471.2516
     1227.0665   1924.0448    199.4404
     1975.4775    892.4268   1577.4493
      933.3003   1089.6519   1345.9113
     1417.5355    812.8924    890.3180
      362.5663    501.5692    121.6158
     1588.0684   1703.6963   2094.6687
      651.0493   1841.2225    526.8012
     2091.9546   1004.3165    176.9083
      987.7023    674.8100   1233.2024
      721.4680   1830.2771   1059.6154
     1194.6104    339.6327   1253.0042
     1815.7823    795.1063   1966.7473
     1907.8885   1388.7731    164.5518
     1470.8113    587.4037     79.4298
     2204.7148   1041.4830    541.4982
      460.8308   1733.0004   1516.7570
     2233.6697   1822.8413    701.1121
     2056.5747   1490.1266    313.3408
     2134.4893    829.6497   1217.7170
      554.5126   1126.6442   1011.8968
      706.7283    679.1431   1490.9507
     1131.6299   2172.1360   1421.4545
     2223.0718    919.8879   2214.5972
     1100.1549    507.2062   1300.3146
     1613.4625   1421.2649    336.4851
      425.2429    952.6384   1014.6880
     1366.1376   1488.9775    765.3141
      548.0320    643.4543   1623.5061
      242.9703   1658.8578    509.0465
     1999.8402   1344.8695    422.4160
     1732.8346   1334.1307    613.4866
      339.5661    545.0627    505.3997
     1855.6399    155.5804    855.3201
      922.6462    511.7021     23.9432
      860.0812   2073.6179   1567.6592
     2118.3877    447.1564   1312.3115
     1968.7076    207.0737   2076.8164
      555.1949   1653.1130   1041.1437
     2012.6160    218.1060    447.3753
       94.1003   1556.2312    406.8189
     1407.6908   1512.2174   2241.6072
     2101.2878   1023.2090   1872.6910
      219.1145    797.7551    946.1942
     2028.0996    342.5299    595.8934
     1495.0079   1974.6653   1031.7388
       10.1475   1240.8569    925.1819
        1.3245   2075.0767    226.9940
      187.2147   1656.8488   1903.9213
     1935.1426   1627.5474    242.0210
     1155.8962   1378.9370   1974.4987
      409.1986   1511.1382   2063.7153
      207.8711   2187.8679    451.0775
      478.7009    105.3491    147.2275
      227.6408    556.4719    849.1213
     1899.3400    643.6738   2096.6418
     2002.9108    529.3727   1514.2793
      628.4343    979.1888   2136.2244
      111.9342    346.9897   1143.2682
     1606.6350   2111.1348    721.9330
      466.2715    813.4747   1687.9197
        9.2336    137.3620   1066.0648
      768.5722   2238.0364   1341.5940
     1044.8307    499.9787    543.5998
     1000.6293    138.0213    116.5744
     1425.0212    205.2967    176.2476
     2141.5339   1069.6165   1215.8289
     1696.0498   1209.6063   1332.5455
     1838.2677    352.4501    976.6450
     1795.2866    987.1686   1608.2728
       12.0333   1183.3667    397.0467
     2025.9036   1823.1488    133.3314
      853.3447    492.9904    636.4171
     1104.9193    900.5737    297.4912
       77.3802   1042.8571   1539.7341
     1719.1659   2058.5493   2226.2126
     1132.4547    623.0884    945.4931
      734.0826    678.3896    145.0824
     1203.0524   1566.2286   1449.5720
     1780.3165   1304.5325    412.0013
     1700.3955   1734.3729   1409.4985
     1730.2406   1224.2069   1106.2483
     2211.7122   1910.2400    925.3515
     1374.5240    918.0308   1630.4457
      998.4481   1704.1047    759.1279
     1624.2891   2238.8062   1279.1396
      580.5461   1176.2272   1211.6245
      978.0049    904.3893    131.6732
     1889.2229   2135.4294    338.5372
     1567.4559   1719.0728   1593.2870
     1628.7615    822.9159    819.5645
      703.6614   2096.5603    209.8800
      463.4657   1444.6368    231.2300
      937.6622    260.8940    969.4875
     1819.7584   2061.7571    785.9109
      513.7022    362.6432   1545.8068
        3.4677   1110.7997    195.4546
     1743.5083    849.1083    218.7619
      705.9703    892.3118   1780.2227
      543.2407    138.5145   1569.7260
     1926.5824    322.7053    772.2906
       63.8788   1800.2821   2255.8203
      757.4703   1205.4076   1375.3267
     1761.4701   1546.2383    902.5779
      689.3107   1563.8939   1793.0564
     1588.8160   1897.9504   1721.8247
     1522.9290    689.1583   1187.6075
      698.9158    587.9255    318.8596
      641.0411   1570.2732    284.7590
      735.3209   1382.5957    404.7691
      369.3583   2255.9863   1507.3972
      667.8387   1243.7123   1598.9318
      243.6008   1323.8677   2066.2200
     1357.5214   1429.3011   1415.6996
     1587.4086    610.4387   1757.5002
     1140.6614   1010.9166   1351.6716
      997.9404   1357.1234    126.7806
     2149.3225   1806.9025    519.9065
      631.7586    848.7477    589.0827
     1762.6221   2243.0188    637.8224
      685.9169    379.1504   2106.8513
     1419.2166    783.8651     58.6373
     1195.5034   1228.7214   1650.2117
      128.6326   2262.2798    971.0110
     1025.1440   1499.6454   1133.1075
     1467.8320    486.3310   1101.6477
      820.4170   1551.7684   1972.7620
      694.8650   1551.1707   1112.8787
     1239.7122    169.5590   1595.7939
      766.4215    122.1163    956.9253
      742.4769   1145.5520    290.0491
       52.0326   1392.6877    790.4837
     1127.3865    150.0652   1326.0988
     1505.8928   1432.0714   1573.1067
     2198.3416    591.7621    153.1974
     1745.2590      1.1918    437.6786
     1888.1615   1002.9454   1934.3243
      991.7636    280.8919   1183.7090
     1305.1953    315.1219    824.2139
     1606.5992   1367.8198    932.5427
      578.8267   1342.5938   1080.7935
      340.4770   1115.3602    911.5947
      558.6243   1208.6632    398.0791
      526.8056    124.7463   1842.8884
      547.4221   1839.6217   1170.7020
      570.2075    648.4173    864.5973
     1643.1198   1398.2869    153.5106
      932.5113   1793.2510    946.7226
      330.4515   2037.6437    326.9796
       84.5679   1890.3962    558.1636
     1529.7616    799.6191   2073.3015
      400.9321   1633.1753   1892.8164
      971.1300    103.1187    330.4922
     1458.6389    397.7443   2078.3430
      666.0115   1542.0846   1315.1971
     2231.8247   1297.9102   1327.7457
     1619.5026   1756.6740    542.6796
      757.8136    900.4183   1976.0042
      680.1605   2000.4696   1172.1727
     1934.7744    266.4216     51.9391
     1118.6793    445.5580   2235.1443
       60.5648   1964.7103   2145.3884
      146.4842    632.5058   1441.9413
     1322.1630    418.9446     93.6031
     1381.3905    373.5152   1549.9181
      564.0618   1047.3325    247.6518
      935.2170    113.3010    536.9222
      381.6348   1516.9973   1324.5967
     1833.9751   1556.1285     69.1997
     1678.8595   1525.1244    486.6375
     1141.8514   1390.7477   1770.7206
      152.3751    704.5608   1257.3674
     1549.5876   1311.5225    508.0676
     2249.2625    694.9103   2244.8162
     1030.6866    292.1071    587.2722
     1065.9575   1929.3064    791.3082
     2073.5571   1102.1017    375.6722
     1610.9508   1201.7197    774.9283
     1036.0939   1721.5560   1721.3446
       83.6119   1688.3597    182.4018
     1163.4363   1739.9006   1311.4443
     1550.5896   1978.2732    253.7400
      220.5501   1522.6661   2091.9487
       28.2534   1675.0214   1236.8755
     1200.7861    375.4741    469.4015
      884.1747   2153.3708   1931.8436
      848.4675   1011.8290   1663.2634
     1245.7732   2018.5277    914.4159
      128.3938   1232.6165   1467.2317
     1180.5277    305.3754   1457.0244
     1822.0146   2146.0376   1282.7994
      723.2523   1721.3795   1239.1064
     1577.8701   1775.8866    179.4889
      203.5363    574.3290    661.5645
     1833.6721    354.0402   2073.9729
     1897.3994   1690.4930   1380.5157
     1828.5111   2009.3954   2023.5597
     2035.3787    821.4481   1944.5203
      996.5869   1295.7759   1664.1816
     1747.8502    951.8215    932.5858
     1617.2211    173.5780   1798.8081
      947.0970   1896.9772   2044.6936
     2092.2920    683.5289    438.1314
     1916.5293    995.8806    821.6864
      596.1926    638.8079   1283.2560
     1285.6818    185.6607    423.3578
     1251.2301   1331.4447    949.7377
     2122.6448     74.0662    472.8363
       61.8541    478.7646   1551.5383
      693.9163   2237.3145   1909.7089
     2232.0640   1511.1473   1368.0226
     1746.1316    158.0443    103.6108
      128.2794    155.2605   1448.3021
       96.4448   1687.0601   1427.6179
     1968.9432     81.4603    162.4128
     1200.6461    387.0312   1650.2473
     2003.2290    643.8494     31.1629
      769.7451   1750.1814   2047.7527
     1143.4834   1910.4421   1707.3790
      665.0288   1473.1466    110.2655
        1.6464    910.2640    679.7550
     2004.3644   1794.9879    358.9667
     1201.9224   1141.4410    476.2519
      206.2188   1637.7427   2251.3062
     1030.5491   1415.4451   2191.9336
     1736.6365    474.4133   1741.9795
     1271.0397    290.0427   2067.2249
     2056.2778   1140.6567   1374.1813
      847.0046   1197.0793   1544.8551
      287.1933    428.0096   1036.3578
     1851.7883   1281.3303   2100.5869
      294.2214    684.0860   1566.9095
     1947.2931     26.1886    953.5344
     1949.4994    828.1106    141.3678
      948.4501   1866.9451   1606.5089
     1796.8137    856.9545   1108.8286
     1929.1929    534.7661   1276.8087
      901.9536   1053.6113   1865.5795
     1234.0505   1195.5033   2014.6309
     1240.5940    877.8157   2244.7258
      736.9453   2208.8003   1061.7517
     2184.5378   1920.8389    361.3885
     1011.0148   2193.7073    397.8364
     1968.0376   2203.9880   1145.4729
     1256.5604     85.0065   2125.1580
     1068.2761   1063.6726   2055.2988
     1544.1459   1429.0238   1113.3914
     1989.0518   2067.1990    666.3359
      489.3253    433.1557    556.4938
     1944.6515    696.3647   1615.9698
     1372.6473    714.6596    443.0540
     1091.3401    468.7062   1099.3313
     1468.6556   1122.0117    632.8919
      174.3783    981.9527    805.8091
     1560.7877    479.2788   1913.9667
      319.1970   2225.8022     55.1731
     1277.7186   2242.3516    628.0961
     1714.3877    343.7094   1902.5262
     1951.4951    288.5911   1884.6744
     1984.6012   1186.7927   1926.6472
      881.8368    536.6930    240.4196
     1882.4154    634.5294    692.9909
      742.8638   2258.6143   1558.0220
     1066.2246   1198.6426   1454.2032
      397.6519   1879.6025   1354.9315
     1459.0123    645.9215   1940.4031
       98.8433    471.8039    990.6882
      953.2821   1700.4214   1965.5577
      969.3641    252.0577   1884.4314
      232.5969   1352.4312   1585.7589
     1692.3038   1565.3007   1317.2938
      849.5567   2159.7068    507.2461
     1069.4115   1783.9570   2162.2336
     2126.6389    416.1554   2008.0969
     1494.7822   1796.5461   1412.2186
      998.7416    819.6251    455.3168
      404.8578    746.1375    390.4090
     2190.9626   2054.3157    780.1181
      272.8759    834.0621   1372.5486
      993.6681    453.1085    753.1381
     1334.9104    786.9896    636.8979
      211.1139    175.1970   2243.8010
     1443.9255    158.3413   2084.2502
      373.9231    463.7580   1859.3748
     1333.1605   1366.5784   1155.3716
     1242.0449   1825.8894   2085.7588
     2037.2289   1758.6346   1559.4226
     1271.9475   1091.6061   2192.8701
      337.7216     58.8265    508.7565
      828.0032   1420.8315   2127.3430
      959.9396    628.8458   1796.3438
     2018.8813   1874.1573   1383.2445
     1701.6110   2072.7207    363.7343
      917.0502    863.6723   1814.9677
      525.4032   2180.2090   1006.2390
     1319.4608   1843.0972   1001.5945
        2.2638   1233.8257   1122.3217
      321.9972   1866.7417    645.4384
     1503.7274   2205.2524   1436.8763
     1142.5907    461.3372   2016.6307
     2100.2334    989.8550   2060.9170
     1397.1836    942.5418   2146.7839
     2145.3792   2251.5046   1045.3185
     2037.3473    114.7931   1194.1213
     1815.4891   1915.9506   1304.3597
       64.1296   1003.7596   2058.6602
      997.9162   1491.8241   2011.3395
       39.5698   1755.7953    372.7984
     1478.2332   2016.7302    460.6372
     1633.2682   2086.8564    959.7614
     1903.3528   2252.3831   1584.0315
      659.2447   2070.5591   1600.4410
     1275.8071    923.1573    794.0419
     1675.1898   1732.3490    934.7287
      228.5725    927.7635    622.2515
     2200.9382   1541.7255    972.0798
       89.1138    394.7120   2080.7715
      283.7523    397.7007   2216.4016
     1048.7393   2051.2039   1168.0626
     1228.3470   2195.1492   1984.4004
      452.0916   2029.2461   1964.7072
     2092.5903    686.2412    644.6538
     1070.0244   2157.5757    835.9796
      200.3009   1212.6968    281.8893
     1591.5337   1882.3988   2256.2417
      512.4861    449.8600   1068.7947
      633.8348   2089.4624   2059.6584
      526.9499   1117.4694   2021.9474
       27.5637   1088.4757   1755.0586
     1282.9812    681.6440    820.1777
      758.4907   1676.3674    125.3099
      172.4879   2225.1833   1532.6178
     1473.5106    867.9239   1320.2660
     1482.4587   1985.4543   1427.1049
      494.2070   1579.7333   1673.3949
     1684.6875    910.9312   1369.5890
      880.0393    812.8007   1633.8770
     1083.4840    882.4749   1650.7958
      819.3337    335.1211    833.8972
     1477.1067    916.3701    711.7115
     1738.1346    736.6804    606.8682
     1379.8027   1677.8586   2094.1885
     1642.7289    508.6084   1186.1573
     1384.9491   1211.2909   1648.9854
      355.5074    713.6802    781.3099
       12.9242   1817.1903   1549.9783
      171.3214    323.7026   1536.8088
      504.4548     10.8240   2004.9088
     1665.1647    856.7757   1701.2595
     1083.8271    262.9450    803.9020
      322.8782     85.4637   1950.6465
     1627.2510    949.7831    576.0316
     1406.6367   1882.6550   2159.3740
     1368.6304    270.0729   2249.8794
     1128.1537    257.3804   1032.9271
      668.6216    290.9501   1780.3191
      113.7170    211.8322    688.6596
      916.6195   1119.6863    172.9027
     2201.7715   1097.0634   2249.8999
       39.6279   1252.0497    635.2130
     1294.4362    876.0419   1428.1440
     1899.0319    894.7379   2113.1143
     1408.9443   1704.7936    528.5041
     1826.5776    829.7073    780.0977
     1779.6884   1214.8474   1575.9303
      849.2847    839.9990   1103.8107
      350.6243   1098.7539    694.3605
      348.7661    897.9786    827.6008
     1024.0492    289.2455   1598.0962
       99.7392    321.3121    348.3921
     1559.4580     63.8148    167.1567
     1710.4564   1183.8894   2262.6575
     1004.7977   1264.9524   2041.1021
      718.8193   1067.4508    896.7673
      273.3486    144.8622    167.4871
     1155.1458   1761.3142    880.4288
      811.5098   1405.3079   1655.7584
     1649.5781   1279.4741   2040.3352
      492.6646   1525.0415   1163.8082
     1855.8303    832.9186   1305.8466
     1385.9158    509.0942    758.4720
     2120.6492   1235.0696    535.4927
     1829.4716   1780.5696    200.1070
      257.7132   1350.0464    866.7181
     2048.1118   1658.7612   2087.0901
      247.9965   1304.6177    657.1307
       20.9556   1461.3773    608.0313
      806.0220   1298.5999    140.1243
      807.8091    334.3660   1297.2112
      714.2458    127.1875   1202.1829
     1422.1934   1126.2875   1988.1823
      711.2773    959.3367    368.3580
     2122.9800   1953.5587   1906.1326
     1484.2474    166.7355    896.8462
     1584.6052   1225.8535   1645.5988
     1915.9816    559.8583    507.4070
      100.8866    615.4732   2121.8442
      542.1977   1966.3210   1005.6606
     1082.4763    158.5272   1737.3175
     1901.8341   1728.5780    793.0907
     2236.1548    750.1611   1358.5690
     1358.9324    225.3930   1423.0715
       37.9705    713.1339   1829.1053
     2063.0342   2017.7408    187.2876
     1791.1422    877.5673    423.8491
     1203.7212   2206.3728   1218.0972
     1859.0981   1555.0179   1168.2754
     1461.5560   1332.4780   1982.8141
      938.3586   2041.2599   1374.5111
      653.0244    812.2974   1156.0413
      434.9553    922.7532    632.0432
      692.6479   1586.7784    755.3343
      725.4997    700.0394   1719.0011
      795.4983    617.8694   1150.6456
     1187.4119   1538.5027   1233.9520
     2125.1587   1014.0496   1645.1213
      172.0026   2236.0327   1335.3296
      658.1365    791.1478   2250.5166
     1124.9620   1391.6888   1511.8820
      612.9277   1897.8622   1348.7927
     1984.9554   1269.7264   1607.2468
     1972.6660    277.9872   1284.6115
     2249.0901   1725.9756   1903.6093
      401.2949    933.3947   2197.2078
     1897.5355    877.0041   1774.2384
     1368.2008    373.8554    578.0682
      752.6408    580.4898   2212.1392
     1686.4044    945.7156   1884.0620
      857.0969   1492.2310   1243.9141
      252.6599   1460.8306    333.9551
     1323.8230    673.6136   1775.1390
      204.3068   1577.8162   1219.1935
      539.0977    459.8871   1738.1212
     1209.5325   1398.9093     83.4665
     1083.8872    966.5707    924.6754
      358.9089    828.5032   1876.8562
      312.2307   1722.1176   2053.3044
     1520.7743   1504.8666   2080.2124
     2143.6616   1286.5837    752.4659
     1486.1046   1560.1567    189.9595
      481.1129   2058.6880   1181.8772
     1833.5939    660.7469    179.5286
      794.8742    337.8408   1926.4968
     1606.3750    700.5430    179.5679
     1527.9927    217.8689   1631.7075
      125.7130    378.9360    798.5056
      390.0297   1670.0005    646.0341
     1930.1251    496.4638   1964.9602
     1593.4937    129.3747   1456.6534
      665.8577    460.7170   1211.0618
     1289.7698   2013.8816   1558.1276
      766.6986    540.4398    819.5618
      363.9316   1085.6626    323.9345
       52.1931   2241.2083    756.2884
     2094.4727   1117.4968   1022.9177
     1280.1855   1207.5321    261.9662
     1263.5050    534.8046    256.4445
      811.1834    706.7570   1905.8542
     2038.7208   1093.7247    682.4850
      937.1431    866.4354    693.9619
      638.4802   2108.9363    484.3891
      155.4002   1433.9268   1765.5071
      287.2147   1345.4342    164.6649
     1166.9615    265.0085     21.6620
     1468.9386    438.6646    236.2628
      751.2122    750.5223    757.6844
      120.0131     23.9884   1943.4304
     1453.2274   1295.7095    314.6075
      272.0483    940.8212   2048.6753
     1204.8258   2253.9600    374.6927
     2034.8940   1531.2875   1278.4014
     1101.5951     70.9640    720.1300
     2009.1179    726.4520    861.7667
     1145.9225   1328.5164   1113.0813
     1995.5577    984.7556     10.9510
      729.7520    477.0996    124.5395
      259.3896    528.5112   2061.7292
      912.2686    341.6539    188.5757
      997.4819   2228.5281   1275.7933
     2229.8994   1102.5289    777.9202
     2165.1807   2192.2188   1903.6177
      701.5298    493.4715   1426.0934
     2122.2820   2224.5730    656.1094
     1856.9064   1704.0363   1025.3235
     2173.5300    345.9353    407.0033
     1379.5684   1962.4912   1738.4639
      910.6782    721.7758     82.0204
     1030.1259   1047.6499   2240.2449
     1593.6737    327.2361   1265.9209
     1526.7504   1576.3865   1431.9481
     1408.4368   1865.0244   1236.4880
     1981.3984    393.4331   1129.6907
      215.9201    112.1669    837.8911
      637.6937   1295.2657    592.5663
      878.7049   1535.3871    833.7914
      171.8951   1481.3962   1405.2644
     1699.6628   1406.6852   1680.6104
      664.5766   1151.7007    108.9036
     1460.2266   1068.4888    849.9935
     1999.2356   2103.7976    881.9919
      609.4244    841.9846    236.9245
     1609.7543   1187.1350    370.2466
     1084.2137   1155.0876   1028.0502
     1140.6233    659.1040    481.5833
     1752.8446   2233.1985    859.1321
     1257.1674    896.8698   1782.2700
     1052.5541   2029.6128   1932.5684
     1998.9265   1185.5972    857.6681
      355.2265   1477.9189     16.4127
      305.6789    933.9779    436.9838
      281.1709   2023.1946    539.4713
     1674.5669   1576.9681   1092.4636
     2167.4189   1989.7557    591.5591
     1308.2338    501.9519    947.3301
      874.1702   2258.6433    706.7794
       14.7992      0.9165    322.5950
     2060.4536   1667.8035    672.8055
     2189.9824    292.4381   1190.0314
     2123.2861    148.3286   1952.0287
     1989.3911   1878.4242   2078.2371
      341.7939   1145.0990   1543.6875
     1403.1749   1145.8134    460.1977
     1038.3176    285.1695    353.1055
     1841.8495     90.2805   1268.1133
      728.9758    374.4637    292.9183
     1936.0273    668.8953   1838.3326
     1397.2227   1066.5736   1800.9673
     1651.3976   2093.6206   1751.0963
     1606.4137   2255.9377   1624.9779
     2182.3342   1203.4347   1540.8722
     1835.2976   1884.3752    466.9903
     1116.6379   1810.5480   1911.6924
     1644.9399    329.9372   1062.2075
     2253.5459    900.1541   1908.3585
      697.2585    453.1623    484.4528
     2011.5563   1140.4915   2150.5745
      757.6114      8.4534    342.9506
      264.5525   1792.5430    126.8196
     1081.0029   1206.4482    811.8602
     1653.2079   1152.5969    559.5695
     2167.8650    347.7067    755.6772
     1060.3773    499.5451   1506.7147
      686.4406   2161.1399    685.6967
     1722.4880   1081.4890   1753.2966
      504.3970   1007.2062   1575.1139
     1121.5658    614.0470    719.1946
     1397.6565    493.7113   1737.3951
     1950.6382   2235.1658    523.7513
     1481.0917   1834.8151    391.4521
      463.4601   1855.3928     82.0826
     2252.9138   2109.6914    978.1743
     1458.5427   1727.2367   1764.7671
     1580.0372   1549.1058   1734.3353
      890.0200     84.7004   1124.8262
      783.9869    914.9933    148.9637
       59.5271   2060.6938   1583.4346
      989.3752   1181.2909    440.1526
     1979.0547    879.4252    987.7684
     1479.2046   1165.9650   2178.7754
     2250.0378    123.7627      0.1596
     1232.2064    821.6919    986.0898
     1259.5557   1744.2231   1728.1990
      161.5010   1176.3030    808.0550
     1536.7152    398.2375     16.8504
      984.0106    445.1137   1895.7703
      601.9767   2008.6003   2235.7837
     1686.6919   1595.2594    227.7233
     2032.0239   1585.2095   1728.0367
     1324.9656   1219.4572     87.7358
      951.3282   1683.6890    136.9333
     2032.4175    878.3773    694.6879
        7.9189   1394.4745   1510.5782
      715.0749   1483.6328    578.6923
       70.2205    180.1865    194.0189
      119.0465   1552.6991   1591.9802
     1470.2601    509.8451   1346.2654
     1169.5858    165.9230    235.9569
     1297.0146   2040.5284   1148.1891
      428.8733   1304.4207   2123.7112
     1792.3135   1378.5845   2259.9526
     1299.2312    335.9029    284.6236
     1557.0826    388.7508   1725.3099
     1517.6323   2239.0625    879.7675
     1096.0435   1930.8788   1006.6695
     1631.8417   2116.3508   2027.8264
     2227.8215   1457.4502   1165.4272
     1282.0743   1881.9473    390.9569
     1645.4375   1974.2974    557.1628
     2128.5173    509.8098    526.6966
     1339.7429   1636.6213    323.6970
      548.3332    446.8002    871.0517
     1314.3429   1513.1357   1788.4365
     1336.2705   1669.6355    886.0187
     1972.2897    984.3289    501.7911
     1659.0649   1890.4261   1517.7004
     2146.3545   1730.6028      2.3549
      561.3016    472.8152    211.4796
      516.2537   1029.9589    837.5189
     1057.5071    110.9433   2205.1438
     1914.6306    399.9362    396.4955
      620.8954   1338.1348   2049.5437
      219.1606    633.9684   1062.5151
     1658.3552   1722.6752    749.9936
     1892.7542   1530.2101    725.0325
      303.0545    133.7487   1322.4231
     1556.8923   1648.0784    378.1582
     1122.5789    378.2321    173.4259
     1945.9722   1212.0504    280.5882
      725.8652   2154.5481     10.7027
      667.2130     44.6457    131.4600
      340.4667    992.2178   1718.9501
      284.0840    894.1437   1553.6252
