      904.4788   2190.9263    190.9809
      837.6395   1435.7855   1014.0491
      903.1333   1884.5143    215.3903
     1021.4736   1094.6189   1698.0276
      617.7656   1794.1887    714.1392
      608.1725    663.7780   1052.9019
     1766.8965   1415.4874   1038.5461
     1153.9863   1861.2903   1139.9589
     1344.5143    178.7679    770.9535
     1305.4779   2147.7456   2205.0681
      514.2639   1522.5757   1460.4302
      813.5312    178.4066    191.6231
     1359.9594   2050.8962    317.2531
      785.8699   2218.9719    881.0305
     1372.7073    844.1145   1162.5660
       75.6738   1390.4707   2085.8911
      978.2111   1695.3452    531.3656
     1285.0042     83.8240   1384.7249
     2071.5833   1898.7135   2234.8628
     2196.3472    483.7539   2241.6785
      959.7828   1854.4036   1175.6656
      577.7072   1907.6329   1743.9949
       97.0669   1186.7455   2143.7493
      714.2639   1202.7833   2133.6282
     1121.1833    832.9996    611.7830
      209.1484   2043.2379   1847.9222
      368.8961   1523.9023    815.3140
     1424.1902   2200.3660   1682.7637
     2038.9750   2135.5388     12.1090
     2014.6660    276.2522    203.1618
      772.0945    865.4055    529.6410
      102.3329   1097.9589    645.8813
      588.2637    149.3572    665.7544
     1582.7618   1505.3074    882.3824
     1240.1534    778.7969   1594.8949
      778.8141    126.4419    739.5530
      886.8567   2105.5847   2114.7134
     1300.1522    476.8625   1376.0343
     1941.4061    102.6133    365.6938
     1506.6241   2072.6733   2214.0571
      311.2122   1320.7845   1403.8826
      303.2566    345.4661    398.3728
      491.8332    310.2419    752.4902
      429.5315   1898.4200    785.0333
     2143.3022    140.0640   1370.7262
     1751.4128    195.0051   1562.9790
     1066.0845    101.2608   1119.8213
     1197.6755   1372.7511    752.8668
       56.7296    651.2169   1630.3668
      890.6624   1245.7286   2249.5144
      633.9624    880.7776    964.4070
      947.8976   1453.5288    430.6342
      471.8972   1349.5837   1555.3712
     1559.2460    902.7131    177.0211
      592.2559   2237.6956   1683.2584
     1620.5930    716.1426   1390.3353
     1686.8220   1540.4758    684.3947
     1238.9752     61.7336     64.8808
     1336.3528   1895.2860    562.4480
     1658.7935    666.2365   1572.6770
     2196.2156   2108.4524    416.2603
     2176.4263    520.3294    913.5221
       64.7560    325.3599   1722.2667
       18.9284    535.2617    720.4447
     2253.4778    741.2775    346.8921
      770.4639   1356.0320   1223.5400
     1254.6119   1362.8665    443.1627
     1439.3281   1476.9500    414.4090
      840.5436    300.5477    602.3084
     1151.6976    649.2227   1406.5564
     1002.8439   1396.8530    739.1494
     1924.0046   1920.1602   1830.8560
     1314.3444   1019.5891   1296.8549
      253.4441   1433.5775   1917.5814
     1693.6323    488.1951   1391.6285
      194.0454    219.9997   1877.9001
      680.7733   1868.4984    133.6254
      340.8907    118.8179   1017.1081
      918.3578    447.9291   2125.1729
     1469.8826   1689.4731    755.8587
     2116.9758   1500.6067    807.3375
      685.1549   1013.1530   1087.2203
      719.1398   1974.1680    719.6899
     1444.1478    887.0678    351.8586
     1672.4861   1351.0406   1467.0428
      577.8025   2219.3118   1469.1942
      414.6288    759.9020     76.2288
     1346.1007   1694.0596   1345.8302
      685.9314   1676.7147   1452.1619
     1111.8444    583.6586    142.9380
       79.4557   1252.5511   1903.9266
     2105.2166     80.1569   1579.1243
      342.1613   1618.7292   1012.9518
     1167.5544   1643.7157   2067.6943
     1750.6971    337.3426     21.7703
      777.7253   2011.1842    514.6273
     1486.5176    290.5866    394.0282
       82.9196   1228.4399   1687.5560
       59.4846     31.5230    528.5515
      145.6554   1794.3702   2068.1021
     2060.0940   1285.3402   2216.1707
     1937.3933    940.7468   1186.9579
      670.2169   1429.6338    924.2867
     1629.7578    801.1589   2262.6177
     1790.6052   2258.9736   1474.8699
      185.0977   1555.1759    893.8549
     1348.4254    303.1667   1774.8461
     1780.7609   1904.4065    699.1270
      216.1082    758.2454   1740.2972
      197.9779   1033.6434   1035.4054
     1472.4255   1352.3369   1775.6903
     1483.9958    127.0492   1282.1069
      179.7843   1789.8237   1246.5662
     2123.7202    603.3441   2106.4741
      135.0398    493.5793    499.5092
       13.5042   1880.4725   1323.9803
     1421.1163    471.1482    435.5854
     1767.8900   1890.5957   1700.4324
     1102.1421   2170.6697   1637.4006
     2155.2139    940.9530   1428.6720
     1949.4136   1998.2318   1197.4811
      533.8694   1156.6547    681.0341
      180.9868    247.5492    513.9685
      972.0969    886.4930   1297.0717
     1919.3115    145.7197   1705.9507
     1628.0704   2045.7192   1390.3438
       10.4046    665.6459   1095.6384
     2193.7295    215.4017   2112.8875
     1313.6537    994.7089   1009.1008
     1941.3745   1079.4895   1728.0291
      732.2166   2045.2246    935.0337
      177.8228   1030.9023   1650.7560
        7.7214    153.4795    877.0233
     1981.4849   1625.4468    882.1038
      222.4176   2067.2957   2181.4949
     1069.3607   1822.4893     97.8297
      327.3317    276.0630   1178.8695
      165.2944    121.8598   1662.2067
      304.9018   1428.0814   1079.4204
      598.6809    323.8802   1357.7795
     1273.6002    145.3020   1155.0751
      622.8954    771.2169    391.7858
      600.0056   1668.0948    535.9540
      442.7708   1289.8864    975.2930
      777.5859   1619.1754    448.5500
     2142.5347   1723.0607   1358.0823
      928.3596    708.2726    623.1489
       16.8888    194.8939    416.4230
      532.6407    945.8707     60.9858
     1834.1948   1547.0427   1727.4629
     1083.6041    655.1085   1643.3348
     1168.8441   1774.7192   1532.7839
      395.9785    327.0663   1393.6377
     2098.8433    317.6710     26.0830
      388.4191   2211.2495   1325.5503
      641.6411   1754.9602   2219.4351
        6.8950   1564.6799   1752.4183
      897.9233   2026.0775    837.1276
      770.7097   1998.8622   1899.0823
     2127.2251   2043.9093   2084.4167
      568.2008    784.8626   1858.8982
      385.8049    498.5422    745.7473
      307.4928   1692.4825   1398.6710
      377.5959   2237.2925    272.8284
     2104.4475    604.3865   1907.7002
     1841.2550    635.4368   1436.9038
     2059.4519    530.3094    749.1880
     1891.4869   1177.2545     48.0746
      418.7602   2155.6780    478.3936
     1493.0936     98.6582    380.9465
      591.2430   1326.4005    280.7493
     1639.5088    768.0936    382.3693
     1809.4285    372.4326    575.8145
     1775.7825    818.3011   1501.2094
     1314.3627    866.5549    211.3438
      367.3502   1138.8372   1116.2357
     2075.3499    455.8794    222.5283
      872.0863    455.7246   1164.8104
      204.1360   1192.4720   1270.1301
      246.1847   1820.2135   1856.0558
     1224.1344   1520.2238    996.6221
      266.0774   2091.4082   1643.0844
      449.6901   1688.7301   2258.8337
      848.2645    887.4951   1464.7206
     2241.0005    237.8994   1566.2424
      824.3509   2005.9081     67.1599
     2055.3914   1392.6799   1431.7639
      931.2633    633.9773   1049.7899
      628.6368    569.4847    674.7635
      408.1192   1076.2295   1915.2539
      256.3458   1830.7183    399.2277
     1170.1991   2205.6450   1011.8348
      490.1846   1906.5157   2156.1294
      270.2655   1000.7845   1237.2970
      747.5998   1165.4753    476.7492
      621.4472   1219.6047   1855.4351
     1332.3955   1310.7324   2155.9507
     1175.2922    452.6343    869.1404
     2185.8691   1109.6260   1963.4603
      956.4330    699.2033   1453.6661
     1369.9666    452.2578   1920.4404
       34.7076    871.3775   1695.0034
       88.5292   2187.5244   1167.3958
      214.1595   1645.2644    308.6684
      188.9427   1106.9630   1963.8440
      998.2684   1858.8878   1389.3160
      928.1238   1081.8828    774.9559
     1883.0686   1282.9664   1394.0392
     1481.7825   1771.7609   1081.4456
      498.0198    548.5944   1464.6182
     2026.1527    733.5901   1410.0265
     2181.1492   1810.4777   2071.7468
     1429.5055   1078.9502    263.7565
      849.9125   1537.3317   1492.7185
     2117.4080   2052.1770   1325.5308
     1369.8790    674.9210   1059.2157
     1944.5044    797.2805    577.6675
      527.1749   1316.0688   1350.1116
     1894.8573    445.5689    164.7222
      373.7699    455.2174   1607.5131
      381.0605   1897.5190   1544.0648
      615.1351    298.2986    155.1049
      707.6094   1407.4458   1430.2095
      205.3407    541.5372   1698.3623
      454.6676    760.4656    964.6561
      868.5690   1285.7964    332.8271
     1706.8992    683.0481   2101.4670
     2156.8928   1474.0819   2139.4854
      767.6501    719.0625    955.7307
      892.2896     36.1841   2051.6089
      414.0711   1778.4990   1724.0424
     1802.5964    148.9854   2136.1040
      636.4760    613.0441   1878.7683
       85.3184    648.2599    922.9410
     2117.4607   1268.9038   1219.8169
     2257.4880    335.9371   1378.4536
     1801.5590   1699.7987   1584.0958
      343.7062   1115.6464   2115.6523
      261.1571    483.5116   1412.6968
      586.5841   1897.2440   1543.2650
     1608.8866     88.0452   2014.5856
     2185.8916   2249.9375    120.6173
      962.9980   1645.2866    343.8069
      671.7023   1106.8960   1699.0985
       97.1697    873.0991   1121.2399
      142.7788    789.5383   1979.4858
     1769.0430   2241.4082   1095.4827
      244.1601    677.8475   2249.3198
     1639.9539    978.6401    349.3825
     1543.4772   1030.6260   1713.4298
      501.1207   1688.6987   1316.4824
      961.0773   1000.7080   1128.4194
     1948.2616   2062.2412   1477.7717
     1652.3793    274.9716   2090.0527
     1638.2109   1855.8772    349.1722
     1289.2162   1535.5636    550.7227
      543.1432    998.0210   1809.0068
     1241.6179    219.5841    611.4377
     1258.7352     38.0156   1761.7560
      775.1681    749.4274   1333.7241
      360.3235     96.2652   2126.1072
     1235.9993   1022.2629   1566.8893
      585.1035    415.0609   1921.7167
     2010.8081   1927.3071   1634.7141
     1577.5599   2183.0544    553.2152
     2081.1721    603.2092   1700.2229
     1167.9387   1717.2400    466.9911
      671.6009    200.3977   1949.7139
      596.0447   1038.2649   1317.3499
      648.6078    263.9677    888.5245
      736.0829   1374.1653    732.1340
     2253.2236    375.6545    156.0062
      323.4526    181.5667    684.5616
     1939.8691   1356.3607    687.7159
      709.4609    282.4738   1550.6929
     2047.4684    776.2631   2195.4517
     1105.2969    486.4824    330.4565
     2226.7979      7.9359   2155.1772
      288.1688   1956.0532   2025.3304
     1309.7057   2124.0203   1343.1604
      129.7829    860.3029    303.8693
      655.9701    869.2666   1631.1510
     1009.5327    718.6555    282.1432
      423.2754    633.4208   1153.2626
     1227.0780   1972.0583      0.6215
     1099.2120   2247.8342    199.1037
     1798.9919    515.5216    362.3639
      333.3492   1489.2399    462.7133
      736.6997    964.9569    739.2090
      198.0601    928.9080   1850.7383
     1010.8884   1968.1740   2219.0789
     1265.6476   1112.5547    847.2819
     1691.7804    481.7291   2118.5190
     1342.2812   1601.9618   1533.8248
     1794.2773    973.3153     40.1476
     1746.9436   1027.3225   1164.3252
      118.9229   2000.2175    374.5646
      226.4799    347.9400    175.6799
      510.9576     67.6043    480.3646
     1295.1031   1006.9543    589.6107
      207.7015   2013.3544   1248.3956
     1440.4060   1568.9653   1045.6581
     1510.1177    818.9308    540.1857
      743.1628    302.4688   1062.8624
      602.1082   2257.9519    850.3608
     2112.0652   1875.1584   1208.8877
      669.0762   1529.7423   1579.6981
     1585.0154    571.8684    337.2848
      723.9434   1948.5508    331.7472
     1777.1766    580.7039   1949.4227
      192.3139   1886.1124   1441.9611
      764.1213    962.4274   1267.8130
      990.9233    316.3303   1359.2584
      192.1679   2128.7170    840.5555
     2133.4102   1796.1619   1694.3453
     1048.5845   2028.0249    138.5577
     2115.4900   1376.2219    999.5901
     1498.0961   2095.1592   1219.5283
     1003.1982   1492.5688   1604.2177
      479.9190    810.8129   1275.7797
      431.6675    555.3465    942.2116
     1484.8387   1877.2396    661.3557
      405.4052   2181.5222   1795.5468
      820.1993   2166.8938   1740.0967
     1493.5724    254.0978   1921.5735
     1694.7012    381.6916   1552.8060
     1072.6635   2184.9812    593.7833
      535.4452   1395.3071    764.7235
       54.1857   1073.1073   1174.0653
     1205.8092   1486.1412   2172.0691
     1286.9719   2204.8826   1540.7277
     1921.6636   1721.3245   1747.9429
     1488.1156   2047.3871   1578.4216
     1085.9875   1224.4751    117.9325
     1268.2023    677.0314     87.2565
     1075.0879    999.5674    511.5480
      447.2267    458.2053   1255.2626
     1609.0275    282.2712    202.7462
      845.8171   1732.3591   1372.8273
     1550.2076   1377.8770   1315.9636
     1468.1488    598.3831    890.6209
      220.4439   1039.1602   1447.5234
      503.3358   1672.7727    867.3344
      752.5486   1391.0864   1892.8722
      141.8735   1991.4446     75.1153
     1685.3367   1719.1935   1723.0308
     1598.8541   1740.6006   1913.9479
     2258.7888   1546.5518    270.4031
      299.5522   1874.4634   2226.8291
     1750.8313   1372.0330    804.9949
      400.7975   1311.6082   1205.0612
      588.9713    143.1228   1025.7350
     1027.0232   1203.7114    647.2256
        3.1903   1948.6887   1728.8801
     1385.5862   1001.3705     94.8693
     1169.9333    823.8658   1281.1769
      652.2764    254.8069    493.9955
       65.8377   1925.1324   1926.0160
     1481.5365    834.8797   1793.4888
      909.8090   2047.3619    336.1243
     2143.5198   1216.6735   1767.2296
     1816.5624   1023.0178    608.5457
      949.1249     69.7272   1665.0365
     1322.6952    665.4747   1267.2883
     2177.2903   1630.9792   1581.7782
     2262.7439    348.0106    568.2516
     1301.2961   1287.1340   1841.3507
     2143.9138   1593.2623   1961.2238
     1678.6389    150.2811    336.8218
     2132.8735   1419.0701   1638.6006
      948.5433   2258.5959   1448.1583
      541.5602   1696.2242    189.5514
     2028.9736    560.5495   1100.5642
     2255.7603    345.8121    948.7599
     1883.4485   2097.6826    152.6667
       50.9059    540.7369   1295.3312
      435.3938    412.0367   2082.7141
     1809.1750   1078.5649   2128.8909
      888.6814   1982.4775   1046.6422
     1910.6562    478.7880   1779.1279
      183.7656   1531.5061    124.3015
     2155.2075   1613.6244    447.6258
      577.8559    610.9064     64.3364
      223.9017    609.8127   1899.9077
     1395.5730   2078.7566    656.2059
     1973.2169    467.1190   2217.3931
     1696.6962    897.5190   2096.7490
     1956.0808   1478.6957   2181.0374
      872.9042    895.8434    910.0563
     1130.7383   1528.6958    397.4577
     1574.3975   2194.0464    326.2033
      500.8720   1485.7983    963.5184
     1831.3159   1471.0852    311.6898
     1035.8248    669.9341   1997.8416
     1868.5540   1952.2863    302.5583
      303.1989   1744.1061    848.0755
     2154.7292    415.5004   1625.8982
     1973.8392    602.1103    900.8073
     1857.7764   1254.5354   1754.1838
      830.4200   1230.9017   1960.7499
      202.7986   2231.1121   1786.5245
     1377.3961   1819.8118   1566.3195
     2130.1389    630.3552   1261.2991
      956.1198    281.9463   2254.9373
      254.1989   1725.9945   1592.6964
     1989.8452   1409.6450   1787.7432
      520.2791   2016.9076    234.4370
       71.2868    935.1267   1310.8972
     2016.5945    517.0392    400.6820
     2260.0437   1539.3567     49.6665
     1586.5251   1009.2181   2255.4919
     1628.6853   1111.1978    983.9062
     1289.4884    526.7632   2158.9941
     1382.7850   2165.4897    963.8339
      387.6991   1280.4701    385.8512
     1601.2405    418.9927    564.3358
     1786.5518   1198.8269    902.5923
     1735.4933    562.2968    549.4785
      130.1447   1887.3273    239.9086
     1933.3658   2063.0771   2143.2439
      942.7161   1264.9706   1057.3534
      805.2738    829.4824   2243.3364
     2135.9412   2262.4753    847.0842
      145.2981   1631.4149   1068.4639
     1669.4370    367.4326    370.6098
      757.9993    501.5728    977.6192
       27.5446   1638.4021   2128.9482
     2258.5278   1303.9185     19.9428
     1440.3800     70.5408     16.2882
     1967.4368   1383.6233   1215.6707
     2262.3289   2232.4421   1666.4556
     1507.8256   1577.3219    598.0117
      176.1260   2258.1436   2141.2131
     1262.6818   1881.6270   1383.6848
      413.1872   1279.5178   1913.0074
     1255.4147   1767.2400      5.6652
      969.8347   2049.6924   1707.1288
     1545.7059   1405.2070    705.2216
     1883.6315    395.6696   1440.1227
     1804.6027    484.7296    760.8206
      897.9671    627.1534    435.7920
     1632.3116   1938.9779    818.2973
      111.5677      7.5664     74.1189
     1813.6550    557.1653      0.5689
     1678.3160    139.1469    981.8836
       55.6058   1519.9163   1946.5049
     1148.2162   2015.5144   2069.6824
     2160.8047   1729.2371    894.0480
      620.3317   1244.7347    864.0612
     1951.9015    738.9347   1187.7760
      289.2682   2071.8743   1439.8772
      423.9482   1834.8691    296.1681
     1820.3058   2079.5532    555.5414
     1769.0870   2158.0742   1861.4648
     1705.8318   1742.3701   1206.3907
     1849.7074   1468.9331    532.1024
      375.9717   1738.8979   1175.9923
      428.0608    596.9498   2189.4663
      426.1303   1662.2130    390.5786
     1141.4043   1992.1029   1301.6981
     1927.6582    155.6883   1480.0995
     1457.4398    713.6928   1621.6569
      799.8317    539.5460   1994.9657
     1586.5177    205.4260      6.8120
      240.3362    889.7660    119.2302
      534.6074    264.1125   1159.7043
     1458.0469   2035.7662    833.7049
      475.6868    968.8558   1171.6450
      543.0035   1159.4626   1473.8413
     1959.2048   2246.4385    760.3174
     1916.5673   1724.8586   2250.7954
      412.3563    960.3802   1420.6571
      710.9426    700.0224   2102.2593
      790.7919   1887.3015   1497.9650
      419.7351    239.5719     11.3402
      454.9727    310.8411    981.1018
     1825.0372    585.6549   1070.6807
     1800.5366   1653.3500   2119.2585
     1262.3289   1179.2700   1428.3983
     1418.9910   1377.2391     97.1605
      794.3018    500.4949   1783.1483
      671.0099    354.3545    689.1086
     2049.8826    392.1040    927.9977
      211.5908    110.0085   1152.7352
      792.8437   1898.7513   1274.1697
     2126.8506   2111.8931   1536.9524
      157.4089   1393.2583   1226.5685
     1638.6793    590.0706     39.2137
       94.3593   1430.7800   1044.5604
     2154.0442    867.7675    494.8779
     1578.3989    884.2881   1526.1451
      193.3062    313.4619   1333.7681
      959.0606    506.0118    903.1558
     1276.5751    172.5932   1917.2074
     1399.7489    710.2311   1439.2885
      624.6041   1026.5896    573.8604
     1790.4846    720.7167    912.4368
      810.0533   1822.1019    835.0462
     1808.3591    389.0278   1186.3579
     1710.8193    314.1899    837.9973
     1976.8518   2109.9946   1921.8857
      430.5432   2123.4463   2168.2576
      708.3507    485.7300   1598.9723
       18.9587   1078.8893    955.4294
     1282.1920   1011.8870   1981.7026
     2239.2908   1430.2665    432.5632
       66.3677   1357.5419    196.0857
     1073.5530   1326.3965    314.9387
      928.4705   2066.2300    659.3599
     1762.6156     18.9438   1713.1130
     1543.8478    507.2090   1568.6725
      160.8044   1382.8175    505.4237
     1694.8639   1530.5476   1535.9839
      259.4597   1207.7102   1784.7714
     1393.9839   2240.2410   1166.6656
     1403.8823   2201.8511    453.8622
     1972.9148   1836.4849    630.3911
     1962.9088   1627.4607    475.1491
      283.8565    303.4706   1724.3184
     1768.3038   1841.4198   2122.8838
     2054.5242    166.4134    808.1820
     2033.4984   1418.1656   2001.1688
      905.1765   1011.8065    336.6057
      375.2107    103.3174   1707.8110
      274.5099    374.3430    626.6936
      841.6870   1513.6691    261.3819
     2072.4109   2182.6899    278.1449
      887.3189   1338.9380   1460.7001
     1083.0531   1990.3743   1526.9103
      987.9327   1651.7207   1272.0802
      189.8824    684.8290    419.6000
     1086.1028    842.2175   1455.8844
     1687.1165   2170.5999    102.9998
      407.8691    899.5839    244.7879
      699.5729     54.5074   2093.2690
     2173.2278    145.9109    644.5330
      943.1060   1648.0718   2159.0566
     1704.2338   2065.3323   1164.8870
     1826.2975   1885.6567   1128.4329
     1480.5513   1031.2053    473.0825
      434.1246    592.5295   1950.3944
       12.5556    868.0570    923.9112
      360.1118   1632.0425    169.3313
     1234.6344   1709.6506    678.0213
      605.2397   2089.3376   1823.2823
      601.9673   1707.4426   1859.5697
     1072.8634   1111.8386    304.9152
     1230.2388   1188.5018    667.1249
     1771.4459    700.2808   1736.0135
     1511.8927   1090.9117   1302.1390
      843.5136   1679.5453   1635.4146
     1093.3499   1680.0790   1107.9121
        2.9905   1702.5380    577.7697
     1125.2496   2065.3638    321.3943
      285.2363    746.9164    613.5847
      890.2598   1519.1272    607.5205
     1875.6116   2079.1587   1025.8008
     1287.2175   1584.1641     97.3162
      104.1890   1762.6042    913.2636
      556.1804   1298.8282     51.0794
      113.8569    188.8062   2079.7197
      705.6708   1396.6355   2231.1125
      236.2932    527.4886   1219.5763
      826.3661   1209.9169   1755.0118
      332.6573   2092.4392    696.9008
      636.0164    154.0945    331.0015
     1806.0143   2225.1086   2064.1008
     1849.4342   1906.1057    922.6815
     2259.6479      1.5942   1473.3893
     2023.5349   1887.6804    814.3749
      531.6459    576.7652    448.4872
      509.5747    143.6265   1374.7570
     2168.9846    803.0133    181.5219
     1566.6337   1344.0918   2193.4717
      114.5135    863.3856   1511.3719
     1112.7932   1014.8807    718.6135
      297.5829   2179.2793   1105.6732
     1981.4384   1564.9298   1574.3790
     2075.4858   2069.0898   1733.6981
     1605.3322    888.1163   1188.0388
       46.9458    964.1282    125.3610
     2064.9683    311.2695   1469.5718
     1550.6970    267.9671    691.4520
      194.7746   1042.8319   2237.3376
      605.3456   2227.6162   1275.9938
     1666.9583   1069.6541    174.7774
      316.2913    726.1844   2053.7236
      136.7713    522.4345     43.6020
      113.3239   2105.4287    583.6227
      739.0115    657.7438    536.1727
     1394.2689   2037.2792   2047.6586
      297.3230   2164.5840   2008.9586
     1239.0327    645.6868   1965.1437
       30.2693    681.7634    544.9202
     1395.9611   1250.8787    791.9109
     1258.4663   1142.5203   1167.7367
     1378.5682   1261.9564   1271.7046
     1874.8795    172.3172   1072.4410
     1207.7170   1116.0448   1803.6774
      407.4319   1098.0731    534.0345
     1439.8048    695.6625    228.3197
     1869.3313   2244.7180      2.6138
      880.4483    279.3673   1695.9753
       22.5391    540.7886   1963.3578
       56.4298   2080.8206   1378.1466
      655.1516   1733.6952   1649.5531
     2066.7622   1197.3031    155.5472
      873.3453   1062.8042   2062.6470
      342.1178    661.3450   1326.9585
      776.1403   1748.2178    271.4681
      396.9194   1974.8094   1790.0779
      697.1815   1037.9241   1501.8091
     1517.3127   1645.7239   1235.6028
     1574.0961   1222.3260   1154.7261
      423.7973    254.8061   1910.1555
      564.8532    846.8444    780.6425
     2229.0698    767.4144   2060.3391
     1649.1797    628.8373    728.8899
      998.7291   1010.0892   1521.5439
      348.5225   1244.6104     14.2461
      911.0247   1868.2505    642.9472
     1432.3927     92.8225    986.0051
     1814.4785   1695.4788    600.0211
      400.3979    644.0175   1756.2603
     1764.9760   1697.4178    397.3069
      647.4798   1554.3109   1991.0142
     1968.1656    334.0168   1633.3827
     2180.0825    593.1864   1479.1884
     1263.3391   2221.0171    793.2329
      797.0664   1744.7749   1840.8910
      541.7343   1993.1663    416.2149
       94.4013    856.3881    510.4126
      552.1290   1527.6785   2195.8379
     1551.4553    910.6268    980.9594
     1756.1471   1358.8236   1231.8610
     1142.2402   1565.6770   1851.4639
      476.0247   2078.4543   1624.3922
     1417.5394   1194.3016   1022.2971
     1953.3376    909.7299   1389.5950
      423.6683    249.4349    541.1099
     1828.4276   1069.2676   1365.4106
     1115.5996   1840.7444    609.6718
     1156.6509    960.6611   1151.0508
     1373.2659   1507.7584   1233.8419
      702.1495    138.1840   1396.6238
      960.9825    230.8905    766.2250
     2011.5341   2248.1128   2095.7463
     1928.0697   1412.6768    886.4554
     2157.4912   1309.3982    307.8647
     1271.8805   1959.9352   1904.6158
      345.1576    532.7447    326.6283
     1630.9468   1416.2437   1904.3235
      858.3834    222.2107   2079.2642
      422.4424    178.4992    333.3973
     1032.7974   1986.2970    495.9455
     1867.8779   1935.2140     28.4556
      469.2914   2249.3906    670.6639
     1417.5822   1939.4639    107.4174
      487.1737    300.4709   1727.7059
     1054.6852    300.2225   2077.6003
      199.5218   1918.9231   1666.6536
      854.8157   1304.5443    583.8725
     1826.1653   1896.3517   1512.4058
      856.8024   1497.5897     53.4973
      949.8373   1883.6830   1823.7635
       99.3210   1970.7625    727.9274
      318.6709   1523.7675   1558.7375
      228.0807   1575.7059    673.0281
     1537.2798    607.3705    541.5496
      891.7590    172.6747   1501.6842
     1457.7996   1696.9039     24.1832
     1190.5638   1577.4910   1639.0271
      255.1774   1573.1698   1755.3984
      891.4825    549.9019   1339.6172
     2245.1172   2098.5681   2261.0688
      896.9792   1096.0898    964.3938
     1789.7649   1168.1305   1928.3691
      198.4775   1380.0598   2258.8555
      468.1213   1542.1929    619.1057
     1624.4167    164.2007    535.8855
      575.3858   2221.2117    315.9427
     1084.8208    131.9300   1968.6521
     1273.7012    573.4216   1566.9946
     1645.5042   1021.8648    770.0652
      426.8798   1834.5204    988.3382
     1390.2375    319.0368   1212.7465
     1628.3647     85.5926    755.6865
      372.4966   2054.6772    917.4385
     1147.8005    840.3542   2047.7760
     1961.6862    139.2082    623.8678
     2155.5242   1924.9546   1490.1904
     1670.7039   1946.8021   1860.4625
      539.9367   1709.1619   2058.3933
     1590.5544   1899.2390   1220.9188
      724.7991   1671.7357    937.1119
     1308.3077   1496.7778   1986.6078
     1806.3059   1095.5007    368.0731
     1937.3031   1284.2396   1040.3136
      130.8379   1042.8368    450.5280
     1363.8208   1349.1875    600.4523
      856.9959   1684.5028   1110.2468
      819.3698   1148.0399   1183.9567
      908.2217    674.3967   2141.9397
      625.9026    866.4125   1413.3911
     1123.4871    673.7784   2198.0544
     2159.0278    779.4936   1578.3632
     1351.6952    827.7570   1945.1049
     2138.4038    146.0980    251.4483
       97.2216    335.8715   2254.2502
     1237.2889   2062.6091    493.0086
     1904.3640   1205.0634    512.4976
      776.2491    342.1772   2262.2080
      199.0053   1219.2721   1044.7627
     1256.5985   1016.4849    372.3742
      627.3556   1893.0233   1970.3828
      515.0346   2175.0459    114.6895
      517.8035    752.2865   2050.1272
     1422.6508   2256.4729   1905.9790
       18.7526   1622.1528    783.0615
     1128.6417     88.7849   1559.2051
      455.9283    688.0494    691.3370
      880.8071   1037.6240    574.9420
       17.3727   2131.8931   1825.7281
     2128.9409   1703.3000    225.1401
     1057.0978   1200.9165   1863.1809
     1874.2559   1402.9197   1586.5127
      204.7503    140.0616    336.2178
     1860.8705   1482.8077   1398.8641
     2052.6104    112.3595   2248.7773
      233.9287   1198.8309    552.4211
      842.4295   2120.7993   1164.9642
     1169.2017    668.3575   1140.7079
      120.9831    712.5306    141.3571
     2183.5737   2218.5234   1273.0107
     1042.4148   1414.8534    939.2044
     2242.8389    537.4004    369.8384
      441.8719   1218.7064    204.0023
      830.3338    820.5178    292.7152
      642.0602    207.8503   2236.6870
        9.0279   2006.5140   1159.9849
      172.8161    532.9338    262.7381
      855.6703    124.2482   1854.7604
     1335.7808    285.1519   1008.9848
      589.0212    545.4767   2088.7312
     1273.3254    840.7804    465.1454
     2082.1672   2097.7131   1094.7550
     1411.3745     98.4236   1542.2322
     1132.5828    767.5643   1838.5823
     1507.0656    417.4990    984.8071
     1775.6356      5.3419    253.8587
      779.4385   1911.8318   1712.2570
     1268.9028   2110.4429    154.7233
     1746.5352   1257.3364    196.8220
      147.4144    836.9554   2204.4727
     1995.4565   2000.1721    444.6374
     1833.8507   1382.9171   1910.1292
     1907.7557   1018.4526    207.7628
     1464.4663   2056.4744   1844.3661
     1535.5081    335.6517   1404.7596
      866.8698   1842.0531    430.9203
     1985.4186   1765.8143   1015.1892
      598.9302   1778.6975    354.8590
      215.2912   1825.2642   1067.3700
      734.2624   1252.7898   1032.6154
     1188.7056   2020.5309    680.2670
      546.1378     26.1414   2213.4355
     1253.7249    563.5085    512.1917
      740.5564   1938.6132   2137.1560
     2123.8503   1407.7828    143.6853
      698.1380   1069.8505   1964.4094
      952.4230   1304.8127   1267.4675
     1924.3416   1163.1167   1219.4150
      862.7056   1291.6534    859.0342
     1510.9723    223.3009   1093.3745
     1244.0889    475.7172   1179.7736
        6.4140    137.6998   1782.8199
      611.3802   1859.8932    897.2105
     1054.2596   1148.4694   1220.8894
     1633.3442   1091.3484   1508.5653
     2194.7844    459.9121   1110.3259
     1569.7961    452.7068    765.3052
     1744.4375   2090.8723   1542.1702
      550.6201   2077.6042    803.2760
      407.8936   1327.5830    592.0756
      610.3807   1385.1760   1709.4276
     1084.3193   1363.5389    542.4203
     1472.8984    724.6721    727.7319
      238.7995   1933.0824    864.4799
     1012.0290     93.6714    911.8134
     2117.9944    409.6488   1827.3583
     1518.2279    960.9611   1947.0911
     1737.4462    271.5701   1369.1517
      241.8470      1.0095    644.7134
     1109.9425    788.6780    824.1910
      167.5422   2034.1082   1033.9708
     1004.3805   1665.5087   1491.0240
     1177.4111   1323.3601   1310.5897
     2079.4536    210.9736    995.6080
     1000.3193    440.1438   1708.1284
     2015.7245    887.8600    331.7610
      519.6141    942.6723    415.7897
      166.8754    417.4332   1883.1770
     1991.6165   1533.7012   1059.9620
     1606.6519   1938.8040   2058.6958
     1477.2074   1584.8792   1899.0509
     1729.4210   1586.7096   1915.8312
      154.5265   1758.5879    701.9934
     1457.2631      3.7546    749.8368
     1144.3464   1263.2601   2183.4790
     1408.2355   1411.8824    918.7490
     1436.8473    117.8492    581.2862
      478.6891   1195.4369   1698.8027
     1949.7626   1749.0076   1210.7161
      891.3260    141.6668   1290.0250
      944.0805    710.1876    841.6072
      354.1290   1049.1598    121.5372
      512.9283   2003.7078    615.2589
       80.1068   2111.9785   2022.0913
     1813.4631   1188.5342    704.1385
      856.7652   1032.0784   2249.9324
     1433.6140   1044.2286   1480.7776
      341.2674   2041.8812    105.5870
      735.7976    118.2984   1705.1401
      305.4995    324.1106    829.1511
      858.0507   1794.4720   2246.8970
     1071.4000   1525.2253    194.3548
     1159.8472   1684.9392    237.5698
     1309.4651   1717.2946   1913.8978
     1835.1378    760.2199   2262.7742
     1772.2295    158.3780   1917.0426
     1268.0562   2101.3713   1757.7241
     1239.6934     97.8302    943.6074
     1697.9875   1960.9644    141.1128
     1325.3445    717.1058   2138.3987
     2029.1534    671.1100    273.9567
     2230.4465    977.2629    333.1428
     1320.8248   1351.9891   1612.3234
     1620.7548   1085.2411   2055.7800
      959.1231   1378.1606   1864.1567
        8.3721   1128.7627   1355.8710
     1266.3423   1449.1873    252.1446
      490.4896   2044.3040   1400.6726
      393.2289   1139.5447   1332.2734
     2079.9927   2262.6636   1776.2644
     1626.4653    752.5665   1910.2665
      490.4730    694.4658    261.1000
      181.3862   1055.6127    253.6006
     2125.5457   1677.6240   1139.0315
     1603.4159   1199.6233   1846.1086
     1098.7649   1619.6390     15.7473
        5.4152    519.2059   1764.0217
     1113.8572   2157.3293      3.9636
     1289.7961   1861.6466    787.5405
      726.0452     83.2064    539.6268
      827.3535    114.8580   2262.4922
     1809.0200    258.7519    228.9632
     1818.9683    535.1633   1603.9167
     1172.0300    338.6529   1874.8468
      455.7603    137.9222    839.9588
     1623.0201   2262.3384   2190.1526
      927.0075   1556.5359   1773.5460
     1290.9811   1700.3910   1144.9137
     1686.0787    533.4055    900.8450
     1701.2506   1720.7361     33.3424
     1651.5433   1886.4352   1015.5320
      422.2450    360.4228    181.9743
     2093.3816    790.1940   1775.9348
     1132.3916    810.8944    121.2179
     1048.1691   1836.5077    343.7359
     1009.7874    869.3502   2202.1899
      390.6897   1267.2776    777.4797
      311.6200    834.2714   1151.6387
     1450.3020   2228.2048   2079.5547
     2042.3411   1568.3074     64.3673
      454.1228   1842.2643    518.0112
      898.6986    415.2822    412.7829
      107.2039   1740.3824   1739.8958
      285.2617    718.8789    250.6106
     1483.2643   1025.9260   1126.7407
     2090.6289    223.4661   1736.7445
     1178.7260    551.6072   1807.0355
     2186.7017    720.0458    830.5380
     1123.9484    123.6265    461.4784
     1925.2000   1058.3812   1025.1841
     1538.7694   1215.5516    129.9392
      957.3680   2166.3013    986.0922
       53.4913    116.7134   1257.7153
     1355.7296     21.3301    242.1879
      878.7924    383.6354   1519.2007
      264.8524    298.6791   2058.7375
      179.7367   1190.8170     84.4661
     1688.9319    477.1521    187.1649
      378.4297   2222.4202    864.0538
      544.2422   1445.0237    447.1901
     1177.0258   1025.7455    139.3306
     1457.5935   1834.5679    888.0793
      516.9664    954.3678   2042.8965
     1018.3826   1463.8035   1362.4052
     1569.9868      6.0638   1118.0361
      192.1583    256.3281    981.5572
     1219.3877    409.1534    662.9783
     1212.2578    714.7989    304.0503
       10.2744   1810.6100   1113.9688
     1168.0686   1578.7942    823.1254
      696.8214   2063.3330   1405.3671
      798.9186   1704.2356    654.7386
      844.6855    201.8581    412.0638
      943.0382   2233.4897      0.4697
     1486.8856   2155.6086    134.2004
     1698.4458    169.8053   1197.5277
      518.9117    360.5196    386.4939
     1604.9545    703.6955    997.9283
      515.3252    228.6809   2076.7764
     1098.9039    955.0534   1883.0057
     1608.5609   1547.7347   2259.7227
      517.1796   1453.3396   1871.0760
     1821.1617    189.2772    495.7527
      120.9205    773.3737    752.6854
        4.6703    297.1552   1923.0042
     2217.7766   1879.8043    133.9775
     1596.3486   2249.6370   1840.3556
     2189.8083   1387.4318   1873.0944
     2106.6562    762.9362   1027.2443
     2077.5435   1924.8348   1018.0907
      202.2158   2161.2180    210.2365
     1931.5270     56.6971   1905.6750
     1101.4500   1543.3824    632.3232
     1808.7377   1776.8368   1935.5967
     1760.4633    213.9373    689.4075
     2085.1973    970.6964    888.6564
     1927.1553   1592.5758   1935.1379
      440.4448     92.0348   1199.6309
      355.3940   1968.2430   1107.7543
     1786.4938    304.3507   1727.8518
     2085.1516   1480.6077    598.4172
     2041.2217   1777.4885   1900.5702
      500.9546   1105.3533   2245.2288
      367.8400   1386.4503   1747.3369
     1066.0927   2205.4849   2051.0674
     2011.0563   2245.0234   1392.8512
      358.0777    195.1299   1536.7283
     1501.7424    572.5807   2127.0029
     1059.1682   2258.3154   1827.6885
     1855.0117    727.5773    391.7296
     1448.7018    135.8228   1756.0789
      929.1759    873.0823   2020.2330
     1020.1052    808.0176   1053.0852
     2184.8420   1274.5586   2064.3928
     2156.8557    952.3167   1080.8870
     1473.0959   1246.7173   1449.2250
     1987.6556   1082.2402   1512.6147
      748.8517   1608.1908   2159.6401
     1869.4514   2068.0745   1713.1257
      896.0721    567.5098   1581.2858
      745.9471   1157.4548    716.3765
     1780.7817   1470.5894   2085.8132
     1366.5608   1743.6431    201.0445
      976.2478   1606.3353    937.4911
     1451.3564   1862.1508   1946.2312
      430.6003   1846.5024   1942.0685
     1737.9879    622.0338   1248.0325
      543.4918    423.9785   2262.6589
      488.2492    761.9894   1501.9369
     1229.3545   1895.7963    196.1458
     1994.4297    905.9777   1598.4141
      901.7769   1094.6770   1356.7782
     1417.0780    804.4509    900.9384
      373.5092    557.0668    115.5230
     1597.8529   1718.1722   2117.6211
      680.2976   1850.7057    529.3369
     2100.0500   1008.7428    174.2440
      991.5317    689.5170   1248.2067
      739.6683   1853.5660   1064.1511
     1169.3236    304.9382   1243.0995
     1814.5101    807.2899   1957.1479
     1927.6334   1381.6691    143.1808
     1441.2842    594.0162     61.7393
     2182.8049   1069.3066    559.8334
      480.9737   1720.3551   1510.3641
     2207.3782   1838.3359    708.9399
     2054.9143   1512.3267    308.0047
     2137.2302    836.3946   1230.9384
      531.6454   1112.6119   1004.7536
      709.7047    682.5643   1499.1678
     1122.7174   2174.0994   1444.8938
     2205.6094    889.9869   2239.6204
     1077.8455    490.0790   1288.0337
     1617.6561   1422.2662    318.6658
      391.2753    942.7661    989.8979
     1363.0115   1530.7150    746.3334
      567.1690    660.1426   1647.9678
      300.5493   1691.6792    536.0666
     1987.5740   1367.7892    417.6693
     1724.2557   1331.5607    595.8566
      342.4426    550.9988    532.6091
     1861.1709    163.3680    865.7313
      945.7239    525.2605     39.1451
      864.3190   2078.0374   1531.5248
     2099.7983    432.8831   1318.4517
     1986.4994    226.1252   2082.6780
      563.7825   1697.9431   1077.2690
     2070.5054    230.6722    471.0173
      125.3182   1600.2609    478.9833
     1407.8148   1516.2605   2190.1504
     2077.3728    993.6412   1846.8350
      213.9635    825.1810    947.6635
     2017.6016    366.3937    598.2101
     1488.9403   2008.2438   1044.1940
        5.3867   1265.4862    931.3443
        7.0839   2076.4929    207.1869
      191.8117   1646.0769   1945.3208
     1922.6805   1633.9454    232.4614
     1148.9639   1374.2903   1980.7993
      409.8540   1524.9803   2035.2809
      194.8144   2183.0249    411.0518
      514.3160    117.3652    137.6066
      208.2461    485.9421    868.5137
     1919.4985    649.7775   2095.6528
     2000.8445    541.3256   1513.0771
      675.5062    991.6462   2174.0059
      101.4162    334.3925   1167.6877
     1641.0675   2128.4573    737.4684
      459.0333    836.4622   1697.3444
       23.5181    169.3889   1061.8806
      792.5081   2226.3020   1336.5677
     1051.3087    492.2729    534.3000
     1019.6813    159.6141    129.8112
     1402.3358    229.8177    168.4364
     2095.2622   1040.2112   1268.0514
     1677.0905   1183.1317   1335.6335
     1869.6074    403.2651    957.2747
     1806.3705    981.0022   1575.7267
       23.3608   1207.6869    440.4198
     1992.5492   1834.1019    168.4919
      863.6829    507.3798    622.8304
     1100.5208    899.7109    303.3362
       15.1183   1042.5344   1540.2415
     1730.0751   2063.3198   2194.6602
     1121.4856    628.4861    941.4399
      764.8270    684.4562    135.0496
     1182.6235   1569.8011   1428.1431
     1761.3630   1310.4371    399.0551
     1678.0344   1715.4789   1419.0815
     1763.5984   1222.4888   1094.1215
     2251.4739   1921.5361    907.1731
     1401.4977    910.4084   1604.4724
     1006.3902   1699.0966    764.9471
     1664.2114   2246.7935   1287.2731
      593.6865   1185.7463   1193.2250
      976.6015    939.7582    139.8479
     1890.4612   2147.7034    363.3226
     1543.5443   1708.8593   1566.1674
     1628.6560    821.2651    803.0701
      723.5514   2106.2593    216.4552
      424.7858   1473.1869    282.0564
      936.8098    311.4137    964.0894
     1841.4363   2067.7832    784.0338
      527.2563    365.3494   1537.3772
        5.2668   1148.5789    209.0272
     1786.1804    854.3209    239.3738
      738.6795    915.3420   1810.3633
      565.5066    153.4732   1583.5530
     1942.9390    336.3030    765.9110
       57.9654   1818.5127   2247.4583
      740.1128   1201.5038   1355.8840
     1770.8944   1562.1932    890.3323
      710.5253   1556.1033   1776.5004
     1551.3867   1865.4922   1738.6567
     1538.3389    690.3378   1219.8186
      722.6757    592.2667    341.2629
      644.9745   1559.5959    305.3055
      748.2734   1400.2456    411.4025
      399.3981   2250.7405   1541.7882
      675.8633   1266.8555   1561.8214
      255.2081   1295.6422   2059.6511
     1329.9907   1425.6533   1419.4235
     1556.7529    621.1665   1757.0878
     1129.6483   1031.5577   1375.8414
      962.6852   1365.9780    163.6796
     2106.6504   1809.6755    481.9717
      593.5557    781.2406    589.3123
     1775.2782   2257.7493    650.3911
      684.3648    365.6069   2098.4175
     1436.1881    805.5338     22.4536
     1167.0763   1199.1263   1608.6036
      124.1319   2260.0618    987.9964
      994.3694   1489.0009   1138.2928
     1445.0817    504.2155   1187.7302
      827.3504   1570.3193   1968.6349
      693.9139   1525.2323   1106.1852
     1270.4165    213.6530   1606.1713
      796.3721    138.9965    938.8964
      732.8620   1151.3873    270.5402
       51.2744   1409.6268    821.1562
     1102.3018    118.2461   1345.2372
     1499.5649   1462.2463   1576.5753
     2214.1575    594.4507    170.6498
     1750.0796      1.1178    448.8725
     1904.3154   1000.9025   1958.8011
      958.5778    280.4223   1167.7123
     1369.5603    386.6288    820.3019
     1594.1838   1312.3979    931.2433
      577.9440   1372.1866   1117.9513
      331.7229   1104.0854    894.4590
      555.5099   1163.1761    400.4498
      545.4337    125.1801   1820.7413
      556.5227   1869.9940   1165.6562
      596.9747    665.2531    844.9443
     1634.3893   1397.4508    125.1875
      953.7877   1814.6599    969.5943
      326.2381   2014.5824    309.7575
      100.6503   1876.8934    527.3912
     1533.0872    784.0591   2090.2629
      407.9243   1627.1949   1873.3680
      978.8742    102.2699    310.5260
     1478.9254    384.4557   2085.3083
      624.7936   1524.7798   1288.5659
     2259.8904   1338.4630   1344.4514
     1605.6331   1760.9160    527.5092
      724.7186    873.6486   2001.7598
      666.9143   2043.2842   1198.3098
     1915.7915    238.2926     22.9955
     1112.4688    452.2165   2215.6934
       58.4628   1963.8529   2130.8992
      169.9450    681.4084   1450.3054
     1304.9008    430.8010     82.4446
     1379.8406    398.9679   1554.1942
      567.8291   1057.7059    211.0011
      940.7251    119.9740    563.9358
      371.6263   1500.8754   1327.0785
     1806.9060   1548.5189     57.1862
     1673.9540   1535.9121    475.2301
     1159.9009   1398.9998   1751.6616
      146.3613    714.6141   1234.0521
     1541.5461   1320.2032    505.7985
     2248.4417    695.0482   2260.9038
     1042.0054    290.5063    569.4846
     1070.7786   1902.1118    786.5984
     2093.0024   1136.0447    381.2860
     1601.0936   1202.9647    751.3173
     1057.6550   1722.7465   1733.3907
       71.9718   1698.4856    149.1866
     1149.4086   1740.9093   1311.3132
     1539.7466   1999.8682    247.1609
      227.5852   1524.9885   2123.6396
       26.5880   1607.1698   1237.6338
     1226.9786    366.0301    469.2088
      887.0410   2150.8979   1913.7145
      846.5779    994.0486   1661.4990
     1257.7020   2028.3506    874.8723
      132.6996   1238.6664   1468.8585
     1185.5337    302.6125   1433.4476
     1829.6898   2105.2234   1325.4305
      699.3938   1719.3527   1234.6317
     1578.7559   1782.7351    174.8708
      190.8219    567.8386    675.9905
     1854.7954    354.9790   2098.2832
     1876.7798   1692.6979   1385.0199
     1804.2897   1998.4379   1984.9047
     2044.2479    805.7101   1968.7754
     1007.3326   1303.2148   1668.5479
     1749.6409    944.9952    957.4462
     1637.6594    168.3663   1777.4958
      932.9178   1937.2419   2027.8271
     2075.4448    700.9481    457.7859
     1916.0513   1031.3682    821.3091
      596.0800    647.1957   1298.5104
     1310.8618    163.1360    410.1011
     1231.0586   1299.6083    936.3832
     2137.1736     46.6412    440.7249
       77.5949    481.1247   1511.0834
      704.5256   2250.0571   1901.8357
     2198.3821   1529.1407   1413.7369
     1753.3813    120.2835     93.5656
      131.7285    151.1579   1445.4240
       90.4458   1683.9160   1404.5842
     1965.8866     66.5095    166.2897
     1189.8944    397.2367   1665.7109
     2021.2307    624.9675     75.4647
      778.4065   1771.9111   2025.5144
     1149.9003   1933.0325   1719.8236
      577.5411   1490.5565    131.1568
        1.0584    913.3578    690.4299
     1962.1750   1775.8960    361.7833
     1177.1611   1178.3893    488.4570
      221.0574   1671.8195   2246.1362
     1014.0910   1428.2262   2220.4302
     1714.2505    499.4493   1761.1359
     1269.0426    312.2910   2074.5188
     2081.2434   1189.0659   1396.8215
      848.6688   1163.7034   1544.1613
      320.0245    428.4507   1070.8746
     1885.4979   1283.0728   2094.5938
      326.5245    636.9003   1562.4957
     1978.7852     15.6919    977.6937
     1969.2808    826.6202    139.3650
      948.6293   1834.1909   1604.0966
     1748.8523    782.0390   1101.7106
     1924.0554    520.2313   1286.9033
      906.6601   1043.2100   1868.7949
     1240.4957   1205.6149   2014.7249
     1228.2535    889.6660   2229.3308
      680.5062   2212.6064   1068.7357
     2172.5029   1906.0118    328.4878
     1015.0858   2199.5750    407.1690
     1941.0361   2207.9133   1190.1754
     1235.0422     78.6896   2114.0835
     1081.1288   1053.2998   2049.3865
     1552.3054   1403.5383   1099.0002
     2005.1082   2035.2296    670.5521
      492.4805    436.7697    575.6370
     1938.5695    717.0246   1631.6249
     1398.1000    685.1986    432.8356
     1062.5391    459.0919   1081.1230
     1439.0636   1135.3838    647.4476
      157.1327    986.0837    823.2869
     1574.7849    493.2202   1934.4613
      340.8342   2243.5620     43.9756
     1277.9182   2255.3428    587.9357
     1743.3673    365.1909   1922.4596
     1957.2781    291.9860   1876.4781
     2007.4812   1210.5444   1917.5095
      912.9244    547.8865    237.3049
     1858.3796    676.5957    730.9642
      765.6564   2262.4275   1545.6611
     1042.5762   1206.7681   1455.0697
      365.4666   1888.4242   1326.8871
     1447.0690    657.3577   1952.0239
      113.9321    478.2823   1047.2664
      976.4136   1711.0789   1940.6130
      983.4088    292.7255   1887.5189
      246.4382   1336.8966   1603.4524
     1691.7882   1544.6133   1310.0588
      846.5330   2192.9270    532.1531
     1075.0834   1799.2950   2152.4272
     2109.9641    399.6682   2054.8223
     1503.9846   1798.4835   1380.5576
      948.3018    854.7163    456.7354
      416.7346    756.7568    472.4036
     2193.3796   2066.4338    756.6414
      278.5144    839.8673   1365.9498
     1020.8195    428.9910    739.0797
     1300.6245    739.1673    634.4836
      215.0639    183.4958   2249.8367
     1426.8741    161.3866   2083.4363
      356.9746    448.3639   1842.7617
     1340.0376   1363.7273   1114.4608
     1261.7340   1849.0356   2081.6709
     2021.9309   1746.4161   1517.6908
     1269.2789   1081.2802   2176.3152
      311.2083     86.7989    479.7780
      850.3691   1398.1898   2088.6052
      973.1690    644.4764   1794.8813
     1986.4564   1887.7433   1366.2748
     1689.9178   2050.4014    371.2239
      929.9495    860.8434   1819.3608
      490.1826   2223.9680   1038.3688
     1307.8457   1885.9329   1009.3641
       18.5851   1264.4744   1138.1674
      289.7781   1886.6178    652.5732
     1482.2056   2206.3904   1413.1282
     1141.9481    485.3112   2025.5157
     2108.6338    955.5712   2070.4180
     1412.7847    960.3627   2129.7400
     2179.3596   2260.2214   1060.9585
     2039.6019    105.8765   1169.7131
     1769.5485   1894.1228   1333.6503
       62.1226    983.8699   2074.3391
     1010.9400   1516.1254   2016.8378
       27.4478   1748.5480    364.9542
     1484.7405   2001.0159    465.2486
     1693.4622   2071.7793    955.1460
     1932.7236   2222.1160   1606.8851
      681.2452   2077.8984   1619.8203
     1268.9971    902.9624    788.5334
     1607.0289   1706.8562    930.8644
      217.8494    927.2012    635.9359
     2220.6328   1561.9524    980.3392
       67.9543    405.1689   2084.0583
      305.5814    405.9421   2257.4875
     1063.0513   2064.3823   1149.7262
     1249.0063   2168.6545   1968.3611
      479.2611   2050.4324   1971.6600
     2135.1133    718.3495    651.5619
     1076.3179   2140.6653    809.5671
      178.7367   1242.3124    323.5347
     1596.7484   1885.1093   2259.6318
      555.8398    462.7111   1058.0256
      676.2714   2112.4250   2080.3113
      533.8763   1172.2834   2057.8538
       41.6160   1065.8297   1806.9113
     1286.5317    644.3660    817.7388
      715.6919   1628.6862     95.6588
      194.0264   2229.9692   1536.4890
     1474.5367    862.4315   1334.9539
     1422.3765   1987.7094   1395.8445
      493.4418   1578.5089   1681.3606
     1657.7552    953.0659   1364.3291
      895.2899    788.2431   1621.6638
     1098.6718    898.0573   1676.4871
      816.1684    371.3619    823.2995
     1452.4874    930.3456    690.3763
     1728.6143    769.6835    582.7336
     1414.0872   1674.0695   2079.6335
     1627.3356    541.5502   1099.2235
     1376.1072   1151.0155   1634.0040
      312.4879    673.3840    834.9222
       41.2558   1811.2786   1557.8472
      197.3011    328.5279   1546.3508
      515.4188      4.1069   1997.2155
     1657.9398    853.6893   1703.8182
     1154.7433    268.2295    806.8366
      333.1616     79.3786   1924.0356
     1634.7217    963.2822    568.7865
     1431.9685   1864.3673   2176.8755
     1380.6029    271.3599   2244.6743
     1125.0995    287.3236   1021.8996
      669.4979    305.8596   1748.8022
      110.1126    176.5348    698.3944
      901.2450   1148.5887    160.4349
     2196.0044   1101.6064   2238.1289
       30.9728   1287.9755    624.0699
     1286.6511    866.1376   1419.7772
     1894.8534    879.7561   2117.0464
     1391.3488   1711.8392    516.2376
     1819.8602    881.8995    755.2104
     1791.9984   1202.3828   1565.2111
      827.8724    838.9681   1126.6975
      315.4217   1085.5214    713.3173
      358.3359    865.9832    796.5953
     1047.5043    283.0234   1570.3917
      108.4463    368.0753    348.5670
     1555.9637     89.2988    177.6302
     1696.3324   1185.9237   2250.9031
      998.9615   1252.6588   2059.6235
      719.4563   1065.7617    905.8586
      289.9633    156.7040    169.0177
     1152.0751   1761.3268    933.4339
      820.7410   1401.2393   1676.3944
     1669.5728   1278.9718   2060.6575
      460.7570   1543.6542   1160.0001
     1797.7268    828.4274   1304.3938
     1386.8252    523.7090    683.1259
     2118.8303   1286.5525    554.2774
     1791.6277   1790.5017    201.6637
      254.1845   1357.2385    900.5132
     2030.7666   1677.3538   2096.4690
      243.2138   1379.2063    691.9106
       32.2294   1489.0835    629.8740
      755.9600   1347.8860    162.7164
      793.4542    325.5544   1320.1630
      696.5966    140.1788   1193.2080
     1443.5494   1172.3976   2004.0040
      703.6507    981.8388    373.0390
     2120.1497   1958.1781   1908.5756
     1522.6497    237.1936    882.0394
     1549.1547   1241.4343   1622.9236
     1930.2747    565.7659    573.6147
      101.7857    623.7869   2122.7837
      552.6674   2019.3962   1025.1089
     1106.0260    188.5093   1765.5090
     1856.8901   1755.9775    802.2576
     2259.3921    748.9659   1376.1772
     1366.5961    255.0830   1391.6184
        8.7545    711.6427   1821.9739
     2066.2808   2016.5845    177.4964
     1810.2853    914.2672    432.7978
     1196.7603   2232.3022   1219.2854
     1846.1637   1565.4087   1182.4250
     1456.1628   1360.7589   1994.0852
      938.8345   2049.3762   1337.4552
      625.1324    822.0866   1157.6799
      448.3279    921.2586    627.6755
      635.3817   1587.9568    757.6675
      765.4407    687.0525   1720.6482
      766.9393    636.5676   1166.9100
     1170.6740   1512.7505   1231.1371
     2138.7686   1032.8860   1660.7866
      178.3309   2227.6418   1322.2379
      601.2932    794.9843   2230.6875
     1139.1331   1393.0878   1513.8779
      589.3461   1870.6958   1361.8158
     1999.3933   1250.6130   1602.0366
     1957.1737    259.0018   1304.1724
     2252.1860   1733.1471   1881.2026
      371.7212    901.6033   2196.3662
     1874.4149    896.5146   1772.0835
     1412.7614    336.5569    578.2058
      755.6304    547.2985   2219.5696
     1702.4102    969.7401   1877.2043
      832.3386   1534.0464   1291.9121
      194.1617   1450.7561    324.8177
     1309.5270    694.6628   1770.5258
      232.8237   1582.9032   1226.6499
      548.6696    491.2139   1734.6890
     1200.7819   1379.6693     94.8754
     1073.4191    961.0737    919.8940
      379.6003    821.9659   1884.7463
      337.7189   1712.3672   2077.0925
     1580.8375   1524.8862   2074.1179
     2135.2715   1310.9747    763.3309
     1481.4070   1547.7068    171.4714
      468.8934   2096.1504   1204.6515
     1836.3948    628.9494    205.7315
      797.0736    344.2037   1919.9669
     1655.4301    716.3996    189.8161
     1528.1227    252.2873   1603.6819
      114.8020    357.5417    771.8776
      428.4280   1710.5623    678.1486
     1950.7052    488.5190   1978.0713
     1608.7584    114.1015   1440.7820
      657.1829    457.0958   1214.4294
     1281.4951   2013.9879   1559.3408
      802.1688    574.0443    787.5412
      340.7346   1090.7206    329.6456
       45.2036   2243.8237    743.3788
     2106.8069   1148.9351   1048.6348
     1251.5037   1205.7727    272.2369
     1297.0201    526.9594    262.7734
      823.5394    718.2258   1911.4242
     2013.3870   1135.9099    675.5916
      948.5627    885.0771    705.5197
      629.7017   2147.1047    503.1355
      115.8070   1402.3214   1756.2958
      287.9918   1340.8466    186.3676
     1188.5020    258.5722     11.0968
     1474.0698    442.1958    223.5329
      756.5017    769.4213    724.3828
      102.7893     39.3636   1944.5005
     1426.0934   1309.7714    295.1227
      279.5942    931.4341   2032.2667
     1210.9811   2245.9375    357.4760
     2035.1128   1572.5530   1305.5592
     1112.7915     92.7289    716.0038
     1998.4872    792.9519    821.1184
     1134.4209   1342.6201   1121.2639
     2009.6333    987.2755      9.7600
      744.3100    480.3948    150.9488
      258.3023    505.4823   2074.9565
      902.4811    354.2313    200.7630
     1000.6693   2221.2649   1239.1226
     2204.0422   1115.0631    777.6414
     2164.7173   2222.1367   1965.9191
      710.9794    504.5998   1397.5743
     2144.4895   2188.9624    602.7860
     1791.1232   1711.6976   1017.2836
     2153.6995    365.3229    376.8065
     1354.0277   1917.0790   1735.8931
      944.2174    726.0885     77.0513
     1060.9659   1082.4651   2239.5300
     1611.8552    365.3320   1236.3457
     1502.0154   1558.5754   1409.5662
     1367.5944   1877.7584   1209.5409
     1983.3398    355.5728   1124.0853
      225.4698     94.2133    841.3230
      617.2781   1294.0978    584.6636
      838.8716   1541.1593    813.3110
      171.5622   1473.0195   1405.4716
     1689.4021   1359.8289   1714.2867
      705.0634   1154.3839     61.9452
     1463.6768   1035.5972    858.2748
     2047.4907   2094.5837    894.0391
      615.7426    821.3337    195.3387
     1592.1097   1204.8357    344.0004
     1135.1432   1129.6820   1027.3407
     1087.7404    697.4993    476.2547
     1788.5665   2244.5159    874.2446
     1283.5258    927.9016   1774.9111
     1073.9730   2055.9197   1879.1151
     2019.8754   1207.7280    868.5969
      379.8009   1466.2622     40.6581
      305.6593    922.3197    437.8392
      301.2917   1996.7891    508.2729
     1648.9213   1572.3428   1090.4196
     2203.9661   1994.1747    566.8534
     1318.5768    492.3225   1002.1814
      925.6050   2252.3330    751.0830
       41.7812      8.8423    297.9095
     2075.3086   1667.1996    677.3820
     2162.0281    268.7278   1196.9764
     2119.7361    154.4850   1929.8325
     1955.2274   1874.0918   2057.1123
      330.2697   1161.9880   1550.9406
     1374.9852   1190.5486    456.8098
     1064.3458    288.4903    355.5939
     1844.8776     88.8863   1298.8629
      724.6976    357.2695    316.4613
     1928.9210    681.7010   1848.7955
     1401.8907   1085.1472   1827.2395
     1628.4265   2088.1582   1726.5818
     1600.2844   2258.2251   1599.6528
     2195.8342   1227.6621   1543.0189
     1799.7745   1874.0673    492.6007
     1120.3726   1833.0721   1933.9419
     1691.5325    333.8048   1046.9684
     2239.7395    902.8187   1912.2562
      708.1342    447.2992    504.0114
     2015.1685   1132.6223   2107.3445
      789.4570      0.7919    334.9799
      283.8353   1811.0327    154.8954
     1066.4036   1210.6355    856.7592
     1669.8469   1150.3960    527.3535
     2165.6973    340.0181    744.5120
     1068.7455    476.6419   1499.6206
      699.8192   2189.8250    678.5654
     1745.1138   1095.4734   1720.9707
      507.3766   1004.6099   1578.6576
     1110.1929    617.5428    694.2401
     1392.0701    515.4275   1723.9525
     1964.6730   2219.4448    532.0275
     1438.5026   1823.6973    354.0228
      480.4690   1865.6345    100.9930
     2260.3669   2104.4448    951.8973
     1439.2373   1689.0841   1730.8917
     1601.6093   1544.3013   1722.5470
      867.7696     60.5630   1099.0856
      750.9272    966.3501    157.7474
       78.7548   2054.1655   1562.8180
      980.5834   1184.6062    456.7777
     1924.9781    833.8986   1001.7340
     1467.5343   1162.2697   2202.2144
     2239.7034    174.0209     36.1861
     1228.6808    813.6832    999.2787
     1255.8235   1743.8083   1726.6537
      150.4931   1208.2094    806.8549
     1540.4478    409.9388     20.5927
      993.1830    490.0100   1909.0177
      593.0244   2027.9857   2262.6460
     1692.4490   1596.5497    209.7267
     2068.3032   1595.1775   1768.3878
     1301.4642   1205.0486     83.7819
      924.1722   1677.9501    135.8983
     2051.0823    939.4797    687.9615
       48.9777   1406.4148   1552.6904
      681.6086   1493.4122    580.4081
       69.1125    203.0582    202.8939
      113.1801   1583.3252   1582.4521
     1501.7236    538.0489   1385.1160
     1192.5872    178.3876    229.4730
     1275.6444   2055.7505   1125.4012
      431.0099   1355.6184   2132.0999
     1786.8478   1351.8245   2254.3066
     1297.1312    343.1863    293.8082
     1555.1503    386.4716   1752.9653
     1562.0955   2208.6782    917.1622
     1096.2257   1974.1398    982.0967
     1616.7036   2119.0935   2014.5763
     2178.8208   1462.6215   1173.6736
     1235.8552   1885.9333    390.9878
     1640.8573   1995.8318    582.3220
     2143.0005    518.8490    563.2256
     1318.4783   1622.9008    337.6344
      582.8289    461.8388    843.4338
     1348.4861   1507.6168   1778.2386
     1337.3347   1663.8167    907.2105
     1988.6769    994.8427    499.2909
     1622.9659   1911.3264   1534.9640
     2155.1653   1712.7590     11.9968
      562.7219    508.1890    241.2823
      517.7568   1036.1619    822.8282
     1069.3699    117.3836   2171.2139
     1906.5753    340.4184    386.3987
      611.3665   1366.9298   2041.0504
      234.3381    640.8640   1050.2767
     1663.1216   1739.8284    739.4697
     1894.9216   1550.0267    713.5532
      298.0985    140.3138   1348.0525
     1548.2275   1651.7100    345.3212
     1101.5742    373.2941    158.2742
     1936.6953   1215.7285    280.9385
      752.6696   2179.5664      0.7346
      687.8600     41.3135    142.8335
      346.9053    997.3986   1729.6902
      301.1013    851.8704   1575.1488
