      872.6202   2230.2136    201.7231
      854.6422   1441.8188    966.2161
      898.5733   1858.1956    190.5101
     1031.2883   1107.8522   1690.5062
      590.4236   1800.0333    692.8810
      636.7078    620.4275   1080.4689
     1755.1311   1391.8568   1030.9943
     1128.1565   1873.6252   1098.9054
     1346.1671    185.7015    786.1873
     1291.9550   2127.4534   2210.2695
      514.4231   1511.7521   1426.2994
      816.1988    202.7737    188.2285
     1340.2200   2012.7761    312.4156
      808.7040   2214.7922    876.2014
     1363.7363    844.9558   1137.7236
       41.4495   1399.7089   2106.1204
      972.4927   1693.2329    523.1710
     1282.6309     85.0869   1365.4266
     2084.8992   1915.8494   2225.9358
     2200.8911    484.8240   2245.9990
      943.0187   1838.0541   1178.9662
      603.8170   1897.0953   1799.5575
       90.5563   1190.1797   2130.2913
      744.1031   1191.0745   2149.0493
     1137.7969    854.7845    597.8940
      176.8009   2043.1866   1843.4646
      365.5085   1515.2087    823.3889
     1447.9938   2199.5930   1680.6727
     2048.3232   2107.5791     52.6313
     2028.9354    293.1178    199.5106
      793.2891    848.9717    535.5143
       74.0120   1044.9565    638.2582
      565.1224    156.0966    682.6412
     1566.6990   1508.7057    844.6923
     1261.0292    795.7688   1603.6550
      745.9342    163.6902    757.1894
      869.2545   2128.5032   2095.4346
     1332.3031    487.5164   1396.1183
     1969.3795    117.5887    342.6394
     1499.8406   2079.5325   2238.1479
      316.8990   1365.3481   1391.0397
      304.9861    346.5988    389.8799
      481.2973    325.7060    762.4237
      431.8524   1913.2904    776.5942
     2106.6685    164.3137   1362.7588
     1753.0923    165.5618   1591.5802
     1064.9680    113.7514   1103.6371
     1180.6488   1343.6077    740.7108
       96.9080    676.4908   1636.3121
      905.0118   1244.4630   2243.4355
      670.2078    880.2769    949.8016
      944.9865   1469.0308    393.6539
      441.5597   1347.3856   1550.5797
     1572.9460    881.2944    168.7321
      581.4250   2240.0928   1670.5223
     1607.5724    742.1880   1401.6683
     1685.7355   1543.4249    688.1882
     1205.6334     31.6475     54.4741
     1335.1731   1914.1694    564.8297
     1670.2383    630.5922   1546.7338
     2204.2073   2111.8418    428.0376
     2214.1011    554.3224    952.3005
       77.2396    352.2301   1728.3546
        6.1969    568.9993    765.2930
     2220.2288    747.7687    361.3607
      737.7980   1372.9137   1174.7363
     1259.8822   1350.2914    423.6025
     1451.1578   1467.9175    412.3741
      842.8554    290.8385    578.4005
     1160.2461    655.2150   1411.7239
      975.2643   1421.6248    752.4446
     1934.1824   1952.9580   1825.4158
     1348.9906   1014.3237   1244.8721
      279.0154   1430.9276   1919.1035
     1733.7754    475.6237   1398.2445
      185.0981    198.5086   1880.7775
      683.4581   1917.8872    108.1751
      368.0563    140.4450    995.5291
      902.4684    423.1437   2103.6030
     1459.7577   1669.6833    720.7257
     2088.4297   1492.8676    790.1455
      684.9205   1013.1053   1094.2186
      745.9789   1945.1477    713.2750
     1450.5067    879.6861    360.6840
     1687.1786   1361.0746   1474.1268
      588.6761   2217.5984   1442.5477
      393.5136    743.2783     93.6823
     1342.2638   1698.6881   1347.1615
      683.1183   1687.0808   1446.4205
     1104.8115    566.7222    109.9708
       66.5858   1285.9585   1930.3015
     2115.6931    102.9702   1610.7811
      323.0247   1655.3229    990.4646
     1149.1307   1637.3328   2037.3955
     1742.5103    317.8791     24.3990
      759.4948   2011.8508    486.0730
     1478.3730    283.3768    349.6016
       94.8658   1208.8615   1633.8173
       90.1635     70.7998    530.6292
      134.4801   1796.4619   2048.9126
     2016.3903   1351.9985   2220.2129
     1929.4329    920.5300   1203.2834
      679.1525   1406.4308    896.3152
     1630.1797    777.3858   2254.8286
     1800.8867   2257.1526   1481.4235
      178.6481   1552.3085    893.5506
     1322.1594    323.6724   1819.7289
     1836.3417   1909.0587    682.6610
      214.0407    788.1996   1756.5919
      197.5297   1029.1914   1047.4037
     1467.4119   1364.1108   1766.1086
     1467.2969    107.2490   1285.1067
      206.9144   1798.9248   1254.0137
     2108.9541    590.2383   2086.9675
      124.9861    496.6744    561.0771
       19.1753   1884.0841   1334.1575
     1426.1993    456.0200    434.4207
     1773.0637   1897.9860   1695.8551
     1099.2805   2174.6702   1642.2385
     2149.3237    899.5108   1488.0009
     1929.4061   1973.6124   1227.2328
      529.7096   1132.8301    643.8979
      182.6285    257.7888    522.9279
      982.8004    898.6738   1309.3059
     1931.1554    178.9819   1711.9867
     1615.7657   2017.9073   1338.6185
       20.6935    692.9771   1090.9276
     2170.7703    175.9082   2078.1335
     1357.3210    985.9016   1011.5322
     1947.3521   1093.1787   1741.6567
      741.5443   2018.6003    892.6277
      157.5425   1015.3654   1629.1770
       19.7375    178.7700    872.7185
     1983.7609   1659.7827    869.3415
      206.7962   2084.2014   2199.7852
     1054.4417   1809.5554     61.8090
      311.0448    296.4472   1152.8480
      146.2747    151.0224   1660.1135
      315.2203   1468.6859   1051.1418
      616.0583    323.6350   1339.1195
     1262.5723    170.9991   1163.0773
      611.5197    768.5636    403.2910
      583.8506   1642.9392    537.9647
      453.4132   1310.3446    967.3889
      786.9103   1629.4957    432.6468
     2122.8545   1736.0121   1393.5065
      948.1106    703.9762    629.9465
       11.4209    199.9851    406.7737
      549.8035    932.4302    102.9174
     1864.3160   1549.6451   1721.9143
     1087.3668    680.8221   1639.1863
     1192.6769   1772.7954   1548.9503
      407.4417    304.6404   1328.7280
     2110.8845    295.0897      2.0159
      369.8916   2201.5662   1274.7985
      629.3166   1805.5223   2220.8777
       13.4957   1578.5054   1762.0472
      921.6168   2013.1792    880.1637
      776.0844   1999.2410   1851.3352
     2105.8657   2089.6851   2121.5247
      581.1275    792.0274   1782.3947
      405.6005    503.5592    717.6828
      314.6675   1689.3933   1392.3856
      383.5304   2238.9341    269.0483
     2096.3701    615.3597   1893.4022
     1862.6315    636.4267   1420.2190
     2036.6260    536.8390    759.6365
     1891.7750   1132.2246     62.0829
      424.4595   2180.1301    477.3904
     1487.0935     87.1862    406.3890
      579.7957   1344.5861    282.6769
     1639.8645    761.0823    382.1631
     1796.1653    356.0085    552.6863
     1779.1276    809.6682   1527.3098
     1323.0592    858.9852    194.2828
      376.7842   1119.0480   1106.0303
     2067.0793    489.8624    190.3422
      924.4728    478.6888   1213.5811
      189.5136   1190.5044   1244.1307
      268.4803   1848.0824   1875.4412
     1198.6945   1520.8077   1040.5358
      289.2230   2117.8792   1663.9418
      434.2043   1692.0266   2246.2612
      832.5237    902.6013   1473.1685
     2257.9507    219.9823   1536.9847
      863.6201   2041.7769    107.1993
     2056.9463   1418.1893   1425.7646
      946.9355    622.9930   1061.6724
      623.5514    570.9971    651.6942
      396.4320   1073.1849   1918.7581
      270.6495   1831.3467    391.9035
     1172.1078   2181.9973    962.3943
      440.1334   1910.9863   2120.9795
      287.2711    994.6948   1238.5974
      769.2425   1145.3669    468.6996
      579.9484   1235.3719   1854.8196
     1346.4653   1325.1350   2168.0129
     1160.9316    454.5354    876.1887
     2208.7361   1107.7875   1988.9924
      959.5936    727.5232   1477.9893
     1363.9834    496.5735   1941.8297
       21.6576    884.0702   1713.7356
       93.5219   2202.6194   1144.6812
      236.3617   1657.6115    309.7187
      191.3321   1107.6000   1959.7561
     1027.8373   1859.6321   1374.5198
      904.0597   1061.2776    794.9604
     1894.2526   1282.9761   1387.3982
     1476.9213   1785.6522   1037.2025
      510.7935    569.1973   1456.1125
     2040.8105    711.2163   1413.8561
     2186.5247   1774.9246   2095.3989
     1462.7930   1055.5992    266.6029
      843.1992   1557.9441   1482.0234
     2089.1912   2042.4674   1340.5854
     1387.2057    687.6035   1034.0613
     1941.4431    805.3784    604.1323
      537.9916   1322.1268   1351.3473
     1897.2728    407.7028    131.5864
      384.4069    479.4256   1644.5725
      395.4943   1884.3156   1533.4521
      609.2218    282.3180    154.0914
      717.3688   1427.5455   1379.3195
      204.8670    526.3286   1702.6724
      509.9921    791.5174    995.7167
      878.9854   1289.3097    312.5533
     1693.6206    694.6038   2081.8545
     2139.7795   1496.4358   2152.3994
      785.1944    712.0338    949.4338
      902.1127     25.5366   1999.7690
      451.2724   1778.9623   1725.7874
     1765.2390    130.5015   2148.5986
      582.8212    599.7887   1863.0312
      132.4375    653.0970    910.5381
     2094.4424   1274.8735   1256.9213
     2257.0293    342.1122   1385.6615
     1827.2999   1732.5757   1578.0477
      342.7096   1136.4224   2108.3792
      329.6470    461.5072   1451.0138
      586.6736   1908.3909   1594.9821
     1562.8762     83.1604   1994.0891
     2201.5325   2256.6741    120.4191
      978.5073   1672.6327    301.3365
      661.0121   1113.8594   1691.6306
       85.3046    885.6685   1138.3086
      192.0027    768.4896   2016.5706
     1774.7225   2255.8525   1106.6444
      234.5412    650.7945   2204.4111
     1644.6157    963.4108    358.3380
     1543.8015   1049.1105   1701.9415
      492.1109   1713.5934   1314.6364
      948.9952    984.7203   1134.0237
     1931.9572   2081.1523   1477.4453
     1620.9521    264.5044   2092.1914
     1669.6335   1883.4806    351.3802
     1296.0277   1507.1001    526.1204
      548.0228    984.3633   1827.6990
     1243.6426    206.3334    613.9909
     1257.1832     35.2741   1749.2593
      810.4750    760.5087   1325.1832
      375.5922     82.5368   2116.4150
     1211.2437   1018.2003   1566.4492
      580.0662    417.8426   1919.1198
     1998.3986   1942.3955   1611.5356
     1570.5128   2193.8240    560.2230
     2068.2434    572.6061   1697.8076
     1161.7290   1700.4634    469.6790
      674.7400    191.3166   1940.9736
      598.1208   1073.6107   1301.6129
      686.4310    277.3521    954.1768
      770.3190   1357.7849    729.8494
     2243.7915    389.2179    162.9342
      355.6822    161.4486    712.1204
     1913.4357   1344.0721    697.9561
      723.0665    283.6283   1553.1621
     2040.5955    757.7887   2174.8047
     1095.9098    506.4096    317.6103
     2250.2148      2.9539   2148.4932
      262.2262   1983.0393   2036.7791
     1334.2368   2160.7051   1333.3055
      100.2661    848.1133    295.6763
      661.8514    881.5991   1612.9333
     1004.4703    720.4299    261.4199
      447.4380    650.1403   1125.5964
     1209.4645   1945.1058      0.6140
     1059.9558   2220.7063    184.0855
     1848.9915    506.4680    302.7528
      306.2168   1466.1206    454.4171
      746.2059    926.5075    730.1004
      172.9318    933.3057   1880.4000
      972.7607   1971.6476   2214.2051
     1238.9615   1096.0299    903.2194
     1695.7527    484.4521   2101.8757
     1375.5118   1592.4104   1539.2297
     1779.2396    942.4601     37.0927
     1747.8970   1014.8756   1193.6516
      115.8991   2025.4104    387.6658
      204.7727    369.1477    187.0437
      538.9098     87.4586    471.0252
     1322.3248    971.6688    548.1729
      202.2388   2042.6012   1251.4961
     1455.9575   1561.9749   1040.4935
     1509.3916    801.8068    553.3127
      849.4756    294.8194   1097.0670
      625.0174   2259.0503    815.3026
     2119.5322   1884.2511   1211.0698
      648.4785   1512.6932   1561.5686
     1599.6545    550.7614    359.4960
      685.5471   1926.7577    304.2981
     1796.3629    597.5292   1917.0676
      200.4645   1892.8705   1445.7787
      774.0231    947.7895   1267.5060
     1017.8572    295.5781   1431.1538
      195.7392   2145.0935    845.5432
     2153.7029   1821.2104   1723.7076
     1050.3424   1991.7251    147.8418
     2105.2258   1347.5903   1002.2342
     1471.0364   2094.4509   1196.1337
     1020.3585   1526.1479   1602.6514
      464.6362    829.9625   1286.9547
      456.1173    550.4869    924.1938
     1511.6031   1881.3278    633.7437
      423.7331   2187.2734   1800.4043
      854.6904   2204.7529   1726.9052
     1514.5088    285.3838   1914.9036
     1647.3047    393.1607   1565.6691
     1077.1938   2181.0842    567.9916
      534.8335   1423.6527    733.1782
       35.1956   1081.1693   1156.1766
     1224.6846   1512.5817   2157.3623
     1295.6814   2225.9673   1546.8989
     1927.9651   1748.3756   1759.1520
     1484.0947   2030.3085   1566.4308
     1094.0669   1229.0095    128.5218
     1285.6923    670.7107     74.7919
     1120.5227   1014.4932    464.0201
      497.7645    474.9358   1245.6094
     1618.1357    288.2184    191.9740
      860.0430   1719.3800   1352.6272
     1549.2344   1375.0060   1349.2810
     1487.2246    603.7552    880.7179
      215.8947   1064.5168   1422.3771
      500.1310   1697.1021    866.9521
      735.4551   1402.3307   1848.1396
      160.6944   1972.2571    101.5263
     1713.1230   1697.0973   1744.3479
     1614.8701   1775.0552   1905.2280
     2247.2327   1540.3214    231.2193
      268.0211   1886.3121   2216.1677
     1753.9885   1372.1725    814.4681
      351.3925   1313.9479   1175.1785
      647.6069     86.3446   1055.8602
      983.3622   1222.2971    655.8764
       16.1528   1975.3842   1714.5474
     1383.4445   1014.7230     78.9940
     1174.7904    819.9378   1240.2992
      659.9440    258.2062    496.1365
       55.1251   1911.8987   1889.7332
     1460.5704    838.9571   1781.6498
      875.4180   2036.2401    322.6811
     2161.2522   1232.1840   1743.7769
     1824.8107   1022.5071    611.4327
     1002.9727    103.3589   1673.5604
     1310.8578    661.0840   1239.8518
     2204.8386   1658.4976   1585.4554
     2240.6321    351.1978    564.7885
     1289.7478   1360.4254   1861.0714
     2152.4553   1604.4794   1975.3901
     1679.3723    153.7470    361.6027
     2131.4531   1450.3309   1628.0470
      973.8099   2240.3962   1485.3483
      573.7283   1738.0342    172.3296
     2040.4211    570.7110   1085.5509
     2250.6277    360.4617    947.2865
     1856.6968   2131.4731    163.8084
       60.4477    524.8404   1278.0553
      442.8825    416.2938   2084.9917
     1839.2174   1091.6680   2127.7490
      907.4259   2005.9288   1068.8130
     1906.1617    485.1386   1791.4320
      210.5223   1533.8052    124.2834
     2149.7449   1602.2051    421.8384
      610.8206    627.4241     37.0911
      196.9893    596.5403   1888.1683
     1387.5336   2091.7800    637.6136
     1988.2562    450.7850   2221.7427
     1713.5449    903.9011   2091.7429
     1943.5404   1523.0243   2103.3794
      881.9232    880.3984    918.0424
     1143.3719   1521.9203    379.5830
     1601.4573   2193.9299    308.4260
      521.2207   1509.6927    938.9969
     1845.3047   1482.1919    319.3328
     1008.3917    695.8469   1982.9143
     1884.8276   1956.9205    278.0434
      301.3333   1738.6816    810.9984
     2194.2224    422.5497   1580.3848
     1940.5251    617.2554    920.1152
     1841.0682   1273.3070   1781.1107
      813.1255   1225.8578   1948.2891
      177.7568   2234.7803   1784.7422
     1414.3884   1802.9600   1530.7678
     2144.4766    623.3162   1241.3953
      983.9766    314.0097   2256.8379
      290.1324   1726.7811   1616.1384
     1990.0853   1404.6962   1780.6268
      518.8478   2010.4417    215.8744
       64.0302    945.4437   1326.2032
     2041.1614    498.3507    405.2253
     2259.9465   1525.0220     36.3079
     1579.5681    977.7720   2250.5515
     1626.5964   1180.4374    929.3962
     1305.3540    536.0418   2149.9226
     1397.6335   2173.5063    948.0579
      394.5014   1288.5236    382.3688
     1606.2992    386.0344    546.0231
     1820.5873   1204.2888    918.2285
     1759.0181    548.4016    482.2649
      127.5663   1864.6409    249.0952
     1900.0322   2073.2693   2168.1257
      929.7402   1289.9722   1050.0093
      787.1588    835.7239   2262.7766
     2156.9304   2256.2544    835.6389
       92.1358   1625.4050   1079.2905
     1698.9933    361.8988    369.3131
      776.8341    494.8531    987.8878
       41.9934   1622.2671   2140.7742
     2232.8884   1290.9980      4.2037
     1412.2122     60.2761     30.7850
     1998.5831   1417.9003   1207.4451
     2255.6445   2231.4124   1656.4243
     1548.5663   1581.7705    554.2141
      193.2260   2254.1729   2114.0591
     1261.8497   1892.0260   1416.4731
      389.6720   1271.7573   1927.6047
     1268.0133   1753.7242     17.0153
      935.9465   2049.3906   1674.4641
     1496.0464   1431.4912    662.3145
     1855.6010    340.2046   1493.1781
     1768.6351    491.6666    705.0051
      897.6116    629.3480    426.8763
     1660.3303   1913.2439    795.2922
      121.9647     11.7273     44.0048
     1831.5305    529.1938      2.7805
     1676.5613    151.6542    955.4940
       68.0809   1501.5046   1946.5927
     1124.0206   2008.2172   2067.5276
     2167.6965   1729.3337    931.8561
      589.2896   1235.0837    811.5103
     1945.3442    704.2245   1213.6243
      275.0670   2067.3733   1441.4353
      442.6508   1836.4569    286.7461
     1851.6343   2084.1409    568.6076
     1771.8973   2156.0261   1867.8636
     1711.4346   1726.2936   1204.8547
     1854.2118   1459.2108    548.4067
      390.0440   1766.6530   1143.4895
      429.5599    569.6440   2227.0811
      418.1154   1631.7195    407.8861
     1188.0227   1998.5437   1287.1213
     1924.8633    156.3794   1484.0311
     1465.2528    737.3911   1593.3759
      748.1924    556.6315   1976.7533
     1574.5259    191.6793     15.8126
      248.6909    897.7465    140.4979
      532.1919    297.2929   1149.4268
     1487.5021   2040.9877    782.8351
      499.6174    962.4233   1165.5553
      521.0416   1172.6747   1490.9861
     1973.2516   2262.7271    762.1399
     1919.9647   1737.6219   2260.2686
      434.0465    999.6719   1410.8254
      725.8391    710.3512   2119.7600
      765.0916   1847.4901   1494.8842
      424.2448    221.0790      5.2578
      425.4746    325.0322    965.9594
     1839.1606    561.5841   1066.8856
     1785.3835   1657.1096   2103.0073
     1268.5406   1156.0398   1406.2446
     1441.8607   1387.7703     96.4777
      770.3812    497.9103   1787.5581
      670.2563    357.9409    668.7424
     2051.7515    401.0243    938.3187
      217.5216    116.1458   1136.1016
      794.1537   1929.9244   1321.8827
     2129.3284   2115.7727   1563.6141
      173.3809   1405.9799   1210.9606
     1640.5469    581.5422      9.4313
       75.4025   1417.2876   1029.6987
     2138.2129    870.8535    536.4686
     1567.2207    896.4321   1544.8529
      201.9149    326.3898   1361.0315
      962.1625    487.9219    912.4673
     1312.4021    154.8849   1937.0168
     1390.5624    700.6677   1408.7562
      655.9611    983.6855    565.7305
     1763.0703    778.0186    911.8639
      836.1501   1790.8080    820.7396
     1792.4352    398.3308   1194.4016
     1715.3214    326.5993    817.1893
     1967.0269   2118.1484   1921.6274
      392.1999   2120.9414   2161.6401
      687.6356    500.9898   1571.5593
       20.1963   1053.6949    941.7384
     1264.0033   1009.6509   1962.8279
     2226.8730   1420.8250    412.7985
       55.7073   1348.7573    201.2463
     1076.3654   1330.1620    305.7832
      930.2731   2064.0964    678.6282
     1780.2106     28.1408   1717.6750
     1494.1200    553.7706   1546.6321
      132.6924   1351.4314    503.1206
     1733.1536   1556.3762   1555.6102
      233.9404   1204.3328   1788.7656
     1364.6423   2262.9338   1129.4991
     1380.7498   2183.1707    415.3848
     2006.5126   1861.7922    588.7591
     1960.6373   1617.7548    476.7693
      288.0117    305.1182   1738.7245
     1776.0784   1860.3798   2144.5137
     2060.0876    191.6252    807.3536
     2056.2063   1416.4298   1983.6434
      896.3512   1001.0044    337.1628
      340.0483     91.8475   1703.7015
      293.0251    359.3593    631.9745
      810.4528   1509.2588    232.2020
     2090.6914   2211.7920    298.8292
      891.3497   1350.2865   1449.9014
     1065.3635   2003.8707   1503.5537
     1030.2162   1660.6018   1274.6100
      186.9073    691.1266    449.1806
     1115.9652    833.5529   1466.6732
     1646.4012   2196.1421    115.3020
      440.8393    879.6304    254.1925
      721.2625     47.8941   2085.9243
     2187.8174    171.5292    654.3574
      928.1577   1630.6248   2141.3740
     1701.6997   2081.8938   1136.4835
     1813.3046   1900.7389   1094.3473
     1511.4380   1043.4047    476.3678
      374.9084    608.5965   2007.1479
        9.6962    845.5927    929.9515
      406.7819   1625.8724    172.7733
     1217.9241   1692.2693    673.4552
      588.6790   2096.2046   1831.1704
      602.8564   1679.3988   1870.3983
     1047.8536   1100.9998    271.9400
     1271.3667   1129.9596    696.1659
     1754.7471    710.0592   1714.7675
     1556.5426   1105.2703   1291.3927
      839.8661   1695.7843   1666.9882
     1093.5856   1688.4977   1081.5686
       18.8155   1670.4952    597.4608
     1109.7902   2059.0276    303.9193
      318.1061    721.9763    612.9470
      901.5185   1519.3361    587.1527
     1886.5255   2098.7842   1029.1224
     1302.5331   1581.1506    105.5018
      121.4289   1748.2826    923.4599
      518.4207   1309.2206      1.1914
      113.5663    182.2302   2084.0168
      701.7944   1387.5103   2223.4219
      253.7484    510.9294   1252.1799
      810.7393   1232.6227   1722.8330
      339.2585   2082.7336    711.7289
      632.2312    155.0674    317.2897
     1742.9603   2233.0691   2043.6774
     1878.1567   1918.3403    904.2216
     2249.5542     15.2082   1458.1287
     2044.8956   1855.2748    804.7906
      520.4328    585.1003    449.1054
      495.9792    138.9044   1372.5759
     2166.8672    806.0306    167.2793
     1574.0795   1336.1071   2188.2932
      115.7814    863.7482   1524.3580
     1096.1385   1029.0652    689.1628
      282.8543   2203.0723   1057.5596
     1978.7922   1572.5226   1550.9755
     2093.0752   2066.5051   1744.9452
     1603.3077    886.6265   1162.1978
       42.6953    967.3995    109.4935
     2066.7563    294.8517   1490.7153
     1553.3228    261.3328    714.3109
      198.4715   1035.4342   2230.6592
      626.2332   2259.7744   1242.2627
     1695.2559   1043.9805    189.8804
      404.1546    766.5704   2111.8667
      112.7304    535.6158     54.5597
      109.0672   2133.2109    557.4254
      730.7056    651.5678    507.4676
     1366.1699   2028.4756   2047.7737
      281.2661   2169.7607   1953.3833
     1220.1362    639.1453   1994.8448
       42.2364    690.8685    595.1851
     1393.0487   1295.1216    813.6511
     1251.1805   1177.8549   1157.8168
     1396.5665   1253.0624   1273.8462
     1848.0435    211.2901   1075.1438
     1228.7333   1146.3134   1769.2328
      366.4001   1074.5879    516.2189
     1440.8944    703.5902    235.0961
     1831.7859   2239.0881      1.6846
      860.8798    297.5815   1731.8533
        4.1247    526.8784   1938.4244
       25.7579   2082.7119   1382.7300
      649.3887   1723.0337   1666.6671
     2088.3394   1189.2937     96.7838
      883.3183   1049.0936   2033.8839
      380.6271    662.5309   1336.6377
      772.4261   1714.9978    255.4643
      408.9693   1987.3685   1792.5916
      687.9146   1041.4276   1480.3458
     1520.4500   1674.5463   1200.8148
     1575.4917   1273.5754   1172.4717
      427.9896    264.4507   1908.0017
      567.0882    869.7399    774.2100
     2236.9561    764.7963   2053.9849
     1646.0186    675.2267    750.6868
     1014.5223   1022.7147   1503.0087
      322.3585   1236.4794      9.7516
      896.1460   1860.1613    620.4000
     1464.1670     87.4367    948.3853
     1844.0630   1706.5703    593.5526
      375.6802    661.6338   1794.4960
     1818.0703   1714.0314    365.9164
      633.7520   1518.5503   2010.3064
     1978.3197    358.8900   1663.7689
     2197.3713    558.5342   1442.7975
     1257.1503   2233.7910    783.0693
      785.4739   1781.0746   1858.6786
      519.9649   2003.7881    416.0390
       75.5579    872.5590    508.0545
      564.6750   1534.2246   2196.2217
     1560.4156    951.3854    963.0550
     1784.7059   1357.5475   1239.1244
     1157.4761   1557.7096   1842.8176
      478.6979   2065.0444   1605.8103
     1403.2424   1197.8744   1027.0707
     1935.7056    885.8470   1408.2740
      455.8243    256.2182    552.5974
     1865.2649   1066.6281   1384.7185
     1128.6106   1871.2374    561.6802
     1175.9396    978.5686   1107.7164
     1412.3986   1505.5398   1256.4386
      705.1017    135.0974   1434.4897
      944.5565    203.5926    739.4854
     1940.6975   2262.7529   2080.6897
     1948.6666   1404.0752    912.3008
     2140.5056   1279.1656    295.2944
     1276.4489   1956.7217   1884.2712
      375.4428    518.0656    307.2728
     1633.3894   1411.8177   1899.1074
      882.6008    215.7820   2067.4453
      426.5659    194.8034    336.0983
      992.7838   2005.0555    497.6071
     1866.0936   1949.5018     50.6870
      491.0299   2226.3591    660.8084
     1417.4465   1947.5989    113.8962
      479.3380    276.3058   1690.9166
     1102.9055    296.0123   2079.6523
      247.0987   1925.0251   1669.4642
      843.6684   1321.7443    545.3678
     1819.6437   1940.1433   1489.1082
      869.2869   1478.7424      5.4961
      964.7196   1876.8792   1802.8250
      123.9216   2008.0255    701.5287
      342.6483   1533.7134   1538.6178
      195.7186   1588.0537    689.4950
     1576.2729    591.6823    568.8366
      892.2864    174.4942   1527.2765
     1477.1599   1695.9888     23.6381
     1191.8344   1581.7130   1632.2747
      261.5012   1555.8700   1753.1622
      893.4341    533.3307   1400.9451
     2260.2769   2071.1577   2254.2029
      869.7203   1078.0724    988.9796
     1799.9795   1144.1135   1922.4966
      167.0340   1381.2281   2261.9873
      391.1607   1493.2422    627.6434
     1604.4709    172.7399    543.8351
      561.6687   2208.8379    297.9778
     1090.0220    131.0513   1968.7202
     1246.7690    579.1578   1570.8004
     1655.5513   1057.6216    773.2007
      404.7694   1868.8048    971.4938
     1401.7699    330.0188   1249.0380
     1635.1108     81.8221    774.8018
      362.5264   2070.2217    934.1368
     1136.1162    848.6315   2045.8958
     1974.5139    158.3020    635.1024
     2185.0422   1921.3347   1512.7542
     1690.1364   1962.7926   1866.1073
      564.2888   1713.0901   2057.1396
     1574.4324   1911.8470   1170.6614
      706.2778   1674.6949    918.9543
     1350.3557   1489.6162   2008.3671
     1815.4457   1106.0715    375.5250
     1937.8438   1279.7662   1075.6859
      152.0693   1062.8490    439.8273
     1336.7478   1324.4648    599.1829
      849.6669   1671.5184   1095.1453
      793.9008   1150.4225   1164.5211
      912.9124    652.8001   2148.0896
      623.2806    860.7338   1401.5343
     1116.3494    703.3678   2193.7078
     2163.4214    729.3356   1602.3665
     1316.6610    839.2304   1935.4551
     2158.0371    145.7901    245.3222
      105.7120    333.4176   2259.8616
     1202.0574   2056.9741    471.7167
     1903.6312   1235.0632    520.0226
      789.1282    324.4675   2261.0056
      193.8612   1237.8485   1052.0436
     1271.1010   1001.1464    329.7094
      639.1421   1907.7811   2005.6461
      528.5102   2161.1013     86.8446
      557.1260    780.0870   1978.9314
     1403.1155   2219.7407   1882.8416
        2.0450   1619.6284    800.4598
     1149.8914    127.9700   1542.0250
      468.8851    681.7819    738.6467
      909.2799   1019.1978    557.2234
        7.5059   2142.4534   1830.3054
     2142.3044   1725.4014    221.3686
     1065.7131   1225.7939   1862.4574
     1882.1191   1398.6997   1583.5861
      207.9796    161.7911    354.8972
     1868.4424   1493.5625   1394.3844
     2059.5994     44.5241   2234.3152
      212.6295   1193.6146    589.4225
      793.8587   2175.2253   1134.2645
     1162.4852    643.1319   1122.2316
      126.6073    736.3461    140.2178
     2154.9949   2216.6189   1262.3018
     1052.7732   1412.0547    927.7207
     2257.9478    555.5574    414.3944
      470.2281   1239.4948    181.0935
      829.1322    789.2548    317.5792
      633.8477    185.9130   2240.8113
       19.3995   2034.8812   1172.9851
      170.5649    579.9721    267.8766
      854.9521    135.6039   1838.4662
     1339.0192    309.8913   1021.0076
      560.9852    590.9081   2080.8342
     1241.4097    822.3333    418.0487
     2061.7749   2071.0327   1109.6106
     1438.0480     94.4148   1533.5118
     1123.4375    806.8832   1839.9138
     1500.8979    431.7547    988.7308
     1811.6660     24.8095    276.3091
      785.3718   1896.7688   1678.4928
     1259.9515   2115.0942    162.2166
     1764.5765   1237.3512    192.2919
      144.7842    819.8599   2211.2908
     2038.0682   1993.8372    455.9220
     1832.3865   1430.2709   1935.6705
     1907.3821    999.3439    228.4377
     1475.8679   2034.3021   1845.7544
     1542.2389    334.6364   1403.2169
      855.8651   1836.1782    403.3639
     1984.2820   1791.2341   1025.6803
      599.7525   1754.2806    378.1184
      215.2413   1852.4103   1059.6896
      715.8538   1238.9730   1003.3328
     1181.9602   2029.4706    690.9726
      567.6326     11.0910   2195.7690
     1260.8545    551.5927    485.0345
      782.7448   1963.4890   2146.7568
     2115.1982   1399.9326    134.3048
      675.0206   1087.0815   1931.9694
      917.0039   1334.9651   1246.0085
     1941.3911   1147.3003   1222.1823
      856.4100   1253.5209    851.2026
     1517.0900    226.8782   1110.7606
     1236.1848    436.8239   1176.6523
        4.6824    128.2308   1786.5310
      617.4271   1875.4806    877.9918
     1030.4945   1169.5878   1216.3510
     1634.3373   1098.8435   1521.6016
     2204.6902    438.0467   1124.4752
     1569.5219    470.6603    750.5602
     1680.3381   2088.2166   1516.0071
      553.6746   2070.1526    827.7590
      403.2770   1288.3081    582.1313
      593.3039   1352.5046   1697.9039
     1089.6495   1365.6917    539.7098
     1455.2134    722.0114    717.0043
      209.5407   1926.1715    858.2579
     1039.2588     93.7916    890.0322
     2099.8667    412.7764   1854.2931
     1488.8060    992.5619   1900.8743
     1742.4324    270.3412   1369.3544
      266.1930      0.4098    649.8575
     1137.9498    767.4894    771.3788
      148.7135   2037.6224   1024.3749
     1008.8561   1688.7242   1494.8990
     1187.5471   1332.7440   1310.6444
     2085.2749    200.1120    999.9637
      996.5500    477.6737   1733.6467
     2007.4115    854.8440    342.1468
      510.0653    956.8315    418.7030
      187.7217    399.7687   1895.7007
     1972.3671   1557.5377   1049.6400
     1573.9773   1940.5275   2052.9216
     1482.1140   1603.9430   1912.4385
     1722.8818   1596.0176   1910.7524
      125.8175   1778.6566    712.5857
     1449.2362      0.4743    768.1470
     1149.1724   1265.0518   2195.4690
     1342.5409   1465.1173    911.8246
     1432.2958    103.0210    613.4863
      445.9883   1173.3018   1699.7974
     1945.3380   1767.3948   1211.2972
      885.2750    138.4954   1325.2250
      940.9024    694.8125    829.1283
      358.1645   1076.6996    121.1403
      549.8318   2012.0295    618.8757
       69.0332   2109.1189   2024.9321
     1802.4128   1188.5831    716.2471
      861.6489   1025.0475   2238.2947
     1427.5646   1048.5607   1444.7468
      356.3369   2049.7605     98.1723
      739.8845    104.9920   1673.5809
      279.7957    289.8284    835.0126
      844.9734   1802.1233   2260.0808
     1073.7405   1511.7410    182.9368
     1163.7407   1688.6545    221.3146
     1302.8643   1698.7601   1913.7268
     1826.5969    744.1625   2262.1550
     1768.6238    158.9683   1940.6792
     1274.1788   2099.8550   1741.0426
     1254.3379    104.0305    949.6620
     1689.0477   2001.8256    131.1225
     1323.1255    751.0248   2128.0161
     2020.1427    649.8345    275.1421
     2223.8926    974.1562    355.8406
     1327.5344   1342.8497   1626.9454
     1587.4910   1079.6194   2052.6262
      929.1344   1354.2806   1854.2430
        1.3536   1163.9948   1330.9453
     1294.3279   1446.3229    239.1926
      477.4454   2056.8044   1409.7576
      384.7180   1176.5365   1330.1747
     2081.7307   2249.4338   1774.6332
     1616.7792    755.6030   1893.7488
      514.5310    665.2297    248.1502
      190.9469   1063.4609    252.1698
     2138.4104   1683.8447   1130.7404
     1606.1733   1199.9878   1858.2163
     1110.8810   1646.8933      5.9038
        1.2863    530.0254   1727.0426
     1103.2643   2119.2603      0.7451
     1300.8418   1844.4836    748.6232
      745.0652     83.0234    594.6419
      825.9460    118.1278   2256.0051
     1805.6289    248.4963    232.6515
     1844.1260    533.2414   1594.7134
     1166.5469    410.2946   1906.4982
      536.8564    176.4634    893.0215
     1582.9857   2253.8726   2190.3030
      936.9283   1535.3687   1774.8820
     1301.2120   1680.4429   1117.8563
     1708.4910    544.9813    896.2016
     1705.1649   1719.1478     36.2344
     1655.3324   1843.4122    982.3785
      394.9058    316.8700    169.9262
     2105.8210    798.9355   1788.9365
     1136.4653    813.2177    108.1955
     1061.3430   1858.6139    349.8798
     1019.4758    895.1330   2230.0674
      382.9085   1285.8267    773.1715
      323.3566    818.6256   1145.6715
     1415.5659   2240.2959   2078.7698
     2038.6511   1555.3733     51.7471
      451.0930   1832.0029    522.0574
      894.5700    398.3140    428.9167
      152.2498   1751.3993   1751.1465
      311.9778    721.0197    274.1549
     1535.4685   1078.9452   1097.8362
     2144.7168    273.0168   1713.4775
     1140.4485    587.1857   1817.6406
     2132.5212    717.1935    863.7352
     1121.8040    121.9015    463.5087
     1936.6027   1052.0261   1033.5658
     1556.3894   1185.4773    122.9726
      962.7253   2193.4517    995.7266
       32.8106    127.7680   1285.4393
     1343.0332     57.8458    233.5576
      883.5347    396.5451   1564.2799
      285.4386    275.4280   2063.1213
      141.5430   1183.8834     97.4742
     1684.1848    480.7812    177.6435
      395.3627   2255.0852    843.5254
      526.8926   1446.7793    471.2545
     1184.5605   1026.1163    132.0572
     1466.2118   1842.2615    851.6511
      492.4884    959.0363   2072.6897
     1028.2765   1484.1942   1355.4484
     1569.6061      7.2292   1111.1018
      155.9977    278.1996    995.4130
     1224.1664    421.1281    671.6880
     1192.4021    693.4641    283.6461
       18.9686   1835.6752   1109.2003
     1155.1946   1574.7446    835.7970
      676.5870   2043.6885   1409.8553
      774.4531   1698.5232    621.3773
      825.5020    189.8097    416.8805
      935.6255   2211.3923      3.7520
     1460.8397   2160.3479    162.8640
     1664.8044    180.9604   1204.1542
      545.4269    378.7153    333.3365
     1587.5551    747.0128    989.5464
      530.1015    224.5226   2077.1465
     1099.8467   1021.8470   1870.5712
     1638.8719   1541.4487   2257.9326
      528.3494   1446.2092   1865.3226
     1843.5555    184.5604    485.4160
      168.5435    778.0155    749.7775
        9.9212    288.7028   1911.0608
     2218.9153   1909.1873    118.4447
     1594.2622   2256.3701   1824.0105
     2186.7100   1397.9684   1838.6896
     2086.4519    769.3983   1072.5380
     2128.2661   1921.8552   1011.4174
      199.2579   2165.2083    189.3419
     1936.5719     73.2238   1894.7596
     1120.2560   1537.1842    624.2393
     1825.2300   1803.8964   1940.8950
     1760.8721    188.8623    683.7072
     2097.7463    957.8612    892.1199
     1935.5359   1610.5040   1912.6248
      458.7404    105.1752   1176.9835
      363.1041   2005.7346   1135.4497
     1774.8483    322.1183   1723.8096
     2061.8286   1461.5275    579.0748
     2063.3167   1813.5854   1899.0138
      483.2088   1108.1661   2252.0818
      365.0248   1362.6768   1730.9928
     1088.0883   2203.5244   2093.1355
     2005.6454   2244.4919   1407.8293
      349.4995    201.8714   1524.9984
     1492.1960    635.6223   2124.6655
     1055.4830   2254.3523   1843.8718
     1847.2174    709.6233    391.0008
     1448.7684    143.6686   1778.4679
      895.1018    849.1263   2070.2769
     1041.0389    806.0966   1058.9824
     2156.4016   1284.2729   2068.5127
     2139.5286    963.2865   1106.0261
     1470.9823   1254.6000   1472.6190
     1997.7338   1052.5624   1540.2587
      730.5790   1617.0813   2156.7954
     1847.7523   2094.6562   1689.1017
      875.2271    601.9008   1610.9674
      761.0309   1145.6614    666.7291
     1755.8448   1459.6241   2125.3403
     1389.0117   1758.8427    203.8210
      969.9398   1619.8778    942.6911
     1428.8678   1840.5420   1937.0702
      456.2863   1831.9628   1937.9552
     1710.3560    602.7142   1251.1139
      564.5823    406.2962   2236.4380
      471.5494    795.6357   1499.2362
     1230.1508   1885.6190    191.1474
     2032.4730    895.0611   1644.6649
      884.2061   1097.3385   1345.0481
     1405.3870    827.5074    888.4338
      304.4746    526.4470    124.6181
     1598.4445   1734.4271   2102.7363
      680.9491   1840.9163    519.9797
     2105.0076    999.4209    195.0205
     1000.3298    676.0132   1263.0199
      763.6034   1858.9386   1033.6769
     1201.2935    281.5432   1314.6047
     1822.4257    808.9030   1943.2976
     1914.0830   1391.5775    147.0856
     1457.2214    574.6888     63.9595
     2172.7820   1064.7977    541.8641
      485.4695   1692.9160   1529.5580
     2199.2808   1839.2238    692.3279
     2054.0044   1525.9417    275.0393
     2165.4719    828.4789   1257.6880
      549.7582   1095.4478    985.6290
      720.5435    704.3430   1500.0122
     1132.1195   2163.9827   1391.7671
     2198.4124    880.3355   2245.9426
     1109.6663    481.8331   1317.9900
     1619.0781   1416.9208    313.6078
      387.3391    958.1696    983.7977
     1325.2253   1509.9011    718.4555
      528.2103    657.3547   1628.7898
      269.0386   1691.8458    542.3658
     1997.5175   1366.6069    388.5284
     1684.6849   1352.2504    597.1031
      325.0088    532.2582    499.2318
     1875.8092    171.0165    869.3002
      924.2722    508.7702     36.8796
      876.1357   2045.7958   1481.4552
     2094.3398    431.8149   1302.3000
     1979.3811    199.2385   2080.0251
      585.8860   1764.4424   1057.8759
     2079.1885    232.4752    476.8983
      112.7580   1566.4833    470.2991
     1425.6636   1520.0995   2209.3904
     2113.5520   1017.1925   1839.7560
      209.8674    837.2144    971.2201
     2000.3933    382.7104    582.2054
     1499.7473   2009.5980   1007.3960
        8.8286   1242.4158    937.2117
       14.3347   2090.1997    207.0831
      194.7417   1648.1992   1928.2465
     1919.6516   1662.1909    202.7398
     1155.1515   1385.7507   2018.9374
      413.9549   1550.9590   2057.8213
      239.5460   2213.4675    412.7636
      495.1344    108.4256    148.3268
      262.4128    487.7425    896.4957
     1888.4070    653.6821   2087.8843
     2008.3361    498.6956   1491.7961
      651.9959   1003.0347   2192.8066
       93.8676    317.8596   1189.6936
     1663.8696   2131.2285    734.2305
      414.7000    832.4034   1693.5988
       16.9483    147.1535   1065.0074
      811.5905   2208.0605   1342.4882
     1052.9572    489.5235    515.9672
     1029.0829    144.0563    120.1873
     1393.9153    241.9310    144.8910
     2106.2722   1022.2958   1303.2991
     1707.4038   1190.0626   1335.5079
     1865.6052    403.0919    948.1761
     1799.9908    993.6080   1583.4854
       10.3137   1203.6863    440.4395
     2026.9551   1851.6244    144.1083
      873.3605    510.5222    607.0424
     1095.8109    905.1495    285.1235
        7.2296   1063.4686   1486.1620
     1699.3396   2069.8872   2202.1667
     1106.3894    643.1801    936.6256
      779.1384    656.9339    123.3020
     1191.7668   1608.1855   1431.1039
     1769.7271   1324.2142    405.8163
     1704.5333   1722.6849   1420.9537
     1740.5383   1197.7445   1119.3817
     2262.4380   1911.5302    871.6864
     1391.7610    935.6707   1609.9800
      986.5875   1662.2529    723.9082
     1647.6545   2220.5544   1306.3271
      560.9567   1219.3964   1149.9797
      934.6971    928.4234    147.4937
     1913.9031   2127.8220    360.1559
     1582.3209   1679.5649   1585.0315
     1598.4554    865.0748    785.1232
      698.1624   2095.5764    213.4657
      410.4131   1466.3844    260.0648
      979.3574    298.6807    936.9982
     1860.5002   2097.9189    785.4658
      513.6879    362.0108   1509.3643
        7.6553   1137.2379    237.3042
     1788.7999    841.1492    216.6663
      743.7811    918.8660   1805.8853
      549.3594    131.6963   1566.2008
     1929.2972    352.3720    759.9609
       86.3282   1823.2987   2252.6621
      729.3906   1219.6023   1349.2744
     1782.3458   1545.7330    907.2510
      718.7552   1568.2540   1756.9867
     1567.6250   1884.4392   1718.0142
     1514.4141    720.4252   1205.1432
      699.6122    577.5251    303.8700
      618.1750   1570.7274    301.3997
      721.0901   1394.3722    397.2974
      386.5941   2258.4585   1485.8739
      680.5051   1302.8694   1525.9883
      232.7160   1315.5225   2075.2104
     1348.9990   1414.2010   1424.0098
     1538.9481    636.2700   1749.2047
     1140.8007   1027.9985   1328.8403
      966.5521   1369.6144    139.1739
     2172.0115   1798.5931    493.2156
      568.0239    763.5772    592.7728
     1789.9415   2260.5496    672.6774
      685.6753    364.3005   2086.1006
     1443.9878    800.0035     18.6247
     1168.5104   1218.2930   1589.8571
       64.7679   2251.0093    946.8273
     1004.4802   1499.4669   1136.4542
     1427.5841    509.6332   1171.2375
      808.5256   1581.5770   1952.6111
      697.4009   1546.7784   1082.3926
     1302.6068    211.8534   1649.0250
      840.4866    145.0363    933.2307
      720.0998   1185.7914    266.7928
       47.1193   1399.5305    820.5584
     1082.3197     99.6403   1348.0709
     1515.7705   1447.8018   1557.9895
     2243.1951    602.1062    197.6544
     1744.4158      7.2731    480.4658
     1943.2122   1010.5599   1947.6766
     1019.5898    272.4483   1209.4828
     1365.9974    404.6784    833.3148
     1536.9751   1353.3700    968.4921
      534.4788   1408.9146   1143.3116
      318.1011   1141.7040    902.8421
      580.2083   1161.6329    448.0791
      545.3024    111.1745   1807.5134
      536.8871   1894.2740   1210.4967
      609.3142    665.7335    864.2754
     1665.4966   1405.1277    119.0575
      964.5859   1831.2145    977.2525
      328.5459   2035.1257    300.3329
      123.6783   1864.8925    512.8951
     1519.2163    838.6951   2056.5247
      404.4113   1611.4800   1871.4412
      967.5808    127.6489    308.6552
     1493.5022    420.3163   2088.8296
      619.4462   1552.4689   1260.6221
     2254.0479   1383.6101   1343.9503
     1654.0988   1770.7203    495.7147
      708.2460    910.3149   2032.8984
      700.5162   2004.0172   1164.1637
     1926.8102    214.9524     16.8252
     1155.7279    437.1763   2239.7278
       21.9230   1947.7256   2110.5225
      191.0975    638.2374   1415.7666
     1305.5565    457.0708    116.6910
     1405.9346    381.8806   1570.8251
      556.5298   1077.7454    242.3427
      953.3007    106.0902    562.8651
      397.4969   1515.2656   1276.1808
     1830.2532   1542.6338     51.3198
     1711.1423   1554.4058    462.0449
     1133.8226   1370.2094   1727.8086
      119.4288    718.5215   1243.6479
     1519.8329   1296.7638    476.9054
     2234.1748    685.3347   2258.9824
     1053.8661    294.0794    581.9780
     1044.0195   1887.9032    752.5617
     2063.7627   1111.5751    367.9195
     1588.0695   1265.2756    753.1652
     1052.1591   1708.1704   1730.8785
       81.9764   1698.9822    151.2017
     1192.1100   1780.8524   1259.1824
     1538.4558   2002.0151    257.6650
      221.9409   1540.9233   2124.2761
       48.9434   1670.3998   1263.0623
     1222.5083    363.5116    452.8919
      926.8437   2102.3169   1904.6758
      850.6679   1003.1543   1651.3041
     1313.6799   2028.1743    843.6926
      146.3912   1265.7188   1429.0349
     1208.2158    359.8651   1508.2378
     1813.9331   2105.6201   1315.7428
      699.8382   1751.6271   1225.6503
     1581.1292   1776.3280    202.0851
      214.1014    583.1154    707.6011
     1836.7449    346.2893   2104.6326
     1900.6877   1696.0222   1392.8064
     1801.1949   2021.3519   2006.7721
     2033.1738    790.9338   1966.2250
     1003.2581   1328.0981   1608.9735
     1749.3096    990.2431    968.5904
     1654.6240    177.4525   1796.0254
      930.5790   1932.6779   2000.3048
     2075.6580    689.0026    475.3925
     1896.2858   1033.3188    815.5806
      589.4362    673.4600   1301.1617
     1317.1178    167.7827    429.3096
     1231.4203   1294.7200    949.2349
     2159.6387     52.1128    456.1673
      107.8206    500.6932   1513.6702
      717.9288   2248.6392   1877.0776
     2210.9670   1555.0720   1414.2373
     1740.0221    108.2299    104.1860
      147.4149    146.3186   1445.4879
      110.3728   1701.1241   1441.8290
     1976.2561     60.2669    147.3406
     1206.3727    421.7508   1706.0052
     2042.0126    620.2273     59.3106
      804.8154   1783.1960   2052.4302
     1133.7479   1922.8402   1695.5945
      573.9180   1467.5684    119.4911
        1.7732    867.4670    729.5496
     2011.7841   1805.4445    370.6526
     1179.5950   1189.0699    538.3981
      236.8891   1683.9818   2248.0059
     1047.5209   1435.7837   2208.6833
     1694.6122    515.8159   1747.0692
     1288.7639    329.8437   2045.9545
     2069.8923   1191.9089   1427.3818
      863.2032   1162.4199   1534.7747
      352.1988    483.7241   1085.7665
     1900.3823   1280.3060   2051.7017
      300.5194    678.2189   1577.1295
     1987.8221     12.1649    984.1773
     1980.4351    823.1608    120.4722
      966.4022   1850.8799   1577.2367
     1739.7046    754.7589   1116.0995
     1916.6953    509.3579   1286.2219
      895.3407   1080.4446   1842.7017
     1213.2238   1192.5590   1992.2925
     1246.8932    900.6340   2225.7468
      654.1940   2166.7012   1005.2198
     2201.9436   1917.0300    315.8354
      993.9624   2209.7012    390.4716
     1948.2401   2212.9841   1221.2410
     1235.9006     82.5257   2116.6367
     1082.9141   1057.3767   2064.1455
     1601.1104   1453.1704   1160.4915
     2041.0720   2060.8921    657.0425
      506.5138    420.2129    552.4487
     1949.6688    721.5350   1592.0594
     1420.1108    679.3069    429.4393
     1067.0200    444.2310   1080.3190
     1463.9673   1162.5396    635.2352
      162.5089    980.8713    824.6420
     1589.6393    535.0724   1937.1053
      341.9883   2241.6726     49.9044
     1267.7777   2253.9980    567.3348
     1705.1139    379.5864   1916.8802
     1925.8956    310.6264   1896.0618
     2028.8619   1216.8014   1910.8240
      901.9176    535.0421    246.6891
     1845.4218    656.8646    730.2070
      778.1182   2214.7471   1547.4501
     1048.4460   1224.4014   1419.2394
      362.7903   1904.2493   1318.8948
     1425.7468    680.8602   1929.4220
      136.2351    468.8925   1059.0834
      974.1609   1704.7511   1920.6914
      995.4929    299.4982   1883.2963
      231.4486   1370.7734   1590.9946
     1684.2057   1540.4792   1332.5239
      849.2440   2170.8066    527.5858
     1053.1488   1805.4100   2125.8057
     2114.4331    378.3581   2059.4871
     1526.5315   1805.4834   1344.6302
      987.2125    844.0159    452.9244
      411.0668    763.1187    445.2211
     2221.3394   2083.1733    775.6979
      242.3468    838.6401   1364.3373
     1001.6562    438.4777    731.5106
     1295.2070    722.3384    601.6265
      237.8722    163.6635   2261.3655
     1427.8008    186.1771   2115.2874
      379.2323    456.6303   1858.0698
     1344.5167   1377.4204   1107.4255
     1247.1812   1843.0304   2078.7178
     2020.1571   1761.9066   1585.7311
     1254.7943   1105.2649   2181.5149
      327.1106     94.1560    501.2066
      849.5987   1406.2085   2066.7058
      931.7360    670.0792   1799.8098
     1992.3489   1869.5133   1412.7333
     1722.3191   2069.7048    407.3476
      936.6370    877.5345   1856.4846
      480.0186   2216.3770   1037.1123
     1297.5037   1864.1768    986.1391
        6.5705   1285.2192   1153.3424
      299.7858   1876.0381    646.7452
     1504.0358   2174.3093   1435.9823
     1074.8599    512.0648   2075.1960
     2097.3594    965.1609   2082.3018
     1396.9489    985.8655   2108.3403
     2155.6199   2256.5815   1081.7156
     2015.4250    130.2560   1178.2692
     1764.9779   1887.0846   1295.0532
       65.2609    961.7738   2088.1069
     1012.1033   1503.3286   1986.7805
       59.2267   1719.7050    359.6402
     1510.4557   2021.0027    448.1682
     1714.1021   2034.9161    939.1288
     1964.5659   2230.5850   1623.9911
      685.3982   2072.7446   1634.9821
     1261.5297    922.5201    770.3925
     1605.6824   1693.4692    864.8001
      235.0737    909.4299    602.8062
     2171.8933   1531.8246    974.2263
       70.4179    392.2682   2086.1641
      311.0797    385.1849   2244.0356
     1093.1158   2060.1101   1108.8417
     1214.3438   2177.1462   1948.5889
      465.2627   2062.9841   1986.8278
     2122.0891    720.3983    683.8931
     1067.1182   2140.2610    816.7176
      195.9547   1247.6906    348.9156
     1610.2611   1881.8550   2261.0386
      569.2263    436.7035   1027.0974
      670.2762   2114.4785   2016.1669
      550.9090   1166.5135   2064.0134
       58.0694   1086.7585   1812.8635
     1294.1960    623.6269    817.3774
      717.9788   1621.1283     83.3807
      191.4983   2249.2759   1553.1823
     1487.0529    892.2187   1321.1570
     1419.9739   1988.0616   1376.3589
      475.9926   1558.7130   1693.3052
     1684.5386    951.6886   1387.2087
      879.8068    804.3303   1663.1888
     1063.8586    898.5957   1667.3243
      823.8502    351.9474    809.9380
     1451.8998    949.6969    693.3979
     1743.5771    754.3434    577.8138
     1374.1213   1692.2042   2104.9141
     1620.1857    567.8901   1083.9431
     1388.8019   1141.5660   1611.4768
      336.3146    703.5877    899.3886
       71.0400   1814.7994   1598.2134
      195.1353    325.8651   1562.4847
      521.7976      4.6873   1984.6398
     1664.1196    875.1317   1713.6028
     1149.7637    269.4535    812.1671
      335.3764     91.2506   1921.4994
     1639.8253    937.3881    598.4792
     1410.3132   1893.2771   2194.7131
     1361.8279    338.2885   2236.8284
     1145.0586    266.7499   1019.8982
      662.6407    305.5721   1761.1858
      129.5379    200.6411    707.1930
      891.1365   1142.1479    136.9893
     2213.7498   1085.7589   2232.6243
       22.1062   1262.4054    663.7706
     1309.8904    882.9161   1408.7947
     1903.0739    888.7460   2134.3301
     1385.8247   1706.0793    536.4006
     1793.1174    876.0279    729.4378
     1802.0815   1205.6512   1563.2072
      835.5755    825.5067   1114.5421
      317.8985   1069.3170    707.3515
      350.0091    863.7387    798.4978
     1053.2725    296.3501   1640.7660
      114.5401    397.1372    367.1698
     1552.7467    105.4262    214.0530
     1678.3403   1162.9734   2230.4539
      997.9802   1243.0591   2057.6091
      705.5955   1064.0222    862.8340
      265.8292    122.9450    174.7174
     1146.8051   1760.0692    872.1821
      821.0712   1419.7743   1642.4939
     1690.6003   1264.9229   2037.3115
      486.7752   1615.4587   1117.8760
     1780.1666    811.3460   1293.9240
     1390.8124    534.0772    651.0287
     2121.0103   1282.2416    538.3218
     1787.0496   1812.1646    194.3749
      251.2528   1346.8944    910.0730
     1982.3928   1717.8501   2072.3276
      212.9732   1391.1382    691.3436
        7.0477   1469.0032    615.7989
      741.5753   1337.8672    137.2744
      830.4517    328.2018   1357.1594
      725.8483    184.7043   1220.4470
     1410.7673   1174.6742   2017.6512
      705.8712    960.6741    364.8426
     2141.5701   2000.0342   1946.6090
     1504.4358    263.1084    897.8698
     1596.3539   1262.6532   1654.4578
     1939.9855    580.8495    553.8640
       71.8041    591.5651   2105.3699
      573.5572   1986.4983   1017.8629
     1158.5258    207.0100   1797.5319
     1825.0880   1740.6356    795.1698
     2261.3711    735.5634   1415.8965
     1367.7922    242.1094   1428.5594
       39.7122    714.7511   1847.3632
     2060.9644   2027.9238    237.3754
     1814.4642    900.5336    434.1133
     1190.8746   2238.7273   1186.5284
     1837.2875   1573.5947   1199.9138
     1483.8783   1345.2096   1990.9445
      962.3381   2045.3265   1288.8893
      642.6826    814.6489   1156.9128
      448.8376    918.0645    605.2731
      624.7374   1589.4373    742.6640
      716.1772    681.3023   1704.0145
      786.8855    624.5671   1196.7355
     1215.3838   1532.9219   1243.7144
     2169.2644   1053.5443   1649.8850
      174.7226   2225.1665   1336.3367
      573.6032    804.4899   2223.1069
     1164.3608   1401.7063   1493.5895
      577.3378   1870.0590   1395.5314
     2009.1503   1261.1959   1625.3097
     1933.3085    290.2308   1311.0090
     2250.5459   1739.6644   1885.7850
      377.8334    913.9460   2250.2019
     1875.3950    907.1172   1764.8699
     1401.5634    319.8673    586.9907
      737.0961    525.6423   2195.6497
     1687.1072    970.9536   1902.6810
      837.3504   1550.2599   1253.1593
      169.9683   1458.1588    307.1642
     1300.7915    702.2144   1764.0498
      249.2757   1609.0439   1186.3429
      564.3846    483.3875   1704.3896
     1212.9524   1393.2163     75.0510
     1082.5585    937.2640    904.5319
      371.6154    843.0421   1914.3046
      324.4371   1739.3995   2066.4246
     1567.4133   1521.6252   2059.9236
     2123.9070   1305.8743    762.9827
     1509.4642   1560.3469    178.0345
      541.8243   2099.8896   1214.5686
     1829.7876    649.8124    172.9569
      802.3059    345.9277   1923.3633
     1632.1497    680.8636    200.5215
     1553.3602    233.2013   1618.0155
      114.0733    390.4850    751.4290
      431.5760   1691.6873    673.5148
     1948.9907    480.7132   2005.2843
     1613.6683    129.9481   1414.7760
      721.7562    432.4154   1181.5452
     1264.7294   2026.4822   1539.5742
      801.6088    558.4159    787.2236
      370.4870   1107.2477    323.1734
       67.6192   2252.7903    725.9240
     2119.7649   1151.1188   1089.4888
     1239.9661   1199.4928    299.7278
     1326.2664    543.4572    288.2643
      774.0721    742.6599   1901.3304
     2018.9821   1161.4550    680.8018
      946.9028    879.2886    721.5944
      638.9889   2178.1509    486.6076
      123.5119   1385.8141   1754.7633
      281.2379   1329.2722    179.7870
     1206.3708    217.3901     13.8998
     1496.1829    433.3363    224.5006
      745.1458    739.2465    709.8090
       61.4706     43.1210   1954.0372
     1430.3549   1287.3531    281.4754
      272.2323    948.0251   2070.6455
     1200.6649   2240.3386    346.2867
     2045.4508   1592.1682   1284.9081
     1111.8403     82.6687    708.7523
     1958.3295    814.1876    817.6449
     1129.0699   1339.0812   1124.7010
     2024.3142    991.2173     13.6281
      719.3257    451.5316    132.9543
      248.6618    472.1941   2076.2646
      925.5504    358.0046    185.6449
      989.5673   2225.1133   1218.3042
     2187.6584   1102.6503    766.1505
     2132.3174   2240.7202   1989.0511
      694.2009    504.3601   1372.5151
     2161.0784   2222.3318    625.7769
     1815.6515   1698.7211   1008.2691
     2171.8010    355.4977    339.9816
     1365.8708   1919.9139   1697.8978
      957.6050    722.9045     64.3402
     1059.1439   1077.8689   2252.2007
     1593.4832    394.0861   1218.6847
     1514.3412   1591.0215   1405.2041
     1360.3721   1884.6273   1199.0101
     1986.5205    368.9821   1127.8972
      222.4665     78.2124    882.5197
      623.2749   1303.5742    589.8746
      819.2743   1560.1451    784.4359
      173.7432   1529.6548   1382.3657
     1711.4122   1413.8064   1707.9951
      661.1180   1168.9812     60.8291
     1451.2551   1100.9083    849.3844
     2037.8818   2073.9006    877.5474
      661.1794    804.2131    203.0347
     1613.9844   1203.3250    328.9660
     1074.8740   1132.7771   1022.5762
     1091.2915    674.4057    469.8345
     1792.1199   2252.8086    900.1383
     1270.0361    954.9251   1771.6241
     1093.3113   2037.3875   1846.3990
     2028.4379   1176.8306    887.2007
      368.7020   1458.2568     13.5303
      276.9576    903.1821    391.9779
      296.9886   2022.2729    526.7004
     1656.2352   1610.6348   1052.0587
     2221.8740   1987.2555    572.7830
     1287.5000    513.7526   1003.1388
      910.2654   2256.8210    718.1046
       64.2307      6.3522    307.3682
     2083.8403   1676.5995    665.9851
     2157.3311    262.0335   1185.6526
     2097.1611    178.5134   1889.3604
     1982.6559   1911.5686   2061.2966
      306.7611   1168.3680   1571.5427
     1367.4330   1168.3085    444.7577
     1050.6188    302.4137    367.4120
     1824.4307     91.4676   1291.6619
      752.2133    350.2197    309.6630
     1916.5597    698.8083   1797.0599
     1417.9059   1179.3401   1819.7142
     1643.3663   2082.9636   1710.9473
     1606.7285   2258.8545   1594.3207
     2201.9363   1274.8842   1536.8341
     1841.2555   1899.3198    465.7489
     1132.5579   1825.0764   1902.1365
     1673.4563    344.0912   1033.3312
     2241.1047    899.6299   1914.1190
      701.6626    464.5254    482.3635
     2024.8945   1145.1863   2127.4299
      780.3322      3.9960    354.2832
      286.6035   1809.2336    159.1913
     1056.7010   1199.8684    840.3060
     1673.7698   1152.6304    542.5763
     2171.1868    366.0536    752.5893
     1052.1715    490.9200   1523.7557
      713.4315   2144.9250    682.7153
     1735.7609   1106.2399   1734.0201
      502.9774    999.9124   1606.3680
     1122.4583    594.8416    688.7820
     1375.1415    522.2650   1741.9070
     1980.5514   2243.9973    514.4653
     1466.8669   1818.0017    392.3607
      465.3837   1874.1019     69.7418
     2219.6204   2092.0637    983.8463
     1451.2120   1729.6484   1757.7581
     1566.0353   1564.4777   1733.1268
      861.7341     94.2547   1114.0541
      741.7582    996.3848    166.3245
       97.8441   2054.0730   1562.1642
      996.2911   1184.8173    441.1033
     1904.3730    852.5748   1002.6454
     1466.0598   1168.8735   2206.2922
     2258.3069    173.2616      7.6581
     1225.4221    804.6620    962.6876
     1261.5326   1746.1917   1730.2076
      154.3914   1192.2256    809.9490
     1548.7113    402.0078     12.9438
      949.8704    505.2205   1924.6069
      582.0910   2021.1611   2203.7349
     1711.7885   1599.9913    211.1792
     2084.5020   1611.4398   1770.6956
     1308.0465   1198.1948    109.0841
      929.0060   1644.7507    100.7449
     2062.3682    957.6176    699.3749
       44.4460   1436.3566   1548.8669
      701.7483   1495.8973    574.1484
       74.4587    211.4944    192.4476
      145.2108   1584.0823   1601.2485
     1529.7161    554.2281   1356.6349
     1175.1246    157.5511    243.8318
     1297.4299   2053.1555   1080.1782
      440.7918   1361.8785   2107.5212
     1815.0475   1301.9844   2255.0059
     1287.2208    327.0434    276.8050
     1528.2598    395.8063   1742.9016
     1596.2203   2172.4023    945.1428
     1148.3182   1969.6022    909.8471
     1571.5286   2122.5161   2002.9939
     2204.4326   1495.6364   1189.7937
     1260.0929   1842.8123    387.4189
     1674.5413   1975.8625    582.0173
     2150.6006    528.3632    588.9601
     1345.2516   1623.1744    340.9565
      623.8752    462.8453    844.4127
     1354.8474   1536.7919   1756.0286
     1349.7588   1668.0634    901.0984
     1982.0846   1012.5261    502.5917
     1631.5126   1875.7512   1526.9098
     2156.8660   1712.5868     18.5822
      512.4245    487.1295    155.4843
      483.6430   1026.7594    810.1315
     1036.5948    112.9298   2182.9312
     1930.2979    336.4192    376.9728
      648.0503   1336.8521   2037.6145
      232.9348    647.2896   1094.2430
     1653.5144   1743.4188    688.9091
     1896.6195   1563.2086    713.8723
      308.4694    122.1646   1329.3234
     1561.5559   1656.0818    363.1941
     1119.7460    345.4467    175.2078
     1952.1146   1211.8850    237.7151
      732.0822   2145.1614      3.2190
      697.3701     46.2242    138.0797
      322.4639   1007.0626   1759.1344
      304.2162    923.1375   1551.4960
