      961.3923   1718.2196    170.8530
      702.8788   1319.7456    579.8224
     1148.9131   1458.0107    170.6491
     1314.1221   1023.4427   2086.6807
      335.2693   1933.8676    954.0380
      481.2599    760.2148    891.3356
     1679.3856   1427.9120    429.7831
     1467.3291   2174.3318    663.5651
     1319.6829    135.1905    941.0637
     1383.7362   1930.5496   2101.4990
      754.5017    962.8045   1642.0978
      824.3784      9.4408      3.0196
     1854.8810   2033.8468    524.0287
      646.5414   1866.3140    749.5565
     2104.8115    434.8646   1306.8301
       99.9834    894.7817   1952.6622
      651.7147   1563.7821    766.1868
     1011.2000    429.7367   1805.0184
     2209.2781   1892.2993   2063.0457
     1938.2876    881.6319   2067.8330
     1761.6688   2187.4011    749.0586
     1678.2076   1666.4202   1741.6086
      470.2329   1310.4408   2143.3057
     1043.7690   1874.8734   1834.7723
     1599.7579    475.6414    824.7482
      522.6334   2186.4089   1379.3959
      767.9766   1338.1481   1177.1599
     1516.2444   1997.8746   1863.6498
     2238.0835   2087.8923    111.9255
     2251.4834    102.3416    278.4221
      692.8917   1019.7785    582.7973
      311.5224    876.7003    570.4618
      840.9055     69.9329    770.2720
     2026.5454   1594.9458    741.9486
     1596.4653   1139.1163   1679.9379
      937.5578    330.8477    117.1738
      706.9501   1980.6006   2090.0881
      861.3206    638.5357   2146.4890
     1607.5771    186.7358    740.1517
     1341.1251   1740.5717   1744.6685
      347.9062    856.6677   1308.1887
      695.5373    261.1855    308.4124
      487.0115    114.1979    802.9050
      603.8445   1661.9143    506.5390
     2178.5610    125.7564   1383.3971
     1879.4236    276.5594   1799.8390
     1301.7942    125.1792   1302.4106
     1219.1786   1154.2280    744.2419
      212.6453    871.1389   1710.4261
      844.0096   1171.4291   2245.3540
       77.7750    765.7825    818.5338
      530.7795   1342.2877    305.2271
      697.7838   1424.7814   2068.8552
     1990.1981   1012.9062     87.8060
      508.4576   1702.9406   1641.6542
     1864.0532    106.6510   1405.6656
     1459.7917   1526.8973    328.6503
      427.1899    146.3203    273.3524
     1330.7396   1963.3903    439.0379
     1003.0904    120.9444   1741.8079
     2205.6418   1976.1514    632.6790
     2092.5347   1144.8511    907.0670
       73.7917     48.2809   1651.1122
       39.4371    464.3100    339.6629
     2229.9502   1423.3286    236.5460
     1131.9226   1421.0887    848.1118
     1982.1527    821.6168    964.8693
     1659.4946   1184.9008    228.0735
      899.0505    470.2244    440.7641
     1666.7328    480.1728   1678.7134
     1032.1586   1649.3307   1108.8492
     1990.2513   2062.6794   1523.1405
     1572.5598   1387.4769   1393.2653
      117.4247    983.3200   2212.8826
     1957.1741    203.0783   1102.7081
       92.0180    347.3089   1625.7139
      310.1799   1499.0791     42.3192
     1025.5488    344.8771    755.4602
     1338.7611   1091.3239   1775.5636
     1132.9620   2234.8213    717.0304
     2235.4158   1796.7277    315.2755
      768.4184    722.1483   1053.6361
      695.4596   1684.3208    249.9720
     1116.9286    748.3946    385.0914
     2166.1729   1789.9524   1528.1051
      587.5381   2125.0068   1002.1201
       95.1976    742.6851    207.3767
      957.2010   1931.4417   1224.0070
     1285.1732   1548.2417   1313.0029
     1140.5300    557.1066    188.0993
      122.4697   1321.4042   1421.3926
     2035.8075    519.5928   1769.5261
      361.1833   1776.6508    712.4890
     1157.2310   1652.1758   1560.0225
     1507.3743    154.9624    453.1385
     1131.6956   2052.8516    267.4089
     1340.4095     29.8213    208.0123
      194.7029    617.9694   1501.3365
      154.7400     80.7623    848.5475
      263.0216   1763.2892   1544.4071
     2255.2349   1660.3237   1806.7841
     2001.7126   1542.8340   1548.2000
      144.8251   1600.5160    556.6667
     1750.1973   1173.9707   2152.7151
     1782.1045   1714.9463    623.4492
        6.2198   1712.4728    749.0705
     1859.4625    672.5742   2262.9539
     1575.5438   1825.0759    197.1248
      935.9232    762.5117   1732.9337
      321.5071    968.3709   1030.1117
     1425.9132    422.6751   1458.1759
     1445.4518    397.3864   1054.6100
      463.0720   1433.9038   1282.9094
     1611.2856    877.5784   2217.0999
      337.4972    546.0069    758.7352
      650.8550   1087.4602   1111.0421
     1868.6915    466.2449    923.6506
     1726.2212   1906.9884   1607.2504
      980.1637   2238.3958   2048.3062
     2005.9213   1217.0876   1580.8085
     2254.5579   2124.5266    924.5995
      197.4286   1216.3374     59.7871
      556.8116    751.3834    654.2672
     1116.5399    788.5171   1238.1777
     1875.3124    450.0298   1988.6654
     1538.9215   1693.3655    503.9753
      368.2984    238.0454   1152.7981
     2209.7798    218.5234   1865.7139
     1878.6614    713.8666    747.6669
     1358.4138    966.1517   1558.0371
     1065.9186   2041.6744    937.6014
      556.1365   1707.3156   1929.4340
      176.1115    671.6218   1152.3997
     1651.9229   1593.6617    883.5986
       92.7659   1903.7528   1803.9481
     1400.7100   1190.4037    258.9183
      937.4978    529.9827   1475.6893
      382.8925    432.7100   1711.7651
      624.1677   1132.1870   1458.7028
      939.3143    240.6718   1260.8384
      663.9583    806.8306   1341.8701
      148.3339    270.8631    176.8132
      760.5171   1458.8424     66.7947
      663.6743   1262.0265    887.0704
      432.6242   1102.4120    403.5128
     2051.0059   1291.9911    622.7521
      971.6412    110.8646    547.3676
      349.6540    157.0905    552.6339
      725.7006    903.6222     39.1832
     1805.7700   2196.0684   1976.7124
     1364.7726   1362.6526   1130.8746
     1710.9896   2158.5037   2240.9907
      359.7404    110.5161   1776.4327
     1812.6379    146.4443    436.2435
      899.7110   1750.4922    531.1390
      869.7186   1722.0037   2113.6160
      685.1157   1389.1338   1489.3590
      983.8436   1673.0801    839.4742
     1253.0557   2159.1965   1817.1239
     2241.5393   2027.4401   1635.8530
      304.6552    440.5707   1999.1216
      348.3267    610.0623    342.2574
      450.1789   1697.5676   1339.6761
      226.2496   2158.3486    303.9197
     2180.6389    748.4260   2190.9399
     1613.4272   1007.9768   1067.4686
     1367.7322    852.9225    815.2889
     1376.8909   1432.4460     75.3493
      678.2579   1958.2966    365.4690
     1279.0651    235.2419    586.6350
     1072.2063   1235.4136    405.9203
     1113.0819    234.8591    279.4264
     1648.3047    774.7364    481.4690
     1347.1614    716.4317   1627.5557
     1626.8281   1166.9003    554.5484
      477.1173   1058.7462    725.3417
     1983.0121    399.4819    288.6310
     1204.6804    314.5606   1171.1052
      127.0479   1100.7131    822.6343
      206.2206   1540.0541   1796.2838
     1472.6486   1729.0707   1082.3226
      174.7337   1968.1458   1202.8126
      452.5670   2127.9221   1956.1234
     1018.2036    619.1147   1024.3635
     1661.6851    794.8632   1668.6724
      611.7546   2170.5840    185.6095
     1709.2090   1121.4388   1355.5815
     1568.8472   1427.9882    676.4501
      789.6678    340.6061    644.7452
     1159.5995    168.8837   1954.2947
      630.4670   2150.1497    635.2988
     1344.6339   1566.0730    901.0605
       76.0894   1505.4792   2106.6638
      361.2978   1074.5944   1546.6694
      396.8694   1924.2836    412.6857
      547.4996   1629.4379   2226.9873
      247.6871   1152.9496   1775.1434
      997.5706     21.3809   1025.8267
     2105.0532   1475.4993   2261.3628
      641.1219    350.9287   1547.5128
     1214.7773    370.6185   2152.2988
      508.4721   1290.3167   1882.1940
       39.5163   1847.9330    995.5436
       37.3960   1703.5337     21.3661
      249.9684    665.1594   2167.3040
     1237.1487   1322.5153   1537.1234
      790.3805    726.9493    449.2803
     1948.9592   1615.4604   1805.6025
     1527.4456   1965.8457   1233.6838
      633.1951    250.7046   1840.8634
     1869.2454    998.7117   1166.5359
     1598.1384   1666.4111   2212.8928
     1651.5806    855.4379    787.1103
     1537.8877   2185.3032   1046.1429
     1963.9186   2217.6440    918.1128
     1190.7332    512.1094   1418.2402
     2168.2058    452.4345     59.2495
     1423.5243   1813.6384   1498.4203
     1341.2717    665.5706    386.4366
      578.8879    427.1329   2156.7041
      895.7845   1289.2616   1685.1174
     1298.3994    948.6003    239.8133
      954.3237   1169.5203    894.1398
      533.2915    740.8433   2145.0547
      842.1124    296.3777    960.9758
      560.5404   1126.1646     50.3844
     1821.9811   1051.2582   1877.2781
     1388.3428   2230.9297   2178.0393
      996.5388    977.8797    567.2759
      629.5695    524.9852   1890.7650
      747.5648   1890.5513   1811.6516
     2100.2512   1040.7117   1880.3491
     1097.3219    642.7160   1995.0128
      157.2328    329.9975    604.9092
     1660.5568   1655.8682   1343.1924
     2161.1978    761.8387   1606.7123
     1151.7126   1998.6683   1459.8967
       50.4318   1004.7174   1589.5972
      467.1331    774.3839   1544.1335
      682.6408   2173.9614   1642.5374
     1969.9789    216.3079   2158.6177
     1998.6056   1967.7745    106.7996
     1729.9615   1526.9502    211.3773
     1496.5298   1262.3083   2004.0826
      145.5639   1243.6237    537.7395
      431.4623   1073.3865   2024.7234
     1989.0577   1927.7313    818.9215
      108.1481    604.6906   1810.1486
     1688.0735    386.6331    330.6150
     2028.4138   1702.8573   2024.9446
     1057.6559   1354.8690   1185.0797
      898.8102   1495.2327    338.7420
     1726.4333   1944.0492    932.6744
     2162.5906    499.0050   2011.0131
     1827.5348   1858.4905    299.7013
      794.2341   1886.9408   1002.4854
     1108.7233   1120.1838   1612.6335
     1764.7548    530.3871   1154.7506
     1676.3666    168.9242   1655.6010
      973.4376    827.3110   1434.7494
      372.2841    192.9291   2119.0669
     1227.7360   1098.2079   1359.4843
      856.6152    339.9436   2045.8218
     1420.0206   1427.5695   1764.8682
     2088.7485   2155.7913    357.7690
     2251.2842    698.2528   1343.3663
      774.9956   1122.0374    288.0980
      604.1948    113.3410   2218.3418
      416.5811   1389.0481   1632.8706
      894.5414      9.2263    302.2342
      594.3296    436.2615    839.7523
     1816.1115    675.5328    278.7096
       48.4197    105.1386    554.2300
     1944.1211   1000.3359    448.3537
      413.4492    189.4406   1489.6992
     2033.6779   1232.1989   2136.8564
      881.0179    665.5072    163.1246
     2222.7214     66.1998   2221.2690
      722.5458   2187.0569   1933.1179
     1824.2800   1867.9626   1259.4893
      169.8577    997.5746    235.5854
      920.5555   1101.9662   1426.8087
      829.9327    630.9489    748.2454
      494.7414    544.0942   1365.0636
     1588.0509   2122.4990    390.3190
     1383.8331   2011.8743    166.6696
     2238.1990    891.2096   1138.4572
      254.3000   1454.5856    309.0542
      763.7957    925.3315    859.2522
      140.3484   1122.5697   1171.6964
     1105.6500   2027.9393   2133.1748
      970.4803   1421.6844    658.8890
     1095.5623    133.5075   2245.0366
      606.4849   1047.9922   1844.5725
     2085.3289    814.9017    217.2925
     1657.5098   1302.9427   1096.2361
      146.3378   1891.3827    524.3717
      378.7014    425.5914     92.6730
      649.8130    128.4697    493.7233
     1144.2129   1179.2531     69.2545
      899.2632   2012.5217    499.7150
     1293.8003   1358.5631    590.5359
     1436.6116    437.0841    427.6926
      833.7331    129.6899   1545.4371
     1024.8666   2070.7019   1700.7225
     2064.4758   1894.0632   1095.7457
      337.9209   1909.0679   1887.0531
     1780.1785    464.1530    635.5168
      356.7208   1267.7645    938.6204
     1397.3903    654.1677   2064.3774
      155.0861   2200.3208   1432.1381
     1290.1522    427.5215    824.4353
     1093.1619    898.0680    897.2388
      268.8272   2096.8042    735.6611
     2217.5486   2020.5352   1310.9138
     1190.3202   1638.7726    679.7962
     1887.2529   1616.7427   1052.0597
     1047.2419   2225.9873   1359.9678
     1004.5621    996.3376   1999.5420
      490.2560    532.0694   1072.4211
      188.0459    355.6743    890.9173
     1229.0977   1724.2101    399.3249
      369.0556   2080.9753   1631.0544
      603.6786   1930.4005   1471.0840
     1231.7191    188.0670   1616.4489
     1471.3392     91.3007   1483.8705
     1248.2828   2247.2820    472.9408
     1041.6725    942.3892    230.1831
       11.0638   1386.0764   1111.7347
     1190.5669    853.3422   1787.4917
     1782.7047   2208.1194   1682.2975
     1993.7180   1332.3033   1872.8188
     1694.6998   2138.7090   1395.2947
     1452.6776    701.1299    155.0149
     1740.4504    451.9557     38.5276
     1312.4667    689.7702   1009.8984
        1.1038    273.3223   1093.5571
     1878.7659    207.8180    730.5139
      966.4775   1532.8176   1413.2463
     1108.9896   1292.7289   1899.4075
     1389.4116   1073.7761   1023.8361
      411.7889   1143.6012   1222.3967
      456.2357   1665.5000    981.0568
      820.3279   1201.3136   1925.2219
      441.0801   1729.8947    269.4689
     1834.8539   1475.9700   2080.9785
     1742.7635   1902.4127   2212.9775
     1846.8627   1080.7417    745.8148
      313.6985   1791.0243   2135.1240
     2240.2180   1053.7971    432.2855
      723.3032   1585.5278   1719.7781
      646.5742    144.4569   1194.5432
     1018.7885   1084.8669   1174.0918
      533.0686   1900.2041   1144.8325
     1352.7408   1024.0924    530.8590
     1926.1608    734.5613   1332.0308
      516.5901    410.8403    530.9893
      171.5539   2232.5925   1947.1283
     1667.9655    641.7664   1421.1302
      908.7816   1986.7653    117.7051
     1913.0386    990.2263   1555.9111
     2149.0496    899.4848    666.9601
     1313.2041    446.9386   1818.5225
     1685.3901    342.1164   1344.5306
     2147.9712   1550.2917    971.3879
     2128.9507    320.8295    529.1060
      956.8240   1429.2677   2144.8552
     2000.9471   1960.8856   1750.7651
     1614.3177    139.4661    117.2227
     2114.4114   1589.8491   1329.3167
      879.0580   2042.8846   1490.8501
      458.8822   1386.8573    646.9930
     2085.8289      0.1929    647.9138
     1928.2590    747.1695   1846.2716
     1997.1053   1732.5129     21.3050
       76.6467      4.1264   1162.8613
       99.6666    308.1457   2141.1504
     1695.1239    703.5145   1960.3586
     1033.6227   1570.7932   1808.2428
     1518.7037    393.8206   2113.1428
      205.3140   1617.4982    916.3484
     2006.2963   1580.8210    403.0696
      619.2905    559.0654    150.3095
      455.6349    808.4415   1880.9865
     2014.0262   1810.7622    533.0120
     1551.6805    948.1840   1956.4900
     1469.2471    932.0061   1265.7123
     1173.1418   1689.2518   2042.9142
      524.7309    798.1641    369.9883
     1081.5598   1927.5405    697.5187
     1840.9592   2167.8066    240.1129
      199.7586   1585.2224   1197.8336
     1634.4146   1402.0643     19.2269
     1048.9679    854.8225   2221.1692
     1520.9777   1907.2357    680.5713
      330.5270   2188.7539   1106.2455
     1422.5538    616.6937   1284.4785
     2095.1431    531.2808   1032.1100
     2166.5056    995.4473   1370.8405
      737.6867    648.3766   1621.1812
      445.1068   2153.4607   2230.6821
     1796.4302   1842.5277   1930.9137
     2171.9678    204.1670    819.9392
     1473.2216    138.1804   1915.4712
        5.2360   1518.1215   1499.0970
     1724.5276   1413.9868   1663.7035
      633.2548   1911.1151     94.7191
      209.1026    382.2326   1360.0734
     2095.7334    604.4053    511.9382
     2168.9895   1151.4307    164.7613
     1521.2068   1561.3832   1953.8099
     1857.1564   1417.3082   1326.4073
     1718.0555    198.5260   2070.7288
     1226.8206   2127.5295   1205.0386
      417.7939    908.8829     74.3711
     1462.6901    649.2627    640.8065
     2010.3282   1209.9266   1242.4800
     1615.3920    751.0018   1053.9092
      282.1226   1883.3429    160.5674
     2066.6956   2116.6589   2116.2759
      749.9948   1618.6272   1087.7510
      749.1188    802.1970   1962.4491
     1952.0824   2159.8035   1210.3914
       68.6459   1384.6787    795.1813
     1628.3171    184.6863   1136.6675
      805.0950    490.1812   1247.1754
      353.0210   1527.4535   2017.3562
     1949.4075   1215.7864    315.9750
     1358.9098    347.3502    162.9195
     1215.7817   1835.3361   1232.0483
     2114.7561   2203.7234   1837.3291
     1103.2502    590.5488    628.8914
      145.9901   2042.9089   2148.5588
      885.6678   1761.4991   1556.7054
      133.2089   1198.2153   2028.9109
     1215.0480   1755.5753    112.3571
     1389.3022   2052.4634   1590.7183
     1500.8087   1189.9386    856.3840
     2024.4030     98.2165   1615.2993
     2186.6792    510.2346    800.6299
       97.0404    773.4904    517.3218
     1330.0033   1979.7789    948.1273
      235.9332     31.9755     28.4151
     1627.9871    924.6646    267.2428
     1946.0928    170.8418    157.4609
       15.8505   1288.5879   1735.6149
     1214.1313   1423.4795   2129.1714
     1886.1003   1326.5630    883.6074
      681.7697   1643.2679   1395.3740
     1915.6943    478.3084   1519.9304
      776.2120   2117.4441   1230.8087
