      925.3202   2020.4429    236.5388
      862.4252   1249.9165    651.1208
     1270.3083   1690.9584     35.1819
     1127.3832    832.6693   1863.7382
      632.1241   1718.6007    736.0357
      716.3333    611.8001    995.8495
     1981.5195   1309.2266   1123.2693
     1430.8820   1952.4255   1039.9430
     1296.1057    290.9698    746.2203
      901.8153   2164.9951   2254.4355
      744.2045   1445.3646   1478.1594
      932.5967    262.5276    105.0516
     1489.4551   2036.3086    329.0569
      467.4292   2204.2551    986.9936
     1796.3905    800.8084    900.9564
      132.1287   1401.8641   2072.1086
      733.3312   1521.0651    624.7020
     1310.6166    151.8282   1621.5284
     2068.8984   1824.6351   2192.0813
     2150.9336    343.4672   1834.3311
     1507.9891   1831.4124   1353.9517
     1068.7577   1789.8966   1770.9156
       14.0137   1291.7487   2253.4092
     1061.2395   1571.8226   1920.4215
     1282.9602    527.7856    759.7438
      226.4159   2230.2441   1647.1486
      842.2345   1136.5593   1000.2614
     1567.2715   2234.3086   1862.9097
     2067.6719   2194.3755    258.3093
     1994.4307    365.6800    331.4161
      775.9858    742.4077    293.9925
       59.9263    949.3300    686.1782
      210.3451     71.6993    572.4909
     1771.6390   1375.1130    978.3032
     1407.8662    895.2610   1806.5067
      898.4399    201.3004    368.1895
      749.4563   2213.1089   2045.2759
     1215.1399    380.3688   1765.0790
     1761.4139     21.1347    294.3991
     1462.0254   2013.6398   2134.5520
      260.2302   1358.4174   1270.5190
      273.7481    215.2290    150.9712
      554.2951    146.7298    798.6155
      796.3950   1949.1709    785.4943
     2066.7166    168.9458   1409.5232
     1815.9041     79.9911   1413.9766
     1230.0701     54.5411   1093.9083
     1327.4214   1243.7422    899.2921
      132.2141    336.7873   1954.4541
      694.0376    983.5775   2224.0703
      489.1819    850.7788    945.0651
      914.1158   1362.9467    369.3080
      458.4807   1116.8931   1611.6462
     1684.3928   1042.7736    142.7445
      717.7537   1937.1299   1881.3220
     1753.5126    633.8801   1379.9282
     1711.5995   1343.8212    680.0969
     1018.2625      2.6293    248.7209
     1387.7704   1593.5720    644.3935
     1574.5065    720.5411   1574.1790
     2112.5842   1736.5262    471.0744
     2023.5763    542.0009    517.3704
      397.9883    322.9960   1567.6106
      248.4105    504.0421    620.0724
     2195.8376   1128.8206    324.9737
     1057.0901   1299.3824    935.4379
     1444.7026    935.0804    479.7607
     1563.9275   1276.8209      5.4604
      858.1396    371.1944    591.4149
     1341.0162    337.8753   1433.6050
     1118.8821   1193.1976    682.0512
     1909.3038   1915.2626   1780.9551
     1599.6882   1025.7175   1237.2042
      159.9280   1168.6592   1916.0458
     1714.1185    386.9415   1263.1833
      255.7245      0.5086   1974.5962
      774.9255   1611.0040     12.4669
      235.6241     99.2320    849.2484
     1125.4784    677.7753   2115.6216
     1457.0768   1732.6737    859.0800
     2170.1301   1437.4403    553.1573
      576.1209   1057.7224   1118.0615
      703.7527   1820.2883    493.7574
     1669.9543    806.4464    286.3766
     1933.2026   1016.6526   1597.7039
      680.1747   2059.9719   1481.7693
      191.5482    915.0422    229.1078
     1721.8405   1726.4574   1387.3738
     1032.9945   1683.6866   1389.1989
     1162.1693    257.6928    227.5782
       33.4084   1275.3358   1715.5594
     1945.1914    154.6922   1916.9478
      161.1031   1702.5509    874.8209
     1446.6384   1507.6343   2175.2910
     1672.3673    565.8636     92.1827
      858.7104   2030.3409    526.6340
     1161.5521    102.3606    497.5844
       88.6408    913.7025   1446.6750
       10.6458     78.2944    901.9119
      114.9941   1865.7988   1760.1252
     1854.3822   1306.5482   2001.6401
     1810.3063   1097.2925   1383.7800
      401.8404   1700.7240    955.9166
     1606.1071    885.5522   2260.5894
     1850.0599   1952.7072   1349.2400
       61.7267   1361.0878    766.6965
     1466.8319    470.9092   1652.5509
     1550.5205   1795.6525    588.0866
      438.4155    897.9339   1776.6470
      361.9502    907.2950   1245.3777
     1325.3016   1253.1216   2087.1296
     1503.3944    119.9705   1446.8027
      577.7839   1750.0404   1177.7389
     2070.6912    779.1597   2078.7676
      165.9032    306.9175    404.2811
      250.8621   1802.6389   1152.0415
     1113.9850    355.3732    601.4402
     1890.3289   1809.8604   1535.2024
      868.4598   2192.0522   1595.7952
     2078.7336    991.1175   1357.0713
     2073.4956   2178.4844    905.8124
      484.0642   1161.6257    473.3922
      470.6105    674.9401    588.8556
      984.1037   1204.1589   1273.8723
     2142.5906    276.2448   2083.7922
     1635.4957   2145.7275   1051.4401
       97.5100    549.8357   1134.3055
     2128.5813     78.2912   2258.2954
     1477.8256    735.6819    923.9068
     2030.2762    869.2079   1816.4069
      902.3405   2064.8235   1141.2156
      495.5531   1355.3712   1453.0629
      109.3296    305.6738    986.2307
     1957.0696   1816.0706    969.6467
       52.1238   1903.1519   2230.6299
     1398.3337   1406.1774    223.0864
      565.7462    542.5194   1353.5901
       34.8270    152.5471   1733.4362
      421.1638   1425.6660   1082.6112
      892.3713    290.7360   1101.2780
     1279.4980    135.9523   1302.1467
      362.6527    708.0986    122.2619
      885.7266   1601.3563    400.0561
      624.6793   1076.6781    856.6946
      700.2841   1353.7294    474.4585
     2135.0945   1588.3097   1171.0830
     1065.6652    418.6638    378.3978
      319.9254     63.7397    367.3465
      866.0127    890.1400    112.3127
     1990.6926   1201.2114   1789.6813
     1260.3114    596.5172   1548.0664
     1290.4960   1684.9583   1749.8354
      619.9622    352.1834   1522.3047
     1943.4537    137.3813    185.2388
      434.9172   2088.7786   1550.9095
      707.7639   1729.6157   2062.2810
      238.4131   1327.4548   1567.7666
     1044.4037   1873.4220    918.0873
      883.7256   1875.8215   2258.1379
     2170.7803   1805.6118   1868.6013
      679.5035    809.1552   1934.9536
      419.8495    374.3443    844.9844
      418.3071   1887.4873   1341.3440
      488.4757   2208.4832    198.4562
     2188.5862    570.4631   1996.0708
     1914.3374    825.0179   1306.5298
     1896.2130    856.1468    655.0534
     1556.7101   1218.9343    307.9318
      519.7498   2250.1973    554.1562
     1391.3035     53.9649    609.9265
      947.4565   1454.3256    111.9189
     1219.9894    495.0753    203.0805
     1833.9512    634.4819    653.5942
     1670.3483    885.1315   1438.4847
     1149.2469   1002.0023    201.9558
      410.8181   1178.7246    962.4860
     2159.8699    788.0978     86.2264
     1007.1713    531.4238    979.3557
       30.2458   1271.0293   1398.2527
      314.7378   2030.0829   1776.5925
     1475.4216   1219.8308   1131.8177
       66.7192   2164.1079   1341.3547
      397.6926   1648.3353   2088.2520
     1025.0328    455.9174   1261.1775
     2160.9924     61.8843   1207.9863
     1181.1157   1956.5498     27.8320
     1999.5824   1258.0999   1380.7567
     1173.7001    899.0251   1142.5762
      974.6739    573.1913    712.3665
      471.1676    939.4035   2076.1550
      560.1463   1975.5836    631.2498
     1251.4247   1687.3910   1240.9166
      293.6842   1842.4536   2221.7664
      258.2054   1116.3322   1419.8440
      515.6459   1561.9783    515.9257
      850.9390   1189.7965   2107.8801
     1051.9125   1398.5162   2123.1865
      965.1997     57.4953   1094.3309
     2188.1865   1251.6809   1987.2675
      877.9007    440.5645   1475.3572
     1516.9274    424.9110   1914.1863
      187.2904   1040.5593   1671.9600
      194.0042   2253.7368   1077.2366
      139.8009   1750.3311    178.9326
      239.9196    919.0546   1960.6461
     1119.4592   1586.3093   1611.6655
      716.1030   1055.0830    617.4896
     1707.4712   1357.4456   1370.6511
     1500.4016   1709.7323   1144.5138
      551.2073    712.4857   1571.7363
     2192.6641    759.2535   1276.5376
     2204.2930   1603.2905   2111.3184
     1699.5042   1002.0818    417.2261
      832.5953   1651.0533   1220.9348
     1867.2233   2166.0691   1172.4282
     1233.5509    639.2192   1018.6505
     1710.9615    323.0211    284.3756
      636.9161   1485.3517   1235.8676
     1899.3285    416.8913     72.2845
      631.8077    226.1499   1753.8173
      661.5159   1748.9756   1436.4146
      939.7472    553.9879    255.8084
      956.8906   1460.8433   1364.2679
      168.6227    639.4568   1951.8018
      591.7305    397.6342   1107.3354
      851.8793   1142.6134    141.4089
     1824.5977    896.3171   2140.1670
     1864.8553   1682.7816   2224.9568
      890.9116    792.7069    583.7393
      986.4551     22.7945   1992.8904
      809.1740   1699.5741   1818.8707
     1912.4427    228.3858   2190.6497
      784.1584    653.6036   1630.7893
      191.9899    507.7161    887.5640
     2260.2063   1551.2758    981.7948
     1943.5433    371.2968   1342.4076
     1718.3834   1562.4862   1586.5238
      405.7949   1351.1874   1966.4045
      343.3319    639.3297   1751.5629
      870.9191   1910.6973   1651.3181
     1698.6420    148.7990   2006.2870
     2074.0322   2059.4326     22.0887
     1120.1210   1547.5614    259.3648
      900.5009    953.8051   2003.5562
      168.0693    740.6342    768.2200
      156.3450    895.5107   2236.4624
     1804.4899   2095.8877    719.3499
      171.4657    459.5981   2182.8762
     1806.5034    593.8667    324.9634
     1722.7065    904.9440   1713.6973
      615.3693   2016.8026   1234.7268
     1115.3669   1014.8530    934.3163
     2065.3918   2126.3132   1373.7563
     1665.3523    352.1091   2215.3743
     1645.3754   1776.2216    322.7556
     1009.8036   1514.8605    751.4799
      647.4756   1068.9484   1927.8317
     1125.1678    103.7316    832.6276
     1136.4031    245.0434   1982.7085
      771.0943    790.9184   1405.3254
      360.9489     33.4951   2222.5359
     1348.7562   1118.2510   1817.7563
      855.3472    394.6471   1741.4563
     1975.8500   1661.4764   1717.5703
     1788.7012   1856.0673    525.3636
     2159.1436    785.3005   1554.0536
     1281.0472   1342.4948    459.1200
      835.6670    295.5995   1974.2327
      562.8466    997.7089   1436.0831
      796.8893    109.6435    851.4536
      884.7804   1007.5000    779.6909
     2143.8064    487.6871     19.4604
       70.7746    262.1303    690.4980
     2180.1655   1157.1670    620.5829
      611.3934     47.8653   1522.5149
     2192.8684   1020.9247   2097.0745
     1370.5791    259.1910    420.7505
     2245.1252     16.7590   1985.0911
      434.4570   2069.1570   2210.7463
     1306.3573   2178.9009   1426.7103
      263.1617    667.7927    370.7263
      997.6139    825.8266   1624.4418
     1105.9867    677.2147    505.9236
      216.3390    374.2698   1390.2803
     1239.7112   2193.5059     81.3912
     1091.3756   2102.0928    467.6324
     2088.9309    927.8661    549.6646
      317.1609   1367.5560    653.4671
      686.4588    768.4800    744.1897
      153.1983    778.6805   1701.2717
     1097.1864   2078.4268   2088.4036
     1394.1121   1011.5940    957.9077
     1548.1140    595.8603   2118.5500
     1296.3414   1417.1819   1880.9423
     1932.1206    971.3674     77.6955
     1630.3866    963.5860    964.7660
      222.1825   2136.1790    211.7602
      133.7738    441.4970    164.4683
      692.3271    176.8743    554.2216
     1312.9279    528.3422    476.1401
      536.4358   1957.8707    926.2126
     1505.7909   1432.8403    906.7124
     1609.7659    667.4585    515.4746
     1106.6926     85.7124   1540.0378
     1070.7281   2144.9900   1297.0128
     2044.7588   1998.2545   1127.6647
      507.6707   1365.5076   1712.6255
     1472.7833    357.7424    142.2249
      534.2686   1716.3646    324.0245
     1792.3035    661.2990   2182.5303
      158.8552   1771.4268   1398.1484
      781.0656    550.5215   1228.5662
     1187.3197    362.2385   1032.2860
      104.4790   2107.3726    705.1626
     2223.9980   1710.0804   1621.6654
     1194.0073   2008.8663    265.6089
     2123.5977   1323.1843    923.3275
     1388.1000   2185.9402    883.9988
      891.7287   1293.3805   1900.6781
      607.5750    801.9689   1191.8005
      333.4713    416.5544   1108.2200
     1220.2301   1727.2876    781.9751
      617.4095   2070.0215   1736.3376
      952.2731   2068.9502   1872.8805
     1760.5990    245.1238   1759.5791
     1533.7395    245.6596   1715.0491
     1422.2970   2069.8843    595.3605
      800.1462   1004.4896    389.3018
      106.1786    977.1749   1209.5704
     1111.7029   1174.2555   2233.0801
     1430.3892   2173.4160   1665.6942
     2021.5157   1445.4852   2160.3684
     1628.9542   2152.1753   1367.1768
     1431.6472    959.2486    180.3855
     1095.1053    717.0564    132.7580
      770.3373    867.5632    968.9390
      453.9698    620.3245   1083.1985
     1608.3762    228.7634    768.0215
     1317.7748   1443.7803   1594.0601
     1528.4651   1303.8656   1694.6597
     1371.5551    722.3022    642.4080
      346.6133    851.0153   1527.7274
      469.2247   1448.8345    835.7458
      828.9349   1431.5211   1723.6011
      108.5621   1923.7046    381.8421
     1740.9232   1404.9205   1791.9518
     1593.3777   1966.2983   1820.8678
     2254.4785   1585.2826    323.6849
      139.9800   1754.5543   2025.5505
     1985.3025   1337.8358    702.3962
      639.1128   1288.6150   1037.3997
      739.1848    224.3311   1334.3711
     1126.4758    947.5596    580.2236
      113.3875   1978.9154   1548.8022
     1314.5740    825.6564      3.7655
     1313.3954    508.9333   1220.5050
      578.0867    429.8217    502.1159
       41.0201   2114.0034   1773.5399
     1810.7782    734.9011   1902.8809
     1065.4612   1777.1107    185.5283
     2194.1255   1030.5186   1792.6949
     1864.4641    819.1452    430.0167
     1306.3737    480.3929   2032.9253
     1491.4656    546.8172   1382.0752
     2193.4224   1459.4430   1595.7587
     2261.0693    487.1752    726.6339
     1280.2144   1655.8728   2040.2828
     2026.7295   1518.0527   1901.8223
     1507.3605    119.1789    242.4110
     2197.1707   1076.6969   1542.5543
      791.9592   2250.4109   1288.6443
      438.1458   1288.4044    138.0911
     1988.0796    102.5351    992.3447
     2161.0713    325.6909   1142.8848
     1749.8875   2032.1758    268.4776
        1.0687    392.1498   1334.3085
      329.7234    280.2609   2081.3025
     1907.0011   1034.3894   1965.8822
     1017.3779   1827.4518   1168.5280
     1756.4292    385.8713   1974.1318
      240.5783   1628.1903    373.8199
     2128.8335   1864.2952    192.5244
      674.8211    640.6770    132.7768
      355.5292    439.4122   1893.1140
     1576.9811   2251.0862    740.5758
     1973.7087    508.3862   2090.5864
     1675.2975   1096.1401   1849.3743
     1763.4282   1475.4882   2262.6318
      797.3719    576.5867    495.6258
     1072.6189   1404.3778    545.6953
     1637.5959   2142.3943    512.7988
      619.8500   1573.2383    962.8257
     1691.4838   1463.3137    266.4981
     1049.8611    582.9183   1673.9281
     1709.9028   1600.6317    515.1941
      317.9082   1885.1420    719.7482
     1954.2145    368.6011   1637.6628
     2187.2151    614.4233    954.0123
     1903.2266    748.3272   1591.4255
     1105.8969   1053.1459   1710.3647
      494.7351   2127.8442   1961.9753
     1740.9490   1754.1808   1751.8534
     2127.9819    333.0312    888.9342
     1027.5585     95.8158   2230.1377
      311.2966   1835.8766   1588.7437
     1941.1608   1388.4987   1574.2015
      660.7253   2038.5771    154.3973
      205.5834    750.8104   1077.7852
     2260.2339    455.0360    422.6922
     2166.2751   1576.6926     77.7994
     1764.3381   1153.2745   2200.2725
     2064.3669    959.5394    836.6561
     1501.7697      8.6426   2165.8396
     1160.0623   2031.3468   1027.9885
      395.1404    991.7587     48.2512
     1638.6113    512.1648    815.9470
     2250.0884    879.8921    986.8566
     1502.3732    483.4924    326.9187
      590.3084   2023.4462    392.5315
     1950.3560   1976.8977   2028.8441
      699.9088   1197.0808   1344.8676
      872.9597    683.3030   1851.5138
     2255.8853   2111.4463   1018.5789
      199.8698   1566.6992   1134.5929
     1622.9789    148.6914    493.8979
      998.9419    196.4827   1326.5586
      147.1940   1611.5481   2240.9031
     2124.8267   1347.9646    225.3094
     1333.9000    154.2061     42.5227
     1842.3024   1528.6896   1198.2017
     2201.1021   2212.1785   1565.7382
     1114.9707   1290.4222    200.0510
      108.2363   2189.0427   2231.8853
     1633.5046   2004.3423   1602.6798
      292.4033   1612.9086   1859.9152
     1389.1975   1841.8000    172.0629
     1184.0574   2262.5308   1799.1240
     1482.3331   1248.2498    592.3303
     1764.5906    532.6454   1666.5543
     1976.7168    538.6849    846.2542
      701.7716    408.0316    288.4295
     1585.4270   1980.5234    839.1141
       67.0740     89.9206    219.4546
     2067.6743    596.3633    256.2761
     2201.8162     43.2625    645.0416
       19.6773   1534.0897   1856.0336
     1485.9751   1756.8229   2089.4824
     2167.0806   1652.0612    732.6494
      805.2937   1392.1270    892.1091
     2052.0364    555.9705   1176.7355
      557.1315   2244.1091   1260.1737
      383.9507   1908.0568    236.1326
     1921.0751   2180.5476    492.1491
     1826.0431   2177.2229   1851.2300
     1718.6266   1662.0273   1025.7817
     1744.7362   1264.3918    443.2420
      389.0830   1982.7432   1108.5743
      448.4250    493.1629   2167.4988
      355.5390   1638.7181    654.7831
      859.8962   1920.9222   1333.8235
     1884.0830    162.5491   1193.9780
     1584.6472    671.0024   1818.3967
     1023.8029    474.9691   1953.7657
     1658.2546     98.6667     47.3244
      586.3248    897.5447    480.7699
     1126.0989    375.0511   1520.5759
     1291.0114   1954.8081    781.0924
      433.9532   1171.6102   1239.5977
      871.4963   1039.8466   1492.5657
     2075.8345   2105.2400    666.2729
     1896.8546   1729.8958   1944.1830
      395.9675   1103.8649   1875.7228
      710.8431    539.9783   2015.4884
     1134.8031   1906.1504   1494.4435
      567.0888    235.7972      8.8003
      659.7411    148.3937   1080.3484
     1830.1812    580.0453   1103.1271
     1675.5128   1541.6938   2023.0613
     1195.0253   1329.6993   1401.2377
     1341.5762   1161.0789     97.0880
      996.8654    663.7572   1427.8706
      615.2126    504.5368    753.5858
     2052.2534    317.9615    648.9895
      411.2753    183.6177   1026.5992
     1297.1725   1966.8359   1276.4222
     1870.9852   2114.1194   1576.9946
       39.4972   1517.2882   1365.7384
     1915.0211    726.8482     91.3485
      169.9985   1182.5793   1077.0869
     2116.8818    715.2882    710.6329
     1527.7302   1049.7496   1637.6339
      347.4872    559.6967   1515.1211
      725.3186    346.7928    893.4871
     1379.5253    132.9844   1915.5570
     1431.9277    834.3162   1406.5267
      570.3538   1258.3668    688.3804
     2172.3635   1081.5897   1112.8029
      902.0157   1709.4658    626.1880
     1925.3158    364.8396   1041.4047
     1817.2637    323.4262    786.0732
     2069.2312   2168.0134   1796.0077
      614.6525   2224.5361   2231.3176
      591.5891    489.6081   1745.7865
       60.6636   1120.1349    879.7729
     1273.9513    991.6382   2062.3032
     2015.8820   1308.9824    436.5421
      162.6830   1183.2104    202.3799
     1306.3036   1141.4513    368.3533
      980.8557   2160.7668    880.3612
     1685.8503     11.5756   1633.6683
     1485.5878    302.0248   1206.9962
      140.6980   1380.9231    436.2668
     1530.6669   1755.1627   1598.8237
      221.2361   1383.6033   1808.7532
     1410.3689   2208.2231   1184.0657
     1324.8781   2233.5247    346.9542
     2094.5364   1974.1064    403.7833
     1913.1832   1524.7919    425.8348
      124.5128    124.1257   1470.9805
     1719.0042   1858.5864   2051.5552
     1890.1398    172.7451    477.6469
     2007.8019   1184.2545   2233.6907
      656.5905   1172.3511    291.2787
      470.0672     29.9976   1754.0726
      195.5999    182.2211   1218.5703
      665.7923   1495.6041    283.3013
     2256.1160   2083.6401    181.8269
      991.4720   1260.8667   1547.1851
     1064.0466   2121.2610   1585.4625
     1304.0353   1422.7968   1191.7841
      370.8530    401.1385    333.6470
     1243.2047    871.7015   1611.9155
     1652.5714   1859.8480     53.2258
      595.6037    907.3559    198.4825
      785.2880    175.7882   2173.4399
     2155.1426    207.9512    417.1843
      832.2586   1491.6632   2052.0054
     1844.5592   2039.1158    943.4733
     1776.9630   1846.1390    816.9717
     1627.7078    833.3243    693.5020
      588.6238    329.1407   1982.0892
      446.0410    960.2845    703.6303
      421.3220   1600.6198    128.1946
     1294.9170   1388.9607    710.6793
      690.1040   1986.2889   2129.8230
      658.3729   1323.9808   1951.5521
     1028.0225    833.0034    328.0249
     1231.9268    796.6058    825.2407
     1975.3245    544.1149   1831.1379
     1306.5217   1169.9493   1562.3566
     1301.8700   1691.9272   1482.6631
     1261.7954   1789.5216   1023.8485
      297.3174   1835.0814    484.8184
     1374.6825   1659.3804    375.7679
      276.5074    951.6075    911.1600
      886.9618   1690.6716    903.8000
     1994.2494   1884.3384    655.2429
     1570.9965   1645.3564    121.5258
       67.9799   1850.4783    622.6476
      721.2822   1301.7595     64.0733
      119.2449    161.4314   2187.7966
      557.8538   1197.2843   2153.6699
      361.0641     74.5343   1466.5961
      754.4086   1218.0450   1643.5078
      329.4709   2078.2507    511.1939
      764.3928     75.8748    154.3932
     1682.3356   2110.3108   2086.2749
     1918.5585   1603.8448    663.6397
     1969.8203     91.8419   1659.3713
     2213.1187   1896.5754    835.0767
      289.8703    882.5702    525.0056
      486.4433    246.7275   1310.8134
     2216.4927   1040.1611     66.5410
     1508.0428   1060.3363   2119.0137
       50.8142    611.0063   1438.6743
     1000.6442    774.5445    878.5322
      199.2829   1969.4156    917.5026
     2027.6108   1601.9470   1396.7804
     2113.7295   1908.3698   1599.0093
     1708.5391    795.9850   1159.6825
      387.2452   1067.6912    266.7591
     2205.2017    327.4301   1561.2698
     1553.8156    586.3944   1102.2927
      260.0358   1148.3154   2161.5249
      739.5673   2155.3264    979.3055
     2087.9404    851.9872    299.2510
      326.4599    750.2217   2154.9451
       76.1543    665.3752    221.7191
       15.5512   2148.5750    449.9389
      514.3352    693.0578    340.3451
     1345.7899   2122.1182   1951.7360
      202.0179   1991.3567   2008.5883
     1337.9110    562.0165   2245.7576
       31.8955    686.1871    516.4985
     1371.0800   1034.3818    682.0070
     1321.3021   1089.6722   1331.5016
     1227.1495    723.9001   1328.4159
     1757.3124     64.1101    947.3160
     1598.3237    823.4954   2031.3949
      199.3981   1134.2415    495.6405
     1470.8204    692.6285    184.5039
     1835.8646   2164.3252     45.3435
      769.9454     25.5740   1785.4045
      172.0656    415.0176   1677.4114
       89.9236   1975.1746   1230.1702
      885.9208   1673.1295   1598.6482
     1810.9989   1265.6206    158.9167
      861.4327    720.3610   2134.9021
      317.1619    649.4133   1310.5641
     1150.8943   1644.8026    571.1988
      441.5318   1838.1184   1944.7273
     1075.0823    986.0217   1335.8650
     1487.2728   1541.7925   1391.2483
     1716.9889   1206.8960   1162.7427
      293.2518    202.8012   1805.0411
      403.4948    677.4064    810.1472
     2229.6565    820.9209   1919.9299
     1523.8772    408.7941    609.5458
      876.8215   1059.1752   1776.5067
      188.3222   1470.5186    169.9305
     1299.1414   1863.6080    538.3759
     1624.8131     92.1808   1197.9974
     1664.0455   1585.1527    774.6456
      460.7022    666.4375   1947.7163
     1503.1857   1488.5155    484.0827
      956.3990   1845.9229   1997.8315
     1690.6243    305.9897   1480.2563
     2234.8091    584.5440   1714.9507
     1191.3722   2156.3621    668.0759
      566.1785   1575.6003   1873.8982
      776.8951   1760.9557    209.0276
       56.6952    931.4363    417.7495
      573.9021   1484.8896   2188.9141
     2011.9006    764.4436   1013.2855
     1588.3618   1454.6311   1163.9896
     1198.9431   1998.5435   1767.2645
      575.7714   1816.6638   1665.1108
     1581.8228   1194.8269    868.4989
     1906.9456   1012.0692   1075.5381
      408.0557    244.8911    574.9012
     1475.9109   1291.8981   1399.5602
     1283.5430   1532.6357    961.2587
     1407.7808    821.5099   1158.6219
     1180.6641   1161.9159   1102.3408
      892.0784    226.7364   1551.4041
      937.9762     43.9014    643.4084
     1961.5364   2224.4548   2084.3555
     1967.0406   1560.5375    902.4139
     1946.9854   1540.5322    174.8797
     1357.9308   1929.7677   1576.4160
      490.3226    463.3717    125.8026
     1573.2139   1314.1116   1989.2642
     1178.5493    343.2277   2218.0388
      548.4003    188.4798    299.2838
     1060.6606   1843.0459    424.2538
     1914.3851   1772.8563    300.1646
      724.0314   2170.1594    703.8501
     1512.7274   2123.4358    107.4831
      529.7184     86.5786   2004.8635
     1439.4833    272.6472   2125.2991
      314.6862   2129.7292   1303.2572
     1008.8869   1138.6907    416.7009
     1913.4917   1773.0916   1199.0045
     1214.3701   1462.1714     61.3677
     1229.0553   1901.6461   2039.6046
        2.4271   1786.4984   1094.3632
      382.8422   1611.6758   1354.2023
       94.0671   1579.6128    622.2898
     1407.9926    423.7676    972.5419
      950.8514    188.4236   1790.2170
     1893.1954   1900.1407     65.8249
     1110.9257   1353.3149   1757.9359
      197.4642   1567.0126   1593.9132
      978.2819    308.1451    839.6017
     2221.5894   2037.2585   2033.0184
      932.4711    785.9738   1156.1567
     1754.6537   1235.5370   1602.8141
      345.5098   1406.5958   2214.4915
      282.1396   1149.2358    742.9987
     1903.4210     99.3608    738.9644
      772.6300   2222.4287    387.1479
     1234.8850      2.2991   2107.4663
     1306.7946    642.0003   1781.0997
     1863.5728   1142.3363    887.9095
      773.6771   1863.5029   1056.8501
     1670.2524    344.5338   1026.4536
     1420.0076    176.2348    963.8828
      358.6736   2145.3855    759.1375
     1112.5681   1163.3197   1942.2557
     1757.8536    404.1237    534.3508
     2118.8086   1848.0234   1341.5256
     1409.6394   1855.0758   1872.9213
      473.9642   1600.0157   1606.8643
     1682.2155   1907.8793   1163.0419
     1065.9419   1575.2031   1080.9091
     1547.7266   1584.4631   1813.2107
     1937.0940   1088.9110    298.1474
     2237.9380   1337.6079   1182.0729
      394.5251   1388.0715    383.3884
     1683.6982   1040.8119    691.8047
      883.0959   1404.3275   1135.4181
      790.3245    989.9557   1228.3220
      968.2913    501.2423   2250.1982
      691.6528    924.7154   1657.1895
     1036.7833    922.3936   2193.1106
     2030.4022    570.8005   1438.2531
     1356.6669    752.6766   2030.8817
     2176.3320    277.0703    149.8732
       56.7455    667.6050   2242.2317
     1060.1680   1935.7573    690.5502
     1914.7300   1107.8547    602.2890
      722.3058    435.5049   2258.8708
      241.6555   1420.7034    899.2426
     1303.6085    794.3141    349.3458
     1049.7078   1632.8209   2203.9500
      554.8222   1788.0178     27.2463
      586.1862    716.1271   2148.6309
