      871.1544   2218.2717    189.5723
      842.5972   1501.4464   1026.0421
      850.0018   1836.4904    182.2966
     1085.3729   1132.0337   1693.6250
      627.4211   1803.8473    718.6364
      707.3871    637.5851   1070.4060
     1788.1637   1490.7780   1062.2567
     1162.8062   1947.0084   1144.4739
     1270.8928    226.9266    816.1426
     1345.8324   2136.7151   2213.8123
      542.5278   1507.4496   1493.3857
      836.1952    217.8520    177.2318
     1327.5027   2049.0295    316.0407
      790.8608   2260.3621    896.2954
     1390.3278    885.0176   1171.2827
       58.3882   1361.5790   2068.9219
      996.4428   1724.7483    548.4154
     1297.5673    112.2882   1402.7736
     2186.4346   1914.5353   2212.5664
     2183.7578    528.1212   2215.2397
      972.4011   1870.7688   1163.7872
      626.8549   1948.8535   1801.9303
      102.1535   1153.5229   2083.1724
      762.4158   1166.5237   2145.5969
     1100.2271    890.4409    585.9887
      165.6238   2108.2893   1724.3318
      371.2924   1565.9762    818.5988
     1442.3113   2248.8630   1710.3568
     2066.9285   2098.9121     77.6039
     2019.6403    243.3461    213.6075
      744.4301    875.9588    531.0450
      115.6459   1090.0002    673.0929
      526.1713    178.8798    661.2484
     1558.8368   1557.8066    797.7736
     1223.2751    828.9916   1588.3787
      718.3276    177.1916    717.7262
      881.6315   2072.8325   2084.8936
     1318.5850    488.9132   1360.0549
     1908.9441      3.6767    375.1585
     1542.4867   2099.7727   2222.5393
      312.2938   1418.5951   1413.8798
      325.4758    407.5927    398.8963
      486.2109    365.9910    764.9942
      476.4268   1947.3260    811.0358
     2121.1616    186.8886   1329.1953
     1710.7649    116.0766   1569.1139
     1072.7251     62.2644   1091.5637
     1140.9794   1356.0477    710.5020
      122.9553    650.0880   1617.9221
      915.0104   1273.7926   2258.7595
      691.2594    915.4581    975.7152
      887.4617   1426.7480    443.9453
      460.1685   1354.1982   1542.0481
     1571.3260    864.2106    280.1797
      687.8840   2262.4050   1617.1113
     1598.3479    729.8713   1418.2651
     1680.9790   1529.4688    624.1595
     1243.8535     90.8366     53.2530
     1318.3138   1965.3353    502.6365
     1722.0460    594.4793   1432.9761
     2229.1201   2111.8831    503.7975
     2192.0420    593.1238    944.9348
       38.4406    316.9805   1735.3760
       53.2892    604.4901    785.3619
     2251.7319    744.9179    349.0865
      727.8470   1377.9587   1159.9342
     1293.1439   1317.3109    388.5854
     1446.0372   1447.6310    388.4047
      870.6813    288.8162    592.0950
     1163.3168    736.9373   1402.7678
      905.5756   1453.8582    819.4018
     1874.4038   1948.6377   1879.5208
     1333.6484   1075.6816   1167.2133
      222.0508   1428.3456   1930.6097
     1748.4066    429.3423   1331.6807
      215.4924    204.7608   1885.1281
      687.9462   1887.6788    101.8428
      360.9390    158.2972    984.1872
      900.2647    424.7067   2111.0208
     1454.9857   1695.6195    683.4836
     2129.7607   1530.3217    839.7615
      670.3176   1048.1300   1107.5557
      706.1485   1964.2521    721.4926
     1437.5649    932.1880    435.1524
     1662.2079   1397.4938   1460.5804
      593.2748   2230.7478   1455.1304
      380.2555    777.5118     62.4816
     1315.2003   1673.1731   1323.4967
      652.0896   1705.8300   1445.2378
     1104.9675    573.0840    115.3623
       92.8199   1263.2794   1909.4805
     2101.4497    105.6536   1573.6278
      299.6758   1691.8806   1034.6927
     1101.0260   1632.0192   1989.1951
     1786.9264    314.2368      0.7751
      732.0673   1932.2056    504.7205
     1458.9083    321.6894    404.2345
      151.5629   1288.1398   1729.6790
       84.7728     75.7447    544.9366
      135.1692   1762.5591   2020.5774
     1941.5439   1333.3503   2228.1536
     1926.2710    919.5696   1188.3750
      678.8304   1450.9685    924.6235
     1634.8309    778.7004   2231.2793
     1825.8739   2254.8884   1473.2441
      190.2449   1607.0400    886.9272
     1360.0093    366.3373   1736.1006
     1873.7108   1856.4827    662.9576
      252.0988    735.3158   1736.7687
      178.1631   1105.7234   1054.0172
     1489.2352   1474.8713   1809.1704
     1445.0587    111.4935   1263.9058
      168.7065   1841.3708   1238.3950
     2120.8577    605.0568   2038.1436
      148.5450    416.1847    548.1340
        1.3804   1901.5801   1316.9102
     1394.9758    494.6092    453.5798
     1843.0033   1922.9283   1690.6428
     1108.5409   2208.5012   1628.3427
     2141.5781    922.3605   1544.2900
     1902.7201   1994.4288   1209.4622
      474.6270   1145.4385    627.2993
      202.2457    232.8336    522.0024
      967.6007    920.8854   1246.2911
     1986.5999    121.2006   1724.1554
     1563.5602   2025.1511   1328.8176
       21.5514    778.6613   1133.1052
     2191.3408    199.9156   2101.4917
     1294.8887   1059.8634    975.9492
     1914.1472   1133.3329   1693.8860
      745.2561   2066.0759    952.5094
      249.7118   1105.0826   1687.0723
        4.4827    211.5955    876.3643
     1968.7301   1609.1553    957.6146
      157.7706   2060.0933   2173.2556
     1051.5256   1809.9918     36.5876
      324.0019    325.8048   1094.7686
      150.5897    184.1880   1688.1190
      280.4235   1488.6003   1050.0397
      632.0209    307.7357   1336.5286
     1282.2894    156.2738   1171.8423
      616.4141    741.9830    402.5334
      599.1359   1555.5979    574.0126
      436.6393   1317.7793   1044.7433
      820.0524   1617.4431    426.7981
     2119.3613   1742.0156   1363.6324
      914.5108    793.6372    556.3279
       48.4149    238.2437    396.8904
      537.7960    941.4582    139.4074
     1815.9833   1588.8223   1718.1433
     1090.9163    706.3505   1656.9833
     1196.8450   1779.9329   1454.4551
      400.6593    290.3740   1261.1483
     2120.1218    338.2459      1.7099
      413.3336   2214.2212   1316.2617
      652.6232   1856.5286   2160.3225
        1.2869   1634.1682   1786.7552
      896.8500   2008.4207    854.0847
      811.9520   2047.6932   1823.4954
     2148.5615   2085.5867   2112.3052
      663.4399    836.0818   1839.4603
      442.5651    567.0488    706.9758
      267.9531   1747.1578   1445.6526
      395.6807   2251.9019    318.8648
     2089.8716    603.7551   1817.3353
     1875.9517    730.5629   1336.8630
     2100.6335    571.6014    725.2909
     1906.8029   1143.1954     63.9839
      387.4469   2132.7478    473.5255
     1476.9412    141.8811    360.5457
      597.1829   1276.1516    409.1714
     1703.8451    730.6547    383.2125
     1819.4115    369.8136    576.5912
     1747.0188    835.2258   1512.9993
     1383.5629    833.6174    246.0572
      346.1595   1169.2222   1148.5831
     2096.5059    482.1465    133.6309
      972.0317    471.0898   1217.4893
      174.9086   1285.1423   1311.9365
      244.5502   1977.3749   1860.1788
     1200.9950   1542.4679    980.4690
      291.5641   2048.1035   1619.1654
      421.5625   1707.8755   2227.2415
      842.7503    907.6254   1525.3693
     2255.4214    225.4812   1525.0487
      785.7326   2052.2241    114.6059
     2042.1796   1398.3903   1403.1799
      923.0811    630.0305   1073.1743
      616.3697    570.7601    607.3096
      438.3629   1099.4740   1936.7191
      319.4186   1889.6641    328.2001
     1183.8234   2124.0459   1048.6993
      467.9458   1905.8807   2088.7085
      199.4640   1075.0768   1294.7673
      719.5208   1094.5011    485.5404
      549.6181   1227.2334   1817.5660
     1324.0165   1416.0812   2193.2078
     1089.6328    513.2524    830.2531
     2181.8538   1180.3500   1998.7583
      918.2147    706.7016   1508.8763
     1367.7324    535.6179   1947.0409
       93.0313    901.9604   1665.3018
       59.3161   2258.4834   1270.8585
      281.4264   1688.5756    313.8274
      229.4415   1074.9133   1936.2880
      989.0690   1884.6876   1424.4233
      956.4874   1120.6461    781.2738
     1889.2594   1272.8145   1412.9675
     1402.2036   1794.9906   1027.1215
      516.3483    592.4565   1455.6622
     2027.1704    768.9966   1465.8900
     2206.6235   1739.7747   2121.4880
     1510.9111   1060.0421    223.6230
      827.8133   1583.0424   1439.4226
     2070.2849   2059.0076   1331.4739
     1366.0349    710.7188   1036.3363
     1942.4996    773.8918    580.8318
      521.8797   1342.7722   1345.8376
     1916.4697    412.0617    127.3085
      386.2814    453.3765   1590.4875
      386.0238   1895.6837   1528.4230
      609.6497    255.5838    127.3953
      693.3937   1473.6395   1343.6602
      239.5796    531.1631   1733.5387
      446.8641    845.4547   1014.8867
      833.1248   1247.2990    357.4344
     1732.0984    684.7426   2081.5713
     2166.1689   1529.8729   2154.9385
      755.1080    725.8574    900.6378
      928.5427      0.4007   1970.5518
      466.8665   1836.3495   1704.1772
     1772.9586    131.1593   2141.5254
      588.6763    650.1503   1827.4373
      117.2214    690.1044    944.6208
     2116.0984   1282.9734   1223.4020
     2259.2466    357.6204   1360.7334
     1768.0836   1763.1326   1598.0266
      336.5123   1133.1970   2112.0623
      274.1627    543.0367   1465.8689
      590.7710   1902.0522   1547.4355
     1523.2821    163.8355   1965.9895
     2181.6511   2256.4265    146.2167
      998.3085   1697.7119    365.4056
      684.1024   1044.8861   1651.6100
       49.7817    983.8604   1164.6195
      204.2446    770.1073   2038.4541
     1807.4624   2251.2305   1104.1118
      261.7292    627.4280   2202.5422
     1616.0759    999.8469    397.7911
     1538.4026   1081.4841   1709.5800
      491.2298   1801.6613   1355.5122
      901.9385   1014.6548   1071.4797
     1928.0886   2064.5129   1477.4784
     1623.0227    277.1054   2084.7827
     1705.0004   1858.6785    308.2309
     1299.0874   1488.7107    506.0091
      561.6683   1010.7433   1795.8792
     1248.9039    200.9597    618.4254
     1227.5688     68.2332   1731.5222
      804.9589    796.6609   1344.3997
      351.2281     64.6132   2102.4248
     1193.5258   1022.1784   1526.4999
      506.8842    408.5380   1801.1063
     2021.7159   1964.3420   1622.9336
     1528.7780   2211.6147    609.6077
     2057.2471    483.9358   1655.2802
     1194.1837   1642.2899    424.2336
      701.3514    163.0389   1965.0242
      602.1815   1095.9454   1306.9210
      654.3169    349.6190    886.3828
      686.4769   1348.0676    750.3522
     2260.0435    373.3895    157.7968
      360.7692    203.5454    776.6824
     1942.0435   1287.8213    706.9636
      678.4501    325.8273   1623.2324
     2100.5408    794.9634   2205.0955
     1110.5480    533.9232    333.5545
     2254.8433      4.0384   2141.1458
      261.9026   1903.3197   2034.9552
     1352.0148   2174.0312   1330.0602
      116.2524    899.9521    312.5096
      634.0681    867.4065   1590.0339
     1050.7666    732.0623    208.2625
      465.9315    652.0354   1118.7883
     1241.3170   1922.2260      2.5963
     1077.8600   2217.5054    137.8628
     1736.0220    547.2798    305.8807
      283.9155   1521.0658    449.1851
      810.2925    964.6077    740.6525
      178.5198    895.5340   1850.3795
      902.5784   1954.4454   2243.0730
     1199.4584   1166.1584    845.9365
     1717.3896    483.8512   2080.4565
     1381.7633   1629.4456   1522.5532
     1816.2640    939.6472     49.3689
     1756.3439   1041.5975   1191.5189
      144.2132   2080.6873    417.6848
      217.0828    385.3803    147.3546
      529.4493     70.7485    452.8170
     1284.4288    980.6517    606.0026
      193.7144   2108.2705   1251.5020
     1411.6678   1583.9554   1042.6829
     1560.5638    774.5798    521.0865
      837.0836    308.0077   1130.5975
      629.9749   2262.7068    686.1511
     2098.6445   1903.6243   1217.2704
      717.5552   1560.0215   1596.2850
     1562.1753    606.9368    401.9078
      683.1611   1974.9185    294.6508
     1779.8573    620.3032   1897.7753
      165.2879   1929.7880   1431.4429
      774.2231    969.6136   1254.9100
     1022.4436    329.3680   1381.4683
      219.0176   2201.8320    868.9789
     2159.0713   1864.2092   1731.4747
      999.7050   2034.3530    118.0493
     2103.0664   1395.9777   1016.4457
     1536.1122   2181.5005   1233.1412
      979.0529   1517.0734   1602.7611
      444.2956    829.7109   1221.5697
      412.9107    532.9394    894.9092
     1482.2438   1897.3857    629.4194
      398.2200   2184.4810   1717.4952
      948.9690   2188.4580   1788.4299
     1446.6630    339.7492   1923.8126
     1675.3579    451.5517   1568.4554
     1028.6147   2202.4622    569.4692
      517.3196   1445.2220    767.9467
       29.1815   1184.7782   1163.2346
     1205.5463   1576.1804   2145.7246
     1311.6982   2257.3210   1574.1849
     1890.4889   1777.1777   1794.9153
     1473.0685   2087.8647   1591.3585
     1111.7955   1234.6521    133.3039
     1281.5571    666.0170     99.0069
     1116.1150   1031.5883    439.8401
      493.6287    494.3135   1241.7874
     1735.8630    311.0330    210.8956
      901.1334   1735.0730   1308.6428
     1527.4730   1353.1219   1343.7639
     1437.9794    609.4034    882.7565
      249.5780   1032.7877   1494.9774
      514.4412   1706.3464    934.6711
      700.3855   1365.4227   1872.8813
      193.9008   2010.6497     79.2303
     1665.7806   1766.7188   1761.5406
     1671.5309   1829.6107   1940.2733
     2248.6248   1536.7480    236.4079
      338.9720   1908.8567   2223.3232
     1756.1460   1322.4309    933.1672
      346.3673   1417.6844   1220.9917
      671.1316    169.6930   1054.5007
      940.1627   1328.6208    665.5333
        0.9819   2032.0117   1663.8160
     1405.2559    966.2774     70.4563
     1165.7958    833.2084   1233.4393
      665.0598    267.9784    501.4171
       28.1489   1987.1838   1850.7224
     1459.5336    888.6705   1841.3145
      872.8663   2004.3926    285.3454
     2179.4553   1240.0663   1803.5200
     1848.6422   1042.5432    616.1938
     1027.0060    107.9759   1706.1652
     1322.6949    708.9126   1245.3165
     2175.1575   1696.8121   1599.5596
     2188.5212    360.3495    484.6866
     1292.1237   1414.0322   1853.7124
     2118.1343   1607.2345   1937.5696
     1672.0538    179.7298    352.2396
     2103.1995   1505.3606   1570.2592
      975.3349   2258.4253   1447.7836
      633.1290   1703.4814     60.5178
     2082.7524    533.2632   1102.9293
     2206.6926    385.0201    987.1845
     1846.5767   2076.5623    145.3361
      125.2830    630.3034   1277.1877
      465.7806    414.5225   2016.5878
     1854.1458   1110.0535   2125.8516
      853.1997   2023.9232   1103.0615
     1856.4789    498.0068   1749.0017
      183.2165   1595.9176    130.5373
     2152.7605   1614.1567    395.9337
      527.1954    642.1997     44.4906
      192.3684    639.5411   1890.2383
     1351.7942   2112.0405    641.8447
     1959.9761    456.2170   2180.3008
     1747.0635    904.4003   2096.8604
     1984.7140   1489.7361   2100.0784
      887.8026    858.0189    921.5870
     1175.3871   1479.1302    335.9392
     1604.8290   2216.2852    349.3900
      487.0222   1501.7683    972.6541
     1851.8146   1542.0511    271.3449
     1005.5627    692.6189   1996.1323
     1901.6177   1902.1257    281.6653
      331.3613   1759.7808    856.5005
     2229.2952    426.4098   1564.3795
     1957.9213    630.2347    964.5476
     1907.7227   1326.5732   1742.9647
      857.9300   1285.4565   2012.1465
      206.7691   2259.5815   1830.3148
     1360.7200   1841.3411   1541.7406
     2181.5127    652.9615   1262.7218
      969.3079    309.0315   2247.3130
      329.2113   1695.3945   1666.8855
     2003.8789   1519.9308   1747.7830
      484.8535   2071.4341    305.0296
        1.5733    900.3187   1332.9387
     1979.5264    522.0303    445.2302
     2248.0386   1615.3132     51.3731
     1590.6221    964.4138   2258.0850
     1617.1399   1177.1846    930.0065
     1315.8545    550.0145   2142.8923
     1334.4348   2191.6665    918.7614
      318.5497   1317.4485    358.7408
     1615.4767    319.5218    581.4991
     1808.8271   1159.9178    845.7512
     1765.8833    547.4913    496.2856
      140.2288   1921.0874    258.6292
     1943.9385   2077.2012   2194.4917
      884.7877   1281.1759   1046.2269
      748.0493    854.9555   2262.3435
     2223.9680   2262.6821    925.0739
      125.0783   1620.8971   1077.7874
     1652.2161    397.2443    410.3177
      795.8765    474.0895    992.7930
       86.2402   1611.6838   2137.6973
     2236.0688   1288.0999      0.7559
     1440.0948     28.1571     20.0093
     1931.7406   1370.9323   1204.8412
     2171.6812   2200.4678   1682.4833
     1497.9260   1608.9106    496.4185
      175.6625   2251.4875   2119.5022
     1169.6653   1958.9426   1403.8549
      451.4412   1285.3451   2015.0126
     1254.3533   1739.1367      4.9078
      912.6103   2001.0780   1643.8630
     1478.7163   1467.7450    612.4946
     1868.7230    422.7247   1537.6132
     1689.2700    459.9872    710.7352
      928.9270    658.3187    397.4302
     1579.4763   1938.3688    772.7132
       98.5745     31.3137     55.1628
     1814.9858    545.8247      2.0735
     1698.1346     84.5423    941.5640
       36.3985   1522.8893   1960.7749
     1102.7446   1973.7234   2126.6672
     2117.3010   1718.9628    895.2341
      506.7305   1265.7076    831.7751
     1981.1132    715.1689   1167.5306
      297.0760   2123.3401   1449.6536
      491.5253   1856.4568    227.4005
     1857.6840   2112.4546    553.6320
     1808.8812   2150.5994   1809.8494
     1673.9707   1760.8215   1138.1377
     1867.0592   1423.8575    559.1723
      349.8372   1800.5978   1204.5670
      455.0564    535.1245   2155.9209
      490.5991   1649.4438    383.0296
     1195.5240   2083.9226   1258.0630
     1911.1934    185.6603   1526.9861
     1420.8922    744.3588   1596.8595
      769.8851    534.8344   2003.1621
     1593.3862    159.5983      2.2273
      261.6059    900.7783    163.2039
      569.0251    313.1249   1131.5986
     1475.4749   2112.3857    788.7611
      473.0453   1005.3833   1156.1516
      559.5255   1165.3354   1513.1393
     2048.7095   2226.9380    810.6705
     1864.4265   1728.1931   2231.6172
      424.9426   1056.7112   1359.6163
      727.3140    689.8018   2132.0273
      815.9308   1820.2150   1493.9285
      434.6755    173.5784     41.7783
      471.8283    328.7596    948.1574
     1790.9086    570.8168   1058.7095
     1698.2178   1678.6102   2109.2808
     1275.9049   1190.0542   1343.2174
     1504.2972   1422.0299    146.7035
      713.8024    446.6947   1809.4510
      673.5594    386.1825    663.7599
     2034.0530    455.2395    877.4050
      205.1593    173.9516   1134.6464
      791.2101   1880.1499   1290.5770
     2136.0125   2111.0574   1508.1528
      140.6198   1466.0178   1236.3949
     1631.2817    594.1486      0.2070
       74.2936   1456.7374    968.6935
     2142.9663    848.5435    509.9247
     1572.2887    911.5513   1542.0858
      203.6994    339.0444   1413.0731
      908.2040    580.4312    864.0068
     1272.4976    122.1760   1971.1942
     1357.7301    663.3959   1440.3256
      624.5880    998.1657    641.8928
     1745.0981    753.0815    898.0871
      796.5859   1793.1248    825.1354
     1800.2412    376.7252   1140.8052
     1677.1495    279.0879    798.9048
     1962.0571   2114.7134   1981.4778
      352.0901   2105.1626   2122.3279
      768.2707    446.9865   1519.5845
        3.6031   1064.5597    978.2417
     1281.5802   1120.2760   1953.3311
     2235.4641   1430.2083    415.6866
       54.5121   1358.1031    177.8611
     1115.7932   1218.7410    342.4975
      980.0303   2047.8075    683.2813
     1791.7826     88.0008   1744.4585
     1543.2504    600.8121   1568.9324
      165.1547   1359.2125    504.1315
     1712.4467   1576.9849   1524.4193
      301.0912   1242.4332   1866.9446
     1351.5950   2221.5303   1119.2001
     1403.1340   2218.2000    401.1093
     1994.8967   1823.1438    495.7312
     1954.1909   1603.5303    464.1450
      301.1004    315.6059   1707.3870
     1743.8927   1886.6543   2154.2937
     2092.6750    145.1052    768.9271
     2087.5132   1408.2344   1911.9003
      894.5449   1057.2533    352.2307
      326.1767     93.4661   1677.1024
      329.5915    351.3917    644.3918
      804.6826   1436.3226    249.0223
     2104.3628   2217.5903    362.2228
      870.9963   1385.9418   1454.5233
     1010.7291   2071.2666   1512.8436
     1057.6671   1625.5565   1324.3005
      206.6852    717.4043    350.5151
     1036.0999    850.3145   1531.7487
     1701.3961   2237.8638     47.3761
      417.0587    932.1512    295.5738
      762.3322     15.6673   2106.8689
     2210.9094    200.9044    600.4958
      975.2428   1640.9272   2166.3232
     1639.5625   2110.8994   1088.6809
     1761.3396   1966.2325    991.5120
     1502.6445   1082.9486    564.6597
      344.6840    594.9717   1986.0702
       12.9506    866.7053    925.5295
      439.9655   1667.4026    159.1787
     1245.3339   1678.1450    689.7465
      588.9377   2135.6707   1796.5624
      520.6929   1661.8326   1860.2452
     1083.9534   1048.0774    225.4188
     1322.9832   1162.5140    681.1607
     1781.3732    769.1818   1725.2109
     1491.3427   1129.6198   1303.5181
      852.4049   1708.0538   1650.3529
     1078.3016   1744.7328   1060.3635
        2.0837   1711.9938    603.0998
     1069.8685   2008.4286    310.3123
      308.1074    739.1324    633.2202
      944.6107   1541.0824    591.4890
     1919.6602   2059.0806   1036.8456
     1334.8026   1562.4241    100.4649
       47.9228   1761.0438    917.9017
      593.6906   1284.9554     26.7025
      139.8064    228.1607   2085.3477
      752.8859   1362.1479   2244.2883
      311.6558    498.6595   1281.0040
      751.2156   1218.2679   1715.1060
      333.8293   2089.4478    689.8143
      669.1584    203.6239    328.1409
     1778.8987   2244.4705   1977.0978
     1776.1982   1860.7013    821.6276
     2229.5154     39.8148   1436.3182
     1969.3462   1858.2955    844.9290
      498.8143    573.3276    395.5749
      513.6782    141.0151   1403.2964
     2150.5671    852.5657    177.9219
     1521.4093   1349.3389   2207.1299
      122.2641    895.6487   1464.7151
     1108.6293   1112.6240    641.1294
      294.8217   2245.5784   1142.1738
     1948.0085   1605.0892   1539.5275
     2027.0795   2068.3306   1772.1115
     1582.8851    932.9235   1182.6340
       43.6876    986.8246    119.2119
     2043.3351    338.9387   1479.6603
     1487.1998    222.4009    710.2433
      177.7787   1031.5338   2234.5681
      587.1473   2214.3308   1232.8857
     1715.4962   1027.4524    203.0305
      406.5946    743.0944   2107.1670
      108.7276    560.1495     63.4254
      163.8303   2165.3777    588.0289
      764.5544    647.5754    476.1301
     1422.3500   2056.1802   1986.3088
      335.2875   2153.5117   1943.8030
     1218.1267    697.6796   2011.0238
      125.1192    620.6649    508.6372
     1389.2816   1298.7139    793.7408
     1221.0024   1226.0511   1097.4181
     1421.4990   1263.6747   1173.2510
     1850.4003    178.6421   1061.4911
     1229.7903   1225.2736   1780.6337
      322.9928   1139.3678    494.4712
     1463.6566    625.7968    243.1020
     1889.6566   2255.5969     11.7711
      872.0822    347.0345   1712.5450
        1.4335    584.5188   1908.3982
       11.6590   2084.3435   1348.4536
      635.0360   1722.3029   1664.6932
     2077.0786   1234.7397    100.4066
      920.7477   1060.7892   2043.2976
      377.8347    688.9131   1345.4091
      771.5244   1639.5374    232.4765
      411.6581   2005.9982   1795.7361
      709.0936   1016.7435   1447.2976
     1505.5310   1692.0603   1193.4058
     1599.6350   1321.1676   1109.0217
      437.8766    227.4704   1820.9369
      638.2784    876.3820    797.8221
     2255.1926    793.1284   1987.6019
     1610.2823    638.6660    799.3457
      965.9608   1067.3916   1548.0698
      337.6005   1296.9131      8.6156
      895.3004   1873.1366    638.2819
     1393.7830    105.3747    992.7468
     1841.5649   1644.7756    616.7546
      409.0805    591.0970   1790.1687
     1792.4597   1735.4158    433.2330
      612.7435   1510.2795   2011.1385
     1928.1842    306.5574   1697.1663
     2131.3765    566.8098   1442.8488
     1167.2102   2251.8726    736.3700
      730.1770   1757.1686   1839.9739
      516.8015   1914.7562    432.3898
       98.4138    843.5587    514.1213
      560.9071   1563.7092   2200.3765
     1495.2001   1003.4387    994.6105
     1729.6858   1392.9880   1260.6895
     1133.7614   1514.3635   1777.3420
      522.3771   2090.5654   1598.1071
     1417.8998   1223.3492    969.1451
     1921.2976    928.9089   1400.8568
      424.8168    239.3275    505.6334
     1808.2915   1085.2843   1378.7247
     1135.0542   1854.8901    565.2320
     1137.9346   1012.2139   1150.3481
     1407.5214   1477.6237   1239.7153
      719.6229    197.9353   1466.9777
      913.1691    202.3225    755.0433
     1951.9268   2259.7798   2096.3262
     1918.7446   1400.6526    891.2001
     2162.8738   1264.5187    298.8708
     1249.3384   1940.3031   1947.2699
      339.7194    545.7724    270.0089
     1662.5189   1403.9833   1891.0256
      883.0496    182.6943   2067.9688
      463.7584    172.6802    281.2710
      951.3340   1973.4470    484.3060
     1891.9883   1920.7896     39.8943
      455.0432   2255.2590    610.9597
     1408.0931   1989.8468    110.1331
      499.8582    270.0273   1581.3956
     1068.7937    323.4651   2042.8579
      252.0296   1867.0530   1676.9385
      770.9049   1303.7340    539.5562
     1765.5310   1934.8340   1476.5010
      915.1148   1470.7255     72.2805
      915.0284   1852.7214   1789.2463
      111.5038   2038.6617    746.9357
      298.1961   1527.7616   1585.5055
      229.1058   1655.1566    696.1757
     1558.9243    510.6002    586.5609
      906.2300    193.7436   1527.1942
     1436.9600   1751.4943     28.2988
     1175.7605   1652.4556   1614.1143
      349.7471   1556.1542   1807.6101
      913.7285    540.0487   1404.3351
     2255.2280   2120.9180   2261.3904
      799.6220   1074.5363    929.1563
     1812.6848   1204.4668   1916.5422
      125.4223   1433.6285   2262.7903
      415.3615   1567.4379    594.8856
     1597.0826    123.0737    547.9329
      610.0145   2202.0425    322.2715
     1070.9232    152.7545   1962.1230
     1251.9257    602.5809   1603.6434
     1673.2653   1043.4065    763.2281
      410.4212   1867.3456   1018.4898
     1400.6631    349.2054   1234.0367
     1572.4884     70.6998    789.7984
      365.0627   2081.0083    951.4349
     1085.2108    885.5622   2049.2769
     1992.9839    184.8097    618.3578
     2174.3406   1900.4716   1502.9382
     1668.0868   2004.6555   1874.7847
      551.2997   1708.8667   2060.6196
     1540.0460   1896.7368   1176.3326
      712.8685   1651.9756    966.2556
     1353.0409   1538.7385   2011.9735
     1811.2449   1065.3309    391.8050
     1963.3689   1267.4054   1018.7457
      113.4642   1085.7328    460.5583
     1421.0273   1299.7534    585.4648
      871.3352   1689.8689   1108.9097
      803.0451   1178.0204   1171.5974
      908.5007    629.5016   2154.5747
      598.8546    891.3491   1360.8639
     1127.2417    677.2214   2187.5662
     2183.7097    657.3582   1636.6454
     1279.1034    912.4435   1958.9568
     2194.5393    184.9441    183.9278
      102.0547    378.7231   2235.1841
     1149.1785   2064.1711    475.1758
     1888.3806   1217.9124    503.3012
      752.2965    315.8605   2203.4104
      187.5340   1312.7429   1070.7463
     1313.2539   1009.2916    272.6219
      675.6425   1931.9116   1990.0835
      591.9586   2077.1499    135.8557
      594.8207    763.5905   2021.1033
     1358.1302   2213.5879   1884.1665
       21.0323   1616.5229    771.1760
     1121.3755    143.5120   1499.1193
      486.1227    754.6569    779.7725
      927.3264   1009.6428    563.6158
        0.6237   2172.5952   1869.6628
     2167.7451   1787.6067    231.0954
     1078.2441   1261.7369   1916.3322
     1879.8346   1433.3647   1564.7599
      270.2232    225.4245    334.6259
     1857.3907   1486.3406   1364.2046
     2093.2158     63.5030   2248.0088
      212.8659   1244.8293    631.3862
      783.2576   2218.3232   1118.8519
     1160.6008    654.7106   1137.7551
       72.7233    783.4200     98.2362
     2119.0723   2254.6121   1272.3811
     1032.4667   1430.0734    986.3103
     2229.2217    544.3149    385.6871
      490.2685   1310.2533    240.7820
      819.3635    764.4806    259.2488
      649.6805    146.1581   2205.8862
       17.4756   2022.3097   1144.4093
      121.9902    570.1663    259.7760
      897.9525    161.3588   1845.9636
     1340.9006    333.9135   1034.3781
      574.3394    573.3839   1988.9969
     1273.0552    838.0566    449.2404
     2087.3987   2084.0283   1103.0458
     1494.3015    123.6636   1585.9608
     1133.3361    789.4635   1854.3999
     1483.9617    451.9776    997.7316
     1755.7986      0.3285    230.4919
      748.4678   1889.8942   1669.2645
     1278.4192   2166.9497    146.7529
     1802.8186   1242.7733    210.5530
      208.2360    819.9467   2229.5547
     2024.3965   2022.1837    468.3542
     1862.8805   1428.4955   1898.9713
     1937.3666    976.6530    270.4573
     1496.4125   2073.8335   1794.1165
     1554.9326    398.1510   1393.8726
      845.1812   1819.1492    390.7386
     1953.9812   1848.9868   1037.1044
      650.7631   1762.9723    294.5727
      184.3452   1867.0034   1019.7724
      682.0035   1252.9895    991.0538
     1175.3745   2043.8020    665.9374
      489.9818      2.4431   2226.5044
     1220.9462    591.2756    517.8305
      721.6592   2045.2106   2185.9912
     2132.0737   1437.7972     95.6266
      712.9540   1166.6577   1925.2433
      893.3382   1318.0874   1256.0724
     1960.3464   1151.8793   1250.6156
      826.1878   1277.7822    866.9655
     1522.9337    243.5086   1127.6868
     1206.0305    443.0311   1167.9376
        0.6739     91.9081   1768.2013
      631.0720   1861.6671    921.9880
     1071.8281   1157.4883   1259.4121
     1619.1350   1146.3959   1504.1337
     2245.0601    476.6590   1205.3063
     1497.4755    417.4755    781.6693
     1640.8718   2121.8105   1487.6290
      545.5646   2144.1863    830.2366
      383.1401   1351.9153    543.1241
      597.1062   1368.7241   1701.3875
     1076.9617   1392.1794    481.1180
     1463.6843    705.0193    681.6168
      259.4789   1943.7789    857.3846
     1009.0480    120.5547    898.5392
     2118.0334    398.4039   1846.7554
     1478.4091   1049.7233   1922.5846
     1750.7578    268.0386   1456.7444
      241.0338     67.6383    700.6072
     1156.6996    806.8339    842.0997
      150.1153   2055.3547    978.5845
      993.7093   1692.6610   1502.7908
     1229.9761   1365.8398   1263.8643
     2056.6846    244.7273    944.8787
     1008.5209    541.0404   1729.9543
     2026.6869    801.0948    353.8382
      502.2680    925.7772    490.9915
      117.2036    422.0375   1889.6874
     2006.3336   1534.0183   1131.7903
     1566.4221   1943.2577   2059.4419
     1497.5077   1655.3518   1905.0419
     1714.4927   1604.8591   1910.7987
      118.3661   1839.0127    728.3859
     1358.2229     51.5354    749.7476
     1172.7695   1279.4180   2208.2961
     1384.6418   1474.3495    887.9688
     1407.5404    103.7088    557.8652
      442.1609   1139.1895   1683.6201
     1879.1350   1798.1318   1225.9064
      875.2224    160.5906   1314.5206
      917.2877    751.9599    748.7183
      334.1514   1098.9108     91.1476
      508.6716   1955.5115    617.5524
      135.5536   2119.6155   1986.1542
     1754.7916   1312.9650    703.3808
      864.0380   1013.1306   2250.0334
     1407.0959   1076.1902   1469.2678
      394.0233   2052.8816    108.8209
      779.3873    150.1681   1701.6071
      284.9532    355.1689    870.5992
      816.1707   1757.8519   2255.2607
      978.4895   1533.9407    271.0793
     1170.4301   1668.1093    206.9653
     1252.0349   1641.2454   1872.7772
     1824.0986    737.7822   2252.7173
     1720.9253    165.2824   1918.5154
     1246.8965   2098.6711   1768.9584
     1200.9220     69.4396    935.9899
     1650.9901   2070.1436    173.4390
     1344.9025    761.9351   2182.1052
     2058.3750    623.7920    262.6735
     2204.7676    985.2477    350.0182
     1312.2292   1362.6310   1648.5170
     1617.0017   1061.2526   2082.0273
      894.0307   1347.6549   1831.1984
        1.0103   1141.4205   1339.6417
     1315.8896   1414.0725    215.3990
      482.1547   2056.1401   1417.6215
      370.8068   1223.7190   1325.6127
     2037.9247   2243.8892   1839.3884
     1646.6886    792.8104   1920.3076
      443.2176    736.4158    244.0479
      205.1610   1075.4043    280.3329
     2078.0212   1724.8407   1155.6360
     1612.8612   1222.2927   1900.7024
     1106.4755   1591.7058     40.6744
        6.5200    519.0559   1727.9906
     1146.3657   2107.5244      0.7473
     1296.6252   1862.6304    702.3047
      704.0323     61.1051    522.0903
      857.5760    137.5266   2249.3623
     1863.4039    168.6028    285.3424
     1810.1790    667.6487   1577.6245
     1222.9017    410.4495   1915.3792
      561.7296    140.7698    872.1537
     1603.3794   2260.9297   2136.2939
      878.4352   1546.7705   1775.1571
     1250.0033   1695.7339   1096.3323
     1654.7246    468.9252    912.7597
     1632.8162   1721.2983     39.7618
     1583.7288   1843.8016    966.2337
      403.7921    334.2711    178.3520
     2144.0498    819.8110   1739.7516
     1220.0872    849.0309     86.4702
     1042.3889   1820.4037    226.2152
     1055.5316    883.5209   2258.3142
      352.7144   1329.6001    726.8892
      284.5677    949.9974   1162.0565
     1429.9961   2254.6831   2044.3103
     1974.1246   1549.3517     23.9757
      410.9095   1772.5065    509.0901
      976.0631    416.5520    405.2961
      108.5685   1807.5348   1811.2708
      249.0200    694.6095    166.4785
     1593.8810   1125.0067   1117.0529
     2117.6787    277.7953   1681.8300
     1194.9258    592.5248   1822.0526
     2155.4182    758.2677    812.2032
     1090.5442    104.0875    482.2494
     1899.8984   1047.6870   1024.4089
     1608.6937   1266.7426    124.5870
      972.7154   2178.1868    980.5830
       77.8962    186.3284   1289.5220
     1374.2823     83.0235    204.6506
      978.2437    404.5304   1565.6227
      335.3362    261.5054   2019.0924
      141.8530   1209.2676     47.7875
     1697.4614    484.6308    145.3298
      393.0841   2259.8665    787.5709
      488.1071   1444.4840    418.0666
     1221.6156   1054.5039     59.6631
     1423.9132   1858.9448    840.2502
      531.6320    951.3782   2017.9259
     1049.9426   1436.2587   1366.1543
     1621.9165     69.0697   1124.3746
      118.7477    347.8873   1028.1033
     1205.5322    441.1089    649.3285
     1247.0839    691.2715    306.5884
        2.5423   1804.0793   1107.1887
     1106.4998   1536.7733    814.8625
      747.6246   2099.8147   1284.5442
      793.2912   1699.9519    608.4925
      893.5716    212.9424    415.2920
      909.0020   2194.5737      4.6608
     1473.0001   2160.6248    186.6382
     1696.5458    215.9980   1238.5493
      534.2534    343.2599    336.1983
     1551.6169    811.2572    994.7979
      516.1001    213.1381   2080.2458
     1085.0377   1057.2996   1893.8052
     1582.4742   1531.2988   2256.5859
      492.1056   1421.5162   1870.4869
     1832.3489    209.8098    467.6671
      166.6533    779.0647    756.4741
       11.3239    257.9066   1925.9287
     2239.2031   1979.3357    133.8408
     1607.4969   2262.5139   1858.7993
     2216.1685   1441.8938   1757.8320
     2108.6433    768.2876   1016.0892
     2141.8235   1893.0216   1000.9407
      160.1203   2192.4277    190.4185
     1917.3280    137.4901   1912.2850
     1126.0350   1568.5018    600.2388
     1844.0552   1789.0286   2015.8944
     1769.3619    171.3099    664.0845
     2090.8401    956.3005    900.2206
     1919.4124   1619.6993   1921.8689
      466.2824    125.6780   1169.7302
      277.0097   2002.9124   1123.9144
     1739.2301    291.1789   1686.3602
     2115.1199   1515.3328    575.6619
     2027.7053   1850.6381   1947.0754
      486.5935   1153.8199   2228.3215
      369.0487   1353.6742   1714.5243
     1044.6100   2208.7959   2127.8572
     2018.1493   2260.1023   1430.7800
      350.3479    224.9426   1489.8292
     1505.8932    623.9885   2112.2957
     1122.7231   2233.2622   1876.0280
     1877.8549    680.2964    364.1187
     1388.2440    158.7207   1810.5400
      906.7186    848.7538   2140.6550
     1044.9147    823.1804   1071.4824
     2118.8760   1340.5610   2122.0310
     2122.5308    941.7485   1123.3702
     1459.6891   1270.3679   1522.5676
     1972.5884   1089.6932   1511.7234
      769.8997   1579.3029   2203.0405
     1804.0530   2105.5693   1619.3223
      819.9319    566.8433   1643.3843
      788.8972   1171.6251    667.7680
     1796.8970   1458.8009   2084.8701
     1310.0317   1807.3879    199.3616
      967.7996   1622.4089    923.8837
     1465.2156   1853.0219   1901.6580
      511.9484   1842.3754   1912.0940
     1704.0907    622.5912   1231.0293
      551.8663    372.7997   2256.7698
      482.7931    799.3998   1488.0325
     1188.1104   1972.7808    171.2010
     1920.5146    893.8016   1610.3113
      885.1516   1130.2207   1358.9397
     1389.4380    833.7663    875.8781
      354.3341    518.2480     68.6731
     1512.7897   1754.1646   2092.6343
      635.8705   1752.7264    500.4072
     2103.0193   1066.3317    199.6631
     1000.3608    707.2701   1283.9727
      761.7145   1854.1593   1062.2274
     1214.0336    286.0499   1304.2646
     1853.3593    821.1718   1945.5819
     1948.4877   1384.4974    182.7494
     1463.8519    537.5112     63.7521
     2204.4688   1047.2881    575.4977
      476.7747   1706.2194   1533.0586
     2083.7747   1877.7214    655.5920
     2046.8693   1594.7749    209.3606
     2094.1658    822.0750   1299.5873
      525.8858   1122.4716   1009.7985
      705.5203    690.5647   1457.8517
     1166.8459   2204.8884   1423.4562
     2257.8223    905.4698   2195.3914
     1142.7987    533.0170   1322.7771
     1619.2415   1415.1124    341.2279
      353.9438   1026.8030    981.8196
     1304.3425   1479.8956    711.3499
      652.0966    685.6724   1642.5800
      229.6898   1724.6617    512.1490
     2037.3347   1420.9240    371.0113
     1634.8365   1341.9167    525.4382
      311.9557    556.5448    525.6379
     1859.9066    169.8596    844.4886
      914.1187    512.2752     37.9067
      795.0781   2056.4778   1459.0518
     2074.3286    436.2667   1304.3893
     1987.1542    202.0089   2078.7515
      560.6318   1781.6276   1124.2343
     2006.7656    276.3340    445.4828
       95.9217   1595.9615    475.3971
     1411.8781   1608.8608   2177.5840
     2011.3492    963.0956   1767.5881
      207.5477    861.1342   1014.5906
     2034.6669    404.5234    608.6052
     1469.0190   2024.8583    984.0502
        4.8547   1269.9232    951.1478
        0.3705   2124.0657    270.6632
      190.2623   1646.8602   1884.2196
     1886.5437   1737.4927    144.2394
     1154.1681   1438.9036   2008.5153
      398.1172   1520.2554   2005.8857
      190.2803   2262.6982    371.1702
      503.9695      9.5193    155.7967
      193.2354    513.0084    932.9476
     1938.0427    667.5726   2092.4814
     1934.6409    562.3203   1428.7671
      624.4993   1001.3834   2229.6851
      165.8662    396.3841   1228.6024
     1706.8293   2213.6392    726.5749
      481.3221    810.2040   1715.6968
       14.1956    169.0907   1080.3794
      780.6793   2259.4907   1427.1044
     1036.3466    559.9544    528.7045
     1019.4537    138.5134     88.9743
     1536.2167    250.1931    177.7628
     2098.7993   1024.8506   1328.2390
     1672.3514   1217.2146   1318.2194
     1853.7054    373.1241    949.7568
     1761.4004   1031.2578   1584.4940
        1.6800   1246.0908    475.8040
     2050.8350   1899.8037    129.5375
      826.3920    468.2630    505.1766
     1159.8666    887.7873    299.2156
       14.2813   1055.2388   1552.8528
     1734.1364   2064.8850   2233.6160
     1061.8181    679.9702    941.3478
      740.5623    652.2859     75.7096
     1201.3253   1548.5565   1439.2632
     1824.4868   1356.5037    390.4211
     1669.3782   1826.9183   1338.3768
     1790.3170   1227.1401   1114.3823
     2196.3032   1895.3184    806.7507
     1386.3456    950.1285   1610.8129
      998.5991   1707.1740    757.1958
     1682.4402   2254.0952   1319.6129
      565.4612   1232.9902   1175.8259
      946.2986    927.4312    172.0023
     1813.3601   2082.1929    338.2182
     1571.3868   1729.7800   1536.8352
     1590.8684    871.8859    809.6080
      781.8582   2115.0481    414.7385
      358.8925   1498.3766    241.3380
      954.6544    333.0999    921.4045
     1854.4299   2057.3452    780.9408
      469.3897    395.1657   1423.6219
       23.9153   1137.9948    217.3627
     1787.1074    830.9737    230.1602
      760.1095   1002.2874   1829.8927
      524.2330     99.2982   1647.9895
     1903.0997    351.4583    752.9777
      114.7406   1848.5516   2199.4954
      726.9617   1254.4358   1350.6415
     1772.2657   1526.1189    830.4450
      675.2894   1561.8103   1791.3003
     1527.6155   1863.2373   1691.1699
     1533.5985    741.0518   1206.6901
      713.4008    577.7120    269.6140
      575.8472   1547.2924    249.4205
      676.6440   1465.0190    415.8130
      394.8793   2259.8442   1509.8168
      664.2359   1325.8254   1511.0306
      248.0560   1303.6288   2089.7161
     1338.2194   1390.8282   1435.5475
     1561.3751    732.9863   1738.5848
     1036.4797    970.0487   1385.3290
      984.2560   1325.0323    247.5360
     2185.9170   1794.6316    467.6197
      515.7518    747.2906    581.3923
     1894.5812   2259.7126    707.6475
      661.8638    356.7122   2013.8077
     1475.4795    757.7224     70.9753
     1223.2131   1212.1919   1529.3206
      124.1902   2228.5190   1066.1238
     1037.5996   1561.0262   1138.9187
     1385.0867    546.5406   1147.2626
      786.4849   1521.0396   1969.1582
      654.4319   1578.2615   1123.2767
     1306.6261    218.3584   1600.7980
      790.2231    202.5355    917.3837
      699.0731   1103.5573    294.9520
       83.3629   1400.9913    787.8505
     1076.3979    136.7655   1293.2772
     1497.8447   1469.7650   1576.2698
     2215.9204    648.6302    155.4254
     1753.2844     18.1067    510.7482
     1958.1016   1019.7137   1972.5264
     1046.9528    278.7437   1160.5748
     1290.2500    412.1403    864.9028
     1562.9408   1405.6503    946.7627
      539.0032   1433.4949   1169.2804
      321.3200   1210.0439    936.2239
      511.8512   1102.9147    411.9793
      563.1630     59.1840   1833.8741
      490.6916   1948.8923   1207.3185
      564.2872    696.7270    944.5356
     1725.8800   1437.1099    181.0216
      941.8495   1819.3549    950.2867
      293.5469   2079.0791    264.6365
      113.4683   1890.9056    464.7268
     1542.0613    850.8853   2064.1089
      341.8349   1787.3302   1862.6315
      993.0748     86.1839    303.6653
     1484.6626    434.8002   2108.9050
      529.3895   1584.3883   1297.2374
     2257.0728   1352.6553   1402.8417
     1638.8760   1887.9098    507.5952
      725.8109    950.4418   2059.7056
      660.7601   2015.8505   1144.3510
     1969.5535    222.1962      3.6005
     1098.0802    456.0201   2213.2986
       34.2789   1960.4922   2038.2301
      225.8246    722.8850   1462.2889
     1268.9183    465.9792     52.1688
     1397.2352    454.7812   1547.0760
      531.9930   1125.0212    171.4178
      873.4042     78.2212    599.9070
      375.9149   1602.0667   1398.4625
     1783.0177   1550.6852      4.8489
     1712.2139   1545.0730    426.5310
     1080.8828   1344.9738   1728.8351
      168.5896    833.6414   1256.0381
     1470.5811   1214.3241    416.7272
     2256.5933    700.6796   2169.8347
     1083.0895    312.1284    551.3514
     1095.2935   1891.6451    780.4771
     2090.5757   1139.8644    434.4400
     1594.1747   1380.8754    759.0237
     1041.0886   1680.1641   1764.1403
       58.0067   1773.7495    115.5943
     1140.0840   1796.7583   1263.4091
     1551.2113   2005.0474    327.6057
      255.9320   1507.2928   2124.3579
       20.1659   1667.1023   1248.1086
     1241.1521    361.9103    400.3991
     1019.2859   2058.7354   1943.7079
      905.0177    975.1367   1708.9209
     1299.9723   2015.3400    830.9459
      130.5957   1201.6082   1489.9130
     1188.0076    384.7276   1485.2906
     1779.2723   2079.1199   1341.5865
      683.1820   1705.5355   1263.2122
     1515.6313   1839.1200    198.0280
      248.4590    538.6089    725.6242
     1837.9567    329.3557   2078.8140
     1861.4296   1725.0847   1415.8021
     1796.8164   2044.9480   2045.2639
     2060.8376    813.4514   1972.2782
      945.2263   1270.2798   1604.3313
     1724.9497    975.6459    961.6208
     1588.6938    201.5672   1778.4207
      858.8226   1903.1765   1954.4572
     2104.3445    650.7114    501.1906
     1903.0343    969.7751    808.2921
      602.5406    682.2095   1277.0531
     1282.7604    156.6200    410.6846
     1204.0984   1342.9446    916.4304
     2122.7964    142.1706    392.0557
       73.5920    530.3480   1436.3413
      757.6577   2256.3311   1846.6641
     2219.0479   1573.1580   1423.0308
     1794.5410    154.0976     86.9799
      186.4728    150.8972   1510.5298
       71.7507   1728.6096   1437.1635
     1990.0452     17.1643    193.8332
     1173.2926    424.5229   1703.6669
     2011.7017    625.6763     11.9094
      754.8237   1712.6118   2039.4988
     1191.2141   1969.8849   1605.9380
      494.0673   1429.7585     89.9215
       11.7923    917.6883    726.9348
     1997.8833   1740.0901    321.4816
     1205.1737   1282.1893    563.8632
      229.9506   1703.1307   2220.5122
     1062.6542   1424.4169   2186.6240
     1675.4919    571.7729   1737.8154
     1272.2047    309.9585   2072.1631
     2109.9167   1202.5438   1444.0876
      793.9196   1174.4600   1539.8861
      322.7773    518.0052   1079.9043
     1955.7900   1287.4464   2016.9905
      378.8138    657.5081   1590.0842
     2013.6069      0.5887   1000.1865
     1958.0717    804.2260    125.0318
     1060.8243   1843.7970   1626.5242
     1757.1884    804.1817   1081.6249
     1903.9890    544.1550   1225.1382
      907.2268   1145.8773   1832.5045
     1288.4722   1290.1578   2032.5546
     1245.5083    930.5428   2147.4143
      622.3782   2241.7507   1017.8351
     2190.1848   1954.5902    360.0948
      992.4797   2176.2871    381.2833
     1926.1000   2204.2153   1257.5254
     1230.7166     29.3168   2132.2400
     1130.3326   1082.2053   2087.5999
     1609.8732   1524.0978   1193.8529
     2014.9133   2073.8398    658.5260
      476.4605    435.0357    548.7268
     1990.1324    660.6892   1629.0273
     1400.2655    696.9577    466.5728
     1043.2955    461.7214   1037.2499
     1549.8224   1199.3202    734.7342
      159.0325    991.8088    848.2904
     1579.7101    592.1187   1929.2043
      288.8233   2218.1035     33.8393
     1239.9409   2227.8499    530.9800
     1703.2126    381.8959   1897.4352
     1902.8125    342.5646   1888.9272
     2021.9475   1168.1703   1861.9255
      919.0537    555.3239    241.9967
     1823.4116    568.8218    820.5045
      876.8212   2228.5503   1609.6488
     1052.2943   1235.9097   1432.4041
      327.0879   1963.4021   1323.0396
     1415.1616    737.3986   1964.7699
       97.1171    567.2413   1098.4962
      933.7358   1690.6799   1947.1487
     1026.2017    349.2076   1841.0122
      202.3529   1353.6615   1550.6077
     1686.7632   1644.6947   1338.9403
      812.6477   2137.0005    600.9979
      930.4041   1832.4175   2108.5129
     2083.8564    365.3618   2033.7379
     1484.5132   1779.1003   1362.7452
      944.0107    877.5078    368.8937
      394.8954    746.1510    433.1781
     2195.9426   2100.2969    722.7999
      322.6805    892.8487   1385.5814
      979.3488    459.8662    674.0635
     1265.3486    765.4160    660.9687
      227.3781    164.9245   2242.1489
     1403.3911    175.2822   2137.7083
      306.2082    417.6815   1887.8518
     1318.8779   1404.3116   1068.9230
     1126.6737   1793.1885   2106.7766
     1981.1593   1781.6459   1577.5819
     1313.0496   1147.9919   2161.4297
      307.0321     74.8285    492.6817
      895.8748   1463.1031   2104.0098
      948.0717    738.7622   1792.5355
     1964.2346   1881.4357   1388.5776
     1672.0503   2106.1812    483.0764
      950.3358    921.3732   1903.1860
      429.5619   2253.7356    986.2793
     1241.2728   1909.7202    973.7426
        3.0678   1376.6008   1125.7085
      305.9605   1872.0801    679.2496
     1495.5620   2251.9932   1443.0436
     1114.4224    516.0906   2033.3563
     2147.5632    996.8629   2074.2781
     1423.6888    990.6038   2113.4385
     2203.9666   2245.4419   1103.8872
     2039.3705    138.7758   1146.3741
     1717.7777   1961.9358   1185.6832
       90.9926    966.8636   2020.8264
      992.3768   1475.9508   1931.3542
       79.8823   1724.1323    314.1463
     1484.8210   2044.9563    500.2462
     1647.7692   2090.8223    877.8411
     1967.1716   2210.3157   1640.2404
      717.0430   2079.3105   1631.3879
     1241.2440    975.8107    785.6096
     1642.7715   1719.4769    812.4213
      233.8792    933.6898    629.8753
     2193.3320   1590.7666   1048.1086
        8.4067    403.8006   2063.3047
      355.0586    334.5301   2221.9336
     1010.7249   2128.6416   1169.6134
     1213.5135   2125.4805   2021.9042
      523.4081   2072.8274   1984.6270
     2250.7000    720.3262    628.3745
     1109.6556   2111.2200    853.8908
      138.7370   1256.8365    326.2830
     1556.5909   1909.4346   2256.5024
      565.4888    493.1633   1032.1824
      713.4787   2135.2156   1990.4202
      592.5790   1137.6558   2072.1453
       60.4027   1078.1373   1777.0396
     1252.1492    613.9994    799.8275
      684.2799   1504.1903     98.7339
       96.7433   2262.7839   1622.2291
     1445.6851    864.6050   1375.8032
     1363.9615   1955.2786   1365.0787
      490.0711   1554.9913   1667.7783
     1628.9830    992.5084   1358.2731
      803.4433    796.3760   1677.5736
     1096.5891    929.6339   1725.3033
      833.5800    394.0003    786.0969
     1450.7856    901.1287    663.5289
     1705.7848    694.7058    624.1061
     1307.4769   1751.8763   2030.3574
     1592.8384    618.9747   1038.2004
     1368.8909   1152.3433   1659.8212
      320.8484    707.0304    910.7751
       78.5761   1866.9142   1604.5391
      162.0784    395.3256   1594.0226
      557.9584      5.0384   2028.6143
     1629.4249    922.8630   1722.0078
     1093.4202    318.9766    774.3961
      368.5369     66.5038   1900.3667
     1660.0474    930.9918    579.1395
     1369.9609   1925.3647   2131.2344
     1410.1132    315.5466   2258.7639
     1145.8413    261.2481   1003.4185
      629.4850    262.1347   1805.8204
      130.1832    240.3257    704.9760
      904.2808   1150.1160    167.0002
     2223.2959   1095.7178   2239.1543
        4.4296   1263.5013    674.2332
     1251.0302    963.1646   1353.9791
     1932.0399    906.9776   2137.6697
     1329.2079   1739.3610    514.6736
     1783.6089    848.6714    717.1035
     1761.7551   1258.5210   1591.2444
      840.3844    810.7170   1109.5978
      315.3083   1107.8331    750.4977
      317.8057    888.2528    835.0551
     1091.4785    266.2455   1639.2893
      121.4079    402.7468    335.1242
     1583.8185     58.9598    173.9248
     1706.6093   1136.8540   2259.5166
     1016.2267   1239.2211   2090.7312
      640.0751   1119.0676    797.5283
      298.9453     97.7110    178.6098
     1180.5673   1733.7389    872.4990
      801.4233   1392.6307   1656.3658
     1681.1683   1269.8640   2089.1594
      442.2944   1615.1215   1133.2399
     1731.0001    841.3956   1289.5068
     1377.9567    537.9160    668.5009
     2079.0200   1310.7362    560.5157
     1717.1942   1885.8134    108.3903
      264.4056   1398.0514    876.6951
     2007.9835   1676.3116   2103.7205
      239.4811   1478.1371    657.5358
       29.6973   1463.6484    622.6728
      690.1877   1287.1558    201.0632
      830.6655    358.1705   1352.4308
      681.8263    136.5408   1266.1482
     1480.7612   1211.9084   2062.1138
      652.1567    914.8303    349.3265
     2116.2686   2020.9542   1937.2552
     1470.1237    247.9041    907.5190
     1566.0022   1292.3495   1691.8536
     1902.9756    573.4166    635.1175
      110.7910    566.7177   2080.8875
      549.8868   2024.9271    989.2086
     1196.1978    231.0101   1825.7764
     1879.0980   1687.6166    798.3713
     2259.0149    742.2200   1465.1383
     1407.2903    279.7668   1430.7788
       51.9127    763.2709   1791.8042
     2022.2260   2051.9358    276.4690
     1820.8970    875.3859    466.6918
     1183.5844   2262.9526   1237.3158
     1817.3209   1619.7502   1188.3818
     1471.4585   1380.0615   1994.4811
      950.4644   2044.0156   1318.8757
      635.6943    836.7274   1146.7175
      435.0841    935.6108    662.5362
      600.0778   1618.9641    776.7014
      780.9631    635.8763   1821.7922
      806.3770    621.0856   1252.7605
     1224.3427   1543.4104   1228.4642
     2124.1135   1106.3467   1668.4863
      183.6714   2260.6521   1414.2836
      574.9696    802.4642   2212.4746
     1134.2191   1392.8585   1554.3468
      640.2300   1943.7386   1368.5153
     2063.4976   1317.8997   1620.1038
     1923.6758    317.8013   1314.5369
     2199.4363   1798.1324   1922.4622
      412.6198    962.4338   2206.9946
     1823.2771    964.2947   1804.1627
     1387.0087    343.8860    604.9598
      680.1383    510.9202   2194.1145
     1701.8402   1021.1034   1929.0281
      861.7342   1530.3514   1240.4301
      163.5307   1487.8665    306.3631
     1308.4323    792.0742   1764.3854
      240.9912   1635.0082   1248.9974
      578.6431    497.6041   1629.6479
     1145.9607   1423.0099    126.0319
     1080.3112   1006.3599    917.5868
      393.8233    785.0145   1890.9524
      348.5354   1704.7479   2041.3593
     1582.0972   1522.5575   2065.4263
     2133.2725   1331.0798    812.8200
     1524.5773   1599.8641    211.6297
      456.4893   2125.2375   1143.4344
     1878.8221    621.2909    168.2527
      843.8060    338.0866   1933.3435
     1653.2811    700.4363    173.3073
     1533.3425    320.0286   1601.9751
       81.7674    406.6897    793.1589
      457.6656   1730.0496    698.3167
     1941.5597    530.1518   1935.7592
     1584.1167    179.3480   1405.8612
      708.3892    451.6262   1184.8943
     1311.4908   2082.8010   1521.5399
      817.3781    593.4814    677.4467
      375.6592   1160.8445    277.8089
       61.2608   2260.4766    755.0594
     2098.9863   1131.1637   1101.7947
     1281.1484   1189.2333    226.0485
     1328.7889    479.9171    242.3335
      808.9291    780.0646   1957.9122
     2040.6268   1108.9937    645.3660
     1025.9399    930.7216    753.3074
      607.4663   2107.3113    531.4550
      148.1493   1490.9584   1757.3262
      259.9725   1336.3523    167.9955
     1202.3623    271.6927      0.0963
     1542.4785    425.4875    231.2607
      701.1215    747.2081    679.0126
       67.7886     86.4882   1970.6865
     1466.0597   1255.7631    236.6004
      311.8623    933.1591   2043.6160
     1202.9199   2209.0376    331.2564
     1997.9474   1606.8417   1323.2428
     1073.4589    144.1028    681.1360
     1959.2869    724.8658    792.8111
     1061.7502   1349.7190   1167.8862
     2040.2814    986.5908     26.8855
      746.3998    428.2184    120.8326
      247.8139    436.4730   2106.5061
      977.9734    363.8889    180.0132
      906.5429   2258.9604   1259.1996
     2186.1814   1102.2705    804.2736
     2129.1140   2262.9612   2005.7373
      680.5270    505.4644   1369.5476
     2160.5781   2262.5647    603.5246
     1813.4280   1724.2820    985.8529
     2105.2805    398.0039    303.3777
     1353.9727   1957.4561   1736.0790
      930.8370    736.9293     59.6841
     1042.8658   1093.3250   2251.9114
     1609.7196    440.3405   1167.7463
     1515.8940   1550.9496   1398.8333
     1336.8252   1832.3551   1212.1732
     1990.4324    353.8450   1101.9479
      173.2577    141.8907    910.4512
      574.2797   1304.9225    606.7178
      791.3688   1600.3126    786.0428
      152.4706   1545.1422   1425.3668
     1685.3629   1448.9841   1693.5945
      733.4003   1135.9642     87.9240
     1440.7959   1051.9874    813.0106
     2038.5608   2043.6467    877.8521
      623.0703    763.4424    191.9738
     1661.1957   1200.5280    345.6564
     1048.6281   1162.2649   1012.6219
     1107.4843    743.1121    461.5317
     1821.4272   2198.7744    916.1165
     1293.6682   1012.5541   1769.3275
     1066.1464   2016.5734   1768.0004
     2006.9899   1156.4189    858.6089
      339.6443   1528.4905     32.4611
      293.2740    942.6854    443.3836
      293.5753   1964.4562    515.8813
     1624.4078   1612.9041    997.7098
     2249.9099   1945.7485    603.7266
     1244.5730    540.1968    992.2007
      950.2234   2231.8105    762.4847
       23.7979     52.8338    325.9576
     2062.6763   1680.9482    684.1139
     2175.4934    291.1151   1173.2300
     2108.5593    179.9776   1886.4285
     2013.1204   1881.5386   2142.6985
      345.3195   1214.2969   1516.7056
     1309.6276   1113.7817    461.0356
     1078.3293    267.0524    337.6061
     1876.2678    121.8236   1296.7079
      790.8502    360.2417    308.8734
     1964.3586    749.7483   1807.6536
     1428.3534   1249.3561   1840.7817
     1662.7953   1994.3450   1687.0885
     1637.4987   2217.5732   1662.1625
     2250.5303   1273.7423   1608.3921
     1839.3101   1937.4781    468.1241
     1082.6771   1844.7452   1911.0585
     1670.6389    276.5533   1003.4077
     2196.9436    966.1933   1877.3608
      655.2789    451.5144    434.9940
     2037.5068   1164.4768   2155.4875
      801.1188     48.1475    362.3132
      279.1078   1803.2024    133.8136
     1014.0579   1274.6655    850.1445
     1685.4240   1153.5560    564.4191
     2156.1943    340.1654    750.7202
     1089.8164    569.6936   1514.9137
      727.0251   2132.8616    778.1514
     1720.8708   1157.9773   1755.2247
      451.9966    993.4567   1558.4973
     1073.1613    666.0256    691.9654
     1410.6812    590.8719   1746.9774
     1993.3619   2260.4092    533.5079
     1417.2570   1860.8545    383.9043
      504.0271   1893.6246     42.3574
     2226.7551   2077.2402    939.0668
     1389.6334   1732.9913   1727.9131
     1559.9470   1617.3619   1701.7173
      895.2994    116.5372   1080.5422
      750.9829    947.8501    180.6327
       97.6283   2103.8264   1509.1014
      970.2560   1203.4857    512.0316
     1928.2767    851.8607    983.7656
     1486.4719   1146.3257   2255.7070
     2262.7273    207.8873      7.6492
     1248.4196    863.9564   1018.7727
     1209.0059   1809.6477   1774.9401
      139.4281   1207.4711    844.1691
     1607.6511    388.7333      0.2049
      947.5496    543.0851   1914.0785
      542.4518   2083.5510   2182.3848
     1712.2407   1664.1775    213.0036
     2055.1914   1707.1621   1768.6147
     1342.4360   1274.5120     62.5710
      935.4976   1664.8993    117.1838
     2062.8066    893.2262    701.0730
       42.8368   1473.9729   1578.2083
      773.1068   1484.2772    626.3834
      130.1213    199.5905    195.1808
      132.8998   1666.4109   1627.4209
     1511.5182    575.5047   1323.0577
     1178.5004    137.5313    237.0879
     1387.5938   2020.5154   1166.9734
      465.3542   1403.2897   2163.4167
     1753.4326   1344.7594   2262.2681
     1347.0856    281.0404    199.9666
     1543.4314    420.4932   1774.0967
     1532.8591   2222.4573    971.1966
     1033.8031   1984.1993    987.4501
     1613.5551   2129.6597   2008.3336
     2166.7361   1494.2327   1250.9950
     1184.2644   1852.4039    366.0628
     1706.6609   2010.0909    660.9007
     2242.3354    488.2902    612.0714
     1359.3213   1635.7050    310.5439
      645.5654    557.0664    831.2899
     1328.9141   1553.4619   1697.3353
     1375.9510   1667.4500    868.5010
     1989.1647    975.1553    484.3235
     1539.5908   1919.3586   1503.6630
     2089.5149   1720.5573     32.4082
      530.0221    499.3086    199.3711
      489.6479   1012.6125    845.3826
     1070.0762    151.5880   2161.6638
     1873.4005    391.7857    337.3824
      655.4670   1325.5038   2071.5264
      271.8191    708.3776   1130.6145
     1666.8688   1746.6147    624.5181
     1973.6949   1491.0740    718.8296
      286.5116    127.7767   1306.3080
     1580.6715   1715.2128    383.6247
     1174.1783    345.4536    184.6086
     1962.0588   1203.7484    298.8756
      689.0081   2223.3938     21.3506
      700.6432     56.7470    180.8969
      348.1566    970.1779   1792.2458
      310.5574    874.1623   1601.8951
