      878.7788   2226.7488    193.5581
      841.5991   1448.1676   1019.2662
      905.2822   1855.7211    210.4888
     1023.0419   1102.0667   1696.1971
      633.5159   1799.3271    720.1411
      657.1832    650.4766   1082.9740
     1749.8756   1387.9644   1018.6893
     1146.7097   1893.3309   1119.1001
     1344.5630    192.8326    799.8498
     1304.7102   2139.8218   2196.6580
      523.6410   1519.8241   1442.5573
      816.9961    189.3545    178.2898
     1353.7522   2049.0994    307.2287
      802.7750   2206.3237    892.4673
     1409.4281    856.5587   1145.0548
       32.3646   1400.3567   2105.9248
      995.8671   1693.6780    505.0099
     1294.6783     63.2617   1353.0922
     2089.9390   1919.4177   2230.1538
     2192.2578    475.8637   2240.3801
      970.1659   1849.6195   1204.8478
      600.1282   1912.8102   1798.3353
       89.6633   1184.0712   2132.1951
      717.9933   1195.2783   2139.1311
     1135.0352    833.8112    608.4039
      199.6834   2052.0972   1804.1641
      372.8187   1531.6216    781.2737
     1429.7015   2170.6362   1685.9498
     2065.4299   2150.8838     27.6707
     2025.0417    251.0519    196.3896
      771.1631    856.0025    513.0309
      108.6324   1064.2628    646.6038
      595.3134    145.8599    690.4039
     1545.6562   1521.2467    868.5234
     1241.6365    798.6274   1608.3113
      771.8835    152.4025    752.0606
      875.5621   2109.0886   2094.7432
     1328.1990    473.3951   1385.3953
     1945.0054    105.7135    356.1492
     1486.3916   2087.1091   2206.0635
      310.6120   1351.6744   1400.5891
      303.7800    347.0772    415.0103
      488.9572    334.9939    752.6285
      431.8747   1903.4829    761.2798
     2130.6357    145.6921   1366.8539
     1748.0128    209.0813   1559.2706
     1072.0005     91.3506   1115.1868
     1192.5505   1359.1160    730.2321
       91.2002    668.5168   1591.2538
      888.4813   1246.0839   2238.5024
      637.1990    865.1573    972.5910
      943.5339   1464.1038    417.8536
      467.7161   1359.3113   1551.5999
     1570.6183    910.0045    165.5328
      593.2985   2238.1519   1680.1953
     1603.2297    720.0447   1407.7115
     1693.3005   1547.7054    701.1894
     1229.1245     50.6230     56.1610
     1324.3571   1914.6434    610.4922
     1685.3530    628.5043   1560.4686
     2220.8232   2133.7214    412.2072
     2197.9521    538.3054    922.3878
       58.9998    339.7175   1728.1621
        3.1117    539.7381    723.8839
     2250.4675    738.5277    355.3015
      748.0261   1356.2297   1183.9741
     1280.2917   1373.0671    444.9504
     1456.8800   1469.2188    434.8830
      849.0225    298.2131    610.7477
     1181.0679    676.8736   1378.4991
      988.4874   1374.5094    739.2549
     1946.4359   1934.1539   1835.2416
     1332.0312   1024.4866   1267.8784
      297.1919   1453.7656   1921.4335
     1694.3788    490.5288   1397.3462
      169.4893    210.1029   1870.9268
      670.2530   1888.2198    124.3589
      343.5054    126.4587    993.4443
      937.2888    442.1060   2110.9998
     1462.9912   1697.0076    730.2388
     2102.3184   1518.0488    801.3712
      687.8578   1016.5886   1091.7881
      745.2969   1992.3837    719.5349
     1484.4309    868.3329    350.8266
     1659.4368   1347.0724   1464.6315
      586.2712   2209.6821   1458.7590
      417.7567    731.4142     66.3674
     1349.6592   1696.8616   1363.9879
      676.6749   1665.8950   1447.2714
     1119.8611    577.7820    138.5158
       62.5721   1267.5265   1949.7747
     2114.8833     99.6184   1565.1925
      328.2260   1626.7919   1001.6685
     1150.2928   1642.0438   2055.9255
     1740.8279    336.0871     26.6770
      748.2623   2028.9708    502.1127
     1466.8959    292.9820    404.0130
      109.5558   1214.2916   1671.7810
       83.0665     54.0115    537.1567
      133.5181   1793.9426   2059.4792
     2022.2455   1321.5322   2227.6799
     1942.9551    918.8657   1198.2670
      667.4631   1441.4838    913.1583
     1647.4484    799.5817   2262.8535
     1791.4670   2257.4146   1487.3445
      179.6414   1568.1703    879.1702
     1322.1060    299.1201   1782.3397
     1819.0358   1910.2537    689.3367
      222.0197    763.1694   1735.5201
      216.4467    985.4636   1041.6307
     1480.9702   1389.2394   1797.4102
     1484.1769    130.9755   1287.1455
      177.1168   1794.5631   1267.3353
     2103.8525    595.4916   2095.0547
      131.3585    495.4691    511.9755
       22.7991   1884.6598   1316.6453
     1410.6060    464.7391    433.9480
     1776.2670   1918.6462   1697.5813
     1080.9784   2181.1282   1641.6869
     2166.4390    926.4742   1451.8068
     1956.3884   2002.2670   1227.0985
      512.3920   1165.6276    642.5322
      176.8271    260.4023    515.6374
      992.1129    881.6044   1309.1693
     1923.3645    144.8788   1730.6497
     1624.2097   2014.1833   1364.3080
        6.5208    659.5270   1092.8711
     2181.4543    195.6746   2118.0530
     1352.9802    996.5905   1013.3574
     1945.4871   1110.2549   1732.1492
      742.8636   2018.5991    932.8114
      170.3060   1035.6344   1651.1079
       14.4252    157.3173    849.7958
     1959.9293   1648.3096    882.9301
      212.2874   2081.6399   2193.4692
     1063.9519   1820.2832    101.7520
      309.0662    278.1557   1174.4480
      160.1399    161.6708   1657.8280
      280.6982   1428.4016   1093.2444
      595.5740    316.8764   1352.5596
     1276.1208    163.0654   1180.9824
      647.9818    767.4431    388.2521
      590.4586   1655.5140    551.2964
      432.4908   1276.6262    983.9552
      799.6646   1624.6013    448.1362
     2143.1987   1726.4229   1387.5535
      956.1653    662.3302    635.2180
       21.1185    190.4921    402.3203
      562.7548    938.1216     70.3422
     1855.1423   1544.5963   1732.3741
     1079.5648    684.5269   1640.1471
     1172.2111   1784.6655   1555.7966
      381.5988    300.6511   1366.7697
     2103.7415    303.9917      3.6809
      358.4572   2185.7927   1276.8662
      623.4395   1796.5255   2222.2405
        9.0358   1562.0479   1770.9115
      932.7216   2021.4904    878.0063
      779.1003   1999.4299   1895.9269
     2118.5991   2084.6409   2097.6328
      582.0730    812.4972   1843.3999
      406.9706    516.8048    755.8883
      299.5920   1707.7467   1412.7485
      383.7863   2245.9622    281.6698
     2093.5308    617.6136   1889.4556
     1839.2891    656.8112   1439.0077
     2053.3328    519.6805    753.4439
     1896.0215   1155.1577     83.5184
      408.6702   2165.2656    497.3317
     1495.5924    100.1443    366.7838
      577.2862   1329.7749    286.2799
     1656.5830    747.9012    398.8148
     1818.7761    386.2053    545.9055
     1786.5105    823.9797   1536.6049
     1335.6616    859.8975    208.7128
      352.2573   1121.0796   1116.5867
     2080.2070    451.7111    187.1670
      920.6517    430.7395   1187.7526
      206.2771   1226.4147   1243.3215
      262.2022   1823.3804   1866.2371
     1228.4495   1529.8512   1027.3162
      289.8861   2142.8979   1665.3097
      439.9272   1668.1904   2250.5200
      841.5885    891.2211   1468.4946
     2257.6072    244.8607   1565.2557
      829.6926   2004.7620     97.0585
     2061.2278   1391.7523   1424.9241
      947.2230    637.9963   1060.8585
      624.8192    578.4361    664.0462
      378.3850   1066.6066   1921.9237
      254.2374   1825.2361    395.8929
     1163.5282   2174.2705   1017.8225
      470.7978   1910.2269   2133.3057
      273.1791    990.2925   1247.2168
      765.5884   1162.0242    464.4902
      620.2888   1208.6256   1861.6233
     1331.3436   1316.9862   2160.0715
     1153.7715    415.6388    891.7888
     2205.0989   1114.9125   1966.7734
      971.1806    692.8981   1453.1210
     1343.3230    462.5862   1934.0808
       31.3486    892.2950   1679.8037
       92.6214   2201.2971   1171.9225
      226.7408   1637.1764    314.0975
      191.0657   1095.1707   1939.5612
     1026.1344   1855.4292   1415.4819
      905.3333   1064.1776    786.0660
     1890.1443   1265.2280   1397.6083
     1480.9540   1772.9694   1055.2117
      522.5097    538.3773   1438.4337
     2035.3812    727.8088   1419.1176
     2182.8311   1764.7314   2086.8125
     1451.3682   1076.5652    261.8810
      832.6347   1553.4329   1483.2665
     2115.6306   2049.1311   1355.6462
     1375.1484    686.0923   1049.4832
     1928.1279    802.3760    577.4384
      526.3288   1319.2233   1345.2006
     1888.4281    435.8916    162.5565
      384.4503    501.3819   1638.7965
      387.9254   1891.3646   1526.1082
      627.2031    291.1344    170.7904
      688.5527   1400.2700   1409.2444
      199.3825    554.0586   1712.7145
      446.9284    743.9382    981.9760
      903.2269   1283.2164    326.2183
     1708.5190    683.6000   2095.2549
     2124.9270   1500.0968   2159.5376
      792.3336    701.0488    955.0529
      907.3532     42.7319   2019.7404
      448.9986   1780.2211   1701.9406
     1799.3348    119.5632   2131.8032
      622.1599    619.3420   1879.7893
      102.5133    655.4647    910.7442
     2098.4822   1255.0809   1235.0092
     2247.1143    349.9682   1393.0543
     1824.9292   1683.8472   1581.2898
      327.2764   1128.2200   2103.4253
      321.0515    478.4437   1453.8049
      588.1463   1901.4688   1582.6591
     1611.3179     85.2259   1989.9111
     2196.1191   2254.2271    129.1666
      968.4023   1663.6809    307.0974
      680.1382   1093.2524   1693.0502
       45.7483    870.7261   1128.6394
      131.0587    785.0963   2001.2649
     1806.1544   2257.4092   1090.5112
      238.5785    650.5150   2259.1228
     1656.8673    985.5528    370.3537
     1535.1313   1034.8359   1705.1538
      490.3965   1674.8165   1306.2084
      973.5951    991.4418   1152.2454
     1937.3610   2058.3899   1500.3456
     1629.6644    272.9700   2099.4805
     1678.2378   1858.2584    342.6303
     1304.8318   1544.0402    544.3219
      534.2798    998.3954   1828.9463
     1249.0950    193.2867    624.8555
     1253.2454     35.2147   1755.9906
      805.2790    751.0392   1330.5922
      382.7673     95.8919   2121.9070
     1210.9994   1023.5837   1555.2799
      601.2421    418.1230   1916.5798
     2000.3833   1932.1355   1639.3815
     1565.7593   2219.1646    546.5806
     2061.6821    580.6757   1676.5066
     1199.6472   1702.4276    476.5498
      686.4447    197.6879   1922.0214
      604.6470   1074.1760   1329.1301
      638.4926    270.6234    891.3793
      753.0169   1358.9830    732.0931
     2253.6890    345.3295    175.5229
      361.8417    170.2591    695.9735
     1929.9346   1331.8654    699.0037
      690.2927    307.0138   1546.5050
     2034.9043    777.1388   2200.2251
     1087.7061    514.4508    337.7338
     2259.1997      6.1607   2155.5298
      276.9812   1948.6816   2017.6770
     1309.3253   2125.4187   1310.7534
      138.8586    866.0377    315.3478
      661.5129    886.6568   1625.8864
     1027.8215    715.7452    282.2522
      464.6367    630.9549   1154.7485
     1209.6576   1958.1035      6.3856
     1086.0568   2239.4155    199.5990
     1809.0654    516.2977    345.1500
      314.9080   1479.6440    436.6241
      737.4374    944.0920    727.2998
      167.5680    919.5251   1847.5682
      979.2264   1984.7635   2234.8445
     1242.6053   1104.1576    887.3069
     1684.5197    489.5616   2114.7214
     1369.6569   1598.9954   1559.2244
     1806.8212    949.4479     32.8773
     1748.0874   1020.0996   1192.5283
      136.1249   2029.5664    372.6464
      214.4560    378.7534    184.0266
      524.6152     77.9820    483.0084
     1297.8352    982.3089    567.8802
      199.6224   2005.8075   1269.3871
     1431.8525   1572.8279   1046.9683
     1493.5507    815.6395    536.0175
      754.0042    274.9207   1069.5649
      603.6441   2243.7366    866.7492
     2098.8386   1870.8564   1222.7963
      654.9630   1520.8214   1587.6471
     1586.1018    561.6949    333.6284
      714.2885   1932.5774    325.5808
     1764.2672    569.0076   1927.5980
      187.1734   1901.2880   1454.2046
      782.0402    980.3137   1290.2766
     1002.4943    332.0486   1378.4034
      184.3639   2122.9534    859.2756
     2155.5112   1823.0339   1731.4926
     1029.9485   2042.4574    174.1667
     2130.4827   1365.8303    989.9131
     1502.4102   2087.1289   1215.0487
     1002.8404   1489.8197   1594.3682
      483.1557    799.4858   1281.8035
      441.3809    548.0094    958.9637
     1501.2197   1912.9792    667.7363
      423.2963   2187.4158   1801.3729
      808.6948   2199.2915   1738.1560
     1491.5894    278.1875   1912.8800
     1676.7266    391.3481   1591.2152
     1074.1927   2185.3853    567.2078
      551.7158   1419.4580    712.5969
       82.5603   1085.0953   1156.2268
     1207.2917   1507.2413   2185.1897
     1270.9751   2216.6340   1544.8794
     1915.7935   1764.3920   1747.5819
     1515.0796   2045.8800   1556.2058
     1104.8975   1220.0745    123.7409
     1273.0001    683.8135     77.3876
     1083.6366   1003.4511    511.2144
      457.3867    456.8600   1241.5771
     1601.5095    265.7397    186.8859
      858.4315   1728.7118   1368.6475
     1541.0835   1393.0382   1309.8176
     1491.2140    603.7377    882.6581
      226.9704   1037.0984   1446.3209
      511.7745   1672.9304    894.7560
      732.8062   1398.6527   1878.7706
      156.1106   2007.5193    107.8152
     1713.1204   1724.8732   1744.3379
     1622.6741   1754.0371   1917.7375
     2262.5276   1528.2500    246.9987
      274.0934   1887.5233   2204.6526
     1740.7317   1380.4235    807.0205
      379.6376   1289.0139   1193.0038
      607.2474    118.7078   1028.3938
     1012.5110   1186.8234    652.9596
       35.2911   1966.4963   1725.7482
     1406.9816    999.9048     93.2782
     1185.6449    828.3272   1226.3994
      647.6549    263.2252    508.7676
       81.5875   1924.5825   1922.3735
     1487.3420    833.6440   1778.4852
      890.6508   2044.8745    327.6939
     2162.2566   1235.5828   1756.6025
     1834.5605   1016.3285    615.6823
      950.6411     70.3174   1656.9719
     1326.3304    658.5950   1246.8213
     2207.9712   1652.1946   1592.3304
     2261.0513    344.0418    556.3302
     1285.1301   1311.3260   1835.5836
     2145.4958   1583.7737   1959.7732
     1667.6449    160.9868    357.1453
     2147.7756   1457.6713   1638.2701
      958.0583   2245.8516   1457.1067
      553.4583   1709.4915    177.4058
     2051.6113    558.6674   1082.4233
     2257.7378    342.7263    939.1947
     1877.8025   2117.2007    142.4088
       53.8693    527.0641   1250.9956
      453.1488    395.0693   2080.3562
     1844.8816   1082.4265   2146.8408
      889.1027   1981.0419   1070.1266
     1924.2880    469.3058   1789.2026
      198.7328   1534.7476    124.4422
     2152.8037   1611.8776    436.4987
      593.2696    620.3644     64.3346
      208.5795    616.3960   1911.9794
     1389.6346   2133.8640    659.2050
     1986.2400    443.1017   2212.1189
     1704.9108    914.2975   2090.1125
     1933.3934   1488.5543   2157.6018
      854.7634    891.8757    916.7990
     1145.2273   1542.3958    405.6199
     1570.4238   2169.0984    331.6910
      478.6524   1466.7190    931.5942
     1815.4514   1478.7278    285.7947
     1030.5339    681.8137   1963.0231
     1884.3271   1960.4425    275.5678
      308.6003   1743.2030    831.8976
     2161.2693    418.4779   1622.9442
     1976.9153    607.9086    911.9420
     1857.7896   1281.7562   1770.0670
      801.5941   1229.9304   1960.4386
      178.0351   2258.8560   1803.1859
     1394.4347   1819.6243   1546.0724
     2133.8489    617.9371   1258.9819
      967.8029    304.7019   2259.6741
      286.2506   1725.8585   1625.3116
     2004.7930   1408.5846   1773.4463
      535.9406   1987.4293    227.6373
       74.5627    936.3986   1315.0016
     2017.6985    505.2596    399.0117
     2260.9221   1531.0483     39.2787
     1582.0693    994.2831   2245.5564
     1629.2549   1141.8192    936.1099
     1326.8469    523.1503   2148.4185
     1380.7720   2175.1233   1002.3728
      385.8945   1273.2852    375.8988
     1601.3440    415.3626    556.1524
     1825.8907   1215.5039    906.8286
     1733.8641    587.0488    520.0818
      119.2901   1880.8560    257.7591
     1912.8206   2055.3535   2168.5623
      952.6044   1283.6638   1060.6279
      814.6458    837.6743   2232.1709
     2171.7869   2251.6577    847.7241
      109.2721   1621.4657   1083.0016
     1677.7189    356.3592    371.8842
      786.3242    484.2303   1006.4919
       60.2954   1621.2039   2125.7161
     2240.5996   1293.3561      6.3677
     1421.0404     57.0990      9.5790
     1970.5414   1408.2477   1236.0042
     2259.8706   2232.7024   1652.5302
     1531.8451   1581.3400    591.9970
      210.2033   2261.1133   2115.4514
     1254.7803   1884.4678   1411.6257
      436.6480   1272.8434   1917.8544
     1252.0280   1747.7770     22.4412
      956.3336   2048.0923   1715.8851
     1519.9790   1403.5598    692.5607
     1874.9465    390.2596   1422.0280
     1790.0562    469.3235    713.4051
      899.2870    628.8107    420.8872
     1656.2008   1919.9166    797.9858
      123.1569      6.4921     56.9954
     1813.2092    533.7814      3.0750
     1678.6638    130.3049    956.3180
       73.4790   1483.3960   1938.6682
     1128.6272   2014.4059   2086.7446
     2139.0503   1741.7705    887.0098
      593.1245   1260.8315    840.7322
     1952.6276    724.3847   1209.9181
      286.6850   2070.9297   1473.8406
      419.9910   1825.4664    292.0038
     1839.3884   2102.0481    552.5439
     1784.2373   2171.8711   1847.2271
     1720.0679   1743.5822   1202.8308
     1841.5619   1474.8207    526.7070
      380.1635   1745.5697   1157.5693
      433.2049    604.2705   2183.6851
      422.2304   1643.2922    401.7531
     1140.9999   1988.1331   1309.1128
     1926.8042    158.0678   1479.1580
     1460.4893    723.0183   1624.7158
      778.9611    530.3148   1991.2789
     1559.1851    178.1022      2.1192
      267.8894    867.4175     98.9866
      523.2656    282.1460   1167.1906
     1463.3252   2066.0420    819.7442
      486.8394    998.2621   1196.1595
      521.8920   1175.2478   1484.3319
     1972.1281   2227.5728    759.7462
     1916.0641   1737.2731   2250.6311
      439.5182    957.1966   1414.9984
      723.8646    697.7225   2110.1438
      777.8475   1865.4988   1501.8005
      418.5951    247.6741     14.9370
      457.0740    323.2092    976.6182
     1856.2983    584.4427   1062.8073
     1792.8984   1651.2538   2096.0964
     1248.0648   1191.3203   1424.0237
     1432.9351   1387.0939    109.1797
      788.2522    495.1648   1780.4884
      660.3250    355.6373    682.9860
     2063.2107    388.6619    910.8197
      219.9909    109.7312   1145.7539
      800.5472   1894.4569   1288.2441
     2140.2847   2119.7791   1549.1890
      142.0726   1422.0988   1243.8829
     1637.6853    595.6969     38.2877
       78.7361   1421.8741   1044.6055
     2147.7815    889.7821    526.6380
     1569.5428    878.5483   1557.9276
      181.6566    364.5016   1349.5940
      967.9216    524.7397    909.6790
     1299.6626    161.0064   1922.9431
     1384.2943    690.0231   1444.5411
      632.0837   1008.9385    553.4261
     1756.0559    730.2051    904.9189
      839.6894   1827.9852    822.5453
     1806.5034    389.8763   1187.1432
     1708.9775    328.9545    830.7593
     1976.3861   2105.4858   1923.2004
      410.7430   2129.3838   2159.5837
      678.7452    507.6681   1603.7001
       38.7578   1049.2695    964.0148
     1288.8322   1014.1583   1973.6387
     2238.8379   1408.1031    427.2656
       54.4156   1332.9230    205.5009
     1096.8066   1330.0767    324.5591
      948.6089   2049.3640    682.9780
     1765.8541     40.0610   1691.8629
     1506.1755    535.4664   1549.0670
      176.7423   1376.2655    531.4871
     1707.1167   1530.4768   1533.5144
      263.0564   1202.0658   1799.3890
     1400.0347   2260.2549   1180.1604
     1383.5653   2215.2534    443.3237
     1997.9919   1869.4482    597.4761
     1955.9625   1614.6205    463.2048
      266.3784    316.5945   1749.4497
     1771.3909   1865.8015   2132.2390
     2075.7393    170.0703    811.8156
     2008.1771   1437.2900   1982.0603
      918.7538    994.4917    347.1414
      352.6112    101.3350   1718.7350
      274.9810    369.9017    657.1086
      832.0053   1502.3845    241.4568
     2074.8477   2197.3313    283.1476
      874.9570   1346.7982   1474.1803
     1077.5884   2019.9369   1520.9902
     1015.1004   1649.4153   1284.7466
      203.6326    697.5843    458.2347
     1089.5963    850.0058   1486.2595
     1663.2990   2160.6208    111.3625
      415.0432    886.0610    231.2685
      713.3838     49.8730   2113.1863
     2203.1272    147.7406    649.8743
      944.9693   1635.2632   2153.6450
     1699.7183   2075.1489   1148.5658
     1821.1133   1916.7845   1122.6332
     1489.9379   1023.1266    473.2556
      422.5122    589.5544   1989.3467
       19.8433    857.7289    944.8226
      372.2941   1641.9796    169.2858
     1232.7861   1710.5033    687.8231
      619.0383   2107.5303   1831.1135
      600.9676   1713.5851   1867.4414
     1067.5375   1111.9746    298.4093
     1230.0469   1156.9597    693.0803
     1739.5739    709.6141   1737.1632
     1536.5605   1069.5543   1294.1597
      832.6870   1691.3140   1641.7245
     1091.3821   1675.7156   1087.9845
        2.0030   1688.4767    603.4949
     1113.0994   2043.6896    350.9729
      321.2177    745.3437    623.4058
      911.6840   1515.5927    619.2302
     1872.8965   2093.0569   1028.2587
     1291.0104   1574.3516     82.3349
       79.5116   1750.4563    929.7440
      541.2927   1303.4363     35.1057
      115.7377    212.3115   2075.8137
      713.4017   1369.9093   2246.8982
      255.7114    497.8657   1237.1560
      818.6649   1216.7156   1738.9601
      349.6562   2069.4929    692.4409
      644.9647    153.8617    326.3789
     1785.5145   2209.6655   2045.5824
     1854.1373   1912.0558    932.3649
     2259.7549     20.7185   1451.1658
     2020.4661   1872.0551    804.8341
      549.0566    588.1086    452.8150
      505.0509    113.8808   1365.7454
     2163.6416    778.2784    171.1835
     1559.1262   1371.7969   2207.1060
      108.9790    853.7960   1495.7126
     1110.2864   1005.6497    717.2514
      280.4557   2174.5361   1081.5026
     1994.7705   1565.1429   1533.9902
     2102.6863   2058.3879   1744.2889
     1605.3203    874.5134   1188.1682
       56.2544    942.4647    109.5607
     2073.8508    307.2661   1460.2638
     1535.0854    263.5591    700.5441
      194.3463   1019.0243   2231.3579
      595.8239   2223.1575   1250.3481
     1703.2853   1058.2676    184.4286
      314.7173    746.1161   2089.6902
      113.5215    515.6252     69.4219
      106.4642   2127.6799    553.7730
      758.4280    665.9274    549.9078
     1371.5376   2049.8000   2025.0297
      295.3564   2149.7156   1984.4303
     1244.4575    651.7109   1986.8722
       19.9773    692.1238    585.8180
     1402.5631   1251.7979    815.5233
     1252.5732   1185.1663   1128.4380
     1406.5846   1229.6637   1258.3867
     1876.1737    193.6333   1064.1622
     1206.3414   1112.1188   1804.1123
      368.2518   1099.4301    516.0474
     1454.3236    691.2192    225.5550
     1845.4733   2235.0374      7.4679
      856.9628    287.3257   1709.8710
        7.1472    541.0093   1952.6323
       46.1743   2089.1619   1368.3816
      637.0402   1736.2142   1672.2422
     2101.0154   1186.7838    129.5884
      890.0549   1059.4363   2064.4607
      364.6578    630.0472   1322.0225
      762.4376   1721.2971    257.4818
      397.9771   1999.7789   1824.0740
      707.7403   1044.1621   1500.8662
     1515.1826   1660.8827   1221.2350
     1591.6321   1243.4481   1154.9784
      437.0410    256.5297   1910.1545
      576.3714    848.9268    796.8719
     2207.7478    762.1201   2046.3854
     1660.8998    631.7635    735.9272
     1009.5999   1024.3461   1513.5845
      312.7988   1241.8302      0.4728
      889.5347   1859.5010    616.4552
     1434.0145     96.3274    989.0667
     1825.0431   1709.0123    589.1859
      387.8245    652.9399   1804.4022
     1773.5205   1699.9584    391.8594
      632.7052   1550.6680   1990.9719
     1950.9709    332.1332   1623.1260
     2205.7036    562.5537   1466.8402
     1259.6829   2258.7371    783.9092
      800.0671   1775.2072   1848.1698
      535.5464   1991.3899    428.6806
       78.1814    872.1517    516.7458
      574.8638   1507.6416   2197.8586
     1568.8263    906.1749    996.3594
     1772.4084   1352.4895   1228.0754
     1116.2152   1562.4607   1846.0111
      467.0316   2065.2300   1614.6343
     1430.6792   1191.1598   1011.7762
     1958.3629    922.5490   1400.2494
      447.6509    252.4438    547.6592
     1814.9545   1056.4933   1390.2650
     1119.4722   1850.3702    579.5884
     1183.1823    989.6671   1105.4846
     1372.7338   1512.8044   1245.3367
      706.5917    152.6186   1435.9089
      954.9334    232.6763    777.6130
     1981.3649   2236.6199   2088.1555
     1953.9518   1399.0918    893.0113
     2144.4465   1312.8339    310.1700
     1274.0399   1945.1478   1883.2954
      361.0015    528.5519    332.0687
     1645.7350   1386.6558   1899.4083
      874.1219    223.5894   2068.5076
      435.9911    196.8725    329.8003
      989.4414   1987.0435    496.6227
     1857.1248   1930.0289     40.2077
      486.1148   2252.5549    676.1702
     1409.5942   1939.2946    104.3696
      468.1433    283.3407   1704.3776
     1083.3434    297.4519   2094.5308
      257.4838   1927.0140   1674.2183
      855.5226   1316.5771    571.5208
     1847.1844   1877.9342   1509.3789
      862.0956   1490.8970     39.9028
      976.8906   1895.2748   1829.8074
      125.7323   1992.1440    692.0933
      341.3674   1537.4059   1527.1970
      193.9180   1588.1458    685.3517
     1543.1543    606.0339    542.9241
      894.6911    180.3217   1516.0939
     1481.1235   1719.5292     32.1174
     1182.0946   1573.7354   1649.2465
      254.3069   1551.8221   1742.4810
      903.3628    527.2338   1381.4022
     2256.6248   2081.3965   2254.1057
      885.3528   1081.5562   1002.7982
     1793.4572   1182.3435   1931.4211
      160.8115   1382.9667   2261.2278
      419.5772   1536.4668    589.9718
     1623.1545    184.2770    541.5902
      575.6482   2201.7024    336.3707
     1107.3218    124.9500   1973.4095
     1271.1626    576.6439   1576.5730
     1669.3004   1028.9329    784.4810
      413.7654   1866.3827    963.8422
     1409.3674    328.4700   1246.4626
     1635.2876     85.2448    758.8252
      358.1340   2057.9736    941.2610
     1162.0892    852.0905   2056.2649
     1978.7946    143.2254    634.3627
     2192.8613   1919.7844   1519.5232
     1657.4901   1959.0500   1877.0349
      542.8203   1711.3997   2071.1260
     1573.8693   1888.7454   1204.4045
      746.4542   1671.9116    917.6152
     1322.0400   1503.4452   1993.1067
     1825.3778   1094.1738    368.4626
     1951.1129   1297.1604   1074.5449
      141.3276   1052.1498    438.4101
     1356.0610   1308.9623    624.0893
      876.5649   1666.1978   1097.3928
      822.6166   1148.6644   1172.8805
      921.2872    654.9359   2129.2410
      632.9965    863.3138   1411.7789
     1125.2531    677.8004   2196.0349
     2169.5093    737.9908   1594.8777
     1345.8062    841.3397   1956.9592
     2161.1785    146.4926    254.1708
       85.6811    312.8933   2255.4207
     1254.3990   2067.6685    502.8330
     1910.7764   1225.5837    514.2949
      781.0383    332.9769   2258.0139
      189.8351   1238.0695   1023.5324
     1268.1475    989.0292    348.8313
      642.4921   1898.7446   2012.1464
      507.2212   2172.5669    146.5252
      530.7638    745.1528   2027.3903
     1405.2864   2239.3230   1897.5255
        6.8870   1629.4100    779.5733
     1133.2499    106.7041   1553.3163
      466.5637    689.1324    723.2491
      873.4294   1020.8387    562.0413
        4.2535   2149.7517   1838.4509
     2143.4436   1707.9490    248.6543
     1061.7871   1225.4628   1862.4819
     1867.7488   1405.1079   1568.8163
      211.7718    148.5298    348.6923
     1842.2318   1484.3148   1376.8304
     2044.0914     80.5715   2246.9819
      217.1906   1203.4805    556.3369
      841.1821   2134.6270   1184.6016
     1164.4513    646.2774   1135.6704
      118.8130    735.6712    149.4284
     2173.1975   2228.2063   1268.6598
     1046.5132   1401.8385    929.0283
     2232.9136    534.8372    383.2949
      455.9385   1215.2260    185.7684
      838.6558    796.1887    278.8679
      619.2642    200.8804   2250.4929
        0.4214   2026.2806   1168.7903
      138.3583    564.9674    284.2578
      866.0770    129.2334   1843.0953
     1345.3088    305.0070   1017.4385
      606.5632    534.4229   2097.0876
     1278.9244    831.1351    448.6629
     2065.0198   2111.5427   1113.0999
     1414.7651     85.4623   1528.7793
     1141.3828    797.4465   1843.8685
     1528.4440    424.7195    975.4732
     1755.2584     15.3093    247.9052
      779.6016   1903.1984   1700.0530
     1246.1425   2121.6799    157.2675
     1756.7635   1247.4553    220.9059
      135.7397    821.1729   2200.6062
     2024.2721   2017.7897    432.3289
     1835.1274   1405.0986   1929.7074
     1931.0472   1005.9666    230.6217
     1476.7976   2046.9225   1844.8876
     1541.2886    336.8114   1431.5802
      862.3743   1837.4126    410.8469
     1995.4662   1781.3440   1035.0768
      594.5228   1764.1227    373.5817
      214.4263   1834.9858   1069.5546
      718.1328   1233.6686   1009.2982
     1173.2838   2040.4977    687.7786
      545.2599     11.2789   2219.9023
     1241.2375    560.8905    509.1793
      769.1915   1963.0275   2179.1165
     2140.3091   1410.5299    115.9126
      703.0865   1057.4371   1951.5669
      939.5674   1319.7413   1264.4761
     1920.9821   1142.7557   1240.2233
      858.3169   1270.1449    859.8257
     1519.3419    228.4994   1109.0663
     1263.0444    465.1747   1180.6643
        0.6425    120.3020   1788.0400
      632.2485   1858.2715    891.4825
     1076.4086   1169.9885   1237.1885
     1623.9293   1103.9303   1509.9404
     2191.7498    434.6164   1116.6029
     1568.5728    456.7662    744.8851
     1736.2344   2069.6919   1526.3906
      554.3488   2059.1484    834.0422
      396.5202   1332.9946    571.5067
      603.5309   1348.0201   1719.4183
     1084.1942   1364.0333    540.9614
     1484.3754    713.3185    710.1638
      215.2608   1921.8088    861.9280
     1026.0321     87.9585    908.1627
     2112.8044    404.5830   1837.6589
     1503.5366    970.7603   1926.7378
     1730.1388    272.4524   1358.7281
      257.4968      1.1394    660.7809
     1150.6108    780.9595    803.3019
      160.1220   2011.3629   1044.3817
      998.9479   1656.5056   1502.7241
     1216.1139   1346.2656   1305.6936
     2079.8291    211.0142    997.5042
      989.3804    440.3033   1732.4733
     2029.2605    858.0564    347.7590
      504.9138    923.8349    409.8102
      187.1468    405.9096   1917.6517
     2000.0878   1535.2306   1055.6328
     1574.1331   1941.6917   2063.0999
     1487.2787   1606.0576   1903.1648
     1733.3468   1580.3719   1915.5720
      120.2853   1778.2958    725.5175
     1450.9396     19.9875    787.8881
     1139.7584   1259.2355   2203.5530
     1378.7189   1441.9010    889.6497
     1429.8995    113.2353    590.1785
      467.7567   1174.1412   1717.8337
     1925.7201   1739.4850   1216.8628
      865.9927    129.0579   1317.6079
      971.7302    723.9681    846.3097
      354.3895   1061.1814    108.1722
      540.2314   2012.7921    634.3361
       91.1362   2109.3013   2030.4248
     1807.1572   1173.3760    723.1427
      844.7783   1035.8176   2248.0605
     1410.2191   1060.6847   1444.3260
      357.2654   2041.0836     86.3681
      729.4126    137.3307   1686.7820
      309.9264    304.7787    850.6882
      855.0746   1785.9781   2247.4978
     1061.8441   1495.4691    202.5065
     1171.3674   1685.4821    244.1621
     1285.2664   1707.4308   1912.7681
     1833.6312    748.5801   2252.6223
     1787.2622    154.9840   1931.9279
     1245.9951   2097.9714   1761.0181
     1235.7412    104.7349    959.8691
     1706.7521   1972.0778    157.2120
     1331.0299    736.8442   2154.8730
     2037.5526    652.5784    265.1393
     2227.4062    960.1564    355.0803
     1341.4792   1375.7847   1634.9889
     1627.5720   1091.9796   2061.5535
      955.0725   1382.1118   1855.9932
       27.3231   1135.6185   1326.5431
     1274.9596   1447.1626    262.1484
      482.5056   2049.1248   1398.0231
      377.6157   1136.8488   1343.7135
     2088.2363   2256.6118   1769.3127
     1627.1411    759.7543   1902.5507
      502.8083    688.4901    269.4527
      187.9323   1027.3385    240.7049
     2142.6252   1680.2920   1135.9105
     1602.6670   1182.3340   1869.1411
     1096.1824   1628.3105     48.4855
        4.1887    528.7476   1748.1086
     1117.3019   2148.4268      0.1106
     1287.7103   1884.0028    799.2083
      746.6912     97.4180    550.4816
      837.0596    112.6590   2254.2427
     1811.6870    241.0942    230.1951
     1836.7358    501.2326   1602.3729
     1170.0935    374.2737   1890.7997
      490.5472    139.0159    857.8214
     1619.3268   2257.3098   2190.5593
      923.5076   1566.9517   1766.0107
     1303.3921   1705.6501   1146.5847
     1717.7732    537.9802    908.1967
     1705.4912   1742.5172     13.2250
     1663.4320   1871.4121   1001.0563
      417.9685    349.1444    200.9082
     2100.9507    792.7403   1765.1447
     1120.5398    798.7405    134.1009
     1067.9280   1844.4277    353.1770
     1018.6187    880.2606   2204.8674
      392.3868   1274.9265    788.6071
      331.6028    822.8320   1144.4558
     1453.8632   2236.7192   2081.8433
     2030.4694   1571.2689     80.9457
      449.4372   1840.3103    522.5397
      896.2256    424.6025    427.5675
      112.8066   1730.1522   1756.9556
      292.6216    727.5667    267.8937
     1534.3623   1046.3895   1111.4783
     2102.1033    236.5548   1720.9579
     1156.4922    559.4927   1788.7773
     2190.1287    716.9417    837.1082
     1123.0422    119.2543    460.1245
     1940.4199   1067.4152   1049.2855
     1548.2335   1221.2323    140.4877
      955.8807   2187.4487   1014.4208
       51.5025    148.8601   1269.2068
     1353.8837     31.2155    215.6793
      889.5795    383.2666   1527.1403
      292.0651    277.4593   2065.5962
      141.0598   1177.6454    101.1555
     1679.5695    466.2512    180.4906
      370.2532   2227.8186    842.5156
      526.2003   1453.5377    456.3260
     1187.3151   1026.0726    143.6242
     1480.8361   1874.1394    871.3593
      510.2703    947.3494   2051.2268
     1029.4410   1468.4406   1388.7152
     1602.4213      3.9169   1113.6704
      182.6727    275.8503    986.6027
     1208.3931    413.9098    686.0889
     1221.3177    715.1249    286.3349
       20.3877   1831.5699   1104.7147
     1151.7874   1535.5106    839.5159
      698.6620   2027.0153   1404.7239
      808.1954   1666.6531    666.9337
      834.1498    221.3195    397.1456
      928.3561   2204.5254      0.1599
     1452.3916   2133.2852    121.1433
     1700.4622    170.7641   1178.7091
      519.0166    376.3185    369.2902
     1575.3812    714.8370   1001.7195
      549.7182    204.3697   2075.6328
     1064.9174    986.6224   1884.6754
     1626.2305   1575.4209   2246.9646
      514.3567   1466.0359   1857.9418
     1838.2007    191.5980    479.7538
      144.2259    771.3942    745.8932
        4.6986    319.1449   1921.9462
     2223.1721   1883.2679    120.3849
     1604.5221   2255.1243   1809.9080
     2166.2737   1387.6494   1879.2842
     2111.5425    763.9645   1043.1171
     2109.5930   1939.6809   1023.6745
      198.2772   2172.9597    215.1779
     1929.1049     42.6866   1908.5016
     1116.8979   1550.0332    620.9774
     1820.7865   1802.6334   1932.1675
     1769.2690    209.6079    663.3088
     2098.6602    963.7988    891.3018
     1939.0382   1609.7887   1918.1976
      437.0861     86.0684   1170.2603
      356.4711   1966.4775   1140.0367
     1792.6716    296.1245   1737.9760
     2058.0901   1480.9938    585.2945
     2058.0911   1778.8102   1899.8190
      488.1175   1109.4792   2241.2510
      381.1869   1377.5837   1732.3655
     1062.6553   2198.6094   2068.2419
     2027.2947   2244.7590   1416.7999
      358.3751    180.2991   1526.8650
     1507.3953    598.8483   2125.5947
     1056.3809   2251.4724   1835.1917
     1872.2919    706.0836    383.3091
     1453.6677    116.5854   1748.4192
      939.2257    861.0431   2020.7527
     1028.3075    816.9339   1063.6033
     2129.5947   1303.0325   2060.9639
     2117.9741    951.8118   1095.0050
     1471.7058   1258.9520   1465.6980
     1987.1908   1088.0541   1527.2784
      742.0768   1604.1254   2143.1597
     1874.6727   2079.4465   1712.2008
      875.9829    567.0203   1593.6975
      737.9493   1158.8021    696.6054
     1732.0631   1476.0867   2114.8689
     1370.5905   1771.6732    215.1048
      982.4208   1609.5430    923.6672
     1429.4924   1842.5070   1930.8164
      447.0343   1838.7522   1936.8531
     1720.1117    637.0390   1244.2510
      538.1788    421.1931   2259.6873
      478.9004    752.7503   1492.5586
     1225.2990   1910.9240    210.0498
     2020.0873    902.0939   1591.5636
      928.2155   1087.5732   1349.3868
     1408.9902    811.3251    893.0676
      333.5340    542.9357    132.1514
     1566.3442   1727.0199   2107.7466
      697.0701   1840.7441    537.0347
     2122.6616    981.1536    203.2171
      993.8371    701.2430   1249.2848
      755.3007   1847.3464   1047.7573
     1165.9905    305.1739   1257.7064
     1820.5594    801.9193   1955.6801
     1927.4062   1377.1442    157.2433
     1435.1445    571.6089     57.6968
     2182.2402   1076.5236    553.3981
      492.3194   1700.1915   1516.0494
     2210.0823   1860.2803    687.2085
     2067.7180   1515.0374    282.5695
     2136.9912    827.0286   1256.4741
      531.8589   1111.7173    997.8467
      717.9653    694.7087   1512.4392
     1140.8987   2172.9644   1406.1016
     2190.1772    893.5740   2230.5186
     1094.9468    508.0925   1314.5684
     1600.5829   1415.4901    290.1958
      455.3454    934.2555   1004.7329
     1343.5098   1506.1489    727.8306
      547.0456    664.3494   1647.7501
      271.5018   1681.5950    548.3957
     1973.8512   1388.3092    410.3753
     1724.2626   1343.5991    612.0655
      339.0085    539.5775    539.5009
     1853.1855    185.6244    852.9240
      951.3898    511.6255     50.4253
      859.9659   2072.9324   1529.6891
     2085.6279    437.3786   1287.5868
     1987.6458    192.4852   2085.8813
      578.1967   1750.8799   1067.7356
     2084.2183    238.4650    478.7758
      110.7212   1575.0448    470.3411
     1415.0273   1503.2252   2194.5913
     2071.0325    984.4956   1825.0198
      210.2794    813.6414    968.5184
     2016.8658    380.3380    576.4628
     1496.1704   2002.7863   1034.2264
       13.5681   1243.0835    907.8655
        3.0446   2077.0837    217.4876
      189.7401   1644.1335   1935.2595
     1906.0101   1643.1864    235.1762
     1164.4708   1390.9996   2010.7241
      432.4288   1529.5842   2046.7019
      225.0051   2198.9524    421.4592
      498.0198    112.6588    142.1902
      236.8228    499.5058    882.7266
     1898.8682    639.5385   2090.0681
     2009.5955    523.0798   1488.8080
      671.0651    995.0222   2175.8989
      104.5537    336.1048   1172.6627
     1645.9867   2135.3347    718.0338
      440.3303    823.6899   1694.9711
       14.7487    165.6859   1057.0330
      770.5428   2211.3188   1352.9763
     1047.6033    479.9629    539.4523
     1015.7693    165.5459    123.3540
     1402.4297    227.7406    171.8390
     2123.3418   1036.2739   1271.5084
     1687.9072   1195.1328   1335.3888
     1870.1423    405.7817    934.2163
     1802.1960   1005.7575   1596.2622
       33.6277   1222.8734    447.4947
     2018.5023   1809.9867    165.1582
      842.5157    493.2574    622.6874
     1099.0111    901.8198    317.1732
       31.0754   1066.0851   1528.7207
     1708.6625   2064.9390   2187.0173
     1136.5624    626.6208    946.6653
      770.8745    682.8679    111.4311
     1194.3285   1602.2157   1424.3790
     1753.7544   1324.1002    428.5800
     1703.2506   1725.5634   1409.4255
     1767.8505   1178.9486   1105.5165
     2255.0400   1916.8413    879.3624
     1397.8330    937.3541   1587.0469
     1002.8809   1682.9336    739.2673
     1646.1639   2227.2595   1307.9543
      586.6957   1199.6199   1173.7228
      977.1416    932.6658    131.5657
     1886.2998   2161.1829    353.4824
     1578.3833   1681.8093   1576.2452
     1623.3866    837.9862    798.2761
      704.5187   2114.4277    231.2417
      413.2849   1467.7378    255.8044
      955.5677    305.4708    976.0112
     1836.0602   2069.9785    787.4900
      494.1376    370.9814   1533.5023
        8.5932   1125.0754    237.2701
     1780.4950    857.3043    239.3938
      745.9943    908.5264   1799.7764
      558.0760    150.4390   1567.7758
     1928.3873    330.4985    744.1683
       84.9896   1828.8556   2251.2673
      742.5504   1209.0236   1366.5637
     1785.8760   1553.3807    906.4351
      687.7498   1567.2695   1775.3787
     1557.7070   1857.0444   1717.6720
     1523.6571    696.9707   1193.8126
      726.9485    601.8871    322.7010
      632.8120   1555.7979    316.5100
      735.8915   1393.8900    406.8593
      394.4668   2257.7483   1510.2418
      686.1623   1272.9130   1564.7198
      242.6588   1289.1351   2028.1721
     1354.2722   1432.6649   1429.3605
     1537.0150    610.9496   1766.7222
     1150.2047   1028.9421   1351.6705
      961.3611   1349.9806    135.9066
     2148.9873   1809.9585    486.2255
      586.3370    784.4411    584.7244
     1793.3419   2257.4194    667.3118
      692.0872    354.8638   2091.1624
     1457.2847    795.2284     34.4037
     1189.5729   1219.4260   1624.3328
      120.7429   2262.7969    989.0037
     1007.3398   1492.3552   1130.4010
     1449.9714    506.9872   1153.4374
      830.9993   1568.3892   1949.8687
      696.7193   1569.7415   1081.1710
     1290.8435    201.0244   1624.0488
      810.0600    140.4989    938.0223
      713.5223   1170.2688    273.6418
       50.5826   1418.4827    816.4673
     1089.4294    146.7114   1361.7382
     1526.4515   1454.4191   1598.0166
     2226.0854    569.1837    176.2551
     1741.6223      6.5794    460.7577
     1921.4403   1026.7930   1958.2667
      954.3384    245.6243   1171.3468
     1364.7926    393.4265    818.1772
     1577.7620   1332.4124    928.9101
      552.7664   1391.3997   1127.4932
      327.5604   1101.0375    913.2587
      549.4657   1149.8518    427.8954
      544.3483    114.2481   1807.9146
      540.4464   1877.9330   1205.6731
      602.9236    655.4301    881.2473
     1672.4648   1396.5548     92.9246
      960.8161   1807.0341    985.9924
      343.5467   2026.5443    301.2321
      101.0372   1879.0522    530.4326
     1533.7284    798.3943   2074.4685
      385.2143   1641.7610   1856.3352
      965.7402    131.7071    304.2565
     1456.6184    384.1773   2092.5952
      628.9450   1530.4854   1265.6241
     2260.1794   1347.4945   1353.0583
     1609.3754   1775.0250    520.5304
      723.5203    873.7649   2016.5662
      696.4368   2014.0282   1181.6842
     1910.5935    226.3863     27.9021
     1123.1632    446.3817   2232.3848
        5.4881   1945.0437   2112.3206
      172.7877    610.3112   1411.0256
     1293.0153    432.3670     85.8630
     1384.8068    392.3201   1582.8407
      563.8505   1045.9508    230.9351
      932.3426    120.4037    542.3881
      386.7371   1491.3014   1285.9070
     1827.5681   1547.3542     65.4550
     1667.9407   1532.3802    470.7438
     1143.2181   1393.9988   1752.3351
      145.2950    733.3475   1238.6868
     1529.2650   1291.2653    494.7733
     2225.4282    684.4091   2254.7346
     1058.9645    282.4438    583.9231
     1062.4924   1879.6478    762.4926
     2095.7581   1122.8644    369.3430
     1594.6854   1218.6831    739.0075
     1054.9977   1728.9078   1734.5841
       80.3321   1707.8724    153.6698
     1168.0336   1761.5254   1270.3883
     1534.5535   1977.4113    252.2276
      244.1601   1491.5819   2105.8054
       26.4896   1632.1545   1267.7736
     1218.1228    363.7972    472.3400
      913.6367   2135.8621   1910.0255
      869.1924    987.6548   1659.1086
     1269.4720   2063.4436    872.1821
      141.3251   1243.6719   1444.9734
     1190.3169    323.7158   1469.2811
     1818.0850   2092.5081   1335.3187
      702.2837   1730.1749   1239.2009
     1587.6710   1775.8859    176.8363
      199.5976    575.5320    694.2832
     1833.7648    340.6358   2103.6384
     1909.9952   1690.5409   1402.3682
     1794.8213   2014.2899   1991.3059
     2015.4200    802.6917   1958.2543
     1004.0104   1299.0127   1643.0607
     1767.2249    961.8484    979.2201
     1639.5818    205.7553   1769.3007
      933.9933   1907.1852   2028.9597
     2084.8777    693.7763    471.6949
     1905.8680   1025.6880    847.8033
      624.1888    651.9817   1298.4982
     1317.6194    167.0428    411.3312
     1226.0520   1304.4142    949.0881
     2142.0359     49.9556    442.9779
      104.2148    451.9590   1549.8267
      721.4645   2253.4265   1924.4521
     2216.9119   1528.4801   1423.3185
     1733.5636    122.0658     77.0477
      147.8166    177.4144   1451.2621
       87.3698   1709.5393   1439.9069
     1962.4069     54.9705    168.0566
     1191.6376    408.5664   1666.2007
     2017.7926    608.7703     52.3341
      781.3783   1768.4830   2050.3411
     1135.3142   1934.7759   1697.2537
      582.8408   1497.3301    138.1742
        4.7371    896.3018    720.5834
     1986.1272   1784.3840    381.6300
     1184.1487   1169.4314    483.1215
      235.3225   1673.0952   2255.7183
     1023.5544   1422.2937   2207.8308
     1697.5388    494.2249   1757.1606
     1264.9955    309.3419   2065.8982
     2109.3057   1167.8394   1418.5447
      870.6995   1172.7017   1544.1823
      312.4864    430.2120   1058.1625
     1884.5854   1264.5656   2077.4231
      308.4803    671.7483   1553.2565
     1983.5925     19.1034    961.5430
     1963.1808    816.0549    149.7195
      956.5315   1871.0183   1599.2357
     1763.4443    784.0385   1114.7805
     1902.6919    537.1212   1275.0154
      890.1979   1062.9739   1861.5829
     1223.8035   1201.0576   2005.5935
     1229.4563    896.2008   2238.9395
      690.1801   2186.2446   1068.0283
     2164.3931   1925.1738    320.7597
      983.9821   2224.0591    398.7111
     1946.2935   2216.1924   1247.1798
     1256.5941     92.1063   2113.4829
     1088.6080   1059.7632   2053.4324
     1581.2373   1437.7070   1122.8990
     2020.3494   2055.4612    663.1800
      488.9145    438.3141    569.8237
     1929.9120    714.1064   1626.5341
     1399.0609    672.5601    414.7821
     1085.1273    470.3178   1085.4471
     1457.7610   1116.2151    634.1967
      174.5029    966.5488    829.1050
     1564.9801    480.2554   1928.4746
      337.6284   2254.8606     35.1277
     1246.9222   2250.6655    596.6415
     1716.7334    349.3585   1922.6185
     1945.2502    286.5838   1890.1130
     2017.5908   1200.1783   1914.6281
      906.0082    559.0425    228.7713
     1880.7814    647.3513    742.6628
      770.1396   2251.5083   1549.3580
     1053.7400   1232.5966   1442.6234
      361.6867   1883.6215   1323.5306
     1434.9792    648.5382   1945.3456
      108.6717    482.4070   1025.5826
      975.7136   1712.7241   1955.0193
      990.0325    277.4691   1902.0846
      247.4652   1365.8630   1600.6892
     1678.7661   1549.0326   1291.3464
      859.3156   2171.0205    534.4639
     1068.4902   1801.9540   2164.9783
     2112.1841    375.9144   2050.0310
     1517.3700   1787.4475   1366.0438
      961.2632    831.6580    470.2372
      417.1124    735.1887    441.0277
     2212.3279   2060.8953    750.2481
      280.7541    814.9658   1369.3763
     1003.5197    433.7078    741.6712
     1311.4586    751.3087    636.3981
      230.9843    170.4850   2244.8655
     1453.0824    166.1559   2064.4304
      372.0549    445.8278   1858.1609
     1372.5726   1371.8632   1105.4696
     1243.7722   1843.2847   2089.3142
     2033.0562   1763.1577   1567.8140
     1257.2408   1098.7527   2194.3394
      320.3092     99.0127    501.8747
      823.4555   1403.0431   2085.1990
      939.5513    639.3148   1776.7478
     2031.0142   1879.3955   1402.7582
     1724.5792   2044.8640    380.0090
      944.6616    843.0407   1807.9771
      483.3401   2210.2192   1029.8813
     1317.1471   1873.4910    999.4081
       14.6653   1267.8207   1152.4344
      288.0354   1853.1188    636.0892
     1471.1473   2199.1792   1412.6917
     1134.5825    505.8560   2050.4907
     2119.0698    968.6944   2049.4282
     1412.6145    944.5304   2131.9651
     2173.1326   2245.1233   1060.0001
     2031.7847    103.9663   1165.1106
     1789.5469   1885.4663   1318.0010
       54.4800    973.7560   2070.9587
      999.0526   1478.7234   2024.8397
       42.1417   1748.7742    379.9352
     1482.5857   2017.8921    477.9788
     1683.1782   2052.6548    942.0610
     1952.7391   2246.1941   1627.3044
      694.1574   2071.5356   1621.6082
     1288.0270    942.6396    797.3728
     1622.0902   1704.2441    893.4390
      231.7616    914.4773    636.9582
     2210.4863   1556.5107    979.1783
       65.8908    410.7191   2095.5247
      305.8586    408.0121   2259.7952
     1039.0225   2060.5525   1146.4313
     1237.8715   2201.6604   1978.1178
      491.9180   2049.7310   1980.4368
     2092.5173    722.5516    671.2769
     1075.4674   2164.8000    814.7274
      198.1838   1214.8351    325.0187
     1587.2443   1912.0427   2261.3799
      568.3746    448.0077   1055.4944
      654.9572   2114.3577   2073.5474
      538.5544   1140.8181   2045.7706
       39.8876   1078.1510   1823.7710
     1306.7458    639.6959    818.9874
      714.8223   1625.1326     82.3168
      181.5191   2252.0471   1561.2284
     1466.9529    874.9684   1352.5620
     1424.2003   1993.1500   1378.4419
      488.0726   1565.2930   1687.2761
     1662.0610    935.9796   1399.2841
      885.9240    783.4253   1630.3745
     1090.2207    911.1671   1690.2368
      804.7089    350.5909    839.2915
     1466.6946    929.1342    695.4382
     1728.5297    763.7925    595.5278
     1364.3213   1665.5190   2106.3987
     1658.4288    537.6201   1094.9244
     1369.2998   1149.6647   1625.6591
      302.9310    688.6246    838.4239
       68.8008   1814.6182   1594.1136
      248.6512    325.0840   1562.0725
      523.6152      8.2212   1993.0287
     1674.1920    890.9928   1714.7578
     1162.5245    241.0203    819.6866
      331.3422     82.6147   1934.3579
     1639.6942    932.2276    575.3134
     1416.6418   1869.2405   2158.1143
     1376.0792    274.2296   2240.9600
     1148.9385    269.9676   1049.5665
      665.5477    316.7676   1740.3152
      143.8906    192.0208    692.8378
      912.4024   1134.5170    169.5437
     2237.8708   1083.1689   2257.7700
       40.5724   1273.3344    661.1813
     1275.7393    869.0001   1389.2301
     1917.4044    899.6339   2116.5996
     1402.4471   1737.2286    532.2053
     1832.9104    866.2513    746.4941
     1775.7572   1221.2208   1574.7588
      832.6019    828.2285   1116.6927
      326.3596   1096.3910    711.2345
      364.9301    902.2141    819.7253
     1043.5171    285.7191   1614.9023
      103.8878    369.5049    354.2866
     1552.5820     57.8803    180.6866
     1695.5068   1176.7206   2258.4231
      992.9414   1261.6443   2067.8977
      703.0029   1067.2201    879.0272
      299.5963    154.9404    172.5675
     1161.7396   1741.6183    905.5768
      811.3665   1413.9147   1664.7566
     1676.4850   1290.6571   2059.6919
      487.7464   1584.3042   1099.7332
     1788.2294    809.7430   1317.4333
     1380.0897    530.1509    648.9282
     2110.2476   1280.3307    535.1635
     1801.6459   1794.5479    179.5624
      259.9420   1393.1892    903.4286
     2000.1124   1692.4858   2091.3169
      243.9740   1385.3875    706.3994
        3.0145   1478.3580    630.6033
      740.2880   1330.3616    171.1587
      797.8087    317.6374   1321.7054
      679.5040    137.8620   1209.2917
     1434.5013   1141.6865   2034.8416
      707.3474    973.2075    360.5105
     2159.1499   1979.1917   1925.3051
     1534.5953    244.7999    894.0588
     1561.4209   1238.6522   1664.1449
     1935.7826    577.3508    562.0325
       78.8547    609.4082   2115.6245
      559.0197   1995.6836   1030.5164
     1117.3649    183.4119   1761.6149
     1805.6858   1744.7433    810.0330
     2258.5684    734.8748   1383.5864
     1360.7408    249.6092   1432.4957
       45.8442    716.9128   1814.9763
     2063.8220   2013.5510    171.5389
     1821.4749    887.7253    443.3892
     1198.0947   2226.8210   1187.6909
     1824.6689   1540.3744   1151.9801
     1445.3197   1353.2416   1988.8832
      943.8450   2043.8148   1332.8180
      639.5776    843.2717   1178.7174
      455.1779    927.0930    630.2563
      629.2996   1585.6569    768.2887
      730.4544    694.3316   1728.2981
      813.4073    595.8453   1202.9641
     1171.4447   1536.0742   1246.7428
     2159.1560   1061.4116   1656.2559
      183.1018   2232.7625   1358.8033
      587.7606    781.0860   2216.9187
     1164.8335   1399.3546   1513.5695
      583.5221   1841.8945   1390.6616
     2020.0665   1269.0754   1610.2635
     1949.9329    248.7565   1290.9904
     2252.8381   1734.9775   1900.0657
      405.0037    896.5933   2209.1248
     1886.1970    895.5487   1767.2620
     1404.9980    338.5280    600.3027
      768.1381    529.6310   2219.7043
     1714.2269    977.7885   1886.0710
      843.3480   1518.1204   1269.4806
      179.8995   1429.0647    325.0321
     1304.3058    708.7556   1787.9822
      252.8216   1596.3728   1211.0573
      532.2733    485.4245   1738.9041
     1200.9501   1396.7677     89.6908
     1067.2865    949.9548    901.5493
      370.5757    829.7495   1899.6412
      325.5398   1720.4110   2072.0388
     1555.9584   1519.4141   2044.9312
     2125.9387   1316.6816    756.8115
     1472.6309   1561.9130    183.7813
      499.1783   2077.0293   1202.2776
     1837.1168    634.8981    189.0081
      805.3642    347.9853   1917.6652
     1653.1929    710.8524    189.8254
     1518.4504    236.3470   1600.8247
      105.1897    378.7544    771.1673
      444.1420   1688.7567    695.4185
     1939.8943    471.6102   1992.1908
     1620.7401    118.6367   1432.3447
      691.5184    434.8787   1205.0883
     1288.2426   2037.7325   1539.6688
      810.2544    555.3738    802.0190
      364.6935   1081.7311    315.1756
       76.4893   2236.2776    739.4921
     2136.4917   1153.4021   1057.6743
     1262.3019   1199.0715    271.7410
     1310.4683    537.8885    259.0815
      812.9278    723.3026   1921.0287
     2010.0461   1141.4574    674.9181
      937.7535    866.7263    696.3036
      620.4169   2175.2285    528.2466
      130.6405   1390.0831   1773.7947
      279.6104   1329.1721    175.8619
     1194.2417    230.9090     24.7697
     1466.2544    434.0164    212.4729
      769.7252    756.4711    735.9904
       81.5641     52.3274   1964.1095
     1425.4072   1317.5289    292.3546
      271.6779    946.1769   2044.6193
     1204.5963   2236.6755    365.9639
     2035.1879   1577.9753   1302.6476
     1077.4453    102.8436    696.2106
     1990.2966    785.9609    834.4541
     1155.8446   1361.5620   1136.7179
     2014.9062    989.7194     24.4974
      729.8510    480.0965    145.7665
      260.2046    503.2405   2091.9229
      923.5359    348.4981    214.2419
     1007.0890   2233.3350   1262.9238
     2197.1548   1103.3563    774.0672
     2139.1323   2246.4585   1968.4723
      714.9064    487.4087   1416.6677
     2152.2854   2216.5789    627.9874
     1799.9180   1720.4078   1029.8550
     2149.1541    359.8932    347.6426
     1372.6034   1952.5288   1694.3187
      951.7208    722.2085     69.5881
     1050.7378   1071.0731   2252.5930
     1599.4475    382.5300   1230.7075
     1523.5240   1559.3479   1429.1467
     1363.7595   1888.4594   1213.5239
     1985.8153    353.5719   1114.7550
      214.9724    111.0579    845.3784
      624.5975   1295.1405    550.0319
      841.3174   1524.2185    832.9149
      179.5205   1516.9487   1399.0229
     1710.9397   1393.9553   1703.2451
      679.9129   1143.6091     78.0508
     1459.9807   1050.5140    855.6154
     2031.1915   2074.2822    886.4948
      627.2797    813.9686    194.9473
     1611.5321   1178.5931    345.3436
     1084.8296   1123.6681   1035.1993
     1105.0128    685.0772    473.6167
     1799.1667   2238.3574    880.1677
     1277.8523    941.6392   1771.0682
     1092.7758   2057.5308   1897.7563
     2031.0081   1191.0724    898.0740
      377.3750   1459.2996     18.4882
      296.2118    902.4284    435.1612
      296.9931   2003.5273    512.5325
     1630.3923   1606.6354   1055.6965
     2192.5869   2002.1584    548.9495
     1307.2445    505.5573    986.2253
      904.4254   2255.5918    716.8792
       52.9514     12.1567    298.9042
     2041.0454   1695.3871    675.9861
     2163.3743    262.9799   1189.6980
     2120.2847    185.5328   1934.4812
     1979.9673   1897.5100   2041.7684
      320.3276   1169.9098   1564.2083
     1378.5619   1168.6974    451.1129
     1051.0345    309.3877    358.1812
     1823.7124     81.9773   1300.4779
      729.8085    357.3868    313.9730
     1921.1941    673.2750   1826.4343
     1406.4269   1157.7163   1831.6271
     1642.2634   2070.7380   1712.6600
     1602.0092   2246.7095   1595.7349
     2210.0474   1262.3073   1553.3213
     1840.9307   1908.7859    479.4173
     1134.1699   1833.3184   1931.9401
     1698.9534    332.6655   1034.6870
     2223.7112    887.8295   1889.5709
      704.6460    464.5100    487.0601
     2050.6631   1129.1355   2147.6116
      779.8054     11.3533    354.8712
      266.9796   1810.0326    148.0847
     1057.4302   1205.4856    847.1259
     1671.6493   1139.8685    554.1825
     2164.7139    337.2816    722.4308
     1071.9425    510.3077   1535.7877
      710.8661   2187.9780    699.0453
     1733.0182   1116.1326   1732.2832
      493.2306    995.3009   1591.0671
     1133.6785    606.7672    723.2361
     1361.4901    521.1635   1755.5350
     1968.8589   2256.0903    521.3311
     1459.9475   1846.3849    381.4421
      462.6608   1858.1702     79.3682
     2260.3784   2095.8745    954.8077
     1429.0150   1708.6337   1749.5186
     1586.4377   1563.6509   1740.3802
      863.0443     71.6359   1115.2614
      766.2067    946.5129    155.0303
       95.2864   2066.8066   1560.8036
      971.0458   1171.5461    462.1202
     1931.4561    851.4822   1010.3106
     1486.3203   1173.1097   2217.9153
     2247.3708    151.2930     40.1682
     1226.2649    813.2239   1005.2527
     1256.5751   1764.3402   1726.2623
      175.5983   1196.6608    808.1044
     1547.7024    395.0781     26.9241
      977.6254    484.3908   1927.7775
      576.0728   2032.5497   2256.9287
     1679.3657   1602.8920    212.8036
     2071.3557   1623.4604   1753.5555
     1333.9509   1209.9514     82.5132
      918.0372   1662.3308    122.7990
     2046.5792    941.2347    697.1031
       61.2732   1411.4729   1568.7092
      712.0576   1487.1744    586.2357
      112.4676    184.2014    191.1173
      133.2256   1590.6685   1598.5753
     1508.3453    550.1464   1328.2994
     1190.4551    163.6523    241.3020
     1296.3505   2043.2687   1118.4011
      437.9290   1323.5875   2120.0920
     1828.0929   1333.9281   2251.1208
     1277.0868    350.8726    290.9528
     1517.6436    388.7025   1742.2808
     1584.4318   2214.2932    922.5142
     1116.7255   1956.3993    942.5844
     1605.6085   2144.4534   1985.2400
     2169.9243   1464.0671   1192.9497
     1267.1060   1873.7029    408.0670
     1657.0544   1978.8197    573.7279
     2151.8525    521.7688    557.0689
     1356.4258   1631.5116    356.2107
      615.2466    472.3228    855.2444
     1322.0693   1519.2563   1786.6351
     1355.2662   1674.5867    882.5281
     1989.4528   1003.0995    484.3602
     1627.6073   1871.2249   1535.1436
     2150.5874   1719.8802     10.2773
      541.0437    506.7108    223.4959
      512.8448   1042.5065    800.3525
     1043.3459    103.9469   2186.4646
     1926.4275    329.8289    373.7861
      614.0704   1355.0101   2043.9838
      247.1432    641.1123   1080.4630
     1649.0281   1740.2661    690.1743
     1890.7949   1534.5383    708.4252
      309.4551    107.3324   1333.0410
     1542.2648   1652.9263    353.3524
     1105.2920    366.9138    155.7877
     1945.8524   1227.6066    287.8130
      727.9570   2158.8103      9.4725
      692.3288     49.5636    144.6159
      342.1582   1000.2361   1733.6906
      302.7768    882.8019   1561.7737
