      893.4895   2259.1331    282.6312
      879.9268   1408.8895    935.6924
      952.7285   1752.4154    129.4493
     1126.1133   1068.5917   1820.2054
      558.3065   1633.3777    773.6771
      810.5446    647.2200   1125.4000
     1851.2302   1467.0996   1004.4449
     1248.4882   1927.7603   1220.0529
     1360.2755    258.3300    819.2328
     1155.1323   2130.3406   2242.0757
      433.9444   1607.7502   1426.8445
      905.8881    189.8549    143.3811
     1429.5198   1965.4780    412.7034
      711.1336   2203.4553    807.5804
     1465.9486    779.3596   1150.7162
        7.3895   1407.8751   2099.2966
      944.0570   1681.7540    529.2147
     1352.5470    109.7598   1581.4734
     2052.7693   1816.9822   2232.2029
     1998.2510    382.9528   2021.8468
     1110.2577   1677.7233   1203.5151
      645.7502   1876.9502   1711.4207
      126.9224   1186.3376   2166.1282
      919.7998   1478.6968   2067.6777
     1083.9312    762.4478    810.9346
       87.9799   2057.8972   1770.8773
      468.8171   1256.1255    685.4520
     1415.8174   2060.1536   1724.2583
     2091.2839   2026.0720     74.6056
     2016.0719    344.3724    364.7909
      799.0869    964.2676    531.2988
      140.4376   1044.5731    684.8802
      507.1516     86.7141    626.3287
     1684.1248   1614.8617    874.0233
     1242.3127    799.3852   1727.9464
      744.8361    162.2380    654.2611
      724.5932   2130.5122   2158.9861
     1225.9677    444.2297   1523.0773
     2008.5782     74.2938    297.7521
     1431.7993   1964.9303   2179.6611
      312.1497   1390.6199   1366.3727
      350.7625    350.6842    245.0440
      476.5517    252.9818    827.5502
      486.6535   2033.4222    859.6638
     2109.8613    195.2272   1239.2660
     1758.0885    165.8374   1430.3678
     1114.8507     66.9059   1221.0061
     1266.0461   1297.4718    729.9987
       54.5103    744.2329   1850.2474
      854.7684   1269.1548   2181.4932
      609.2494    931.8121    865.1256
      997.6420   1405.6519    385.7422
      458.8932   1223.4977   1471.1964
     1488.0240    943.0882    124.2074
      649.2466   2124.5830   1717.3986
     1581.4525    687.6486   1418.8041
     1721.2454   1452.0070    699.1595
     1127.8583    216.0273     91.6898
     1351.4158   1823.7198    591.8097
     1638.0089    707.2212   1634.4429
     2250.1299   2033.7958    481.9024
     2110.6216    568.8854    746.3581
       47.6896    295.5561   1788.4552
      109.2272    408.4445    648.4583
     2208.3875    850.5800    280.1977
      608.6857   1395.6984   1128.5430
     1337.4995   1141.8523    417.1290
     1437.7047   1600.4545    401.8847
      959.8427    281.4357    654.8127
     1161.3304    617.3313   1412.2533
     1028.6486   1392.9014    759.1672
     1932.1735   1961.7682   1870.0663
     1404.6115    995.8687   1212.5923
      198.7723   1330.7615   1970.9252
     1628.6968    467.6985   1398.8428
      136.4445    185.7734   2007.5081
      684.3552   1762.7456    126.4032
      303.2835     99.5506    883.5375
     1088.7518    465.8792   2046.2223
     1515.0822   1708.8025    718.4027
     2138.7043   1401.6987    736.2415
      683.2414    922.1978   1104.2284
      726.4049   1975.4906    735.8295
     1359.0227    911.7811    365.0288
     1762.1140   1360.6992   1603.5068
      565.7806   2205.8894   1467.3828
      519.2249    727.4883     30.8425
     1485.1357   1760.7876   1453.4054
      885.5125   1678.1848   1341.1285
     1189.5336    424.7148      2.0624
        5.7018   1392.6387   1820.8722
     1906.1965     71.9189   1639.7496
      269.2695   1674.0892   1015.6021
     1243.6163   1635.3079   2035.3552
     1641.8947    370.9311     84.8670
      768.1778   2202.2881    599.3735
     1321.6764    331.4851    430.5064
       24.4029   1096.2903   1637.1406
      112.8463    202.7089    561.1551
      274.9180   1762.3654   1955.4376
     1780.0685   1156.2627   2146.4844
     1939.9664   1084.5547   1053.8260
      660.9116   1402.7068    844.0651
     1516.6952    775.1310   2086.3342
     1774.3489   2133.2148   1502.2823
       21.7327   1440.6774    945.8782
     1391.9092    313.2282   1693.4664
     1622.8418   1950.5210    611.9435
      179.7750    748.1927   1659.9060
      232.2497    835.0087    855.4549
     1535.4229   1312.6187   1667.7146
     1494.1622     90.1457   1390.6912
      208.3829   1645.1753   1284.8600
     2120.9719    591.4585   2129.6533
      108.4688    422.6590    384.5093
       45.6673   1796.6021   1191.3768
     1259.2715    550.6459    533.9644
     1786.6312   1948.3273   1663.8170
      993.7762   2243.2134   1687.7574
     2174.4060    945.9642   1355.1688
     1912.0350   2081.1162   1214.6329
      513.7143   1006.1587    648.2564
      305.5829    364.3125    462.0424
     1166.2826    927.3455   1234.9229
     1966.3561    187.7075   1818.0820
     1574.1306   2134.7397   1392.8411
      179.2488    714.3243   1049.0767
     2166.4956    254.6200   2193.9460
     1520.2454    924.2714    826.2176
     1843.0310    981.1579   1815.4531
      833.7735   2044.6536   1165.3275
      233.8338   1276.9924   1553.1016
       99.5382    219.5448    821.6786
     1927.9487   1564.0692    752.4534
      272.9064   2017.6379   2221.1150
     1168.8762   1811.9828    189.5177
      437.8242    259.8560   1235.9084
       65.1819    117.5258   1576.2245
      230.8403   1383.7567    992.8740
      587.6433    359.8409   1390.3702
     1243.2576    178.6440   1400.3719
      624.0353    723.8075    277.9560
      505.2600   1574.9559    563.1299
      446.9828   1305.2731    937.2850
      801.5818   1531.8110    452.8403
     2032.0983   1747.2930   1334.0969
     1049.4974    659.9092    589.9441
      179.6082    205.2119    343.1571
      642.0808    918.7397    121.0237
     1914.6844   1369.1162   1802.3257
     1092.2705    672.9210   1629.1443
     1397.5057   1753.7168   1689.4989
      370.4458    380.1583   1459.9985
     2206.3049    213.0133    160.5883
      300.2870   2227.3350   1418.4459
      542.7964   1692.3699   2220.1733
       23.8657   1336.6697   1582.0854
      843.6378   1933.1105    930.9129
      869.9424   2080.1951   1880.0409
     2150.2559   1910.2229   1957.0167
      569.0735    836.6710   1911.7986
      517.1952    520.1650    843.6851
      311.0247   1807.8781   1404.8770
      550.7170   2224.6187    256.4970
     2123.5637    557.4878   1906.4381
     1794.8307    599.1232   1276.4268
     1967.0991    591.2824    558.5729
     1695.7498   1089.0544    132.4470
      477.2442   2172.7700    443.4204
     1420.5521    188.7633    597.9996
      699.8492   1324.5179    109.8853
     1535.9821    756.2864    266.5330
     1819.5282    428.9547    433.1663
     1782.9829    795.1390   1463.3665
     1265.4015    833.4447    180.6380
      281.0897   1145.0631   1033.4451
     2075.5369    589.0870     93.4044
      925.6326    433.3431   1060.8793
      158.5950   1216.4066   1183.3790
      276.5392   1897.5464   1753.4690
     1290.5015   1540.3118   1040.3737
      201.8886   2191.8013   1617.7361
      358.4026   1623.8687   2095.5127
      880.6832    771.7746   1493.5989
     2245.4473    250.6966   1391.3276
      823.1993   1929.8761     39.5019
     2097.5391   1329.7266   1355.0614
     1017.2492    714.2990   1047.5800
      683.8357    652.6326    768.1593
      423.2298   1018.6680   1899.6807
      254.4126   1751.8179    370.0976
     1014.3445   1881.5078   1201.8707
      444.3900   1864.0387   2086.9963
      170.7937    943.8949   1305.0759
      744.0700   1315.7705    328.3922
      709.1553   1362.1542   2006.4088
     1322.2871   1410.3708   2023.5438
     1096.6576    305.5111    901.9101
     2245.5254   1191.1733   1978.9265
      930.3160    536.4810   1426.1631
     1430.6396    441.7575   1880.8740
        2.9424    976.7657   1839.6256
       88.5378   2222.1111   1368.9991
      107.4620   1659.8259    199.2990
      212.4618   1064.9199   1954.8905
     1080.3381   1601.3608   1447.0273
      782.2857   1020.8450    735.9083
     1916.6709   1223.2380   1452.4266
     1501.2357   1880.0272   1129.3044
      457.5149    610.7238   1414.3988
     2149.7756    666.3180   1322.9127
     2262.9785   1736.0291   2138.4944
     1560.1095    995.3401    391.2283
      781.1133   1498.4464   1412.4371
     2117.6057   2098.7295   1339.8367
     1383.1636    543.3923   1108.9113
     1804.7689    669.1897    407.8328
      561.7246   1406.5413   1381.2305
     1986.3531    374.6707      7.7016
      438.9695    406.2715   1813.8989
      466.5381   1860.2706   1575.9990
      762.5300    423.8857    156.0282
      719.2050   1275.0966   1496.3539
      250.8442    513.0475   1631.6538
      642.1301    728.5367   1002.4200
      907.0676   1332.7269    191.4284
     1740.2009    765.6113   2063.6338
     2103.3899   1566.6016   2178.8738
      824.8029    823.6355    913.1887
     1032.1447     75.5007   2202.6030
      495.5129   1639.6881   1659.2959
     1786.5754    217.6380   2256.5542
      772.2018    640.7881   1909.4747
       61.3634    606.4099    840.0273
     2182.2310   1425.6147   1153.7208
     2166.2769    446.5131   1402.7065
     1860.0093   1737.6184   1515.9902
      353.1117   1188.2316   2077.3328
      194.3069    558.9341   1430.0499
      662.0104   2006.7689   1501.7921
     1555.4208    134.4091   2221.1028
     2177.3240   2257.7102     96.7102
     1016.7092   1621.6320    322.6583
      883.7355   1024.7957   1791.6754
        7.0887    810.9235    928.9133
      199.6575    841.3000   2044.9133
     1808.3914   2162.6104   1025.3268
      200.3837    641.9004   2188.7822
     1651.5649    830.3906    545.8556
     1588.4539   1081.3909   1738.5510
      633.4739   1639.7568   1304.1025
     1080.2859   1077.7671   1068.6510
     1906.5575   1955.5073   1409.9009
     1531.0149    356.4608   2104.5881
     1652.9564   1969.0507    365.9984
     1346.1217   1334.3088    514.9150
      632.1387   1038.3785   1814.7240
     1155.2290    142.9293    785.8688
     1234.0670    174.2595   1836.0730
      750.7963    795.1777   1285.0543
      331.9518      4.4079   2236.6658
     1274.0139   1014.4894   1632.8553
      681.2737    444.2427   1755.7903
     2016.8473   1903.1592   1619.2782
     1773.2617   2129.1118    553.9935
     2127.6040    709.8054   1707.1008
     1197.3008   1712.6364    437.1443
      821.0433    259.9970   1992.7769
      701.5244    977.5698   1389.1384
      692.9843    186.2284    902.7717
      812.3548   1251.8983    770.8249
     2185.7683    419.4868    185.1520
      292.9909    212.6067    675.5192
     2094.9224   1206.7838    600.4241
      618.9971     76.6669   1698.2814
     2057.1553    944.9925   2175.7314
     1158.9935    492.2701    277.0619
     2184.7595     60.0201   2127.0930
      252.5123   1997.0143   1945.6603
     1386.3965   2157.0117   1539.7120
      356.9301    824.8582    427.0784
      767.8891    907.4151   1636.8527
     1053.4022    681.6371    186.1014
      342.7761    497.7470   1233.8984
     1286.9447   1968.3451     69.4400
     1125.3627   2223.1108    390.5904
     1895.8159    485.4316    199.1550
      344.4067   1397.5630    509.8420
      649.6633    849.3693    658.2552
      224.8047    984.2250   1738.6769
     1043.5546   1911.6720   2249.0559
     1244.3937   1105.3833    880.1407
     1633.0995    569.5712   2205.1230
     1508.2047   1541.9933   1602.3713
     1848.4600    925.3626     50.8979
     1674.2485   1023.1482   1133.6157
      171.2759   1966.3533    356.2021
      150.2896    337.7337    128.1938
      689.0528     95.2364    416.7184
     1293.8757    899.3875    768.5430
      272.1921   1884.4719   1216.9362
     1534.5935   1573.5997   1095.0486
     1402.2336    735.7961    490.7519
      869.6179    251.9660   1336.6886
      700.4909   2252.5393   1057.7136
     2092.0688   1921.5999   1201.1924
      655.9391   1468.4249   1604.0109
     1366.5829    577.9216    292.7508
      629.0478   1918.2515    470.4053
     1668.6044    475.1567   1788.3186
       83.1325   1764.1118   1457.6566
      947.1516    976.4318   1401.8130
     1081.5646    341.0486   1370.1837
      109.3324   2255.9543    760.0782
     2118.1326   1708.8188   1558.7833
     1090.9209   2018.4041    212.5895
     2093.1719   1278.8247    944.9235
     1415.2806   2112.2534   1161.6223
     1104.0671   1482.8043   1673.6051
      526.2865    777.3160   1259.3730
      418.8073    446.5232   1010.2057
     1309.2141   1746.3002    803.2803
      472.0406   2250.9021   1871.9305
      862.1866   2071.9373   1648.6852
     1573.4137    249.6144   1817.1097
     1662.1250    291.8643   1590.5597
     1161.5715   2107.3733    604.0201
      639.4890   1400.7926    602.5301
       25.5984   1025.2720   1129.5394
     1123.0736   1390.8167   2162.0811
     1221.6757   2185.3508   1707.8846
     1926.2524   1576.9283   1894.6575
     1550.4222   1983.9011   1577.6056
     1244.6123   1072.5118    213.6893
     1244.2903    636.0696     62.5748
     1003.8374    942.6335    603.6311
      571.8679    559.0274   1196.3503
     1497.3657    382.6295    328.3917
     1007.8931   1476.4232   1293.9728
     1598.3834   1345.4691   1413.0120
     1364.6637    484.3875    849.6016
      211.0086    984.5637   1517.9393
      442.5360   1541.5385    957.5615
      886.4734   1480.6078   1803.6190
       28.5832   1898.5531     38.0937
     1709.1261   1533.6863   1747.6842
     1568.6161   1873.1465   1798.7249
     2157.3745   1490.4238    274.4440
      240.3077   1787.8859   2204.8291
     1662.3065   1236.3528    777.5434
      439.1133   1250.2634   1194.6255
      673.4426    161.9799   1223.2373
      997.5814   1155.6554    687.7501
       23.7034   1874.6855   1638.1776
     1275.9429   1030.4115     17.7217
     1387.5502    780.1385   1359.0586
      754.3371    314.2902    494.9316
       87.2561   1815.1343   1870.8665
     1541.9977    832.9051   1863.6263
      854.4717   1998.9498    258.7150
     2130.7263   1181.2037   1782.9500
     1865.1571    786.7070    611.9797
     1006.9703    185.4697   1802.1835
     1386.9510    522.2586   1349.1420
     2230.3721   1538.5278   1520.4941
     2180.9780    310.9969    655.8208
     1327.9358   1459.4684   1743.2529
     2110.5466   1524.6553   1747.3440
     1544.1002    144.8538    404.3014
     2035.4054   1363.1190   1583.3771
      776.6991   2258.6633   1559.4601
      567.1763   1574.4415    159.5469
     1977.9922    505.8571    987.8463
     2240.2734    390.7679    892.4659
     1902.8119   2056.6562    332.2260
       76.4637    565.2682   1252.1989
      420.6916    351.9301   2033.6864
     1859.4679    955.7042   2063.3479
      927.0806   1714.5986   1065.1606
     1918.1255    529.2703   1796.5656
      220.8161   1450.1041    195.3628
     2069.7029   1687.3051    364.1017
      731.6231    609.8776      2.7258
      254.2531    600.8582   1850.5327
     1376.5502   2025.3286    630.1626
     1784.8737    390.3591   2115.6855
     1668.2100   1016.2671   1946.9333
     1729.2297   1373.2056   2221.5813
      863.0253    755.2048    685.4738
     1218.8198   1446.9191    379.2408
     1563.9702   2164.5974    466.2960
      364.7791   1479.3503   1154.3651
     1685.1835   1527.2018    346.4582
     1020.2394    619.8220   1874.2205
     1822.6649   1846.5667    453.4317
      343.8099   1700.2157    761.1387
     2067.1262    468.4623   1613.0333
     1893.6752    649.9328    809.2620
     1908.8724   1159.4760   1677.8601
      966.7906   1275.4916   1934.6445
      273.5502   2191.6450   1839.7705
     1649.0652   1728.1632   1618.1116
     2220.5740    600.0130   1030.8684
      972.1265    317.7729   2199.8667
      260.9311   1715.0720   1632.5736
     1904.6604   1559.7288   1642.8198
      612.7604   1951.6620    239.0057
        2.9372    804.3275   1196.7847
     2161.9768    477.3659    475.0839
     2254.7139   1405.9540     70.7340
     1654.5792    957.0474   2208.9712
     1743.0281   1025.9376    917.7915
     1359.2706    251.8404   2247.5249
     1203.0284   2155.2300   1078.0792
      253.1921   1261.5745    347.3323
     1648.9406    336.9480    542.1758
     1944.5153   1130.9990    803.8050
     1573.4784    588.8121    440.0717
      245.7415   1896.3004    159.5656
     1968.4296   1998.7583   2069.0701
      960.2086   1283.9941   1120.2762
      710.2368    831.8787   2185.3252
     2189.3076   2211.0562    906.4832
      141.8870   1477.8937   1176.7709
     1706.4174    301.9818    306.9213
      705.4347    489.9968   1002.3149
      126.9261   1576.1758   2243.2561
     2197.8547   1190.2866     39.4214
     1338.5914     42.9755     80.1403
     1970.0170   1548.6665   1199.3967
     2244.8489   2099.8533   1567.9675
     1586.4515   1524.6128    544.8475
      105.3084   2156.1934   2238.9092
     1258.3407   1760.7811   1406.6648
      393.2405   1304.8330   1805.6167
     1465.1721   1734.0032     36.7516
     1091.5826   2061.6287   1864.6099
     1501.1923   1388.2727    702.0613
     1845.1528    400.8080   1400.5732
     1810.3480    444.6469    707.7349
      943.5618    558.8626    399.4446
     1489.2837   1942.9381    804.1321
      176.4294     68.7241    148.9770
     1857.7153    567.8052      1.5565
     1982.0452    119.7274    880.5147
      164.4858   1561.0424   1995.7058
     1244.2444   1775.1708   2218.7998
     2147.8887   1635.4536    807.7831
      598.0197   1141.5918    853.6179
     1986.4457    654.3604   1160.5286
      401.3939   2030.7200   1364.6791
      451.3615   1776.4360    261.5388
     2037.1339   2155.1531    485.5150
     1814.0017   2220.5913   1976.6378
     1758.8120   1690.8125   1084.9288
     1940.5015   1390.8929    562.6358
      454.9294   1744.9308   1206.1593
      377.8489    609.2355   2053.7966
      381.5239   1559.8910    334.9308
     1187.2286   2039.5370   1399.4241
     1881.2877    215.4849   1247.2631
     1471.5775    627.3781   1799.5967
      900.3470    421.0132   1838.6914
     1498.3575    209.7824    176.9495
      283.9685    825.9072     45.8918
      596.3517    344.5296   1096.3794
     1356.7028   2132.3247    890.0623
      411.5765    998.7181   1213.6854
      614.3597   1064.2161   1580.8516
     2135.3135   2111.4294    680.6700
     2004.6772   1748.6511   2016.1700
      461.4304    965.2669   1425.0836
      860.4366    493.4510   2073.7324
      858.3226   1849.4720   1578.6302
      358.9787    282.0529     20.5833
      500.1285    151.2382   1021.0139
     1760.3081    617.9883   1010.2574
     1883.5320   1579.3530   2120.7312
     1117.4008   1104.6575   1510.1604
     1292.4111   1253.7432     28.6223
      850.9399    588.4913   1655.7321
      664.5457    360.8236    746.5022
     2001.3472    341.5592    820.8298
      292.5314     88.2799   1199.8468
     1004.4875   1845.6587   1434.7601
     1997.2301   2115.0759   1566.9561
       51.8690   1378.9081   1363.0406
     1687.0023    768.4729     72.1425
       39.7760   1230.9393    994.0629
     2118.8513    779.2105    520.5138
     1564.0247    935.8248   1421.0692
       71.0434    362.6194   1546.5527
      857.9877    347.2578    852.7799
     1422.0602    174.7895   1995.5646
     1359.2118    676.4354   1554.7843
      675.3596   1072.4041    349.4044
     1852.7598    836.3849   1046.9767
      861.0315   1751.9844    744.9296
     1765.2178    394.5421   1135.9991
     1771.4169    357.6892    896.9392
     2039.0430   2215.8174   1929.2308
      463.1703   2117.4668   2063.1765
      537.1763    491.3682   1589.0148
       86.0736   1023.5380    906.8217
     1327.7402   1197.6222   2057.8372
     2175.0295   1395.9749    477.6324
       17.5629   1288.7039    323.4843
     1104.0189   1216.6929    296.3055
      944.3157   2071.9397    706.9604
     1746.0079     96.5281   1784.3146
     1512.7969    467.6703   1608.3564
      122.5984   1391.9028    643.6354
     1704.2419   1559.4015   1491.9521
      145.7059   1217.3741   1783.4019
     1294.8666   2229.7632   1317.5566
     1358.6884   2230.4963    471.3202
     1987.8674   1774.0620    660.5341
     1842.4102   1603.5017    511.0793
      262.7326    263.2842   1673.9830
     1808.9121   1822.3402   2082.1477
     2162.1895    124.3821    756.0510
     1877.6477   1361.2906   2054.4717
      809.3232   1101.3553    157.8072
      400.0767     73.2075   1645.8031
      265.6617    390.3206    844.3774
      781.8552   1559.4121    225.9666
     2130.5916   2107.9160    277.4631
      908.4853   1379.3655   1599.8274
     1078.4526   1985.7350   1612.9033
     1057.7776   1492.6530   1072.9342
      257.7975    606.3091    447.4711
     1159.4153    843.3545   1478.8308
     1705.6737   2073.2866    154.6092
      454.4699    884.1345    224.4314
      666.8237     27.2755   1975.4828
     2071.2009    130.3107    529.1397
     1009.6967   1683.9633   2115.1201
     1685.0227   1995.7144   1222.5588
     1908.1573   1946.6500   1020.6130
     1445.9618    956.4811    597.0436
      491.3919    618.6401   1869.3195
       56.8080    822.3289    704.8857
      340.6362   1645.1584    102.5228
     1354.6267   1556.9805    620.4905
      645.7794   2065.5359   1955.3210
      733.7608   1682.9674   1765.1825
     1040.7400    982.7194    206.7828
     1219.6006   1056.1819    637.6375
     1888.4374    735.3295   1657.7776
     1536.5951   1142.1012   1324.6478
     1101.6984   1763.4287   1642.9373
     1176.8601   1739.8008   1005.5837
        1.8861   1742.2008    444.6893
     1221.2592   1999.0287    405.1292
      313.9838    905.3099    639.8168
      837.3217   1527.3110    687.4166
     1725.3738   2056.0679    792.9044
     1511.0297   1538.2992    152.3640
      106.9724   1789.2683    823.9102
      356.6553   1242.0917     45.9140
      119.9500    170.9694   2229.6406
      561.5939   1273.0717   2184.7136
      184.8923    342.9760   1281.1788
      768.3472   1277.1847   1800.9948
      133.9065   2062.8721    642.7193
      686.7620    143.7674    200.0531
     1762.5973   2237.7810   2207.6084
     1773.3711   1851.0560    823.4547
     2153.5886     20.9241   1457.5356
     2047.0001   1915.4292    830.8399
      593.6446    502.5939    567.2411
      450.7576    138.4070   1413.5441
     2095.1770    811.1816     84.3324
     1507.7979   1171.9507   2243.0891
       84.7611    767.7798   1421.2324
     1048.3898    983.9582    834.5117
      265.3686   2108.9695   1169.8635
     2007.5244   1534.1229   1442.3689
     2118.8276   2051.9668   1774.0950
     1678.1379    808.4383   1234.1906
       46.8379   1074.7880    255.8205
     1993.3599    224.9625   1446.3776
     1604.5880    274.3089    749.0919
      282.7539   1024.5740   2192.9561
      620.1869   2070.6494   1251.1180
     1725.7114    885.4449    284.1694
      417.1351    834.7350   2125.3462
       45.3046    677.2003    112.2917
        0.1291   2249.6677    532.3069
      773.0750    707.5039    474.3753
     1207.6713   2015.9652   2068.7600
      211.7646   2248.0505   2056.5667
     1397.0542    568.7707   2118.9153
       49.0063    631.2874    569.6193
     1436.4590   1140.3833    755.0118
     1307.2560   1162.5762   1096.6720
     1302.1863   1214.0109   1356.4879
     1978.8500     55.1572   1121.5236
     1400.2941   1014.6841   1843.2484
      441.6036   1022.8933    442.6326
     1466.5680    701.9232     77.9459
     1929.5640   2207.3284    122.0843
      783.6500    223.7457   1733.4905
       65.5684    596.7280   2014.1443
       98.2141   1998.9402   1328.4836
      882.9488   1622.5447   1611.2289
     1922.7781   1139.8119     40.4520
      930.8873   1031.5715   2236.4963
      293.3361    753.0573   1230.2832
      796.6619   1788.0935    337.0516
      471.3845   1988.8357   1827.8733
      870.8641   1103.9209   1584.1799
     1508.7546   1557.3005   1354.2567
     1565.0623   1248.4550   1122.7887
      325.8732    171.1820   1877.1970
      439.0200    760.1393    791.6959
     2162.3594    800.2592   1988.1699
     1696.7994    597.9022    601.1002
     1032.7126    920.5339   1641.7333
      139.0885   1243.7087    131.0977
     1087.5082   1898.2488    587.7142
     1304.1509     57.9653    986.4164
     1734.5017   1716.4464    660.6112
      419.7367    661.9019   1677.6141
     1579.2894   1780.7507    469.2278
      807.9581   1653.6270   1996.2566
     1875.7925    328.4524   1657.9248
     2245.9600    620.6065   1551.2672
     1107.2803   2177.9026    833.4111
      683.9336   1849.1707   1927.9358
      411.5677   2009.7849    325.3220
      138.1876    831.5339    500.2278
      467.1303   1471.5715   2247.6194
     1625.2988    831.9224   1009.9951
     1694.9818   1439.6024   1193.8534
     1225.1499   1688.8201   1805.1859
      417.4418   2094.0579   1625.9186
     1624.0961   1390.5294    953.7197
     1941.2172    817.6501   1304.4608
      530.1462    287.1364    536.6695
     1762.7874   1008.6149   1347.1266
     1119.3369   1691.9509    668.1562
     1375.2374    939.4130   1009.2860
     1421.1875   1386.2003   1214.8657
      684.4926    173.7514   1474.8076
      890.6721     93.0426    839.9538
     2011.5204   2193.9333   2165.7427
     1902.4994   1339.0161    821.4074
     2054.1479   1287.0474    209.8902
     1250.9092   1921.6538   1796.6237
      465.5908    547.0707    381.4310
     1524.8477   1413.8699   1918.6982
     1064.1279    256.7445   2010.1322
      403.1802    134.6855    426.1779
      952.3132   2097.1394    460.9706
     1874.8444   1745.2631     34.7582
      571.8742   2099.9216    634.2577
     1501.0204   1978.5411    182.3388
      586.5822    213.5012   1880.5526
     1303.8319    348.9249   2049.0928
      217.6284   1980.7343   1544.2896
      865.4605   1320.5482    555.9542
     1844.7787   1841.1400   1219.5784
      915.2098   1491.0348     36.4575
     1082.7499   1844.4149   1999.4183
       19.8061   2012.2609    844.1918
      220.5638   1546.9434   1500.6710
      151.8054   1563.3805    835.4402
     1451.9178    439.5628    601.4762
      946.6937    179.0608   1560.1267
     1628.4324   1862.0050     36.7927
     1287.0519   1598.3474   1560.0872
      201.8840   1484.5350   1732.8137
      792.9753    436.3275   1261.5135
     2189.9395   2055.5081   2129.9597
      846.9575   1035.1830    973.5535
     1704.5201   1265.4994   1842.8718
      245.3134   1401.1542   2175.9697
      367.2165   1479.7654    753.4859
     1669.7751     94.0591    584.7980
      722.1390   2116.5491    405.0862
     1224.6445    119.2475   2106.6692
     1283.3230    544.6523   1694.2849
     1700.1943   1003.1906    675.2688
      435.9542   1806.5536    968.4396
     1451.0829    351.5952   1217.9141
     1513.5107     86.1796    849.7758
      412.6916   2184.5962   1030.3004
     1231.8412    980.1701   2061.3389
     1931.5443     10.3489    654.5298
     2165.1758   1910.6586   1432.3530
     1732.4510   1991.6172   1902.9614
      605.4908   1615.4020   2026.6475
     1442.4246   1961.5565   1364.0989
      789.1592   1611.8088    928.0286
     1455.5864   1605.0588   2069.1602
     1797.5718    975.9593    459.4770
     1976.2549   1317.2081   1147.4901
      209.7718   1033.2332    395.4321
     1571.8964   1190.5629    551.6664
      800.7764   1511.8999   1169.4492
      841.6503   1089.9412   1226.2394
      991.2250    581.3295   2256.9973
      595.6525    778.1902   1494.5745
     1134.0906    693.4554   2117.2700
     2067.6731    818.6075   1503.9194
     1336.9683    817.6130   1948.3632
     2249.0396     24.1024    325.9116
       28.8508    479.4950   2236.6885
     1219.8197   1979.7155    787.6417
     2002.4594    988.8188    558.1483
      762.8997    354.3591   2220.5879
      240.0909   1258.2838    797.5924
     1147.3905   1006.7051    438.6787
      649.0308   1925.9541   2170.9858
      507.3138   2086.0125     58.1921
      618.4319    658.2866   2074.5579
     1311.0240   2218.9927   1930.5294
       25.6636   1602.3683    639.8768
     1169.4847    234.9715   1633.0420
      460.5763    688.0590    578.4952
      904.5389   1133.8397    372.9172
       25.4854   2168.0093   1958.4475
     2227.1870   1860.1177    277.5956
     1196.3633   1282.4005   1860.9073
     1854.9104   1399.3595   1357.2650
      417.9784    124.1754    193.0811
     1804.4629   1614.7922   1295.0963
     1989.9189    137.9583   2262.9353
      304.4630   1170.8867    585.3413
     1040.9255   2107.6074   1234.4053
     1238.9180    680.7397   1193.3082
      164.8429    828.4904    271.4224
     2168.1223   2235.4263   1179.6085
     1176.0031   1321.6693    959.7083
     2251.9595    629.6087    317.4032
      534.4167   1156.1003    194.8103
      799.7205    899.7646    278.1404
      615.2856    231.2723   2115.5344
       33.1094   2041.8674   1079.8829
      218.3580    530.7961    203.3191
      890.7277     35.1201   2035.8478
     1329.9133    162.0522   1189.4672
      635.3139    428.6486   1985.5492
     1210.4646    833.1246    570.3028
     2069.5615   2078.7156   1022.2947
     1608.3071     46.6233   1594.0153
     1114.8351    818.4047   1930.4462
     1295.7847    336.5009   1028.0946
     1736.3622     97.8698    158.6507
      932.9713   1889.3451   1814.1830
     1323.1268   2146.1453    239.7754
     1598.2188   1340.4822    149.7892
       16.4226    781.0109   2183.1826
     2043.7581   1898.9840    448.6464
     1893.2483   1177.1982   1928.0643
     1907.9642   1062.7728    251.4745
     1450.6049   2061.7310   1955.6553
     1441.0920    312.0592   1454.6180
      842.8992   1917.8939    563.7640
     1930.2102   1733.8082    939.9546
      622.4429   1683.9413    354.0146
      172.8502   1869.1388   1016.3817
      734.2852   1219.9075   1038.6420
     1070.6208   1975.4084   1009.4066
      552.3171     23.3159   2226.0315
     1281.2195    650.4506    741.1157
      852.8912   1871.0415   2050.8911
     2025.9822   1358.6329      7.8903
      759.8609   1133.1886   2012.4055
      764.4194   1295.6816   1271.0752
     1962.1982   1062.6788   1265.6464
      984.6883   1188.6343    909.8658
     1506.2770    225.6992   1012.4908
     1221.5148    433.7857   1233.1697
       77.1430     75.8680   1824.1865
      649.6679   1799.3055    870.1534
     1091.4651   1149.8470   1281.3059
     1690.8748   1159.6843   1543.2657
     2190.3010    400.3929   1139.8315
     1598.0540    504.3691    779.5270
     1617.8677   2139.8914   1774.8497
      664.4116   2034.6848    999.2834
      488.0497   1244.7498    424.5943
      586.5345   1255.1545   1690.5409
     1117.5483   1260.1508    541.5863
     1486.8118    720.1818    673.7873
      296.0241   1952.1370    774.2083
      899.3895     20.3467   1157.5680
     2090.0220    354.5934   1818.2587
     1466.9912    994.9473   2082.8530
     1639.9053    231.6787   1236.0314
      244.3360     11.2101    560.3524
     1155.6077    885.4922   1002.0010
      212.6876   2092.3865    933.7350
     1253.0966   1526.0820   1296.3735
     1195.9382   1342.5310   1194.1584
     2165.6841    160.1016   1003.7090
     1008.8745    414.8741   1621.5560
     1995.7700    858.2617    349.9842
      610.4705    857.4407    437.8969
      222.4560    383.9567   1908.5194
     2059.9172   1508.1639    975.3256
     1691.3333   2022.8970   2136.6294
     1485.1565   1632.6228   1833.8457
     1711.5485   1689.3959   1920.9521
      168.6380   1851.0426    591.3526
     1328.0253      4.9398    703.9489
     1083.2040   1172.6511   2090.2744
     1391.0404   1326.9879    950.3734
     1229.6217    346.2448    678.6140
      357.9005   1116.4370   1653.4437
     2108.5872   1701.2041   1108.3104
      958.5473     42.8256   1390.5073
      904.2094    586.0660    868.9659
      481.1116   1054.6777     22.4992
      339.7697   2018.3547    543.1954
       90.7843   1942.3776   2073.2405
     1821.6307   1183.1793    624.6449
      700.0919   1094.4520   2224.9556
     1302.6580    986.2498   1416.5613
      453.2431   1867.4213     54.6224
      826.5501     14.5471   1804.2803
      305.2519    286.8668   1059.2906
      803.0936   1673.4259   2234.7898
     1123.2328   1413.1400    160.3656
     1282.6938   1597.8385    219.2998
     1328.5662   1829.6396   1989.1417
     1953.9222    735.4268   2186.5908
     1683.5789    170.9626   2019.2203
     1313.7460   1927.3698   1559.9567
     1072.1638    101.6538    990.9990
     1776.6146   1871.5088    207.3221
     1313.8016    812.9608   2202.7493
     2023.3650    610.1710    331.8051
     2107.0757   1111.5519    375.2648
     1289.6720   1264.6627   1611.5444
     1572.5083   1228.5261   2020.7761
     1051.4146   1244.4290   1696.1879
       45.2281   1139.1802   1405.3633
     1346.9562   1337.4407    222.9887
      566.0895   1869.6320   1342.8676
      273.2924   1142.3136   1343.0371
     2142.5654   2253.3721   1712.5869
     1753.9395    714.6755   1843.5590
      538.8777    517.8345    161.4132
      296.7734   1061.3069    181.1024
     2211.0654   1619.3007   1323.1378
     1403.8397   1233.4452   1834.9956
     1118.1273   1611.7279     35.3581
       24.3160    506.8426   1727.4904
     1099.7065   2255.6890    171.7403
     1318.0825   1919.5826   1000.4695
     1007.5201     19.5179    644.4590
      778.2351     96.2861   2240.5562
     1912.9449    249.7888    191.9423
     1767.3119    527.7064   1568.9036
     1138.3573    412.7524   1821.2562
      523.8738     25.0063    831.9986
     1550.3210   2166.4326   2262.4343
     1006.6367   1691.3726   1841.7537
     1356.3015   1721.3783   1194.8231
     1562.2323    431.3331    998.6404
     1722.0348   1567.1183    109.8091
     1676.3939   1929.8883   1012.8121
      587.5992    329.3430    313.4817
     2058.9890    957.1368   1682.3522
     1086.2784    886.3405      9.6559
     1017.6899   1861.0311    360.1133
      901.2453    732.8716   2120.5176
      375.5076   1033.2305    832.3334
      231.3298    939.8052   1078.4812
     1360.5964   2207.6096   2149.9065
     1945.9595   1522.0374    111.6192
      421.0981   1777.0724    507.3873
      904.5646    329.9423    359.4968
       74.8878   1644.6627   1727.0417
      373.6178    684.5676    240.5822
     1521.5298   1113.9669    961.7791
     2136.3669    226.9248   1629.5536
     1265.4835    599.3807   1932.0427
     2092.9248    785.4301    743.0545
     1168.2981    154.2392    547.0975
     1900.6837    930.7289    811.0233
     1491.9185   1154.9202    204.2201
      901.3194   2158.8884    955.9604
       79.6910    129.3233   1236.6146
     1311.7705    123.4149    326.0706
      773.7366    392.5730   1522.7664
      234.8883    426.6585   2152.0137
       84.4922    958.1823     52.0589
     1666.3213    563.4384    202.1158
      338.3824   2185.8196    728.7504
      586.1232   1445.6952    379.4211
     1081.8666   1197.6749     47.8962
     1499.6530   1758.1971    954.6779
      337.1214    823.2512   1864.9446
     1128.9183   1369.5189   1466.2771
     1537.1442     22.2747   1122.0289
       94.3836    270.0863   1053.0219
     1080.4449    496.9919    735.7456
     1183.7960    720.7641    357.2973
       59.1690   1636.9420   1042.2659
     1234.4469   1499.8284    795.1605
      791.0104   1877.1992   1330.5577
      688.3122   1723.5018    588.1642
      931.3806    111.5749    453.0096
      930.9083   2136.0627     61.9055
     1545.5074   2233.7019    201.0624
     1739.9352    155.2702   1011.7339
      713.1970    523.1356    376.4972
     1531.9094    666.7996    913.6007
      391.7668    132.1926   2090.2822
      952.9136    989.2910   2018.1349
     1511.5961   1407.7800   2169.3655
      637.5533   1504.3263   1821.1340
     1830.2213    162.9586    439.0306
      250.0443    666.7299    669.7541
       15.2506    382.5853   2005.0195
     2159.1936   1675.7034    132.4263
     1576.6748   2229.2080   2001.8915
     2085.6440   1417.0017   1972.2145
     2057.7488    728.1107    954.9629
     1946.1838   2150.1477    845.4472
      323.3704   2148.3394    162.0569
     2159.3750    179.9469   1935.5377
     1115.5568   1496.5626    580.0358
     1873.2821   1773.7642   1778.2609
     1815.6293    205.5056    692.9875
     2158.3003   1008.9858    725.7091
     2208.0903   1632.5208   1936.5819
      508.0521      6.8945   1218.5016
      483.2417   1972.3339   1107.9633
     1786.4626    336.2970   1896.7185
     2069.0244   1579.7214    551.6530
     2095.1201   1776.0273   1788.7959
      536.9109   1207.9767   1971.8971
      407.1633   1422.2197   1602.1473
      975.7422   2071.7441   2090.8459
     1927.9020   2256.8635   1382.1464
      238.9215    180.7899   1455.3778
     1629.6874    576.0886   1969.4594
     1087.3186   2259.5720   1947.9750
     1893.4692    735.9195    193.5432
     1457.9258     52.8107   1797.6705
      786.9727    854.6997   1948.9310
      932.3097    906.6431   1146.5132
     2041.7278   1187.1772   2096.6680
     2084.6785    987.3373    932.7217
     1446.0282   1125.0380   1545.2988
     2094.9814   1115.1753   1496.1655
      682.1337   1477.0903   2207.0928
     1844.8602   2144.4756   1752.0045
      901.8849    773.7585   1763.4196
      679.2784   1147.4525    571.4324
     1707.1412   1479.8010   2006.6052
     1601.8148   1717.1846    244.5160
     1046.2513   1592.6028    872.8780
     1559.5497   1827.1289   2046.2435
      486.3492   1762.1084   1849.3025
     1577.0640    576.1311   1174.8693
      555.5039    466.5317   2201.0198
      316.8827    777.9251   1447.9220
     1385.9058   1792.9191    271.9763
     1902.3038    975.2281   1528.4102
      924.0487   1248.5697   1398.5015
     1306.6368    721.1498    966.1854
      373.0188    551.7046     16.0526
     1664.1067   1638.0571   2163.6240
      515.3708   1875.3824    687.8116
     2111.3491   1017.8389    140.3713
     1003.7604    777.2165   1295.6899
      688.4462   1837.8221   1127.8671
     1076.3079    265.9681   1140.5468
     1975.8878    755.5870   1885.6667
     1817.0759   1298.1053    172.7676
     1442.0057    463.9199     87.0418
     2257.2461    989.1940    495.2872
      680.9951   1705.7357   1512.2700
     2214.0569   1864.0652    663.9487
     1913.2090   1446.9723    333.1342
     2074.7534    893.3640   1153.4425
      543.2437   1095.4998   1055.4418
      697.7214    609.7935   1424.0199
     1143.8922   2232.2590   1497.2382
     2251.1382   1009.1459   2095.9573
     1029.4717    553.1384   1228.2919
     1528.6162   1357.4781    361.7356
      447.3398    859.6197   1030.2025
     1453.9480   1542.9176    855.0453
      646.0936    706.4100   1706.6157
      237.5926   1610.8335    588.0005
     1913.3386   1225.8065    407.2106
     1740.7034   1360.2534    487.0970
      389.3584    462.9005    661.5859
     1737.3309     45.4524    815.1234
      984.2729    421.8139    154.1816
      904.5347   2068.3069   1421.5886
     1987.2063    450.2463   1241.4995
     1904.7139    151.4108   2055.6497
      611.6442   1623.5763   1065.3313
     2207.8296    249.1076    399.8650
      112.9062   1531.9663    407.6420
     1321.3403   1503.8660   2261.9939
     2055.3508   1001.9386   1949.3303
      392.3897    663.3450   1042.7245
     1957.8857    331.1840    593.2278
     1604.8060   2123.2493    959.8586
        4.2021   1218.9880    748.9492
       65.4154   2070.6912    172.3816
      374.7025   1548.8484   1833.2941
     1858.1993   1670.5359    285.3471
     1095.9136   1488.9501   1915.7418
      456.1363   1423.5957   2011.7200
      230.9301   2200.5266    358.4711
      575.7985    284.7794     72.5718
      297.1652    611.6064    881.1130
     1895.1382    586.0761   2037.0701
     1966.6920    605.9743   1446.0122
      560.9939    985.7366   2068.5781
      175.4119    481.6837   1049.7434
     1541.2252   2161.8513    717.9917
      453.0731    901.3735   1672.9506
      125.9409     41.7476   1036.5005
      756.3031   2242.4146   1326.8671
     1078.3287    418.9416    476.3246
     1094.3372    242.3294    319.0779
     1289.2061    345.6343    210.7308
     2170.3245   1179.4111   1214.2761
     1781.6533   1222.7393   1248.8308
     1960.6677    289.6337   1059.1669
     1701.1888    920.6552   1647.3062
       77.1947   1194.6477    520.2853
     2010.6945   1849.5718    206.8388
      857.8801    506.6365    634.1566
      988.1207    800.8664    394.9332
        6.1959    876.0518   1608.8284
     1869.8978   1998.2928   2252.0505
     1148.6617    516.5061    991.4118
      826.3848    646.8624    217.1720
     1370.7135   1388.1135   1455.2736
     1675.5961   1194.9109    354.0696
     1623.9877   1740.6411   1262.3395
     1763.1107   1225.6534   1008.5156
     2193.1389   1840.8711    967.1695
     1440.3107    851.0457   1649.1018
     1039.1299   1830.3036    843.9685
     1724.7531   2231.3276   1247.3525
      598.0287   1147.5305   1303.3698
      875.2281    805.4029     82.3523
     1734.5439   2238.6838    343.3842
     1685.1569   1874.7576   1433.2151
     1690.1747    747.9793    790.7704
      728.4066   2150.1606    126.4970
      451.7781   1386.9369    200.1282
      833.3439    215.5672   1058.2350
     1923.7216   2001.1964    648.2767
      515.0321    271.3770   1632.1119
