      840.9471   2245.6819    188.1326
      841.1736   1500.3036    992.3508
      847.0856   1834.5146    179.9619
     1074.6198   1120.9087   1708.1134
      643.2639   1782.0718    697.4387
      684.5208    646.3599   1100.2804
     1778.4960   1457.2013   1038.5464
     1156.9634   1932.5560   1160.3356
     1307.8683    219.7826    816.3906
     1320.2544   2122.3354   2222.7593
      516.6688   1487.9658   1451.9105
      834.2424    242.5876    163.8649
     1331.0565   2036.3406    329.0457
      769.5363   2254.4731    879.3806
     1370.5303    873.4762   1166.7437
       45.5156   1387.2078   2100.3398
      986.8631   1716.0397    532.6259
     1294.9303    119.3316   1396.1091
     2145.6533   1929.2019   2212.4636
     2206.2332    510.9796   2230.8713
      984.4933   1856.6764   1186.1587
      644.8432   1941.8116   1800.8972
       69.0264   1181.7500   2106.1323
      771.0546   1172.0266   2142.5708
     1118.5576    885.8690    593.5070
      172.8153   2100.2090   1733.5786
      367.1967   1558.3982    795.2664
     1444.8762   2227.1094   1704.8109
     2083.4858   2098.0935     84.4328
     2018.6642    260.3593    177.8141
      765.2925    876.7527    522.8475
      111.4656   1082.3474    662.1657
      523.6565    168.2714    659.7914
     1538.0676   1542.8995    799.0815
     1257.7372    836.7693   1572.8624
      707.9670    170.4118    729.2596
      893.8203   2099.2134   2085.9680
     1328.0776    488.8417   1353.9314
     1923.2566     32.5292    370.5180
     1522.8542   2086.7397   2210.9050
      312.4739   1374.1053   1404.8341
      331.6748    400.3059    392.3550
      499.5806    356.2598    765.0984
      463.2518   1900.6575    808.5848
     2099.6379    171.3181   1369.0668
     1691.7170    128.9253   1563.3253
     1078.2111     68.1522   1091.0381
     1156.7054   1345.1426    701.0173
      110.7562    714.5271   1608.1959
      918.0061   1254.9246   2255.9148
      685.5670    905.0894    993.6591
      946.3331   1463.9910    411.5807
      447.3395   1336.9381   1565.7037
     1579.0938    877.2158    219.5738
      661.3116   2247.7263   1646.0840
     1580.5892    751.7151   1426.1893
     1704.3575   1534.5276    660.2690
     1234.9562     70.5325     32.0747
     1308.5098   1935.2908    513.4418
     1722.9640    632.0720   1423.6315
     2255.0898   2114.9624    499.3091
     2199.4031    591.1129    965.4421
       47.6459    338.9994   1742.4380
       28.7621    599.8149    802.2650
     2230.5498    740.2756    369.4854
      717.6330   1376.6165   1131.7097
     1304.1755   1322.9570    402.6221
     1464.5740   1476.3728    398.1653
      819.6450    299.0786    600.4741
     1153.3229    714.7845   1412.0757
      911.4940   1450.7598    796.5158
     1869.6007   1948.8319   1879.5278
     1372.2609   1069.6646   1195.1520
      260.0226   1421.2974   1928.6218
     1756.2262    436.6348   1340.0143
      202.4920    215.9085   1868.6494
      668.8730   1896.3467    109.9324
      357.1268    164.8047    990.9739
      915.8147    431.7455   2092.7708
     1470.0660   1695.2062    688.1435
     2124.4358   1509.2432    863.2848
      661.3865   1046.7394   1111.7040
      688.1386   1964.2750    752.4464
     1451.3489    902.6740    409.3538
     1687.2990   1377.1482   1454.8400
      587.6118   2230.1790   1470.3209
      377.9539    761.0972     40.8130
     1310.8328   1686.9291   1336.6833
      648.7723   1688.8595   1426.4677
     1095.8165    560.0401    138.8387
       91.8902   1285.7964   1910.4657
     2118.8772     89.1269   1576.5476
      316.4694   1681.5933   1027.2765
     1113.8373   1647.1680   1975.8716
     1780.6772    321.1330      5.9130
      727.7068   1935.6895    546.0857
     1455.4232    328.3948    405.7883
      130.6599   1255.7172   1704.6030
       76.2970     63.7189    547.2023
      155.9698   1790.7410   2031.1290
     1965.3643   1358.5455   2245.3923
     1939.3677    942.5528   1205.4265
      658.3207   1465.2260    934.9983
     1671.0510    784.9189   2262.1284
     1809.8242   2262.8262   1498.9629
      168.7551   1601.7366    882.2960
     1349.5966    355.3571   1756.7756
     1859.8773   1864.8750    662.5187
      246.6362    772.8157   1753.8932
      187.6565   1088.4755   1056.6864
     1479.7031   1459.3870   1808.0924
     1452.4601     74.3790   1261.3893
      173.8964   1845.6724   1252.5309
     2123.8494    576.6785   2063.3528
      138.3737    421.4941    557.6145
        0.4929   1888.5385   1314.4110
     1397.4313    509.8978    462.0320
     1875.9170   1928.7573   1673.1875
     1088.2928   2189.3928   1624.8262
     2136.3660    928.7093   1532.9492
     1914.7859   1990.9843   1217.3635
      504.1913   1141.7914    627.6698
      198.1409    235.2022    504.8210
      958.7829    914.7565   1270.8684
     1988.0461    117.4690   1725.0978
     1578.1738   2006.1830   1354.6395
        1.3663    721.1282   1124.7740
     2186.3386    192.1581   2104.0977
     1302.9487   1038.0142    979.0398
     1940.3014   1137.2498   1668.8336
      721.7924   2055.5654    946.8744
      210.6973   1079.0283   1685.2870
        2.1775    199.5092    863.1442
     1967.4896   1612.6903    951.9412
      159.3058   2065.8101   2171.4624
     1065.4230   1840.5627     44.8065
      329.1074    333.2812   1121.6644
      136.3618    190.9935   1659.8313
      278.6790   1490.2679   1049.1239
      617.6718    313.3360   1384.8967
     1277.0798    174.2597   1158.1362
      592.6401    756.0507    389.0245
      571.3271   1518.9500    554.0332
      438.2101   1339.3252   1023.3507
      768.8824   1609.1162    426.7785
     2115.8708   1750.0431   1372.2980
      933.6881    759.5876    566.1016
       27.6366    231.6747    394.0932
      519.2463    919.9879    108.7654
     1822.8029   1601.3529   1700.3944
     1094.0903    709.1732   1639.0773
     1194.0999   1779.5400   1476.9009
      413.5265    305.0160   1297.7349
     2105.3660    325.7739      2.6375
      414.9224   2244.7473   1312.2207
      630.4214   1818.4271   2185.5269
        2.1636   1627.3181   1778.7749
      895.0964   2021.8966    850.3816
      803.2741   2065.5608   1850.9808
     2125.7930   2096.6187   2119.6521
      665.9706    826.2078   1798.3971
      421.4748    585.1655    691.7782
      275.4192   1764.3981   1443.5612
      381.3366   2244.7927    293.6708
     2074.4165    608.6531   1832.9202
     1882.6476    736.9494   1344.1923
     2076.3311    561.3345    741.6437
     1895.9250   1141.8920     44.9765
      391.5178   2113.6282    466.7956
     1461.1145    141.3049    343.5246
      626.2388   1264.9303    418.9488
     1679.8007    755.7846    369.7707
     1821.2352    370.1291    577.6339
     1731.2015    831.7510   1532.3041
     1376.9801    827.4154    237.5207
      386.7921   1174.6689   1140.5803
     2092.3508    481.5591    154.0612
      942.8010    456.4280   1206.8029
      171.2053   1276.4426   1285.4731
      222.0280   1950.8746   1858.3156
     1198.2881   1566.2682    992.6331
      312.3641   2098.4304   1614.7892
      448.3747   1713.2113   2229.1428
      853.3222    913.4860   1487.3558
     2246.2668    221.2608   1523.5496
      791.3096   2064.7324    119.1143
     2048.1897   1424.1748   1403.0962
      929.9478    628.0883   1083.8176
      604.7764    600.3987    592.9185
      411.1653   1083.4398   1941.9393
      312.9995   1852.7072    355.8699
     1211.6146   2131.0637   1029.4705
      483.0174   1922.3000   2097.3352
      195.4685   1069.2118   1295.2871
      720.9500   1097.1927    497.8716
      575.8233   1213.4199   1842.5554
     1348.7039   1398.3468   2206.6382
     1113.0023    492.8074    832.3594
     2176.4351   1150.6934   1971.2571
      939.1360    694.4970   1511.9067
     1370.2788    526.0424   1943.7554
       48.9398    924.8903   1691.5056
       72.0995   2255.5728   1234.0956
      295.5229   1673.5144    285.4570
      201.4340   1089.8809   1948.6526
      986.2626   1884.6312   1412.3440
      944.3613   1086.6404    813.6266
     1902.7626   1272.8082   1407.6853
     1410.8077   1799.0787   1040.6273
      509.1122    594.3179   1478.1886
     2061.6428    757.9187   1459.3042
     2225.0330   1762.2753   2143.3843
     1489.5475   1052.7980    258.3909
      842.6556   1591.4111   1433.3037
     2064.6077   2047.7111   1343.0236
     1368.2057    694.0826   1042.5518
     1953.3843    797.7839    613.7350
      525.0670   1311.5903   1353.8396
     1899.3243    427.0697    139.5870
      394.9776    486.2655   1637.0103
      402.8579   1918.6096   1520.4222
      628.1910    264.5210    137.4907
      684.9435   1472.1534   1327.9572
      195.3845    525.9688   1687.9132
      478.9802    866.2205   1006.1951
      844.9281   1257.4539    334.3003
     1725.1429    686.0002   2078.1936
     2155.8179   1520.4125   2146.3540
      783.1912    691.3414    925.7855
      926.1295     13.9117   1973.3750
      466.7070   1842.0642   1705.6232
     1779.2294    132.7949   2151.6831
      560.5750    642.6645   1834.0999
      134.3812    692.2788    929.2604
     2112.6792   1272.5621   1238.3800
     2248.8889    364.5977   1374.9166
     1757.3726   1785.9246   1602.8345
      319.2612   1149.3975   2119.2644
      285.7191    510.8442   1459.2601
      600.8071   1890.0632   1550.1635
     1510.1592    151.5333   1976.4049
     2201.5847   2258.4600    148.9461
      960.2615   1670.6689    360.4160
      693.9614   1028.7908   1661.1470
       64.1346    946.6365   1134.0779
      145.8621    773.1188   2026.7537
     1801.7932   2245.3247   1124.0029
      244.2857    641.6295   2176.3306
     1635.6908    982.7418    411.1688
     1546.7438   1096.4373   1705.1549
      491.5580   1789.8365   1374.9293
      952.4230   1013.2799   1110.0631
     1904.2968   2066.9194   1477.7349
     1634.9176    278.0905   2089.4563
     1729.9297   1897.1373    309.7648
     1295.3291   1495.8080    497.2542
      561.4104   1009.4955   1839.0702
     1247.2054    203.9486    613.7527
     1221.7404     68.1039   1725.7356
      808.4269    797.9843   1343.6644
      363.3982     96.2615   2115.7302
     1193.1925   1016.7292   1559.8024
      526.3319    426.6354   1849.9061
     2048.7131   1978.4207   1594.6017
     1546.4971   2237.9692    590.2947
     2051.3066    472.4717   1658.4277
     1151.9563   1637.7920    414.4190
      725.8720    159.3040   1976.6365
      572.8430   1115.2697   1318.7804
      648.3033    339.8480    895.1409
      712.0889   1354.2220    768.3392
     2262.0564    387.0384    183.8478
      362.9341    188.8952    766.9496
     1939.8192   1280.7494    721.8759
      698.4545    295.1175   1610.0913
     2073.3523    805.4003   2173.3000
     1115.6871    529.7591    341.1127
     2255.9817      7.0221   2146.7505
      278.9260   1939.7997   2042.2948
     1382.1366   2164.9084   1334.8363
      111.2556    877.5338    288.3988
      668.1096    854.0378   1556.3495
     1040.3677    729.4963    239.6411
      461.4941    655.5157   1101.6808
     1256.2095   1934.1810     12.5515
     1056.4493   2219.7695    164.8213
     1780.1326    559.1627    327.4948
      307.8003   1530.9778    454.3338
      815.7105    957.3037    735.9377
      160.1639    899.4839   1867.7980
      932.1321   1968.9950   2245.6362
     1209.2404   1148.7354    846.5028
     1711.9778    499.4953   2083.3950
     1392.6718   1669.8706   1531.7830
     1802.3417    942.8420     46.3259
     1759.4706   1030.6949   1191.1323
      137.3069   2068.0479    389.6098
      196.4918    391.3319    152.0129
      518.0525     71.6903    440.5469
     1297.6987    974.6238    580.9929
      193.0221   2078.7925   1251.5945
     1432.9235   1566.5841   1042.0005
     1561.2783    754.7924    520.6294
      829.7180    297.4639   1114.5948
      618.7352   2254.5747    728.2511
     2093.0479   1891.4729   1211.2526
      698.1425   1549.0188   1561.9108
     1559.6160    593.3209    380.8810
      688.5109   1948.5535    308.9565
     1809.6091    636.8317   1892.9937
      162.4798   1934.1510   1440.6522
      765.0759    987.5203   1265.4813
     1044.5302    346.4514   1361.1161
      219.3218   2207.5928    865.6483
     2140.0247   1858.1616   1728.2104
     1005.6232   2028.0950    136.8780
     2123.2461   1364.8595   1026.4860
     1530.5004   2133.4727   1217.0668
      990.3788   1490.3707   1590.0361
      427.7329    813.0251   1234.2192
      444.8098    525.0973    864.8104
     1480.9446   1882.5878    625.1401
      401.9571   2213.2625   1751.6305
      930.5656   2203.6211   1781.8396
     1487.2379    344.2792   1928.1268
     1675.3801    442.4597   1544.2762
     1040.2233   2202.0110    578.8999
      507.7128   1434.4175    732.3923
       29.8246   1164.1954   1145.8765
     1220.3645   1598.9164   2143.9927
     1297.7896   2260.7036   1563.8524
     1883.8693   1765.9586   1780.8854
     1475.3152   2089.4717   1573.6023
     1102.5385   1219.4674    125.4191
     1276.9601    671.9864     79.8925
     1120.8573   1046.3306    448.0560
      522.9285    507.5872   1234.3584
     1730.3925    310.1380    202.3914
      882.4788   1732.3044   1296.9697
     1524.7483   1368.5236   1341.0509
     1452.9672    604.5310    882.7893
      238.6232   1027.5033   1491.5859
      504.0651   1694.7520    907.9324
      724.1694   1358.0990   1859.2439
      193.0276   2012.5568     96.8817
     1682.1428   1782.0160   1785.3268
     1648.1797   1800.7214   1970.2292
     2247.3079   1559.7211    244.4224
      310.8209   1902.7014   2223.7839
     1761.3344   1302.7196    917.4755
      322.5141   1424.8055   1223.2509
      662.1470    143.0238   1060.8134
      957.4662   1292.2506    663.9104
        0.1720   2031.7805   1658.8175
     1398.1427    999.5782     86.6014
     1155.6912    824.8793   1232.0967
      630.8338    258.0439    510.6012
       25.7597   1952.1031   1829.3531
     1460.4832    876.7503   1839.5281
      899.3073   1975.7266    289.9500
     2219.2188   1254.3070   1785.7253
     1846.1182   1000.6180    649.1610
     1011.9924    131.6908   1703.8634
     1302.5234    684.4045   1238.0822
     2181.4458   1715.2753   1589.6261
     2209.7566    354.4825    512.2195
     1284.4768   1403.8198   1846.3290
     2134.6726   1577.9669   1951.5883
     1656.6685    160.5209    343.4113
     2118.0769   1491.5878   1597.6094
      967.6611   2243.7556   1442.8342
      631.4532   1696.6310     80.2603
     2065.3330    535.7696   1103.7955
     2214.5125    394.1905    972.0301
     1866.5710   2099.1304    132.2486
      112.5918    602.5906   1264.9998
      480.1110    386.4070   2060.3330
     1835.3546   1107.1787   2108.2734
      883.7980   2006.9541   1078.7109
     1877.8877    499.0277   1742.9197
      173.1618   1589.6740    131.8946
     2169.2849   1609.3497    429.1308
      566.9952    648.2220     42.6665
      195.4364    639.5828   1882.1954
     1341.0035   2112.3105    653.7264
     1961.5955    456.0170   2180.5940
     1742.7974    908.9561   2113.1562
     1971.0131   1494.9904   2090.4358
      873.4197    879.8339    926.9528
     1149.1293   1448.9987    310.1730
     1574.2889   2207.3418    362.7029
      468.0077   1494.1606    937.7422
     1841.0295   1551.1901    306.7455
     1006.4863    699.2927   1984.4517
     1905.0745   1910.6184    259.0165
      314.9681   1745.9631    841.0959
     2229.1226    431.3828   1577.3033
     1981.4374    619.1846    943.5157
     1869.8728   1313.3164   1746.6703
      846.1364   1276.4437   1993.7823
      201.9024   2257.2439   1823.0840
     1370.2794   1866.1772   1535.9097
     2147.0461    637.6119   1262.4941
      994.8929    312.3109   2245.3782
      316.6487   1726.4878   1663.7495
     2001.5160   1482.6234   1770.1877
      501.8595   2043.5387    301.6066
        0.9229    928.7057   1329.9901
     2006.4192    527.6614    430.7461
     2257.8196   1585.6075     37.8391
     1580.6010    971.0500   2259.9001
     1616.8844   1182.7837    923.2862
     1318.3333    542.9111   2147.4741
     1355.2297   2191.3884    899.6370
      333.6084   1309.2751    384.4578
     1600.2678    358.9033    574.2721
     1821.5233   1144.8872    809.7437
     1726.6461    528.9567    506.7376
      127.5384   1906.3132    265.1728
     1939.5696   2067.6294   2192.9619
      897.9389   1315.8107   1044.4351
      783.2604    841.7119   2259.9331
     2220.6941   2261.4641    918.6931
      122.9329   1643.9683   1087.9507
     1660.8336    370.4231    384.1118
      799.1525    481.9601    987.2899
       67.0560   1597.7277   2118.9407
     2256.1846   1282.9741      5.7011
     1426.9479     29.0780     12.7521
     1929.7396   1363.3231   1211.2051
     2165.8950   2195.5095   1697.3599
     1498.6289   1653.2948    510.4797
      193.0227   2260.1028   2117.7036
     1167.1366   1939.3904   1377.4658
      432.8422   1278.4657   1996.4871
     1251.6860   1751.2567     39.1792
      915.0397   2036.5044   1658.9746
     1489.1951   1490.9022    611.8462
     1869.0101    397.1280   1531.3811
     1704.8007    462.3956    714.6567
      941.2454    632.6589    397.2141
     1567.7856   1918.2151    790.3435
       96.3566     63.2199     38.0557
     1818.3815    557.6104      5.9205
     1696.1138     98.4395    940.1314
       41.8337   1480.4127   1931.8053
     1105.9207   2005.9197   2102.7400
     2138.5090   1743.2126    901.4828
      525.6833   1240.5116    833.0276
     1955.3011    712.6715   1157.7427
      320.7216   2087.4697   1413.7822
      475.5059   1851.6963    232.2737
     1854.2982   2106.9246    574.5558
     1803.5016   2160.9893   1829.0681
     1670.1489   1733.5869   1145.3140
     1873.7623   1418.6602    557.3414
      372.3272   1772.7107   1203.3340
      452.2517    564.6113   2174.3621
      479.8689   1637.2872    381.9960
     1204.1646   2085.4507   1271.8206
     1920.3390    177.9107   1531.7759
     1436.3838    737.9402   1601.5801
      773.9651    540.2886   1989.3837
     1596.1837    172.0375      0.4157
      268.3468    914.8809    153.0046
      573.7497    323.3634   1158.0492
     1504.8589   2118.1094    768.1901
      475.0235    988.5277   1192.7609
      576.2354   1171.4310   1544.3036
     2045.4990   2248.4954    816.8072
     1891.4711   1728.3005   2228.6125
      424.3829   1026.3429   1395.2611
      712.1861    700.6210   2122.4893
      806.5956   1813.5547   1476.1721
      447.5930    193.6260     54.2447
      470.9467    318.5381    981.8458
     1811.9043    582.3996   1048.8884
     1748.2642   1650.6254   2087.8950
     1288.9039   1151.6544   1363.9181
     1479.9172   1402.7719    119.0966
      722.0256    451.4462   1819.0868
      661.4172    401.8629    662.3328
     2042.3265    428.9000    896.7519
      200.5408    172.2834   1125.7361
      809.0306   1928.2598   1268.4115
     2149.1956   2134.5757   1503.2759
      122.0769   1494.6603   1231.3022
     1621.7751    584.4310      0.7316
       64.3754   1450.2882    978.4450
     2138.8528    861.6617    538.9131
     1554.2926    887.4877   1569.3344
      225.0615    332.3978   1366.7058
      922.1651    551.6592    831.6513
     1307.8545    169.1969   1979.4462
     1360.8717    671.9529   1429.5612
      631.0001    982.4010    650.4586
     1757.5521    741.9330    933.8048
      822.4827   1799.5314    815.5354
     1782.3530    386.2353   1145.5568
     1703.5425    287.0811    817.3952
     1966.5458   2103.8782   1980.8759
      365.9862   2115.2229   2126.9651
      757.8525    440.5172   1511.8838
        3.2593   1073.1708    969.1311
     1312.4336   1090.5018   1955.3077
     2226.5400   1416.4963    398.8143
       49.0402   1369.2123    161.8173
     1065.0758   1248.7380    339.2195
      972.2462   2054.5947    668.8031
     1788.9902    101.7332   1751.3986
     1543.8284    587.4562   1556.2629
      165.3175   1380.1780    490.9685
     1709.0952   1569.6385   1519.8508
      298.8576   1236.7798   1861.8223
     1370.1454   2221.1665   1121.4473
     1384.2703   2216.8569    398.0705
     2003.5297   1794.6073    542.5654
     1972.7009   1571.9709    458.9199
      292.7515    334.5112   1723.6522
     1757.6100   1870.1639   2151.0593
     2080.9106    177.5961    783.4247
     2100.3579   1371.0092   1923.8674
      886.4849   1050.4246    349.9325
      320.3113    115.5408   1684.6017
      309.5618    382.9730    661.0040
      821.8478   1465.5370    248.6880
     2106.8621   2188.2942    385.4405
      867.3238   1377.0820   1455.2747
     1029.4880   2053.6938   1491.6255
     1007.7349   1571.3287   1325.1816
      216.5558    736.5159    374.2124
     1056.5593    863.4024   1472.2332
     1692.0758   2223.9258     70.6606
      424.4573    914.0655    282.4727
      787.3079     28.8980   2119.3435
     2196.1128    189.2637    609.1465
     1000.4106   1618.8895   2133.9658
     1666.3933   2106.3848   1088.8427
     1721.4530   1927.9313   1018.9944
     1496.4147   1060.7587    566.4089
      360.6067    592.1222   1972.4570
       19.8881    855.9103    955.3217
      447.4573   1663.3190    163.8965
     1241.8828   1677.1016    705.9459
      582.5427   2148.3682   1799.7942
      524.0136   1642.4537   1842.9989
     1087.0525   1057.9668    237.4757
     1309.5857   1134.1028    665.1054
     1765.0906    776.1947   1723.5394
     1519.2224   1132.8635   1314.9330
      843.3583   1672.5486   1633.7972
     1098.5300   1757.7009   1057.4089
        5.6855   1695.3500    613.0043
     1092.1749   2062.7058    306.3300
      320.5125    745.2618    620.5554
      933.0798   1519.4567    597.6968
     1876.7371   2064.1785   1013.5049
     1325.5427   1561.2466    100.3202
      103.2741   1795.5386    894.4291
      582.1029   1278.4379     13.2734
      133.3344    208.3828   2082.3296
      746.4057   1364.0807   2236.1765
      293.8269    502.7337   1251.6816
      756.9050   1213.4370   1730.1730
      339.5800   2080.8784    713.9109
      671.6303    175.6488    338.7228
     1747.6243   2248.9250   2006.9738
     1762.2214   1881.9491    833.7869
     2256.1284     28.4932   1440.2378
     1972.8425   1849.9556    854.0444
      498.8010    577.5493    386.9052
      499.5331    149.6696   1415.2418
     2167.3149    859.1536    176.4023
     1550.6837   1355.3995   2202.3013
      100.8944    874.8130   1496.9735
     1093.3403   1097.0320    675.6530
      288.7330   2234.1030   1150.0295
     1953.7365   1599.0182   1533.5734
     2005.2540   2047.7966   1773.8179
     1569.1898    933.7445   1179.2653
       49.2565    993.8618    136.2253
     2053.6646    341.1317   1482.4640
     1508.5999    240.0003    697.5566
      188.0054   1022.4291   2225.5068
      594.7679   2242.2271   1225.8027
     1713.1368   1043.6505    204.8038
      414.2354    753.6971   2113.3745
      119.7258    552.9770     71.5777
      175.9088   2145.9846    585.8760
      759.8647    680.8403    469.8708
     1385.8097   2069.4309   2017.6005
      318.3417   2128.9263   1928.5717
     1232.6617    685.4848   2019.1666
      124.6473    643.5184    509.2990
     1389.8805   1278.5283    792.5040
     1235.4290   1197.8619   1098.0057
     1403.7642   1259.7410   1204.0435
     1845.4215    165.8665   1070.8142
     1246.7693   1194.3428   1802.7992
      299.9109   1114.3420    516.7679
     1436.9980    650.8678    242.3763
     1900.1478   2260.9390     21.9442
      877.6816    349.5265   1698.1638
        3.4964    566.1653   1920.4523
        3.7061   2098.4595   1333.0759
      632.7819   1727.5945   1667.3304
     2069.2280   1227.1545     88.9318
      914.4576   1058.7769   2038.4701
      390.4834    651.9852   1341.8239
      816.0759   1657.2158    223.4354
      406.0508   2003.0916   1791.7733
      702.5991   1041.3363   1461.8763
     1493.2223   1689.3141   1208.1111
     1585.5985   1313.8909   1141.7175
      442.7805    242.7814   1818.6155
      630.4130    874.9020    818.2582
     2219.8391    770.7961   2017.2421
     1636.5094    644.6525    810.5726
      957.1181   1065.6505   1547.4161
      351.8873   1311.8105      5.8746
      895.8086   1880.7175    644.5787
     1405.7826    117.2479   1014.1243
     1842.7869   1650.8644    600.6868
      376.7333    635.2943   1770.6591
     1798.1969   1723.4037    405.1660
      624.7921   1534.7362   1998.1632
     1911.0544    291.3842   1689.4319
     2134.8088    549.1003   1450.9102
     1190.8354   2230.9646    745.8366
      724.8981   1743.5840   1859.6072
      544.5306   1909.2712    447.0088
       88.5053    867.1504    510.6216
      572.9027   1541.7295   2204.4082
     1490.9150    982.5071    998.2706
     1733.3556   1387.7571   1243.3040
     1119.2750   1541.6182   1783.0763
      514.1287   2085.3147   1608.9335
     1409.2991   1210.6481    968.8713
     1937.6440    904.7900   1403.4271
      394.2636    239.3433    513.8605
     1814.1052   1066.6731   1393.6584
     1123.4008   1847.3977    560.9152
     1166.9832   1004.5892   1152.5897
     1408.2683   1492.0479   1238.8472
      701.6875    157.1846   1482.4489
      905.8655    204.8701    770.5825
     1937.6696   2258.2307   2086.1602
     1949.9288   1406.6281    907.8417
     2135.4382   1293.3590    283.3023
     1265.8070   1931.4446   1935.3885
      306.0169    538.8319    295.3634
     1663.8920   1396.9249   1872.5083
      897.6718    210.8716   2064.4668
      469.1884    172.2198    271.1398
      991.0803   1951.4213    460.5013
     1921.9753   1908.8066     49.1271
      447.4623   2220.0132    622.9037
     1415.4897   1971.9294    115.1551
      498.1351    310.4535   1640.4332
     1084.8455    325.6141   2051.4263
      236.4438   1909.4956   1653.0713
      810.3748   1324.6279    518.3226
     1772.7599   1940.2736   1475.8748
      923.1333   1460.0520     40.4719
      911.9985   1879.8196   1815.7504
      122.7028   2044.5524    734.2471
      320.9463   1541.2371   1570.8784
      204.9295   1661.6689    684.4005
     1558.3057    555.7908    579.0411
      904.0621    192.8936   1498.7789
     1451.3339   1741.5099     36.6189
     1181.8484   1653.2185   1632.8192
      342.3270   1569.6490   1800.0029
      906.1058    544.2769   1409.3802
     2262.2290   2108.8496   2259.7297
      800.9475   1077.9294    968.4745
     1823.8796   1173.0952   1903.5870
      160.2614   1439.7242   2262.1914
      406.2066   1586.6848    600.4280
     1618.3572    162.2610    540.1252
      615.8260   2213.0823    305.6382
     1090.9777    152.4043   1961.5178
     1262.4918    611.3612   1594.1157
     1659.6893   1046.8575    768.7354
      406.0735   1858.8030   1016.4137
     1398.3484    337.8624   1232.8330
     1578.2637     82.0284    776.7767
      367.8997   2078.5049    937.8423
     1110.7593    860.0054   2070.2617
     1978.6498    188.1564    615.4097
     2188.3850   1917.3450   1481.1315
     1694.5011   1981.7179   1879.3058
      551.6594   1711.5776   2039.7516
     1534.9196   1898.3730   1168.1091
      715.2141   1666.6532    949.4993
     1346.0863   1523.3536   2006.9232
     1826.3960   1089.6368    401.8417
     1952.2815   1263.3052   1033.1316
      113.4518   1071.8167    433.4090
     1392.4314   1316.7472    581.7881
      862.6767   1678.7030   1112.3120
      818.4712   1172.6089   1159.6952
      898.9907    627.0102   2147.4575
      598.6231    882.6639   1354.4246
     1116.8514    685.9806   2210.5371
     2200.6770    664.6708   1595.0032
     1290.5718    887.4958   1965.9819
     2190.4338    176.0250    221.8557
      127.8315    374.1060   2226.3950
     1185.9788   2087.7576    481.5111
     1910.8805   1226.4110    513.7236
      783.3403    322.0125   2213.2444
      212.3890   1302.4181   1084.0032
     1296.5773   1014.9788    262.9984
      659.1332   1936.8572   1994.6530
      596.6483   2079.0962    133.7599
      581.8394    773.9864   1980.1310
     1358.1416   2242.1130   1879.4423
        0.0734   1613.8715    789.2993
     1109.1215    128.7119   1523.2233
      483.8592    763.4600    764.9802
      924.5825    994.4951    565.1025
        4.1606   2166.0872   1854.9226
     2155.5374   1740.6760    248.4181
     1094.9677   1233.6669   1913.4241
     1905.6293   1406.1799   1568.7915
      272.7242    200.2585    327.7495
     1839.2594   1486.7394   1376.2964
     2092.6313     39.4841   2250.2341
      200.0113   1250.5897    623.1440
      762.9919   2196.6631   1127.5582
     1126.2444    648.5558   1111.6396
       87.3896    774.7742    104.8404
     2134.3738   2248.2446   1285.7909
     1045.4460   1426.2157    974.0456
     2225.4805    542.6870    408.7013
      498.7573   1284.9966    227.6402
      819.2681    779.6011    287.9317
      638.8750    162.6801   2189.0847
       35.5187   2032.2483   1143.2974
       92.2169    585.5778    264.7130
      902.3217    176.0378   1856.7902
     1320.3068    325.4340   1022.9165
      584.0604    568.6680   2030.7792
     1270.2130    850.9689    447.6770
     2061.5178   2085.2917   1107.8242
     1477.5193    131.4750   1585.9271
     1137.7913    796.4134   1857.8354
     1470.9900    429.5587    993.5868
     1745.6216      5.2104    262.6655
      782.1089   1871.4933   1663.3114
     1261.3232   2144.8723    162.4071
     1791.9565   1238.4150    186.1302
      211.7295    827.7084   2207.7461
     2045.1046   1986.3196    466.3323
     1860.5255   1419.4882   1905.2369
     1944.6892    976.6396    273.9717
     1502.6906   2069.6396   1813.3452
     1560.2509    391.3121   1380.6484
      822.0530   1823.7085    402.5784
     1934.2699   1868.3247   1052.1256
      633.7346   1739.2234    308.3588
      196.6950   1849.3973   1050.3672
      689.1282   1256.2872    973.6677
     1158.8485   2026.1152    668.0858
      505.7657     28.4775   2221.4324
     1234.1984    578.6631    520.7221
      738.3738   2001.0088   2197.2019
     2139.4304   1423.5021    101.7779
      729.9269   1133.0100   1930.6716
      921.7947   1318.5072   1263.9547
     1933.3082   1165.3473   1244.7288
      849.9611   1254.1775    850.6574
     1507.7598    225.2067   1134.6716
     1185.6644    411.9579   1158.4034
        1.9728    101.5637   1760.3894
      654.3428   1864.5015    907.9023
     1064.1750   1169.0734   1219.8119
     1606.9983   1126.7305   1513.8691
     2240.5117    459.6158   1192.4189
     1517.2388    435.5870    776.9111
     1659.4056   2136.2759   1497.4705
      551.2632   2101.6172    804.6553
      403.9885   1341.3853    564.6232
      603.9086   1351.9065   1693.9932
     1085.0336   1372.7994    503.9248
     1482.9535    695.4781    706.9966
      258.3688   1941.6722    852.9897
     1026.0195     92.7291    900.8641
     2106.7664    411.5570   1848.5111
     1495.5968   1036.5577   1909.0707
     1747.5760    268.5976   1445.2740
      244.6407     41.2731    677.8119
     1144.7738    808.4533    839.8918
      162.8121   2050.0310    989.3644
     1022.9417   1671.5020   1499.2209
     1228.4750   1316.0601   1311.0469
     2075.0129    234.6052    969.9677
      997.9609    512.5374   1692.3029
     2041.8690    828.0799    356.1674
      509.9091    943.0436    474.9157
      145.4968    427.1570   1907.0660
     1998.1411   1498.5640   1097.4408
     1562.9618   1946.6373   2060.2224
     1487.1941   1661.0394   1903.1182
     1721.6300   1590.9966   1885.4771
      112.5708   1845.1902    685.7358
     1374.3824     53.7678    737.2491
     1170.1189   1278.9581   2206.1318
     1351.0200   1460.9845    882.5078
     1416.1669    125.6860    543.4119
      429.5922   1166.7300   1708.9792
     1870.8763   1782.4338   1221.2505
      872.9084    159.9025   1291.3120
      906.7217    754.7947    774.5797
      328.8021   1100.8921     94.6103
      509.0990   1994.7423    629.0649
      107.9740   2118.5791   1988.5552
     1757.6339   1333.3756    705.2440
      866.2560   1017.3212   2238.8147
     1414.7136   1026.6455   1488.4478
      404.6487   2083.9915     90.4925
      793.1434    134.8007   1695.5508
      284.9555    331.3011    857.7144
      811.0926   1791.5533   2246.2183
     1006.7812   1545.6536    218.3432
     1184.3470   1674.7694    224.9904
     1276.4790   1645.0486   1847.9352
     1853.2622    752.8269   2235.4663
     1722.6704    205.2226   1924.2283
     1237.4467   2139.2654   1745.5474
     1208.0551     81.6867    938.0038
     1659.5013   2065.9995    183.8735
     1346.1835    760.6185   2165.7173
     2050.0398    639.2956    263.3039
     2218.5715    972.1780    363.2765
     1359.8804   1327.3074   1645.2261
     1624.0347   1073.5171   2085.5420
      947.2587   1355.7365   1818.2524
       11.2221   1138.0605   1343.9708
     1338.5789   1438.3877    245.8538
      515.8577   2073.1609   1368.6078
      363.0361   1199.1926   1329.6985
     2040.1663   2225.2292   1847.5532
     1643.0200    785.6018   1902.8573
      440.7912    690.7735    226.3534
      206.1761   1067.8228    264.9296
     2059.8918   1717.6741   1128.9542
     1630.0662   1207.6025   1896.4044
     1119.4399   1590.5527     58.2136
        1.8643    539.3107   1732.1418
     1129.8566   2113.4109      7.1756
     1266.3395   1867.7109    712.5888
      683.8712     51.1772    545.6125
      861.4885    138.1119   2260.6802
     1869.8696    182.1194    287.2839
     1798.6736    621.0160   1595.1240
     1211.5833    403.9301   1906.1128
      562.9417    144.9403    877.4205
     1617.5111   2252.9248   2157.0056
      901.0108   1567.2283   1765.7296
     1271.3728   1681.0901   1127.4351
     1673.6526    476.9045    923.1431
     1664.5282   1708.4863     15.6704
     1589.2059   1798.2834    968.0936
      387.3544    345.8371    178.1215
     2125.0352    813.8845   1704.9313
     1213.2469    846.2321    116.6589
     1022.8363   1818.8557    235.3515
     1052.8612    875.0652   2261.5637
      361.2877   1302.7664    750.4368
      287.6008    947.1025   1161.9600
     1444.4564   2244.9749   2072.9006
     2014.4397   1551.1725     15.2272
      417.5114   1779.4935    491.8566
      966.0959    425.2628    393.5432
      125.9557   1785.2998   1796.3273
      252.2132    698.2955    175.9888
     1574.7075   1128.5305   1116.7800
     2121.6543    268.4359   1689.8580
     1166.5150    589.0067   1824.2969
     2143.4600    759.3685    822.7977
     1069.3434    109.0358    467.0460
     1900.7029   1050.9072   1026.9011
     1600.7085   1224.9784    146.7142
      939.0522   2184.7952    993.0693
       58.1567    182.7410   1289.6793
     1352.9750     70.1167    204.9965
      963.8121    385.1589   1539.3811
      331.3003    255.2671   2014.9551
      149.6620   1201.1338     60.0165
     1697.2096    490.5222    173.4939
      410.4959   2262.3708    827.4532
      491.9355   1422.5825    382.4095
     1210.9482   1065.5878     65.7231
     1406.6095   1862.1328    854.4424
      509.4284    946.2587   2036.1571
     1079.6304   1405.5768   1400.7930
     1600.9877     50.0418   1118.4500
      125.8503    331.6124    996.0602
     1178.8754    429.3735    649.3149
     1247.0504    683.3364    296.7152
        4.6510   1814.0194   1098.5637
     1115.4133   1514.3083    808.7713
      722.3678   2116.3567   1315.8647
      807.7808   1697.6326    614.2563
      860.7549    224.1814    413.8652
      927.3893   2202.6064      8.8745
     1472.1705   2149.9409    173.1774
     1694.3478    230.6223   1236.3729
      527.2345    345.4448    335.8915
     1541.6573    784.1877    998.3271
      522.3765    213.8280   2005.5962
     1086.0454   1023.2589   1892.5173
     1611.1710   1530.0450   2260.1162
      501.9599   1425.1804   1870.5664
     1814.6244    224.5628    462.1042
      154.7019    769.7483    744.5413
        5.1950    280.4722   1907.5242
     2259.8298   1956.5399    132.6651
     1604.1979   2258.0283   1859.3668
     2211.3203   1438.9274   1758.2140
     2100.7444    780.2252   1020.9944
     2125.8689   1910.6031   1013.5106
      164.0925   2195.7571    187.5992
     1893.4652    112.1998   1915.5902
     1122.0406   1551.7976    593.2394
     1857.5811   1785.9034   1993.3048
     1774.1730    152.4814    681.0674
     2088.0029    962.9870    906.7015
     1925.7268   1615.2852   1926.0657
      470.8903    143.6183   1165.4313
      315.5812   1990.3960   1123.6882
     1725.6642    340.5530   1709.5162
     2092.6572   1517.3199    613.4335
     2044.0029   1814.7428   1910.8414
      485.3950   1118.7169   2246.8457
      349.9571   1374.7242   1729.7559
     1052.9403   2235.6230   2127.8225
     2005.3984   2262.5720   1431.2852
      355.1885    242.7038   1514.0472
     1502.9221    644.2195   2103.3198
     1104.1350   2252.3650   1852.1140
     1887.9755    699.4258    429.2553
     1400.9510    162.0609   1793.4365
      900.2825    849.8734   2110.5269
     1030.7697    833.7320   1057.7125
     2115.2686   1293.1329   2124.3875
     2135.7954    946.8183   1114.8896
     1452.0353   1235.9364   1478.8109
     1991.4351   1058.2164   1508.9153
      763.5875   1592.4985   2179.1672
     1803.6094   2117.1497   1637.0234
      809.4338    575.3698   1637.5862
      799.4009   1161.7112    664.2465
     1765.2223   1457.9126   2090.9399
     1349.6732   1799.2371    213.5302
      971.6481   1648.5961    931.3088
     1454.0739   1872.9294   1884.1927
      487.3837   1854.2472   1910.3541
     1711.6786    618.9786   1227.1593
      561.7028    367.7943   2252.3274
      470.5353    813.0069   1490.8065
     1190.8278   1932.2688    193.2724
     1921.3099    876.3494   1608.2637
      887.0222   1115.1417   1347.7076
     1379.5907    822.8364    867.3239
      351.8612    531.3651     76.6777
     1522.4448   1741.9204   2110.3589
      627.5579   1736.3806    511.5963
     2103.1675   1067.9406    214.2020
      986.2192    708.2277   1280.0880
      754.9993   1851.0537   1078.8512
     1212.4696    279.3982   1303.0249
     1826.4496    828.9500   1937.6918
     1929.6008   1391.3468    177.5696
     1458.7598    564.2587     47.3869
     2211.1736   1037.5259    570.5818
      460.6727   1701.5665   1533.7756
     2082.1858   1882.9117    699.2425
     2045.5013   1560.2728    242.3731
     2103.1855    826.2357   1270.8220
      517.5159   1116.3218   1001.2388
      726.0336    673.3867   1471.6084
     1156.5363   2209.7427   1412.9945
     2248.6587    902.3827   2230.6560
     1132.0818    550.5740   1308.7761
     1603.9263   1384.3073    308.5513
      345.1276   1014.4415    967.8439
     1310.3640   1495.9832    700.9561
      599.5510    672.4574   1639.5468
      233.6324   1713.8965    492.9810
     2003.3978   1388.4314    391.7227
     1636.6473   1353.6487    531.0189
      333.4095    571.0517    521.0278
     1888.3562    159.1063    863.9401
      908.4551    501.1376     31.6873
      823.0408   2037.0337   1468.8724
     2059.9080    429.8417   1297.9290
     1993.7340    194.2709   2085.5986
      560.2429   1776.4836   1089.1176
     2015.1337    290.9047    447.4826
      104.8478   1579.2651    471.2433
     1432.4806   1575.0244   2183.5322
     2032.8074    951.9946   1795.1085
      225.5508    845.0762   1007.1630
     2043.6274    419.0100    586.9215
     1481.4623   2024.5679    985.6879
       23.0526   1263.3074    934.7188
        2.1223   2115.7190    262.1462
      176.2578   1627.1536   1913.5082
     1924.5546   1710.9825    167.4277
     1151.2848   1436.9304   1986.7328
      417.5967   1553.6591   2003.5410
      208.7975   2254.1748    367.7042
      506.6003      0.1399    150.9505
      201.8024    507.8981    906.8027
     1939.3081    665.4155   2078.5999
     1924.7936    549.6349   1432.8478
      653.0066   1015.7545   2239.9675
      137.6693    363.5387   1207.2787
     1708.8340   2190.0232    711.2701
      474.5493    843.5732   1716.7352
        0.3690    163.9153   1060.3699
      770.2367   2262.9619   1411.3394
     1030.3301    533.3439    554.4255
     1030.0037    160.3284     97.7516
     1530.0024    260.3229    188.7057
     2097.3201   1057.4833   1304.7755
     1705.5009   1207.8733   1307.9980
     1865.7427    371.5049    957.1235
     1771.8094   1012.2231   1592.6459
        2.2298   1240.0150    454.7571
     2092.7520   1891.5344    163.8156
      816.3841    471.4428    510.3608
     1146.1263    875.5540    307.4183
       23.3386   1079.5876   1542.5253
     1728.3060   2064.7429   2237.9727
     1046.5780    679.7849    931.7759
      768.0236    670.6831     86.0634
     1207.4124   1564.4628   1450.0836
     1802.5699   1358.1543    363.5110
     1686.0902   1805.5924   1344.2920
     1776.9670   1215.4619   1108.3762
     2253.0286   1919.0873    838.2047
     1408.2762    932.4820   1674.4163
     1016.8245   1708.9137    736.1196
     1671.8781   2251.9543   1323.8389
      582.8149   1230.4988   1166.1067
      948.8389    916.9364    170.6007
     1847.9218   2111.4980    346.8597
     1582.5059   1718.0055   1529.0742
     1597.2582    868.5441    832.4922
      764.0291   2115.8938    345.8178
      356.3551   1495.8082    233.8612
      942.0681    322.0827    934.0870
     1860.7759   2062.0864    778.6756
      478.8003    409.0204   1449.9899
        7.2883   1169.2076    215.0709
     1800.3889    859.2368    246.2472
      772.7728    949.9833   1867.3989
      526.8639    127.0692   1636.0760
     1914.7239    356.0973    743.9325
      117.7208   1860.7164   2208.7817
      731.8989   1248.9513   1345.2255
     1753.3446   1504.1644    844.3188
      705.5032   1547.9967   1779.0599
     1530.4091   1844.1852   1697.0255
     1516.2500    737.3511   1212.3647
      683.5368    588.3558    286.1433
      612.3536   1545.4095    254.6364
      702.0657   1439.8075    416.4234
      376.7383   2255.2405   1526.7104
      665.4069   1351.1504   1506.7631
      230.1986   1313.5704   2104.5354
     1332.4865   1409.6926   1446.1343
     1561.6913    714.3167   1742.1560
     1086.5681   1034.8624   1366.7704
      941.5079   1327.8151    174.0304
     2182.4436   1803.0146    474.3353
      554.9130    784.7607    581.3142
     1894.3177   2261.6218    694.7023
      687.1143    363.4724   2031.6836
     1483.5653    778.0731     71.5228
     1197.1121   1228.1427   1545.7858
      131.0178   2247.3120   1039.7931
     1036.0649   1565.1031   1122.3864
     1377.3372    523.8515   1157.1862
      800.7466   1534.0618   1968.5958
      678.2449   1576.4099   1136.4534
     1300.2059    226.8566   1604.8165
      797.0729    206.6024    926.7065
      686.2081   1129.3260    287.0306
       64.0163   1403.7218    772.1255
     1088.5111    119.8245   1316.7793
     1513.6427   1475.0161   1574.7922
     2189.4434    652.3419    140.9908
     1752.8130     17.0218    511.0984
     1960.0413   1031.4431   1966.6119
     1026.5548    261.2947   1182.1976
     1318.2338    419.8320    825.2254
     1535.9281   1392.6600    968.3077
      520.7392   1434.1245   1178.6410
      320.6849   1205.9614    921.0439
      508.0143   1113.3446    424.9095
      557.5779     71.9598   1831.8472
      528.3237   1923.9209   1203.8727
      578.9639    701.2460    925.1074
     1714.8547   1443.2250    158.2746
      927.5203   1834.5308    971.3204
      301.0482   2041.1261    272.1659
      105.9469   1883.5280    477.4531
     1558.4830    833.7758   2100.5105
      330.5331   1772.2269   1867.8010
      967.0182    107.6851    275.7071
     1497.5942    428.6498   2095.5908
      528.1772   1610.1915   1284.7871
     2255.2771   1376.5431   1364.8522
     1627.2140   1861.3367    480.5846
      712.0211    949.8548   2055.0989
      670.9532   2022.5785   1138.9601
     1944.5670    195.2077     10.9181
     1134.3053    477.5411   2225.6177
       41.0103   1945.2755   2043.8683
      213.0837    700.8277   1425.8333
     1298.6832    468.9785     94.3711
     1379.9426    456.2894   1550.0575
      526.1813   1081.9102    182.8687
      880.2322     69.5017    598.0178
      356.2748   1587.3771   1375.4421
     1813.4922   1552.9099     25.3265
     1691.4144   1543.7043    441.2883
     1119.9025   1333.3328   1733.2938
      148.5707    819.8389   1267.6653
     1518.1150   1217.2751    449.3469
     2245.8711    693.9817   2200.1770
     1041.8904    295.8488    538.5193
     1076.2834   1892.2716    803.3414
     2098.0588   1154.8151    423.0412
     1575.6980   1361.7820    782.6143
     1026.8434   1718.1207   1762.5428
       55.9420   1761.5472     94.0832
     1118.0680   1744.0718   1273.1477
     1530.8867   1994.8197    320.1337
      248.5272   1522.2241   2108.9849
        5.7400   1675.2678   1247.8921
     1223.6674    365.0580    446.9686
     1010.4344   2070.2683   1935.9631
      888.8962    969.4641   1707.2894
     1286.5868   2023.9603    850.0814
      155.6048   1224.8507   1473.2625
     1213.8058    356.1904   1487.7671
     1785.0630   2091.6777   1333.7974
      685.8932   1754.5590   1246.6466
     1562.3932   1827.0250    202.4267
      222.6357    569.2206    709.2321
     1843.8812    332.2787   2068.8997
     1828.6628   1702.8591   1425.5094
     1788.4730   2056.1755   2049.1326
     2038.1490    802.3394   1942.9999
      953.5143   1264.6300   1630.6519
     1703.3917    989.5391    988.6426
     1583.2059    202.8493   1764.0760
      863.3688   1919.1464   2005.1826
     2095.2837    666.0201    525.4529
     1870.8115    972.1320    850.4276
      599.9618    694.8097   1297.0513
     1269.8611    186.8421    407.1516
     1215.9828   1322.7025    934.6627
     2099.6543    131.5491    396.0247
       80.3720    524.9050   1448.7764
      748.5751   2262.1611   1846.5728
     2198.4458   1580.0155   1428.9323
     1765.4218    137.7533    116.2508
      182.7262    158.3776   1476.3113
       86.0310   1732.1934   1443.7531
     2005.7677     38.6445    200.7992
     1187.2878    453.3554   1685.6982
     2029.1232    628.2803      8.1203
      768.1321   1737.4489   2051.2188
     1179.9584   1950.3505   1592.9374
      514.8728   1443.2614    116.8170
        6.9236    914.4359    734.1653
     1985.4563   1752.1156    350.2218
     1183.0604   1212.9972    538.9065
      229.5808   1695.9529   2233.1548
     1088.5709   1444.0165   2171.0757
     1687.4517    557.8292   1735.3423
     1286.2104    354.2036   2079.2964
     2103.4426   1211.8896   1437.7980
      801.1256   1185.1721   1538.8624
      347.9534    505.0851   1049.8981
     1921.3988   1279.7761   2030.4807
      328.6075    683.5954   1570.4246
     2001.5608     14.1750   1009.6149
     1961.7188    808.2196    133.6791
     1008.0195   1838.9614   1629.1075
     1750.5583    805.5437   1116.7615
     1893.0131    535.1148   1231.5299
      910.3931   1148.3246   1839.0120
     1292.8430   1302.2051   2038.6376
     1253.1025    932.9940   2189.8970
      609.9249   2233.1013    993.2119
     2185.5100   1940.2124    337.6004
      974.7972   2184.8442    401.8728
     1948.4261   2204.8640   1250.9022
     1246.0913     31.0458   2096.6350
     1144.2198   1070.6908   2081.3835
     1607.3737   1511.7605   1167.2451
     2032.9640   2083.1794    647.4831
      482.0628    421.1112    546.9312
     1986.8934    665.3221   1616.3890
     1388.7666    700.4231    454.8264
     1031.9697    460.2470   1020.0621
     1561.9636   1203.7550    688.9432
      161.8609    975.0953    849.7699
     1579.7554    579.8262   1912.8168
      293.7899   2219.9521     20.7843
     1252.0841   2262.5283    549.0344
     1727.0186    421.9471   1893.7583
     1927.7894    311.5669   1884.9962
     2024.1022   1201.5327   1846.7556
      886.5378    575.3044    227.2523
     1851.6322    548.7092    815.0768
      854.2155   2252.0137   1587.4575
     1042.6663   1223.1852   1427.1776
      355.7506   1937.5717   1328.4987
     1419.1969    731.0256   1956.9614
      107.5412    545.1976   1064.8344
      909.5079   1704.3032   1935.6459
     1048.0079    342.6870   1845.5420
      215.2669   1378.3617   1585.5579
     1652.3728   1620.3944   1328.5741
      834.4294   2098.8838    535.2896
      968.0601   1821.1807   2117.8054
     2067.2493    370.6400   2035.7319
     1495.4384   1808.0996   1368.1790
      964.8748    874.2296    395.4304
      393.1533    756.3961    442.1591
     2201.5518   2103.2446    768.3671
      297.9208    859.0155   1379.5039
      991.7600    406.6146    692.3268
     1267.9160    752.9948    645.1859
      239.9075    191.3736   2254.0667
     1417.2124    188.9202   2143.0154
      345.0290    425.9500   1876.7175
     1330.5088   1390.3474   1081.2505
     1191.2506   1802.8141   2116.5015
     1992.7216   1783.7427   1586.5820
     1317.6135   1141.0084   2173.4080
      313.4230     60.0045    504.6206
      882.8330   1428.7881   2111.7000
      965.5416    715.8336   1789.0852
     1954.6399   1879.0397   1402.3313
     1676.2897   2074.4380    454.8973
      947.8702    895.1094   1903.2946
      426.0729   2260.5237   1024.1387
     1243.1902   1902.2695    994.4933
        1.7069   1361.0504   1144.9531
      318.6180   1852.2825    665.2278
     1510.4773   2256.2905   1446.8004
     1108.6145    539.3323   2033.6022
     2152.7886    978.0431   2075.1404
     1433.4702    963.5490   2105.9556
     2194.4590   2251.1240   1104.5380
     2029.0702    138.8575   1162.5277
     1731.4468   1938.7953   1208.9921
       79.8327    974.7117   2058.7778
      989.4477   1483.4106   1939.7209
       82.5890   1731.5714    327.7021
     1485.8755   2051.7917    522.7054
     1673.4266   2084.7212    883.9260
     1975.6002   2204.7625   1640.8796
      716.7073   2063.7024   1625.2496
     1256.8241    965.4908    783.3596
     1652.0151   1708.7488    803.9249
      227.0289    924.9509    625.5551
     2205.2317   1600.7892   1034.0195
       11.6810    379.5475   2071.9060
      356.5737    356.7415   2232.7449
     1049.8818   2124.0815   1148.8270
     1210.4579   2137.1492   1972.5603
      507.9797   2076.9504   1969.5674
     2262.7703    729.5309    640.2056
     1094.1277   2122.1052    857.6075
      152.3860   1253.8434    323.8456
     1572.1519   1904.1990   2258.9387
      573.8142    500.3832   1016.7430
      710.3895   2135.8164   2001.2772
      582.7200   1153.5496   2070.0488
       51.5258   1082.1583   1825.3627
     1272.1826    648.2951    820.8797
      724.3109   1516.6792     90.7698
      131.5432   2257.2476   1617.1868
     1425.9358    862.4933   1351.3698
     1378.4846   1968.8411   1361.4679
      506.8488   1536.5775   1666.3043
     1638.2690    982.2885   1389.5890
      827.6578    786.1904   1668.3630
     1071.6677    894.6663   1695.7305
      822.9467    391.7939    784.8979
     1457.7844    887.7364    681.8853
     1732.3794    697.5024    620.5078
     1330.0585   1744.1908   2013.3564
     1590.1157    605.6783   1055.2346
     1366.6239   1135.9738   1655.6216
      347.6917    684.7567    921.8905
       62.0555   1843.3916   1607.1510
      171.4861    360.2579   1561.6213
      553.0999      8.4550   2036.7440
     1650.9576    938.2299   1753.2075
     1127.5483    279.3517    801.9629
      364.0340     69.5595   1921.3823
     1649.4579    922.2333    600.9938
     1393.1150   1906.7781   2133.3469
     1401.2158    330.9348   2261.1575
     1131.7020    271.7413   1011.6232
      651.6700    249.8953   1806.6444
      129.5679    212.1992    691.3699
      912.5470   1130.1787    166.6084
     2208.5813   1097.8175   2258.9734
        7.4373   1252.4597    662.5057
     1258.7660    920.8251   1371.8770
     1930.9456    910.3581   2120.7959
     1301.3674   1718.9641    513.7383
     1768.5333    834.9505    743.7856
     1779.5323   1223.9684   1547.6946
      837.7197    804.2121   1117.8752
      312.1696   1085.5654    739.1970
      325.2616    862.6526    832.2832
     1102.5188    287.4121   1641.5729
      130.2045    410.0712    363.1993
     1562.9420     50.3368    177.2745
     1701.3610   1154.7640   2260.5664
     1018.7039   1234.9197   2084.6980
      674.2936   1104.0955    806.2051
      287.1565    104.5419    155.4579
     1186.7877   1734.3013    884.8436
      802.5514   1409.4270   1652.7649
     1696.1278   1274.2285   2086.6897
      463.9619   1602.5294   1119.7163
     1726.7429    834.0335   1310.0175
     1352.6003    535.6366    666.9631
     2100.9326   1313.8910    566.1407
     1737.8901   1869.5320     97.3096
      247.0749   1401.5044    885.5046
     2037.5146   1701.1710   2101.0881
      239.5475   1462.5519    677.3684
       26.3169   1484.9950    609.7088
      691.4861   1321.0129    193.4532
      829.1314    342.0374   1344.4800
      691.6145    158.7399   1263.6356
     1479.8489   1202.3430   2064.7024
      672.8744    938.9745    352.0002
     2136.0972   2007.6201   1935.7770
     1513.6661    245.0430    894.7047
     1564.5300   1310.7516   1656.5608
     1917.2467    588.7714    625.9297
       89.5538    573.2678   2089.1892
      537.1290   2007.6476    977.4760
     1206.1859    225.6365   1807.4030
     1871.1332   1694.1073    778.0574
     2251.8860    736.6964   1412.7173
     1403.3578    273.8380   1424.1118
       15.5178    732.3574   1815.0513
     2027.6279   2063.9680    253.9433
     1823.0825    879.7512    483.7710
     1204.3945   2254.9866   1221.8291
     1831.0660   1583.9055   1191.9401
     1470.7220   1387.2476   1995.0872
      956.6107   2055.4727   1301.9163
      631.4024    827.4466   1152.8049
      413.9291    934.5573    640.4011
      629.5349   1590.2494    768.4481
      768.8394    640.4865   1816.1064
      818.6329    610.9005   1252.2747
     1206.3999   1511.8667   1229.4386
     2149.2661   1084.6274   1687.4130
      194.3557   2247.0759   1393.5995
      591.0070    819.8161   2211.0642
     1175.5416   1417.5139   1583.9609
      652.0472   1930.7185   1373.8889
     2056.1863   1287.1858   1634.9130
     1909.3612    290.6144   1317.0907
     2243.3975   1757.8014   1945.6826
      390.6927    949.5672   2203.8708
     1846.4471    984.7208   1775.5895
     1379.7457    352.9453    598.4042
      702.5934    509.9297   2199.9111
     1712.1876   1005.0722   1920.1071
      847.2273   1503.6653   1224.4995
      160.1829   1475.9441    300.6040
     1307.3572    760.6208   1767.5457
      248.1007   1639.8591   1245.3500
      594.4495    479.0046   1645.7960
     1167.9246   1413.9436    111.8920
     1097.0605    996.5923    949.8937
      396.1213    808.6727   1907.4396
      346.9903   1728.4296   2061.7263
     1585.5688   1551.2202   2039.7240
     2121.4519   1333.4940    784.3950
     1518.3604   1598.4199    184.6213
      470.9913   2101.5146   1138.4822
     1866.2234    659.6857    193.5279
      857.9708    341.4823   1914.6528
     1650.8629    696.1898    182.4756
     1535.4568    325.0098   1590.9030
       84.5518    394.1939    783.4368
      475.4007   1733.9751    690.9630
     1950.9141    505.6284   1961.5853
     1571.9534    163.0214   1377.4592
      711.5876    447.3414   1165.2595
     1283.3704   2074.5947   1513.2203
      822.0493    574.7204    660.9730
      372.6725   1137.7112    291.3514
       58.0697   2260.4050    745.3909
     2092.1501   1133.3066   1076.4823
     1249.8276   1218.9402    258.8958
     1313.4996    490.0392    283.5686
      799.3141    761.8373   1955.7583
     2043.4303   1122.1849    643.4011
     1022.8822    910.2536    757.6958
      604.9228   2130.9375    504.3645
      154.9962   1477.7201   1750.3287
      275.0693   1321.6194    186.2050
     1204.2032    273.6118     23.2533
     1504.5020    448.4937    216.5584
      720.2298    750.7151    687.9824
       62.0346     73.8291   1966.2181
     1445.5099   1242.6045    271.0962
      286.4910    933.9149   2043.3423
     1177.4849   2234.9858    330.5199
     1992.6232   1609.0668   1317.3688
     1072.5649    123.1543    690.8947
     1947.8431    747.0888    800.1426
     1089.9592   1359.6361   1155.4600
     2040.8250    974.4404     37.3858
      729.9375    446.6216    136.9393
      258.4152    452.1577   2081.7776
      950.4434    388.8824    201.1296
      926.3681   2249.5508   1233.8389
     2194.7373   1109.2144    771.3625
     2127.9729   2251.6682   2004.1392
      666.5641    505.0152   1353.5249
     2149.7676   2258.3289    628.4154
     1802.1729   1714.8795    986.7770
     2104.3203    393.6225    311.5346
     1340.6682   1967.9751   1724.4414
      949.5134    723.3768     69.8827
     1042.5708   1079.8848   2246.0974
     1583.5262    431.0235   1176.8525
     1486.2456   1559.2594   1403.8208
     1330.0996   1846.2070   1226.4458
     1978.5665    359.3185   1121.8771
      185.7626    145.0845    891.2145
      633.8156   1290.1522    616.6906
      841.4117   1609.1730    796.7888
      153.1628   1540.5433   1427.6630
     1721.0544   1428.8362   1677.3640
      740.4357   1154.2604     84.0976
     1460.7360   1068.3833    807.3903
     2041.5227   2038.0396    876.0395
      633.8220    784.4440    205.3792
     1672.7616   1197.6329    343.3181
     1038.9170   1177.0665   1015.4489
     1113.4497    718.5198    461.4252
     1831.6023   2224.8447    902.9575
     1259.0419    997.1279   1778.0320
     1083.4893   2024.6503   1771.2388
     2031.1973   1155.1642    883.1448
      354.9157   1540.5504     23.8229
      281.5399    933.6490    418.6308
      279.5802   1973.1842    533.9842
     1639.5084   1597.6617    995.4664
     2236.9160   1972.2273    600.1767
     1245.0165    526.0029    987.8175
      933.7990   2239.2764    771.1372
       20.9849     41.1233    358.1782
     2072.8630   1683.7860    696.2309
     2161.5854    282.4034   1206.2174
     2109.2095    177.7815   1898.6837
     1972.9995   1911.1162   2105.9614
      342.8362   1182.3580   1536.5300
     1333.9152   1104.7299    433.4751
     1065.8341    271.0403    345.6863
     1854.3734    104.1392   1304.5920
      752.3974    365.8914    315.5972
     1945.0247    736.8708   1783.4865
     1442.2579   1234.6829   1832.8060
     1666.5675   1996.8973   1686.0111
     1640.2695   2237.0803   1674.0656
     2237.1021   1273.0511   1566.3772
     1850.2776   1931.2681    461.0034
     1084.1606   1852.5854   1941.7239
     1664.4091    281.7881   1020.3132
     2206.4724    925.0923   1890.1709
      654.8159    462.5232    442.4625
     2030.8872   1122.0458   2152.6023
      805.8843     34.0848    398.2585
      277.0022   1815.2501    144.7652
     1043.1504   1264.5514    848.5430
     1719.3623   1151.0210    569.5203
     2175.1968    350.6386    744.6670
     1099.6259    532.5670   1503.2660
      775.4819   2127.6333    713.0066
     1720.4796   1180.3944   1728.4600
      478.5494   1004.5651   1592.9110
     1082.8286    659.0084    687.2537
     1394.5601    591.1192   1766.5339
     1990.1746   2259.0295    527.1547
     1429.6000   1821.1807    395.3110
      487.5089   1910.8076     44.8612
     2230.4978   2084.1240    972.3405
     1408.2782   1701.9878   1723.1176
     1582.4728   1607.4390   1712.6190
      885.0178    110.7677   1067.5426
      753.6863    961.8718    170.3633
      116.2288   2105.8521   1513.3013
      957.7133   1179.1119    496.7764
     1911.2318    840.4047    994.2356
     1494.5803   1158.5865   2260.8359
     2262.9592    220.9439     37.0382
     1238.7463    832.7702   1015.6981
     1204.2284   1822.1074   1759.8138
      160.1112   1201.3334    819.2216
     1592.9742    381.3768     17.5397
      958.1859    531.5633   1884.3733
      560.9828   2080.4214   2177.8584
     1723.7085   1664.2866    202.9732
     2070.2634   1661.7726   1768.2184
     1330.5071   1254.1532     94.5665
      942.4111   1671.8347     69.4436
     2053.6279    929.4258    716.9719
       39.5030   1469.2935   1582.5073
      745.9106   1493.8979    618.7651
      127.5409    217.3152    188.9459
      133.9469   1646.1464   1625.6791
     1508.9788    570.2283   1319.0558
     1167.8136    146.1614    224.9451
     1354.4839   2017.4801   1137.0293
      456.3253   1405.3793   2139.0793
     1769.7788   1348.2428   2260.7688
     1337.9780    284.6328    222.6757
     1535.4133    437.7805   1754.1075
     1539.7615   2235.7773    935.0210
     1072.7832   1987.2495    977.3638
     1585.0079   2127.2100   1995.9424
     2155.1841   1512.9553   1239.9357
     1183.7836   1852.6353    376.2661
     1681.1979   1990.5969    646.4453
     2247.4216    526.7554    621.7132
     1358.6595   1638.3450    323.6563
      653.6075    556.5696    792.2207
     1330.4240   1519.1965   1667.7048
     1400.5330   1656.9425    880.4265
     1992.3374    988.9437    492.4150
     1568.3284   1924.0779   1526.6372
     2102.1958   1736.8579     45.6717
      539.7661    490.6450    166.0988
      482.2930   1025.2445    819.1849
     1080.3738    142.9471   2155.0835
     1877.2899    392.2357    336.7565
      638.5488   1342.8602   2047.5856
      254.7195    685.1423   1146.1375
     1667.2434   1742.1145    605.6296
     1932.1743   1500.0997    733.9116
      298.6017    142.9012   1304.0757
     1591.5690   1696.2643    353.2109
     1142.1871    360.2724    185.6705
     1951.2653   1192.2776    283.0410
      685.2104   2213.5081      9.4959
      687.9827     93.2834    136.3988
      332.5689    978.5125   1791.6431
      298.4536    890.1971   1608.0697
