      878.9667   2210.5896    213.3083
      847.6763   1460.0604   1010.5447
      895.6454   1853.2369    191.5811
     1062.2839   1100.4988   1691.9006
      602.6796   1787.0143    715.3811
      664.7048    654.1611   1092.2256
     1743.7347   1401.3003   1010.1716
     1130.3392   1898.5505   1107.5562
     1339.1143    196.9689    775.7084
     1294.3125   2113.6038   2204.9458
      509.2626   1514.1774   1418.3413
      822.1102    176.1853    160.0170
     1346.3252   2011.5608    319.3245
      830.2057   2222.6353    854.2384
     1377.5468    859.8516   1171.3502
       64.8764   1403.8757   2078.7847
      971.6624   1669.8777    522.3271
     1287.4062     75.2534   1356.4003
     2108.1785   1923.5266   2231.5784
     2183.9233    481.3275   2250.5576
      950.4258   1828.9872   1182.3497
      613.6324   1890.7332   1810.5737
       57.3978   1172.5438   2112.5544
      744.1623   1178.1769   2132.9507
     1132.4847    860.9420    599.3629
      192.6962   2064.4382   1785.7585
      388.7855   1519.6213    822.2469
     1443.9828   2216.5369   1683.3998
     2019.0231   2142.5171     59.3493
     2040.7203    281.1258    186.1577
      811.3406    868.8057    539.4719
      125.0948   1074.3644    654.4387
      579.2036    170.7267    646.6602
     1561.8024   1516.0740    827.2555
     1251.8048    809.0413   1572.8759
      747.4542    168.6022    745.3779
      871.3608   2126.7080   2116.0657
     1311.5190    507.4068   1379.9766
     1977.9149    126.7872    343.6262
     1504.6356   2076.1262   2236.6375
      313.5425   1364.7334   1398.3153
      300.3727    363.0112    406.1048
      522.2803    332.8845    759.3079
      430.3958   1903.5879    772.8978
     2109.7039    160.1615   1372.3859
     1752.0884    195.5559   1569.3253
     1079.9440    101.1642   1106.4388
     1196.7543   1339.4678    727.8014
       96.4993    659.5741   1613.2883
      902.1776   1260.9462   2251.7009
      658.5006    867.0249    963.9706
      931.1891   1467.6714    407.4647
      479.2034   1353.2841   1562.8364
     1555.7333    890.5820    180.4935
      628.7697   2257.8665   1669.8762
     1608.1277    760.1851   1378.0728
     1713.9191   1541.8702    676.9385
     1206.3938     43.3617     51.7755
     1329.6887   1935.3744    563.2482
     1656.1953    646.0104   1535.2616
     2242.5708   2153.5039    423.4728
     2176.0259    566.2275    958.9969
       85.3617    336.4575   1762.4465
        0.8145    560.5802    766.3192
     2258.8494    717.6008    370.2204
      733.2573   1379.8533   1164.1613
     1269.6582   1364.1559    449.6629
     1462.8260   1466.9109    401.6226
      839.1591    301.9148    588.2818
     1167.1025    676.0105   1419.3947
      988.8630   1414.2126    771.9165
     1915.6101   1939.2772   1841.9686
     1345.3953   1038.7656   1239.0201
      256.0758   1432.9017   1924.8187
     1749.1027    454.8777   1381.0859
      195.9778    200.9453   1904.1676
      690.1969   1929.6136    115.8706
      347.1900    139.7176    987.7981
      893.1555    432.2745   2099.5486
     1447.6013   1703.2366    739.0937
     2104.5044   1515.3611    821.6475
      682.5043   1038.9980   1098.4435
      730.5491   1952.2632    719.3534
     1439.2733    880.2148    349.1305
     1706.1154   1358.2872   1472.4613
      600.1118   2218.7903   1465.8228
      406.4746    744.7758     71.4960
     1337.8909   1686.0150   1332.3252
      695.2477   1649.3691   1431.0455
     1112.6730    569.5335    128.2071
       54.5749   1275.8898   1910.9728
     2108.0437    104.5301   1608.8562
      317.3622   1660.4586    990.1191
     1134.6388   1630.3367   2035.8240
     1749.7208    309.8800      5.6239
      758.7909   1977.9747    499.5657
     1496.0868    281.0471    375.8086
       97.1320   1213.1262   1669.3475
       95.0925     51.3620    518.0936
      127.6578   1801.9357   2032.5406
     2006.1394   1347.8710   2228.3550
     1931.5200    919.5654   1191.4165
      689.0624   1404.2015    897.6411
     1635.0182    790.3661   2260.2439
     1816.8093   2252.9551   1499.1484
      190.7999   1565.1968    878.8320
     1357.4374    333.2817   1808.4253
     1834.7570   1877.9280    673.1339
      190.2492    762.9237   1740.4960
      176.7653   1058.9803   1035.4075
     1516.6798   1374.6060   1776.7720
     1486.6312    121.2706   1268.8024
      179.0760   1808.9607   1241.0599
     2089.2705    582.6537   2082.2273
      100.7969    509.3383    516.0211
       21.6230   1898.1277   1331.6115
     1411.6025    466.5366    444.4601
     1768.4814   1917.0096   1700.4739
     1122.8846   2185.4536   1635.7301
     2163.1946    901.9017   1485.7281
     1930.9442   1991.5243   1222.2682
      526.4354   1127.7975    661.4079
      155.7842    261.3297    516.3214
      960.7609    867.2402   1284.6663
     1931.6731    184.1296   1716.8573
     1603.4915   2010.3334   1350.9077
       22.4531    683.0135   1092.7230
     2191.3188    183.8046   2081.3892
     1352.8164    986.5873   1025.3129
     1932.1455   1106.5994   1747.0160
      738.0011   2049.5754    928.7487
      177.6071   1020.1179   1652.5967
        9.7911    178.8452    875.0905
     1991.6000   1668.3591    924.9995
      191.7137   2112.3906   2218.9390
     1071.6570   1802.4250     89.0333
      316.0526    277.2506   1152.1528
      157.2861    168.8537   1662.6295
      327.2797   1481.7894   1062.9391
      624.3289    313.8118   1370.4542
     1272.3070    176.0387   1162.1426
      632.3716    782.7110    368.3089
      584.3527   1642.0863    556.7392
      460.0508   1299.3604    977.4346
      781.5281   1625.8046    428.8023
     2138.9204   1745.0806   1348.3240
      935.2923    702.5213    616.6620
       11.8079    204.5656    384.3158
      527.9000    921.4111    111.2420
     1865.6343   1583.3557   1708.3226
     1092.7971    683.0526   1623.8375
     1209.8246   1759.1427   1591.3557
      413.8914    335.6922   1335.9421
     2123.9116    280.8076      1.1088
      403.9087   2226.2271   1306.8129
      635.7609   1782.4188   2217.5537
       36.2919   1588.6711   1730.5833
      910.6810   2033.3223    877.3899
      794.3887   2032.4879   1831.5226
     2119.8384   2115.6091   2122.3643
      610.9241    811.6302   1784.0719
      417.4687    503.7867    690.8759
      280.8896   1703.8129   1406.4319
      373.1532   2240.0361    269.8368
     2090.2612    607.1606   1873.2081
     1842.1874    655.8845   1409.0447
     2053.1323    543.2576    787.3431
     1909.0328   1127.2618     54.4594
      401.8990   2151.6465    475.2151
     1491.0817     68.9710    380.6752
      611.0197   1300.2946    298.1902
     1629.5297    731.7446    377.6465
     1827.6309    366.6220    541.3817
     1779.4652    819.9152   1529.8718
     1323.8522    860.4236    185.3555
      368.4075   1153.5555   1131.4060
     2043.6212    476.5486    200.7010
      926.4528    427.0809   1210.7507
      185.9462   1233.5118   1268.4139
      257.3638   1871.8285   1885.8812
     1200.3181   1520.4913   1048.9404
      300.1966   2082.4575   1622.9674
      460.8434   1694.3492   2231.1987
      857.2224    911.7897   1468.1859
     2253.0762    216.1600   1530.6503
      864.9896   2039.1057     87.8869
     2050.6360   1400.3970   1425.6038
      932.1696    637.1717   1069.2505
      623.5137    580.1014    655.1781
      383.1950   1051.0327   1930.1682
      279.6002   1836.6674    399.0418
     1189.8547   2182.4177    976.8254
      457.4790   1896.9097   2112.5281
      218.8883   1026.4015   1225.4828
      757.5314   1132.6246    483.7503
      567.1437   1238.9617   1862.3016
     1348.1367   1354.5393   2155.1716
     1150.6559    450.6023    851.3788
     2168.6118   1131.9264   1964.4288
      929.4000    720.2455   1491.1643
     1364.4365    483.6402   1948.4972
       16.7044    880.5264   1701.3352
       83.9229   2221.7612   1185.1443
      250.9053   1653.2220    302.4455
      186.6167   1090.9043   1960.6993
     1024.5452   1843.0892   1394.7903
      942.9480   1069.0748    816.9066
     1914.7369   1259.1865   1390.1185
     1461.9366   1772.3051   1040.9458
      489.7969    576.4308   1475.3151
     2040.9597    697.3125   1402.4905
     2176.3062   1764.9496   2105.0754
     1475.7463   1090.6167    299.2954
      875.4298   1557.4639   1489.2539
     2100.3870   2062.6433   1340.9846
     1384.4741    683.5799   1039.5245
     1951.3214    822.3478    569.0164
      527.6455   1329.8168   1340.0383
     1877.2570    378.9406    134.1009
      380.2910    452.7826   1638.0759
      401.1194   1864.2930   1521.0839
      619.5176    264.1429    158.8103
      711.1638   1431.6202   1355.5635
      202.1176    513.3812   1695.1685
      468.8849    829.5439   1001.5933
      877.4088   1265.2382    335.7690
     1695.7018    692.8632   2082.1792
     2150.1531   1487.9534   2154.4282
      789.2385    691.0430    927.2841
      887.9939     20.8816   1996.7960
      454.2128   1798.7686   1719.3202
     1773.6250    119.7667   2153.5713
      554.4239    623.1550   1852.7261
      110.7152    617.8956    921.2750
     2086.1377   1262.3893   1243.6586
     2258.9648    354.7114   1356.1896
     1844.4297   1747.8920   1563.7616
      336.1516   1122.4952   2119.2300
      317.1434    481.3232   1447.9287
      572.0241   1907.2770   1592.4083
     1567.2778    124.0489   1963.2152
     2183.7429   2229.4250    104.6361
      973.2716   1670.0771    313.5354
      646.8500   1091.4503   1685.0947
       71.2003    898.3210   1129.4703
      187.0422    738.7311   2018.2770
     1780.3441   2246.7043   1107.4332
      239.1105    630.6914   2228.3584
     1640.0012    963.2403    368.6164
     1537.8109   1066.4376   1699.3928
      486.4921   1707.2903   1312.0011
      934.1134    990.3458   1119.4780
     1922.1797   2066.5195   1466.7789
     1630.0667    278.6558   2091.4167
     1709.7069   1922.8445    330.7850
     1316.7664   1528.1998    540.3114
      554.2712    994.7685   1839.0608
     1239.4647    200.4031    610.3052
     1256.0116     63.2244   1739.7969
      784.9193    760.6364   1334.1658
      357.7053     80.8659   2125.2278
     1214.1945   1018.2528   1542.1570
      585.9948    389.7894   1905.7640
     1982.6621   1937.6956   1620.7535
     1554.5309   2235.1265    564.3068
     2097.3293    536.9388   1668.5524
     1174.6206   1667.1194    470.3825
      691.5683    178.6639   1943.7111
      589.7014   1066.7013   1294.4421
      657.4290    320.7299    961.3639
      766.6678   1347.9858    718.2874
     2235.1733    373.5262    167.8341
      380.1109    159.4022    711.8749
     1933.5085   1324.2396    709.2597
      733.4796    297.9420   1563.0243
     2049.7769    757.8724   2190.5620
     1102.6208    498.4372    322.3990
     2261.8447      6.2024   2143.7561
      226.1872   1983.5419   2068.1604
     1329.7767   2140.4246   1318.4637
      117.1981    864.0447    303.5945
      670.0234    862.3738   1614.1929
     1022.7626    714.9524    271.4680
      440.6921    679.0711   1111.0031
     1222.1000   1943.6324      0.5023
     1084.5861   2211.4075    187.0202
     1827.6541    510.1131    304.1035
      317.2424   1465.5020    463.9961
      801.4706    924.5661    750.7482
      193.3992    917.2034   1871.6959
      977.5323   1961.1101   2204.3621
     1250.5901   1114.3804    906.5547
     1718.6467    487.5256   2095.7761
     1377.4183   1602.4240   1564.3250
     1808.6888    945.8044     52.6970
     1742.4119   1025.2393   1155.5018
      114.8769   2010.3693    392.7573
      219.8897    367.6936    188.2189
      519.7383     60.1642    472.7276
     1325.3325    954.5886    555.4421
      189.3169   2011.8921   1248.8923
     1469.6302   1567.6118   1053.8199
     1519.0963    807.3733    548.7560
      801.7271    304.3874   1101.5475
      631.3998   2262.6169    820.8915
     2109.3789   1903.0133   1209.7021
      663.5537   1487.4117   1555.0936
     1584.4091    522.8223    358.6464
      683.1061   1895.5405    299.8566
     1767.2018    586.0062   1927.4170
      197.9427   1890.7771   1463.6682
      777.9214    966.7639   1277.1879
     1021.1246    311.1248   1409.7158
      192.0899   2137.6704    833.5319
     2151.1697   1842.5605   1736.9061
     1043.6442   2007.9519    145.9581
     2118.9702   1370.1658   1018.6016
     1482.4203   2105.7441   1199.7040
     1022.7772   1476.2205   1617.4741
      457.0340    820.9930   1283.7504
      442.1853    517.3498    879.8605
     1501.7925   1868.5758    652.1857
      421.2141   2198.9453   1775.8071
      879.2567   2222.3442   1766.8192
     1509.0344    311.7880   1915.1432
     1683.1493    418.8066   1558.0413
     1076.9634   2186.6072    577.8624
      540.2686   1412.0640    700.7266
       12.2481   1080.7908   1161.3960
     1233.8268   1536.1801   2164.4927
     1281.6818   2222.7446   1534.4281
     1956.2056   1773.2240   1729.8822
     1466.8208   2043.8398   1565.2271
     1111.9601   1234.6128    129.2040
     1295.0524    672.6758     65.3709
     1139.1119   1028.4810    461.0888
      501.8441    502.5129   1239.1373
     1605.3304    280.0399    194.5623
      866.6516   1736.8601   1369.9392
     1558.2200   1386.0908   1342.1121
     1510.5461    614.5367    880.1927
      208.1690   1047.6917   1420.9225
      515.9171   1690.1935    879.2819
      742.2247   1381.4127   1882.1686
      163.5647   1978.2256     97.5370
     1745.5942   1730.1271   1762.4110
     1646.3987   1772.0786   1920.8638
     2259.0845   1544.3044    252.3753
      297.5240   1883.9120   2225.2920
     1757.1488   1401.0382    799.7634
      347.0585   1338.2875   1189.8414
      617.3779    132.7242   1049.6241
      991.3621   1220.9343    674.1606
        9.2849   1989.5874   1715.0061
     1412.6403   1019.9237    103.0126
     1151.5009    823.4058   1236.0753
      646.9534    268.8444    480.8764
       66.9232   1928.7659   1884.9232
     1449.4670    854.9353   1804.0981
      885.8340   2003.3977    314.6530
     2157.0459   1205.8658   1768.0309
     1855.9355   1030.4675    626.2744
     1003.8094     99.4913   1681.9836
     1290.0981    704.7075   1240.0142
     2200.3860   1670.2061   1581.0151
     2248.4919    348.6138    550.0129
     1298.2582   1369.0256   1857.9471
     2125.3545   1596.9760   1976.4268
     1673.1404    151.2561    328.4011
     2138.5894   1472.6658   1606.0698
      990.8759   2251.3301   1502.4795
      574.3219   1720.9272    152.3775
     2027.7407    523.0370   1092.3610
     2259.1758    367.2129    939.9545
     1843.4581   2111.7466    175.5159
       64.9725    534.3251   1272.9484
      462.2661    387.4039   2074.6282
     1831.2885   1091.8390   2121.0784
      914.7074   2021.6281   1087.1598
     1902.1156    498.4499   1798.1118
      182.9065   1533.2815    137.2031
     2155.7239   1615.7058    441.2679
      602.0676    641.2049     15.3744
      187.1007    598.0696   1890.7102
     1374.4608   2108.8262    636.1072
     1987.1544    417.2325   2210.2612
     1725.5320    897.1202   2114.7163
     1944.7203   1501.1754   2115.3157
      875.2639    878.9971    932.1130
     1120.2896   1517.7830    377.8221
     1609.3286   2171.8306    310.8600
      524.5837   1487.6165    942.6907
     1820.0249   1497.1708    323.6757
     1013.2507    699.5062   1993.7224
     1925.9844   1975.6187    303.7307
      307.5161   1746.3748    824.8704
     2257.8755    430.1377   1607.1863
     1939.2679    624.4277    944.3111
     1824.5734   1285.7842   1768.2719
      841.6028   1217.9858   1962.5326
      192.8754   2261.9617   1789.7325
     1398.2477   1820.8259   1535.7507
     2152.0847    632.3262   1241.8092
      975.8521    320.5013   2249.3052
      298.1436   1719.3276   1617.9088
     2002.6461   1439.3903   1773.0061
      519.9847   2012.2064    228.1828
       44.9313    937.6988   1341.8873
     1982.4773    504.5381    425.7084
     2262.1562   1546.1997     32.4998
     1594.8860    990.1904   2252.1528
     1619.9668   1164.3257    955.3221
     1317.5499    545.5228   2148.1011
     1410.7739   2151.3906    949.4065
      404.7701   1302.5881    374.6354
     1598.7922    396.5610    530.1780
     1818.2717   1209.4459    884.5662
     1750.4438    562.4518    494.8938
      142.1732   1890.2180    250.9729
     1917.5208   2074.0337   2177.3921
      934.4083   1281.8223   1051.0551
      783.0916    820.7146   2260.9521
     2163.0898   2262.9407    865.1216
       96.3594   1647.9589   1052.2103
     1710.6855    346.4472    367.7722
      806.4150    476.7924   1004.0043
       74.0314   1616.7766   2130.8523
     2248.8142   1275.7936     15.4225
     1410.6256     25.3732     16.7170
     1955.7944   1408.6112   1235.4691
     2257.6482   2224.2300   1654.1007
     1511.7902   1600.7360    573.1296
      207.6871   2254.8228   2070.3123
     1236.1302   1856.7738   1424.2416
      369.1202   1255.9447   1935.9406
     1269.9299   1738.9437     10.3831
      952.8574   2065.1741   1657.4495
     1541.3738   1422.6593    643.9365
     1873.5790    349.1855   1493.0081
     1754.4286    466.8121    689.9796
      895.2466    643.7509    415.9988
     1654.3190   1906.5302    774.4963
      138.1438     15.9610     75.9093
     1837.3046    524.3932      9.0768
     1659.2283    147.4995    956.1140
       35.9031   1512.3422   1916.5610
     1125.6854   2022.4069   2060.2874
     2167.6892   1752.3258    897.9045
      607.1639   1251.0468    807.0001
     1954.9164    721.0615   1186.5609
      266.9662   2083.0605   1416.9152
      453.8248   1839.0596    285.7951
     1878.9669   2073.9453    574.6550
     1841.1160   2137.8184   1834.9468
     1717.7543   1711.6024   1211.1775
     1864.2300   1432.6318    549.2488
      390.6560   1770.9763   1161.7637
      435.1632    538.2557   2220.2771
      435.9049   1642.5664    408.6926
     1173.6809   1998.4691   1287.5991
     1941.4651    154.6875   1495.5317
     1470.2570    750.6883   1588.5686
      722.0055    553.5288   1973.9962
     1551.1360    190.6636     13.3654
      251.5517    906.4985    139.4962
      548.9717    311.2464   1151.2850
     1494.7390   2055.1331    782.0466
      459.4694    986.2045   1175.7323
      528.8088   1170.1581   1480.5323
     1982.0234   2242.4192    773.9976
     1933.0577   1765.0798   2252.2463
      417.2114    990.8647   1387.4058
      716.6201    716.0112   2100.4888
      810.1049   1864.6642   1508.9253
      443.9189    225.4211     16.1777
      443.1324    319.6165    979.8680
     1805.7899    593.6336   1096.2439
     1791.8641   1658.5812   2101.7249
     1265.3855   1146.6930   1394.2848
     1434.3342   1382.0957     91.3407
      761.8329    461.6141   1764.0879
      676.4709    380.6017    661.7511
     2061.2244    391.1117    925.6198
      203.4555    123.0743   1134.9280
      809.3048   1918.5016   1303.8623
     2138.8745   2113.0623   1562.7552
      148.7309   1433.6217   1216.8647
     1650.0670    562.3893      1.4353
       85.9553   1453.4323   1026.2054
     2154.6843    877.9266    508.9956
     1598.8823    901.7429   1542.2446
      196.7842    312.7289   1357.2759
      973.0783    514.0051    883.6541
     1289.4048    156.4470   1938.3566
     1412.8282    685.5723   1411.4701
      654.4686    981.8412    596.4528
     1744.1294    745.3129    910.3381
      849.1484   1807.7478    808.7698
     1803.5116    380.0483   1165.6228
     1722.7975    312.6877    834.6732
     1992.7888   2090.4990   1967.1053
      391.6246   2117.5005   2125.5156
      686.7970    501.5536   1571.8718
        0.7880   1051.4319    954.8262
     1297.6154   1042.9481   1945.1904
     2227.0337   1421.7723    400.1359
       72.4281   1340.3854    191.4637
     1075.6842   1324.9493    332.4918
      935.8885   2040.8147    678.4839
     1797.7262     28.4122   1719.9094
     1519.5076    533.0454   1589.3158
      152.8728   1362.6283    506.5820
     1726.3507   1564.8994   1556.4319
      245.9045   1198.5581   1781.4565
     1370.5918   2260.0732   1120.2535
     1403.1691   2164.4607    411.1643
     1999.8912   1816.9210    596.8728
     1965.6525   1591.8361    454.9572
      286.1842    300.6593   1732.8336
     1786.5630   1881.3842   2137.7200
     2080.0417    184.1857    783.5212
     2089.2617   1404.8531   1965.9021
      898.1780   1024.3591    357.9743
      364.9083     96.6679   1669.9054
      278.4384    378.1759    607.1119
      834.6002   1531.0029    242.9802
     2097.4600   2203.4033    297.4583
      880.4377   1347.0614   1427.9729
     1063.6769   2030.8822   1492.7411
     1023.4594   1639.7021   1291.8431
      176.7655    703.5568    456.3868
     1063.9329    846.1301   1454.4014
     1629.7211   2199.2681     93.3583
      426.5495    910.1998    265.8425
      703.3663     48.3291   2089.3782
     2239.2485    172.0317    660.8645
      935.2096   1632.5101   2139.5520
     1680.4695   2073.2041   1142.5177
     1783.4288   1906.8409   1099.0853
     1507.4475   1052.9076    486.5145
      362.1648    600.9664   1981.3307
        9.3190    839.3394    929.5440
      399.0205   1625.3394    165.2104
     1238.6442   1687.8671    680.6191
      598.4755   2094.8286   1783.1570
      565.5625   1663.9907   1860.0416
     1078.7479   1111.0139    280.0157
     1333.2120   1129.3667    695.0145
     1750.8508    723.9532   1720.6724
     1524.6858   1140.4722   1313.9664
      839.7482   1682.1931   1639.7490
     1096.6444   1692.2922   1071.8422
        0.0915   1661.0824    610.4134
     1134.4794   2012.6689    305.2347
      315.7313    731.7301    603.3091
      893.6737   1508.7346    605.9767
     1850.1678   2074.1831   1006.3868
     1318.4143   1591.0258    126.2633
      123.4592   1764.0396    909.8467
      537.8686   1295.2505      5.2309
      141.7026    197.7497   2091.9478
      700.8312   1393.1014   2216.7253
      267.3399    474.1347   1256.0526
      773.1470   1212.2190   1734.3036
      344.8369   2083.6299    683.4321
      632.4059    147.3529    326.9993
     1745.3948   2250.2927   1991.1459
     1809.0531   1859.6584    887.3663
     2253.2224     14.0395   1470.7169
     2005.2236   1866.4349    831.7976
      532.2312    607.7767    447.7743
      513.2820    149.2283   1375.6698
     2177.6062    814.0060    203.7301
     1582.5217   1361.1508   2206.2036
      106.8297    867.6398   1525.2147
     1126.3009   1059.2677    681.2031
      286.3258   2191.6726   1133.7864
     1984.9420   1580.6373   1540.8018
     2072.5266   2046.3684   1765.2238
     1579.1766    877.0743   1193.4344
       58.4936    941.4310    120.9021
     2095.2463    335.9958   1489.0341
     1538.1041    262.0492    694.6548
      198.2508   1009.4434   2230.9534
      640.1654   2261.5493   1265.3502
     1702.6489   1056.5548    197.4905
      399.0981    739.4188   2122.9907
      117.3327    521.9930     77.3152
      163.2753   2122.0813    552.9650
      730.9677    689.9377    498.8857
     1395.2961   2033.2963   2053.6897
      294.3036   2134.3245   1932.6581
     1227.7987    655.1024   1986.6929
       39.0802    693.1474    617.2358
     1396.2493   1288.2883    830.5220
     1248.6320   1179.8025   1140.2561
     1392.9445   1277.6106   1277.4835
     1843.3280    191.5912   1071.0360
     1229.9878   1148.9121   1791.6500
      348.4663   1088.1285    527.6368
     1467.6431    706.9715    226.7265
     1832.8671   2238.6685     31.8317
      900.5305    314.3999   1715.2030
        8.6701    528.1760   1958.6932
       34.0205   2100.3813   1384.0903
      639.5991   1705.3888   1655.3054
     2078.6050   1199.7953     81.9206
      919.9688   1043.8165   2017.5811
      365.4888    656.0629   1311.8583
      768.2913   1721.5417    229.5103
      403.9015   1995.8433   1788.5516
      691.4102   1050.9972   1482.7690
     1519.3612   1676.0477   1218.4686
     1565.5770   1292.4075   1155.3201
      420.0274    250.5198   1890.2853
      589.2318    869.4342    775.2828
     2238.3459    741.3696   2044.9043
     1657.6268    667.6503    724.4232
     1033.4432   1040.3632   1502.8475
      341.4712   1278.9182     11.0608
      894.4719   1851.2966    605.7778
     1470.0598    104.5564    920.2525
     1837.6394   1692.7123    569.9606
      358.3518    635.4012   1765.2948
     1773.7516   1702.3242    356.6660
      634.6885   1512.1703   2016.3119
     1995.9692    375.2010   1655.9081
     2172.9883    545.9204   1454.8486
     1271.7399   2226.3679    777.4992
      766.7506   1754.3490   1849.2390
      533.1340   1981.7312    418.6427
       82.6232    874.4370    517.8345
      540.6014   1517.8171   2196.4617
     1543.1082    958.5684    967.4592
     1757.9388   1373.3519   1247.7843
     1129.5656   1516.7122   1850.5746
      494.3578   2105.5759   1611.1422
     1417.1846   1203.6368   1019.6436
     1967.1852    872.6837   1427.7915
      424.6723    242.4531    511.1231
     1849.3362   1034.4863   1388.5406
     1122.8247   1836.1870    559.2675
     1161.2596    984.4729   1125.2336
     1409.7648   1490.7788   1252.8394
      726.6264    139.5042   1433.4691
      945.0967    198.4179    730.9014
     1929.6501   2255.9197   2101.1807
     1947.4032   1409.3948    893.9468
     2147.9946   1294.2344    263.2559
     1272.7295   1965.5720   1911.4972
      357.0511    534.2817    319.7622
     1669.7555   1378.7507   1899.6584
      862.8105    226.0439   2065.1941
      438.9679    210.8562    319.8995
      995.0706   1998.6212    484.1008
     1877.4075   1943.5475     61.0569
      518.9459   2222.5378    645.5452
     1410.9149   1922.4924    105.8533
      487.9755    291.2712   1696.6970
     1102.5734    301.0806   2072.9578
      252.1422   1892.2871   1675.2999
      852.1042   1307.7413    544.1874
     1800.8945   1930.7009   1492.4052
      865.1558   1489.2279     13.5283
      944.0792   1891.5187   1822.5697
      120.4632   2008.3053    712.3652
      333.5270   1531.2411   1522.5323
      196.3755   1601.3141    685.9457
     1552.0442    587.4176    559.9550
      931.1183    168.9535   1507.4672
     1487.1029   1707.6150     30.0754
     1207.3120   1565.8387   1675.5830
      268.1395   1525.5308   1726.4556
      869.1475    559.4736   1404.1313
     2260.5530   2088.5139   2256.8081
      831.4333   1086.0615    967.6132
     1807.7529   1178.1127   1929.9835
      153.5409   1386.1310   2260.8977
      396.4453   1502.6169    623.3167
     1625.3615    184.8364    531.6573
      555.1571   2197.7280    302.3075
     1068.9480    126.4986   1970.9989
     1298.9651    603.8445   1572.2500
     1667.1750   1051.3245    779.5574
      428.4243   1858.6444    967.6934
     1400.5350    332.4253   1250.1248
     1627.9724     74.5820    742.6536
      370.6829   2081.4475    938.6749
     1122.0717    862.1600   2050.6099
     1928.4205    156.0085    652.6859
     2183.1870   1936.0397   1500.6469
     1695.2523   1975.7234   1875.1943
      572.0275   1715.8424   2049.3115
     1566.4220   1892.5732   1198.5619
      746.6896   1681.8215    911.0745
     1351.7878   1506.7731   1986.0222
     1828.0391   1100.1517    387.7899
     1917.2793   1308.7837   1055.2048
      136.4710   1052.8820    445.4815
     1376.2889   1317.6591    618.5062
      862.6753   1664.5687   1091.7805
      827.9030   1153.3832   1169.3566
      905.2704    654.7585   2148.8555
      611.3639    876.0700   1396.2083
     1116.7971    658.5013   2185.1362
     2176.1929    718.6125   1610.1465
     1301.2505    847.3252   1974.7217
     2165.9331    144.1289    222.6901
      103.4867    335.1143   2261.7061
     1212.8658   2060.2390    482.8528
     1919.3489   1214.1063    517.7798
      787.9269    307.3785   2251.7373
      194.6701   1251.9449   1064.3876
     1277.7920   1019.9663    299.3271
      667.0967   1904.8323   1997.8159
      560.8741   2137.3486    101.9881
      568.5370    790.0139   1971.1306
     1403.4065   2261.3018   1874.7850
       13.4705   1614.2751    796.6638
     1168.4790    133.5516   1530.8485
      449.3372    694.2081    743.0443
      934.5861   1022.2337    593.8649
        1.2400   2156.8760   1830.8217
     2168.4143   1722.0240    259.2672
     1062.3827   1236.3212   1892.4088
     1888.3998   1399.5272   1588.0253
      219.6653    165.7635    357.0172
     1851.3772   1467.5302   1400.6385
     2067.4211     71.6177   2212.9558
      232.2316   1215.3739    593.4468
      797.7824   2199.2371   1138.3250
     1145.1481    601.8488   1145.7007
      136.4530    721.1005    143.0789
     2163.7209   2254.7605   1267.4570
     1035.2517   1438.5780    953.7671
     2209.9636    522.2856    369.4522
      466.9207   1254.3638    182.5765
      829.5384    794.0746    276.0506
      649.7564    172.3266   2229.9861
       10.3806   2042.6696   1171.6637
      152.6664    575.9128    283.7747
      878.9669    160.2759   1852.7461
     1315.6616    301.0461    970.5416
      539.8627    583.7186   2055.3726
     1241.1417    840.1935    422.4833
     2073.2632   2087.7966   1090.3131
     1452.3687     94.5504   1548.6937
     1129.2964    801.2856   1835.4089
     1473.5758    452.3882   1017.7879
     1779.1967     16.2065    257.8233
      778.9008   1888.7985   1692.9238
     1263.6305   2103.4600    142.5902
     1784.9561   1233.3243    170.9677
      157.0732    810.8828   2207.9895
     2059.6746   2010.8589    465.6062
     1876.7081   1424.6726   1922.1957
     1906.7393    993.7067    238.7674
     1481.1919   2058.5737   1851.2472
     1561.7626    298.9236   1389.9495
      854.6274   1819.5623    394.1845
     1951.1073   1888.4855   1030.4308
      610.8096   1733.5220    377.1945
      240.7630   1858.4135   1058.1844
      702.3111   1247.4739   1014.7467
     1155.8801   2034.3401    674.8716
      545.6983      1.3721   2206.1873
     1244.8547    553.0571    494.2328
      756.2492   1977.3401   2177.6316
     2133.2957   1411.9703    103.3342
      690.4062   1106.9907   1941.7942
      924.3001   1340.2842   1251.9479
     1928.4702   1132.5143   1219.6383
      856.8622   1258.6249    860.7164
     1471.9719    224.2168   1089.6516
     1216.7705    399.9334   1152.5126
        3.1756    115.1740   1786.8091
      626.8198   1877.1324    898.0039
     1052.1482   1186.1458   1221.5897
     1626.6057   1114.7714   1509.0082
     2212.7458    437.7335   1128.7610
     1557.6403    463.1619    739.3849
     1684.3989   2093.1646   1515.9014
      549.2584   2071.6831    818.9663
      425.6932   1277.6763    568.7659
      607.9938   1350.9092   1714.1162
     1052.9060   1389.7242    541.0421
     1450.8433    722.4304    712.9946
      242.2735   1929.1694    871.2690
     1040.4421     97.3508    899.9230
     2110.5168    400.6406   1846.1897
     1487.5260   1002.8886   1919.2219
     1740.8811    255.7766   1340.0487
      269.3459      4.3981    663.4935
     1177.0070    765.6207    785.2493
      172.7312   2047.6672   1028.6433
     1024.8456   1673.7341   1523.4149
     1198.6016   1330.4143   1333.3438
     2078.6077    192.4521    989.4167
     1025.9011    476.9643   1737.8390
     2025.0886    847.1409    347.7215
      519.9977    944.7097    452.3817
      190.9478    404.9930   1927.8823
     1990.0393   1539.1715   1074.0176
     1579.7207   1936.4960   2051.7705
     1495.5626   1624.1476   1908.0358
     1718.6031   1582.5122   1902.5571
      109.4590   1792.7416    725.4050
     1443.4814      8.0668    741.2675
     1150.9050   1256.8834   2211.4827
     1369.9188   1469.1454    913.7598
     1432.5935    126.8401    580.1636
      460.7141   1160.2366   1717.1772
     1947.8281   1748.5104   1220.3585
      882.2120    156.0772   1305.9335
      981.1251    724.9548    837.2001
      331.9887   1096.3795    127.2708
      536.1065   1991.7739    627.7979
       74.3314   2122.0210   2031.9161
     1759.9032   1224.8134    692.4826
      856.9851   1034.0343   2207.5903
     1428.4070   1048.8949   1465.5022
      374.9428   2041.1689     72.6840
      793.4123    135.4407   1662.3058
      339.3294    335.2706    818.0346
      834.9573   1797.7660   2249.4980
     1063.6895   1501.5236    185.0414
     1161.7267   1688.0994    230.9134
     1260.9379   1672.6781   1896.6515
     1826.7476    755.3840   2253.9246
     1758.4196    189.8006   1942.0050
     1278.0574   2112.4612   1757.7891
     1261.7389     92.8274    938.7826
     1681.3344   1999.0853    139.7681
     1311.4735    763.5384   2141.8481
     2040.3428    663.3813    264.5985
     2222.6531    986.4356    348.4203
     1346.3878   1353.1112   1644.3898
     1616.2498   1080.4857   2061.5981
      928.3769   1357.5138   1817.1758
       18.6776   1144.4771   1339.4353
     1283.9869   1439.1492    256.2549
      467.1889   2049.0610   1419.9282
      384.3050   1183.1080   1338.9149
     2089.0864   2251.5930   1795.3553
     1646.9209    756.4406   1901.4966
      493.6954    691.9439    250.8075
      185.6651   1065.5518    254.6061
     2108.7148   1708.3951   1104.8461
     1607.3071   1181.0348   1874.2810
     1106.0951   1610.9189     26.8770
       13.2185    538.5370   1760.5938
     1110.6462   2109.4541      2.0313
     1276.5531   1862.1113    753.4962
      742.5132     87.9422    567.1447
      849.6334    104.2739   2242.4124
     1833.1633    199.1393    206.0701
     1827.3828    542.7662   1583.6509
     1191.5353    413.7235   1893.1831
      534.7454    161.3089    874.4879
     1594.7926   2256.1265   2157.0876
      911.8300   1562.4330   1780.9127
     1306.4362   1672.5271   1135.2596
     1701.2976    519.4141    895.0352
     1728.7760   1718.3181     24.9701
     1636.1672   1816.7303   1002.9511
      421.5407    347.1484    172.4911
     2087.4612    793.0530   1779.1053
     1157.2242    815.7748     86.0980
     1044.2826   1846.7092    350.5866
     1003.2198    888.5846   2217.3535
      395.1460   1285.6279    762.6512
      280.5632    833.5895   1159.3256
     1423.9974   2246.6367   2069.7349
     2021.2618   1578.7340     44.0470
      454.2246   1831.3053    526.1219
      896.4103    421.1220    408.4449
      160.3395   1740.8246   1770.9529
      288.9370    735.7689    266.8910
     1525.1989   1078.6837   1129.4084
     2158.2339    272.1088   1709.6166
     1168.8901    596.2573   1818.5204
     2122.4622    734.3243    860.4471
     1126.7737    106.9185    448.2038
     1922.9943   1057.5189   1016.2925
     1559.2644   1206.5831    142.5812
      969.6642   2204.1577    997.9429
       73.7944    148.3910   1299.2455
     1351.9906     16.6856    219.5218
      884.0914    409.1943   1531.9342
      315.2932    267.7963   2074.7512
      156.3615   1175.0135     54.9336
     1687.4698    474.0513    184.0835
      418.3665   2258.8037    846.2932
      541.2435   1436.3685    461.0785
     1180.0695   1030.1335    109.2567
     1469.6455   1873.1792    859.9265
      510.0223    974.9875   2059.5942
     1043.1265   1458.1316   1369.8549
     1571.5493     10.7285   1084.5040
      185.3962    266.9525    957.1081
     1220.3376    406.7502    676.2269
     1217.4386    696.8320    279.0805
       36.0691   1840.1158   1096.5168
     1173.1888   1536.5459    841.7616
      672.3069   2038.3986   1401.2847
      780.3248   1681.5140    662.9282
      840.6672    218.2121    408.8594
      956.4924   2216.3574     19.8225
     1457.5826   2121.2883    153.9190
     1663.3175    171.7896   1178.5199
      518.9376    400.0997    342.8582
     1566.3734    778.2772   1012.3978
      529.0192    200.2584   2058.9832
     1093.8922   1004.7427   1892.6685
     1623.7000   1552.3534   2262.7532
      485.4208   1452.1796   1883.3641
     1834.4001    160.0907    472.1559
      154.5671    741.3799    774.8078
        9.8269    286.9189   1929.2405
     2239.9812   1896.2596    122.9156
     1620.8385   2243.1306   1824.8557
     2191.5933   1388.6868   1793.7974
     2097.6528    768.2133   1070.3965
     2139.3391   1913.4320   1008.7895
      219.3190   2145.3589    187.1716
     1925.2477     61.3644   1910.2010
     1133.9335   1521.9008    635.2609
     1828.9755   1808.9694   1951.4994
     1738.3894    213.1231    671.3657
     2098.2720    942.5494    880.1924
     1922.4745   1624.1438   1914.5171
      452.8612    120.0961   1177.7870
      361.0814   2018.2734   1157.6185
     1794.4932    351.4994   1711.0931
     2084.9192   1500.6876    602.0798
     2051.9163   1787.0498   1915.4150
      496.4120   1110.1958   2255.3357
      381.6142   1345.7781   1752.7579
     1072.2355   2213.6326   2089.9539
     2026.0581   2249.2549   1409.3235
      354.9114    216.4027   1507.4362
     1487.8904    653.7321   2122.1880
     1101.6620   2241.9556   1844.8748
     1863.5745    699.1667    382.7899
     1477.0580    152.8643   1765.2117
      883.6952    844.6154   2062.6235
     1033.4891    805.4045   1063.9050
     2144.7893   1279.3660   2100.1831
     2113.5256    971.0395   1091.1400
     1456.8237   1260.8474   1470.7704
     1985.3422   1079.2513   1541.0693
      734.5005   1605.3940   2152.5010
     1843.2529   2086.1936   1655.2623
      875.9182    577.2850   1632.1823
      764.1122   1138.2477    691.5947
     1751.4767   1461.0983   2098.4763
     1401.0128   1762.0098    223.8998
      969.7535   1624.9163    919.8858
     1438.2700   1842.8695   1936.3271
      456.2600   1838.8308   1924.2209
     1690.8057    612.2205   1253.7201
      563.2507    393.8103   2261.5540
      477.1269    780.9145   1489.2679
     1223.6967   1871.2067    196.4170
     1984.1638    894.5757   1632.6931
      923.3350   1108.1638   1335.7905
     1387.4218    831.6678    882.3972
      323.6773    561.4267    130.5690
     1602.3126   1735.4340   2111.7588
      675.8141   1822.6074    540.8257
     2098.9521   1024.8595    196.7616
     1001.1276    667.6277   1281.4829
      778.4268   1871.0583   1055.8472
     1217.0126    279.9913   1319.6322
     1834.2925    817.0543   1963.5894
     1931.4624   1394.4873    168.9666
     1459.9276    574.8467     64.7630
     2204.7888   1087.0052    545.6618
      491.1382   1689.9827   1526.8032
     2179.9688   1863.1638    690.6809
     2057.2449   1536.1721    257.1540
     2147.1472    836.4432   1269.3109
      532.5977   1111.1846    987.4833
      714.5152    703.0257   1504.0848
     1120.9739   2182.7410   1383.0604
     2216.1033    883.9452   2230.8118
     1099.0271    478.0224   1312.0692
     1641.6748   1402.9023    321.1914
      353.4626    963.4833    998.9651
     1366.1404   1504.2061    726.4914
      549.9852    667.4153   1637.0165
      263.2802   1698.9856    534.6169
     2010.2705   1397.7875    390.1391
     1687.0645   1354.7643    528.0297
      311.9608    552.2862    502.4895
     1889.6438    180.0171    875.2558
      929.4041    506.2255     35.8166
      864.5851   2049.1873   1460.9758
     2084.6814    425.7033   1291.6471
     1982.5741    194.4664   2049.3677
      603.8592   1758.5802   1069.9919
     2068.0334    229.2215    523.0153
      121.7315   1568.6569    468.7867
     1425.7339   1534.2819   2209.7795
     2078.6387    986.7561   1829.3187
      200.1674    808.1863    968.1202
     2023.3705    394.7578    619.7052
     1478.8840   1988.1759   1039.0034
        2.4877   1255.9698    947.7455
       25.3448   2085.3860    219.3690
      200.9011   1620.5922   1945.0913
     1923.8287   1648.5439    208.5701
     1169.4091   1394.3710   2029.7756
      416.7148   1577.0801   2015.8540
      228.8234   2196.1267    380.3968
      510.9289     82.0461    139.0856
      230.7702    472.8812    891.1094
     1902.7656    644.3721   2083.0869
     1981.7964    511.7442   1447.6913
      663.4170   1021.0419   2239.3123
      105.9776    309.3546   1169.4158
     1653.7532   2117.4453    697.8240
      427.0173    814.4671   1698.1482
        8.9564    150.0257   1068.2433
      821.0989   2213.7261   1350.6464
     1047.2629    480.1416    532.4175
     1014.9540    164.3262    116.7764
     1390.3081    231.3885    149.2303
     2081.6633   1025.3496   1319.7789
     1717.7413   1200.1953   1326.4404
     1872.8676    419.1999    955.3851
     1806.5760   1000.1278   1596.0144
       36.3803   1218.9927    391.9091
     2035.2067   1846.1147    160.7865
      840.9265    511.9552    600.7019
     1107.6353    913.2203    277.3907
       30.2964   1061.6394   1517.8145
     1712.2633   2091.9453   2192.9731
     1128.8800    654.5247    961.6191
      806.6901    673.8419    126.4689
     1197.8741   1610.8558   1440.2560
     1807.8179   1313.3955    359.5898
     1681.2452   1755.5344   1413.2196
     1762.2860   1208.4900   1097.0479
     2260.5728   1918.2719    868.8876
     1413.7540    931.1304   1628.4806
     1006.3110   1654.1401    728.4964
     1638.3196   2248.9546   1289.0939
      581.8116   1219.5576   1171.3781
      930.6868    925.6559    150.2297
     1907.4556   2164.9358    353.3399
     1576.6793   1714.4423   1586.1417
     1593.3129    847.1163    808.2747
      716.9340   2091.9888    276.8861
      415.9059   1480.5837    285.9911
      950.5469    298.1027    952.6975
     1835.6733   2059.8257    790.7570
      509.0951    368.9012   1512.4725
        5.6125   1134.4730    191.4462
     1778.5844    836.2048    231.0740
      754.4541    941.1046   1815.4178
      567.4167    151.1555   1578.4825
     1906.8762    366.9022    758.3828
      102.8763   1822.3719   2225.3625
      731.6830   1210.9218   1325.0052
     1823.6309   1555.2885    897.6226
      701.4673   1545.4567   1760.5782
     1559.2131   1845.3689   1753.4550
     1503.3130    683.8268   1211.8346
      694.7483    585.9270    301.9732
      627.6664   1549.0660    293.5403
      739.6010   1406.9152    391.4075
      394.7094   2255.3477   1501.7655
      686.7388   1291.2493   1526.3380
      220.2015   1278.7372   2079.5793
     1347.5043   1436.7935   1431.8698
     1545.7755    681.0804   1752.6624
     1111.0883   1026.7047   1306.7821
      962.4857   1363.6201    157.5754
     2162.4985   1809.9810    503.8715
      561.7479    769.3051    585.1784
     1805.6541   2248.0210    663.5684
      669.3497    351.0045   2074.3091
     1450.5275    822.0582     12.6209
     1197.5966   1226.5327   1576.7025
      115.8756   2246.4692    980.0548
     1002.3417   1507.3672   1137.1821
     1398.6492    515.8345   1198.3656
      812.8030   1570.9847   1959.0754
      685.5607   1559.8201   1052.7650
     1315.5190    230.8745   1636.2909
      792.1447    142.2532    934.9108
      736.6705   1146.7375    287.3230
       47.6418   1417.3350    827.6174
     1083.8500    118.1080   1345.6053
     1524.6747   1454.7155   1566.3214
     2214.8716    603.2884    179.4644
     1723.0989      0.9854    483.1960
     1931.4852   1015.5773   1959.5873
     1027.1337    266.4406   1198.5610
     1374.3328    415.5527    809.9571
     1547.4600   1377.1892    973.2688
      537.6092   1421.7717   1146.1443
      326.5159   1160.8396    902.7458
      556.3193   1148.5990    438.6657
      554.3357    116.6914   1809.5559
      544.7792   1890.5946   1210.5493
      583.5284    679.6863    885.8334
     1664.5522   1405.4617    143.0394
      968.2853   1836.3105    956.8943
      320.0758   2018.5011    301.6626
       96.4200   1862.5929    528.4064
     1533.4379    850.5239   2041.1552
      371.6512   1663.0015   1838.8475
      969.2014    112.6950    298.6205
     1505.2793    443.9218   2089.2314
      620.5228   1571.9860   1245.0760
     2252.7476   1355.9030   1359.4951
     1630.2689   1778.2561    484.6276
      706.5936    938.3170   2053.3005
      714.2685   2020.1025   1177.3364
     1931.2010    204.5514      5.4575
     1148.8134    443.7497   2217.1440
        9.1836   1946.7333   2105.7896
      184.9019    669.8292   1414.5754
     1280.2532    465.8286    115.1470
     1403.5215    396.9598   1550.0881
      554.3697   1073.4592    232.1053
      945.5540     92.8902    513.6601
      381.1368   1537.0896   1268.5852
     1820.7719   1536.9689     47.9991
     1680.0929   1552.2302    462.3770
     1149.0870   1356.6376   1735.3160
       94.7791    752.2090   1254.7644
     1495.8856   1270.7595    471.3095
     2233.7561    692.3269   2261.7073
     1045.0951    265.0345    552.5898
     1040.7540   1866.9816    754.3353
     2096.2444   1159.4971    388.3002
     1590.9097   1284.2516    798.1701
     1055.5114   1696.0084   1738.2113
       93.8511   1710.5514    134.4836
     1154.7874   1768.2991   1253.5118
     1535.9189   1968.7585    270.4889
      247.5254   1503.7701   2115.1931
        7.7127   1633.9701   1227.3112
     1221.1862    347.4142    460.2324
      962.2234   2109.2124   1923.6265
      860.5203   1005.1107   1651.7261
     1282.5061   2040.8354    851.7886
      140.3813   1249.8694   1468.7496
     1206.3335    374.9656   1488.7844
     1789.7533   2117.0566   1313.5333
      721.8259   1746.1917   1223.3647
     1597.1521   1779.7742    184.8237
      212.5155    565.2049    693.9237
     1849.9763    330.3213   2087.9783
     1865.6040   1686.3706   1394.3706
     1788.9131   2047.3495   2021.3522
     2043.0280    784.6880   1961.8481
      979.1686   1271.3273   1632.9663
     1744.0137    981.3828    958.3531
     1678.4460    200.2749   1759.9437
      902.0260   1927.5026   2012.0605
     2080.0391    681.7065    470.8518
     1893.2616   1019.7050    832.1237
      593.2061    666.2434   1302.8363
     1319.9384    169.5316    401.5169
     1220.7225   1304.7544    942.5204
     2145.4116     74.1480    442.6468
      121.4912    501.7383   1458.2794
      712.8510   2254.4060   1859.8110
     2204.9675   1549.2318   1406.2324
     1712.7509    107.3970     70.6427
      162.0061    134.6276   1478.6604
       76.6279   1720.8805   1402.4215
     1983.4637     61.2005    156.1891
     1221.2679    444.8300   1686.9431
     2032.6948    615.0389     46.4960
      803.0987   1762.0857   2052.9192
     1166.5248   1958.5859   1645.2269
      559.2712   1449.1631    129.8520
        4.6683    902.3301    717.2734
     1986.6879   1775.1460    357.5948
     1175.6860   1212.2606    548.0786
      245.2996   1665.7993   2256.0154
     1031.0336   1424.7456   2194.6902
     1702.5322    530.6174   1747.0741
     1288.3486    328.4751   2062.2881
     2089.4578   1192.8350   1435.2103
      839.3176   1169.5038   1523.4846
      360.6607    486.2590   1078.4604
     1910.6213   1281.0078   2075.2419
      305.7796    664.1907   1573.4796
     1961.1964      2.9048    977.9537
     1973.8173    812.3192    142.0247
      999.6448   1853.8983   1614.7433
     1762.1471    799.8262   1104.4879
     1909.7563    527.7811   1250.6349
      912.9956   1093.5951   1829.3167
     1237.3229   1217.9625   2017.9346
     1226.9672    932.3558   2209.6665
      651.9266   2204.5305   1007.9509
     2206.0852   1921.3699    349.1825
      989.3937   2170.0366    369.7339
     1966.5795   2187.1433   1218.7701
     1240.8857     66.6161   2111.9480
     1113.3949   1068.3994   2074.9121
     1614.3422   1482.2645   1168.7537
     2039.7408   2030.8412    683.2133
      491.6545    415.2766    542.7222
     1950.8098    695.8508   1601.9408
     1408.4329    676.8555    411.7727
     1043.6617    456.2517   1056.1051
     1534.0997   1181.7970    653.7803
      172.5427    988.2809    854.8266
     1569.9196    536.0486   1917.5710
      356.9685   2237.9836     46.5883
     1266.8608   2261.7910    548.8477
     1699.2798    377.2839   1914.0427
     1926.9402    305.0653   1891.1705
     2007.5254   1230.7971   1880.2865
      906.5020    544.9441    241.8074
     1843.5724    615.2867    773.1442
      811.0502   2233.1484   1559.5084
     1044.0784   1232.3986   1436.7637
      371.6338   1888.6592   1318.5193
     1425.9670    696.4375   1940.9286
      129.0801    475.5182   1074.4762
      961.2729   1694.9797   1927.6377
     1000.9089    320.6737   1904.6478
      261.6772   1344.9128   1604.0414
     1702.5569   1547.2452   1343.8533
      849.4432   2154.5139    525.8577
     1065.5046   1785.6920   2155.9968
     2101.2178    366.8124   2045.5033
     1508.4141   1806.0953   1380.3542
      985.8478    859.5712    448.1326
      416.3315    762.0105    441.5240
     2201.6538   2080.2385    771.8967
      252.1287    849.8351   1362.7240
      999.3442    403.9377    707.9395
     1308.2843    749.4615    592.1742
      238.1840    164.8559   2257.9199
     1428.8339    190.4805   2121.1013
      386.7743    451.3779   1866.4395
     1349.1389   1376.8972   1102.6058
     1257.6097   1829.0233   2074.9478
     2052.4363   1767.7227   1535.5248
     1283.6285   1116.9570   2195.7390
      310.5848     78.8122    500.3933
      846.1661   1386.2780   2083.1743
      960.5236    671.8854   1797.7512
     1983.5905   1891.4847   1399.8632
     1735.0186   2075.3958    429.2446
      941.4062    889.2763   1864.0519
      458.7105   2224.6084   1050.7932
     1279.7980   1863.1058    957.0813
        6.2285   1289.7261   1154.0387
      276.5587   1862.8452    649.8812
     1485.5117   2195.4949   1412.3074
     1081.7800    500.3990   2046.2670
     2120.6267    943.7335   2055.3042
     1414.8333    977.6286   2134.0593
     2151.0403   2254.5996   1072.0096
     2011.3719    122.0758   1152.0970
     1761.6931   1894.3365   1300.3311
       72.1973    963.4598   2072.1213
      994.4879   1472.0719   1992.2627
       70.5188   1736.2540    375.5529
     1515.7966   2037.6732    501.2118
     1653.3868   2011.1469    931.3503
     1972.1710   2219.6416   1640.3058
      709.6857   2057.4702   1606.1171
     1262.6908    945.0868    768.9058
     1628.3354   1689.7449    856.1348
      208.7010    885.6664    657.6559
     2181.7888   1551.8600    998.6250
       42.5901    386.5829   2093.7329
      302.2523    376.9394   2251.4316
     1096.4840   2092.8660   1118.6637
     1243.3435   2188.7026   1961.7811
      502.9058   2057.9556   1971.4761
     2112.4678    724.5098    667.5178
     1065.7659   2170.1179    813.2288
      222.5102   1234.1254    367.8779
     1616.6748   1893.7441   2257.3154
      572.4371    507.8696   1022.5335
      683.1406   2109.1702   2003.1257
      523.5276   1161.0756   2057.3184
       45.9317   1079.7373   1808.2900
     1305.9431    626.1690    833.4014
      698.8710   1594.3394     85.1092
      187.0506   2238.3640   1587.2799
     1461.7435    895.4144   1362.9285
     1417.7650   1972.6089   1359.8420
      475.7575   1548.0602   1685.0389
     1676.6843    972.9553   1358.0214
      882.5615    806.8453   1678.3162
     1056.6857    897.4070   1663.0647
      808.6949    352.9101    824.0020
     1477.5043    960.4062    675.8398
     1747.8895    759.3264    562.6115
     1396.7396   1684.2198   2071.5959
     1605.3624    582.1943   1065.1783
     1362.6300   1133.5309   1631.0442
      335.1145    670.2498    934.0211
       59.6960   1827.7933   1605.2719
      180.6926    341.2782   1559.1130
      527.9990      1.4676   1988.3210
     1639.5996    888.6655   1738.5118
     1140.3516    261.5377    803.3514
      351.6560     72.2405   1919.7729
     1655.9913    953.0086    589.9878
     1410.2252   1869.0154   2189.9854
     1383.4729    357.7766   2250.2400
     1128.4492    270.4733   1008.6682
      670.0958    259.8560   1761.2642
      172.2556    201.9832    697.3256
      903.7712   1126.8896    148.5458
     2212.7859   1075.7070   2239.2849
       22.8851   1257.4700    632.9850
     1271.1631    897.4508   1382.1067
     1933.1775    892.5469   2134.0420
     1376.9613   1738.5227    523.2507
     1785.2445    874.6703    733.3867
     1810.8972   1204.9857   1561.4681
      808.5400    813.8380   1130.5211
      319.8354   1066.9854    729.7375
      337.6035    847.6592    813.7222
     1069.1339    293.6940   1612.5220
      101.7313    393.8357    351.5009
     1527.0046     82.4598    185.8184
     1695.8774   1163.8477   2241.6162
      989.7839   1239.1006   2084.3752
      683.9111   1050.6127    853.7975
      298.2341    143.5309    180.1127
     1136.6824   1741.2025    887.6295
      825.5966   1405.4467   1651.3010
     1677.4016   1269.6898   2072.5981
      476.0510   1603.3167   1098.4493
     1784.4183    820.1432   1308.4308
     1366.9690    540.4479    649.3920
     2110.9243   1293.9696    539.0413
     1805.1179   1823.6414    180.0972
      248.2474   1363.7124    919.2057
     1991.0992   1693.7810   2101.1470
      234.4771   1404.1322    702.4011
       11.0975   1449.5684    624.5740
      758.4803   1353.9004    155.5528
      823.6341    346.7846   1349.1042
      691.0518    181.2383   1222.4788
     1435.2961   1174.9080   2034.0223
      709.4639    950.2491    372.0058
     2152.2422   1968.4539   1946.6506
     1516.4775    299.9225    893.3911
     1600.5618   1258.6072   1631.4935
     1938.0022    609.4556    608.1954
       74.8741    590.2997   2140.0669
      549.6459   2016.9181   1035.9728
     1144.2671    214.7483   1795.3916
     1847.8507   1702.8439    784.0877
     2245.5918    727.0306   1412.9924
     1382.0774    231.8748   1432.9299
       12.8235    715.5511   1841.9039
     2095.3765   2032.7754    207.4192
     1809.3322    903.7560    441.3975
     1203.5601   2236.1873   1205.2661
     1830.3945   1558.1743   1171.2335
     1486.0837   1359.5093   1989.0139
      970.7301   2038.9985   1287.2511
      616.5284    842.4291   1167.4220
      431.5895    917.7089    637.7058
      617.3965   1575.9485    754.9386
      729.4218    666.1880   1749.3083
      810.5984    616.9547   1209.4736
     1209.7324   1526.6345   1254.0471
     2149.6572   1044.6206   1638.7898
      190.4001   2236.9023   1347.6764
      573.3693    814.6266   2186.7537
     1186.2328   1427.4315   1524.7717
      624.1815   1842.6511   1396.8529
     2009.6989   1261.1759   1638.2178
     1938.8370    262.5186   1308.1859
     2255.1855   1738.1239   1885.8102
      375.4738    922.6957   2243.0798
     1874.2944    902.3080   1790.6667
     1404.5785    331.9412    586.8137
      734.6777    514.2261   2192.3298
     1700.9729    988.9907   1905.7781
      837.5638   1548.7598   1251.5642
      180.4557   1462.3817    314.8777
     1305.3577    724.6174   1760.5803
      229.1106   1624.9124   1205.6702
      559.3506    477.8542   1713.4573
     1222.0718   1393.4281     71.8440
     1087.2875    948.6630    906.8555
      372.1914    822.0964   1904.4108
      322.8739   1746.4861   2068.6536
     1564.8478   1532.3782   2065.4712
     2147.0933   1317.4490    780.0286
     1500.1870   1549.4827    202.1166
      536.1844   2097.7908   1236.0020
     1847.0280    649.7561    162.5784
      799.7385    351.5955   1908.7290
     1643.6907    676.1924    181.9756
     1555.7421    264.7510   1585.9589
      122.1887    390.2502    747.5140
      413.3794   1685.0109    671.9304
     1933.0498    474.7656   2000.5856
     1628.7577    116.6813   1440.0568
      696.3745    450.5102   1182.0210
     1272.6011   2039.4962   1495.8873
      823.8682    565.4321    771.8066
      366.7228   1109.1163    330.8852
       69.9676   2248.8193    716.4745
     2089.6313   1161.4338   1074.2430
     1250.2897   1229.7610    295.5758
     1324.8438    525.5110    294.1581
      798.3048    745.1940   1913.6260
     2033.5114   1145.1783    685.7664
      991.4114    884.3947    709.8129
      637.4216   2150.6357    494.5702
      123.2971   1394.3932   1753.8809
      284.2837   1342.5101    183.2730
     1233.5013    234.2664      0.4480
     1483.3784    430.3190    200.3717
      730.9487    742.4532    713.2104
       56.1586     54.7257   1955.7833
     1455.6238   1313.0569    278.7671
      288.2317    907.3521   2064.4509
     1215.1456   2216.1016    342.1471
     2023.6914   1578.6150   1315.6810
     1124.1681     80.4715    697.9774
     1951.5519    793.1788    781.6672
     1126.8988   1348.3242   1131.4189
     2038.0596    953.3054     21.6789
      745.4077    467.4811    127.1955
      245.7924    477.6053   2081.6624
      917.1000    348.2754    181.8170
      986.4906   2238.4939   1230.3842
     2214.2654   1119.6589    780.0646
     2111.3271   2257.8262   1989.0621
      673.1809    506.2494   1378.6680
     2146.3511   2238.2668    636.1360
     1832.5009   1715.8649   1032.1658
     2124.7156    345.7455    372.8387
     1383.8453   1938.5206   1706.3917
      972.7144    723.3650     75.3333
     1037.0604   1083.0134   2262.9839
     1588.1876    424.5523   1210.7798
     1518.1095   1584.1483   1427.9087
     1344.9961   1860.2218   1197.7599
     1993.7773    325.7027   1122.3070
      212.5455     84.4062    848.9129
      626.7056   1285.3691    570.2098
      827.5269   1538.3756    799.9800
      156.3092   1507.3287   1386.9845
     1717.4287   1437.8636   1703.3582
      692.3489   1181.7476     90.4644
     1451.1592   1072.1766    851.4678
     2024.7577   2075.8152    883.6772
      646.1610    778.9476    164.6823
     1633.9005   1200.4114    335.2469
     1059.4457   1138.7974   1014.1302
     1106.0647    681.3481    476.6396
     1797.7557   2251.9497    871.4544
     1267.1952    955.6551   1753.8666
     1102.1823   2029.8882   1815.9709
     2037.0344   1181.7810    876.0732
      354.3959   1471.2607     26.3147
      300.0079    912.6273    432.0523
      325.5351   1979.4680    508.8081
     1670.0967   1585.0677   1022.7332
     2220.0952   2022.2131    564.8434
     1288.3135    514.5778   1004.0026
      912.8163   2261.2532    693.7393
       68.1904     21.9685    292.5992
     2072.1743   1678.3392    712.5745
     2168.8328    234.2283   1202.3109
     2098.8831    178.8513   1876.4326
     1994.3875   1906.9417   2074.8247
      332.8835   1149.6765   1557.3425
     1336.8113   1149.7617    474.0638
     1059.1566    295.4124    337.7325
     1840.9283     81.3453   1308.8401
      736.4908    354.4958    310.4619
     1923.3302    689.1159   1796.7252
     1416.8917   1200.2156   1809.0184
     1626.0708   2058.5339   1721.3173
     1621.8278   2252.0122   1620.5090
     2201.5667   1285.8439   1563.7037
     1851.5760   1880.2177    466.8644
     1089.2820   1846.1584   1962.1145
     1672.1215    347.0706   1029.1697
     2248.0498    907.4026   1907.6249
      679.4525    472.2110    466.7521
     2032.1945   1119.3827   2137.5002
      777.8174     22.8631    373.7870
      302.8497   1809.5433    156.4091
     1075.4226   1233.8521    857.8093
     1697.8250   1138.6130    526.7430
     2178.0273    370.1427    745.3922
     1055.9493    518.5564   1510.1324
      735.1736   2153.0310    684.0732
     1719.6956   1102.7766   1747.5980
      502.4691    991.7282   1578.9979
     1111.9862    614.8326    687.8016
     1396.7435    534.9344   1760.1774
     1964.0828   2250.8799    529.0781
     1458.3965   1856.2518    405.1509
      484.8587   1893.9462     56.7691
     2245.4419   2087.4287    968.8508
     1401.9108   1735.2909   1741.0779
     1588.8062   1596.4700   1734.7485
      872.1685    111.7310   1099.3878
      731.0277    974.3607    168.2662
      106.1056   2051.7239   1554.8018
      999.9456   1180.8546    466.1790
     1921.2401    843.1542    977.8597
     1473.3868   1168.3864   2226.6038
     2262.5835    151.1948     34.4822
     1230.4470    814.3231   1010.3690
     1220.2942   1809.7596   1784.4298
      148.7991   1211.0896    808.5526
     1573.6136    376.9595      8.6957
      914.7657    529.4621   1913.5005
      571.5159   2058.5969   2183.7996
     1702.8224   1592.5045    200.3316
     2089.8582   1629.4238   1757.9163
     1320.4176   1213.8853    116.4831
      925.4907   1660.0352    100.5702
     2067.9163    938.0054    697.3953
       77.9810   1440.8568   1562.6372
      706.5202   1487.5703    578.6256
       96.1756    215.4784    196.3140
      138.2219   1635.2633   1565.9033
     1536.0424    513.5731   1391.9893
     1187.3788    145.2962    238.3605
     1294.7148   2037.2767   1107.0735
      416.8578   1364.7358   2092.5876
     1812.8296   1326.4070   2254.2839
     1286.5952    322.2409    283.0919
     1558.7606    390.1513   1744.1516
     1613.8123   2196.3406    911.8973
     1100.4469   1991.7061    919.0107
     1580.8702   2135.3936   1988.8798
     2165.8777   1459.4583   1207.5255
     1239.6205   1836.8284    386.9501
     1682.3536   1956.6108    563.6527
     2168.5149    530.0817    571.9747
     1331.6602   1623.7903    341.1706
      644.6334    488.0893    840.2663
     1392.7463   1531.4481   1750.6605
     1333.5474   1667.5439    902.2731
     2000.9774   1015.4041    476.5814
     1601.3566   1919.2756   1540.3170
     2165.3494   1727.1859     41.5992
      554.8240    508.1740    173.0631
      487.7506   1007.1253    829.8999
     1045.5211    131.5999   2188.7488
     1921.2158    313.9719    378.5474
      615.8709   1322.3170   2052.5391
      227.2529    647.6243   1122.9229
     1657.7880   1735.2296    667.1584
     1929.6445   1534.6428    714.5734
      307.0278    136.6107   1334.4047
     1535.8363   1656.5465    352.2934
     1122.2296    351.4101    148.3461
     1963.1305   1208.8745    263.0368
      733.9061   2184.7129      1.5413
      697.8499     26.8215    166.1691
      340.7828    993.8018   1753.7015
      306.1418    893.2786   1580.1614
