      891.0475   2238.3813    189.7243
      849.0869   1450.0487   1025.5275
      878.4412   1891.4274    220.3160
     1026.1855   1082.2037   1690.9562
      588.1385   1781.4347    704.3082
      585.6266    628.0273   1056.8268
     1770.0167   1426.7036   1014.0347
     1169.0559   1874.5181   1176.7218
     1312.8955    120.6044    771.4072
     1332.5386   2133.2229   2196.4038
      525.3474   1528.5260   1445.4052
      814.4289    172.3463    175.4203
     1358.0330   2045.0356    329.3893
      788.0005   2146.4512    840.4462
     1377.8370    846.4908   1147.3982
       33.1999   1414.2546   2110.5393
      985.7908   1713.5170    542.0032
     1280.2854     48.4770   1382.8046
     2108.3516   1955.9043   2253.9199
     2213.3403    472.7862   2215.5100
      980.4738   1850.2388   1182.1328
      564.1718   1888.5646   1738.1398
      120.3548   1187.8105   2136.7622
      679.4466   1208.7516   2130.0952
     1132.2511    807.2908    632.1581
      224.8309   2049.1858   1848.8408
      379.1934   1473.7974    796.7999
     1425.1598   2174.7515   1706.8145
     2039.5375   2147.0918     34.8392
     2024.1475    287.2926    231.8080
      802.7833    851.1413    505.8249
      116.3376   1064.2950    613.3830
      531.9368    142.2459    668.6555
     1560.6157   1542.0389    847.2941
     1253.2396    762.5033   1608.2611
      730.2730    142.9972    735.8725
      856.2524   2123.4644   2113.4597
     1285.7700    479.1793   1362.4154
     1922.3988     94.2473    359.5469
     1523.9742   2076.5210   2231.9861
      321.4760   1324.2792   1404.2504
      308.9201    326.4650    356.9178
      493.2430    311.6325    753.7435
      435.4411   1877.2543    797.9308
     2135.6111    160.1622   1364.5146
     1718.6387    148.6387   1598.0040
     1086.9521    124.4209   1138.4667
     1183.4557   1353.0326    713.3011
       64.6648    668.1024   1618.3466
      896.9214   1247.9373   2225.2344
      609.2027    880.3597    961.1207
      953.6271   1477.5546    422.9360
      486.1230   1343.4451   1547.6881
     1554.6278    879.2651    178.9905
      557.7646   2229.9465   1688.1238
     1620.7980    703.9135   1372.3156
     1692.6064   1548.8960    675.4211
     1234.1976     82.3691    100.7638
     1348.0371   1908.0225    578.3201
     1676.1517    643.6595   1569.4462
     2183.1863   2118.0171    457.1596
     2190.3708    543.7414    929.5346
       48.8360    345.2794   1719.8297
        8.5201    504.0880    735.8426
     2239.3213    751.3603    343.7222
      748.3212   1343.6008   1199.8298
     1274.2823   1348.6908    433.5020
     1428.8363   1473.3428    437.2231
      844.0374    285.2160    584.6789
     1149.0588    654.4405   1399.1501
      981.8912   1372.1699    741.7996
     1918.9600   1936.2269   1858.6710
     1331.7169   1015.2008   1288.2300
      278.3525   1420.5697   1913.7871
     1676.5150    490.2634   1372.2861
      186.9070    219.4211   1888.5612
      671.7502   1874.9752    143.6124
      327.6663     54.8752   1002.2135
      921.9648    456.8862   2115.9839
     1462.0889   1688.2775    740.1589
     2091.7090   1472.4292    814.2534
      728.5197   1000.6826   1085.0586
      701.3101   1966.2537    735.9751
     1453.3940    857.3108    356.0728
     1675.2043   1357.9116   1446.9480
      579.4366   2207.6829   1445.5812
      417.3221    737.3574     61.2077
     1366.3169   1663.5369   1377.8090
      678.3613   1665.3594   1447.1719
     1101.7384    590.3130    131.5736
       84.0854   1285.3000   1923.1738
     2070.7000    103.5575   1566.3381
      309.6573   1618.1355   1001.8428
     1149.2466   1658.2300   2067.7576
     1741.0620    343.1066     12.7871
      798.8361   1978.5732    564.5464
     1490.4785    299.7250    396.8668
       62.0425   1244.6746   1693.6123
       72.5227     10.6544    527.7723
      140.5242   1780.3754   2050.3611
     2014.2074   1333.0740   2220.4077
     1943.9127    950.6866   1176.5510
      675.5514   1443.6132    911.5381
     1607.8059    761.6556   2262.7117
     1765.3668   2260.6387   1444.1053
      180.2945   1525.6136    870.5505
     1373.9515    288.1101   1759.8571
     1810.4413   1886.2078    691.8311
      222.6512    780.5377   1697.5743
      206.5088   1006.2278   1042.4979
     1473.7614   1370.8755   1776.4335
     1484.4744    132.0359   1269.4238
      170.0825   1800.2111   1254.1305
     2080.1233    576.9253   2121.2251
      126.5962    477.2416    515.2260
        1.6043   1865.6704   1358.9463
     1392.2905    470.4975    400.4061
     1773.9021   1912.9414   1686.6594
     1074.2188   2184.8352   1644.0870
     2180.7769    951.5209   1433.6016
     1981.0122   1984.2061   1240.4125
      558.5507   1173.5894    687.7118
      200.0509    252.9432    522.7175
      962.8035    874.3890   1311.7191
     1919.7498    145.9210   1698.6268
     1652.4977   2060.7869   1408.4293
        8.0683    648.9309   1106.3336
     2149.4614    245.3370   2109.5828
     1334.9918    988.1128   1002.9839
     1933.4510   1102.5364   1717.4454
      700.2352   2027.8995    961.3143
      191.1405   1089.8539   1682.2471
        7.9026    163.4139    872.1567
     1966.4296   1597.0432    902.8150
      227.8909   2086.0945   2211.2539
     1065.8302   1840.2773    100.0089
      339.2663    265.6195   1201.7736
      158.2873    162.9746   1692.6377
      300.5181   1431.3318   1079.5804
      592.1272    320.9148   1373.7750
     1280.4686    144.1021   1164.9244
      632.6201    768.1138    387.4924
      585.4813   1651.4327    494.1857
      446.3641   1265.3444    978.9862
      805.4839   1638.0808    437.9221
     2140.6367   1704.9900   1382.4020
      939.3817    683.1708    631.6100
       25.4114    189.8684    430.5855
      569.5681    942.2266     45.8838
     1843.6755   1516.7566   1721.3345
     1094.6227    640.2021   1628.9651
     1194.6223   1801.5636   1532.5159
      376.7193    313.3574   1396.0432
     2134.5198    247.2721     59.7877
      378.9292   2197.6306   1330.7703
      628.4493   1786.1576   2225.4395
        2.7590   1558.6870   1772.8274
      871.6482   1969.2307    853.3827
      778.1549   1987.5759   1920.6213
     2154.3071   2062.0051   2072.2866
      560.4294    781.6731   1858.6824
      407.0149    526.6824    735.9230
      312.4877   1688.2982   1398.4862
      364.0450   2246.7075    264.8633
     2108.0627    619.8492   1898.8608
     1826.6417    626.2325   1405.8123
     2059.7522    514.3185    743.1367
     1882.0359   1171.9716     64.0142
      437.3523   2147.5046    493.5901
     1488.6908    101.0721    382.0500
      623.3051   1314.7626    268.7296
     1644.0348    741.5435    394.7555
     1815.3240    377.8678    569.4093
     1800.5765    789.6821   1522.7544
     1322.1013    875.2414    208.4631
      385.5138   1138.9343   1107.1964
     2057.0110    467.2353    118.3956
      880.2682    447.3706   1164.0084
      207.0961   1192.0649   1256.9990
      224.0150   1837.6750   1851.8021
     1227.4158   1523.6854   1019.8087
      277.1721   2128.5354   1663.4061
      434.4850   1666.5527   2237.7061
      827.4493    875.9364   1467.3444
     2232.0935    216.3895   1583.9193
      841.0958   2018.5701     59.3781
     2052.9822   1375.8564   1430.3192
      910.8778    634.7731   1043.0442
      626.5380    571.2421    670.5999
      373.6244   1074.3143   1904.0554
      266.8448   1874.2325    412.8041
     1139.6313   2189.6506   1019.1010
      500.4563   1911.7717   2109.4832
      300.6994   1004.3500   1228.3629
      763.8040   1178.9042    462.8731
      626.3648   1239.4274   1855.8335
     1332.8986   1328.6592   2116.3716
     1144.0552    436.1620    883.6929
     2182.3521   1136.4309   1952.3307
      944.7115    677.8460   1452.9519
     1362.4313    470.8466   1921.4536
       36.8113    897.3307   1685.1388
       64.7055   2175.6782   1164.3320
      233.8617   1674.5255    310.3575
      189.0774   1111.3853   1960.9563
      986.3862   1853.9929   1392.9492
      922.8393   1044.0892    782.9619
     1882.6873   1279.3712   1375.5519
     1520.6959   1786.9530   1082.8203
      505.7795    555.7018   1471.0771
     2009.3776    732.8419   1387.9027
     2182.1326   1833.2164   2071.5784
     1469.1714   1073.0177    263.7305
      859.4365   1551.6432   1474.7592
     2119.5120   2072.1877   1370.0200
     1346.5721    650.7920   1053.5819
     1920.3589    811.8628    551.9510
      524.9462   1337.0653   1343.7727
     1878.8129    439.0843    193.0974
      382.9763    499.8059   1632.8508
      377.9766   1895.1740   1549.5413
      625.6185    278.0797    145.7440
      708.7805   1404.5385   1425.6637
      199.5443    531.8863   1690.0370
      439.8821    744.7624   1004.4025
      898.9946   1277.8794    305.9047
     1685.9041    678.9610   2085.4761
     2120.1528   1493.0444   2153.7083
      743.0440    713.8947    936.5930
      927.1334     59.4986   2047.4963
      398.7227   1771.8353   1719.8232
     1796.2703    159.8780   2134.8970
      649.9033    602.1795   1873.5074
       99.0387    649.7883    914.4041
     2086.4724   1276.3619   1208.6178
     2247.9700    328.1272   1406.8558
     1829.6860   1669.2238   1578.3873
      339.4749   1125.8291   2112.4055
      283.3835    490.7404   1451.3248
      598.6513   1883.7723   1533.8419
     1606.6392     75.3328   2021.8325
     2167.0352   2259.9082    135.6062
      993.1810   1666.8317    339.8768
      666.7214   1093.0875   1711.1675
       93.5995    809.4391   1106.5511
      119.0694    790.6119   1989.0647
     1772.1948   2230.8796   1092.3004
      236.4991    686.9886   2260.3228
     1640.3904    980.0687    382.2605
     1553.4622   1028.1429   1656.1925
      504.0587   1701.4725   1320.4890
      968.4657   1009.8991   1172.2720
     1946.4756   2048.2600   1491.7041
     1636.5948    280.1319   2085.7727
     1669.1677   1854.2426    361.2166
     1285.4220   1522.2131    567.1375
      542.5543    999.0123   1823.5049
     1231.8831    228.2961    623.4240
     1239.0304     41.5129   1772.1366
      779.4996    714.4630   1324.1870
      356.1154     76.6827   2144.5796
     1217.2203   1010.1989   1572.6200
      579.5431    395.1832   1924.4025
     1998.3503   1914.8043   1665.8217
     1600.1167   2169.4111    530.9352
     2122.0569    606.7775   1678.6803
     1167.3284   1709.1218    473.9151
      672.0438    178.3633   1944.4506
      598.1332   1035.7677   1307.2969
      605.6875    253.3064    903.6627
      758.8336   1367.8439    728.1664
     2228.4199    380.8140    204.5538
      330.1927    185.0256    695.8815
     1939.7766   1333.4438    658.2083
      705.2563    256.7675   1545.9136
     2037.1864    801.7988   2154.2278
     1076.0508    535.0131    340.4453
     2207.6509      3.6704   2106.2744
      284.1063   1959.9150   2022.3624
     1305.2655   2091.2219   1353.9307
      150.5213    847.1362    303.5795
      670.9603    841.0043   1601.3225
      990.9232    730.0507    284.5415
      423.9438    591.8760   1145.9146
     1242.7626   1977.6351     18.9336
     1105.3667   2235.3528    211.2910
     1790.1823    547.5424    363.2402
      331.4360   1506.7999    474.5594
      730.3566    948.1866    723.7533
      182.4237    930.0139   1849.9456
     1024.5295   2000.6562   2221.6782
     1251.8052   1100.8427    888.6580
     1687.8125    482.4054   2110.3193
     1389.3019   1611.3021   1572.6245
     1781.3552    943.2391     45.2728
     1701.4701   1036.3033   1175.6384
      107.7083   2029.0569    408.8638
      214.1290    353.6789    164.9560
      551.6443     44.5177    475.6924
     1291.6392    980.6118    597.2593
      231.1620   2038.6633   1272.0719
     1454.0337   1594.6364   1046.9900
     1510.7208    771.7055    524.5870
      744.3839    302.2695   1077.7368
      605.8816   2255.1917    853.9590
     2125.1995   1850.5863   1191.6981
      665.1360   1515.8663   1590.8966
     1584.6450    552.6823    356.9284
      714.1503   1948.2015    353.7922
     1756.1650    596.5826   1926.3467
      185.5530   1894.1780   1451.9410
      768.4122    954.3795   1273.7352
     1003.9684    321.2476   1375.9795
      160.2042   2089.6926    820.6442
     2141.2688   1756.1064   1725.7565
     1025.5608   2048.2327    156.9554
     2117.4426   1354.4697    981.5276
     1507.6033   2088.8918   1213.0215
     1019.1111   1520.7145   1626.2993
      444.4908    799.7122   1246.2698
      420.0401    532.6368    931.7319
     1506.8685   1876.3621    689.9171
      409.0302   2172.8921   1831.2654
      778.5867   2181.7683   1732.9282
     1505.9723    269.9914   1918.8376
     1707.7410    335.0632   1552.9200
     1070.6879   2192.4424    588.1293
      554.0416   1398.1003    738.6723
       60.3758   1047.7778   1167.4452
     1217.4546   1491.0929   2180.2825
     1286.2268   2195.1907   1560.6516
     1904.2103   1740.3750   1755.1161
     1503.8439   2046.0911   1587.8717
     1115.4213   1196.6814    105.3662
     1275.9169    677.9048     57.9356
     1090.8486    997.8983    525.2195
      453.5254    449.1354   1283.7284
     1587.4413    299.3224    192.8733
      851.2040   1718.7810   1342.8306
     1532.7279   1402.5291   1296.0702
     1501.7480    593.1589    897.0941
      225.6622   1039.8752   1419.9819
      516.2506   1647.2257    855.0009
      749.4128   1393.6388   1861.3473
      110.7083   1989.4016     84.2082
     1705.1289   1710.4590   1757.7933
     1638.0582   1732.3362   1938.0847
     2249.7368   1544.0770    252.3089
      278.6980   1887.0046   2198.6057
     1740.0369   1378.4659    785.9002
      365.4280   1317.3090   1200.0774
      573.2380     97.5704   1036.2272
     1038.3278   1174.3760    647.3073
        4.5265   1909.1947   1727.1130
     1388.2878   1022.7614     90.8007
     1166.6826    823.1808   1247.2147
      630.7728    244.8856    502.0832
       54.6638   1926.9106   1939.2354
     1471.2126    834.3643   1765.6708
      888.1600   2055.2146    321.8787
     2140.8391   1201.7822   1752.6122
     1833.1461    984.4823    614.9438
      946.6325     82.3244   1670.1899
     1304.9746    682.8060   1278.6320
     2211.0779   1609.1536   1554.1748
     2251.3083    346.2774    600.1434
     1320.1093   1301.1860   1857.7582
     2128.5369   1553.0715   1951.9558
     1667.1292    157.2626    326.6283
     2144.6401   1426.3645   1647.5491
      944.3542   2241.0171   1484.6489
      539.0059   1673.9203    142.3008
     2012.0175    595.8014   1037.2743
     2248.4072    334.6355    967.2172
     1879.5778   2117.6240    158.2724
       28.0385    504.3276   1285.1921
      424.8261    387.5496   2074.8799
     1819.0845   1075.2006   2125.5508
      889.8442   1970.5173   1050.8937
     1942.3065    495.3415   1744.6687
      158.7301   1521.1498    127.8928
     2166.0869   1575.7841    434.5463
      593.3990    565.8646     25.7790
      189.8506    631.0586   1877.8875
     1398.7347   2094.4128    658.3576
     2012.4098    398.8784   2191.4436
     1701.6847    882.2073   2091.3059
     1910.9004   1508.7736   2149.2571
      844.7627    890.4399    906.8021
     1145.4120   1516.8452    405.7073
     1580.8032   2202.3677    320.7206
      485.6548   1484.4845    967.0059
     1807.4230   1489.4685    290.6343
     1024.5067    667.6047   1966.9642
     1886.8351   1954.5331    281.8167
      309.8662   1689.4281    817.9253
     2148.0576    422.1028   1612.6831
     1911.4492    560.0143    872.4437
     1829.8765   1269.9674   1757.0869
      816.9615   1241.2883   1966.3905
      181.6122   2253.5342   1798.6154
     1403.8864   1817.3899   1572.7721
     2109.1040    616.3145   1246.0800
     1004.9319    302.4176   2248.4031
      246.2073   1740.6951   1580.5155
     2000.6870   1386.0814   1787.5254
      535.2363   1988.0536    221.1974
       75.5242    904.6957   1296.9507
     2041.5177    492.1105    339.4156
     2261.9226   1573.9305     24.4247
     1579.7758    989.6190   2253.6528
     1611.8334   1115.0677    957.2736
     1305.4565    518.6767   2163.3511
     1349.4021   2163.4502   1015.6904
      385.7273   1313.1228    373.7561
     1628.8608    367.9980    529.3789
     1805.6038   1197.8606    894.2227
     1713.4596    564.5024    545.1411
      165.4321   1898.6398    250.0864
     1953.5505   2092.0459   2145.8162
      955.3241   1293.8322   1078.6245
      788.7711    821.0824   2216.1062
     2154.4573   2252.7097    861.6425
      108.8472   1598.8789   1075.5435
     1697.8082    359.9102    351.0269
      743.7818    495.8056   1006.0397
       11.5847   1634.8076   2100.3367
     2259.8914   1292.5981     17.2169
     1421.3433     43.3971      3.5335
     1931.6024   1402.5593   1231.8363
     2261.3223   2259.8911   1668.5131
     1495.1588   1574.8029    583.8115
      153.2471   2253.7822   2158.9788
     1285.5693   1881.3314   1368.1035
      423.9393   1280.4965   1907.2124
     1257.2172   1775.9156     12.7500
      942.1658   2066.4937   1729.0001
     1551.4357   1402.2413    688.5969
     1861.0165    398.4542   1399.8142
     1791.5688    464.4485    739.9002
      901.2725    648.9332    435.2765
     1640.4108   1932.7247    832.2040
      124.6914      2.5939    105.7657
     1875.9136    529.4145      1.6656
     1663.4391    135.9309    956.8063
       81.2676   1494.3793   1948.0061
     1185.5679   2024.4624   2094.1812
     2129.8701   1709.3324    896.4827
      602.2283   1259.6338    858.3319
     1933.0406    731.9238   1162.4897
      283.8897   2070.9028   1465.8085
      396.6195   1818.7535    265.9730
     1821.1615   2070.7559    569.1000
     1775.2583   2141.4790   1892.6526
     1719.0078   1749.4390   1208.0784
     1855.0790   1490.3446    513.8469
      361.4508   1739.3210   1187.8527
      412.9096    574.7881   2180.9106
      442.4544   1623.1207    344.9468
     1119.9716   1980.4612   1332.6852
     1886.3507    159.9214   1473.0427
     1471.0411    685.8478   1622.5144
      767.3429    500.1948   2002.5676
     1576.1202    200.0339      2.5649
      244.8012    868.9661    107.3314
      546.1196    269.6301   1180.8617
     1471.3014   2040.1161    817.2851
      501.2984    973.6154   1154.0033
      555.6051   1171.9734   1481.1647
     1973.1344   2243.4429    729.6612
     1919.4248   1745.0677   2258.6111
      432.2491    960.1231   1401.5852
      651.8746    693.9570   2065.4319
      788.1402   1872.5699   1474.7216
      416.3878    237.5653      8.7316
      427.9370    238.0646   1014.5685
     1830.4620    538.0654   1080.2676
     1765.7253   1638.7468   2088.7505
     1258.2499   1160.8630   1421.5226
     1405.5333   1401.5929    101.2390
      788.1630    489.3810   1757.1450
      691.0071    334.0804    689.8888
     2042.5029    411.0914    938.1106
      208.4073     80.9654   1158.6953
      810.9582   1914.4216   1267.4016
     2100.1904   2153.4749   1570.0651
      138.5663   1401.6809   1220.8513
     1680.9902    580.7876     10.3727
       89.9557   1392.1785   1014.7791
     2142.1892    836.9018    520.9553
     1579.8197    839.8312   1523.1493
      164.0965    331.2204   1347.8824
      950.0959    494.9926    915.2703
     1329.6110    158.8822   1919.7776
     1422.4861    679.6413   1442.6221
      649.8253   1030.5160    552.3228
     1811.6213    711.4574    959.9587
      818.9017   1768.6431    803.7988
     1792.1495    362.3722   1199.3381
     1692.7156    302.3444    833.5283
     1987.7970   2115.5933   1925.5054
      432.1357   2093.9585   2181.3188
      680.3102    464.3740   1583.2946
       35.5434   1051.9059    951.6946
     1278.3535    997.3864   1968.3533
     2234.8047   1393.8129    419.7994
       68.1582   1355.7485    223.3970
     1107.6147   1324.6572    310.7531
      952.2641   2061.8845    695.8046
     1768.2130     22.2484   1747.9220
     1547.2458    497.4313   1563.2532
      176.6452   1365.9683    494.7651
     1697.2549   1534.6753   1534.0862
      256.4446   1229.3140   1802.9491
     1381.4243   2227.7175   1217.2036
     1400.9628   2214.5398    471.9680
     1994.3475   1825.4307    604.8911
     1977.6890   1631.1677    451.8579
      295.6450    325.8024   1723.7072
     1764.9681   1842.5323   2145.9275
     2054.3857    147.9784    811.0402
     2036.9178   1377.9771   1996.0593
      929.0555    992.1847    340.6949
      365.6521     64.0336   1714.8887
      279.1920    382.7042    655.8378
      849.0268   1513.5853    248.5963
     2062.9458   2205.5842    300.9442
      915.0717   1344.7460   1481.3287
     1074.1117   2017.6052   1527.3435
     1016.8415   1662.7347   1247.4114
      189.3875    650.1956    413.2846
     1090.2968    818.7747   1478.2693
     1646.4779   2169.9961    114.0565
      411.9911    903.8987    222.0601
      722.4196     41.5635   2089.5164
     2159.3235    167.4362    634.3374
      930.3129   1656.7903   2149.2964
     1726.2191   2052.5679   1176.3333
     1847.6265   1907.7184   1114.5814
     1476.0331    998.1851    491.0468
      456.6595    612.4584   1976.2623
       10.1657    856.2122    895.9133
      336.9242   1611.3446    163.2538
     1230.7661   1707.2321    671.7438
      614.2007   2051.0088   1817.5895
      579.5846   1701.9192   1846.2894
     1097.3422   1115.7832    299.1625
     1245.1351   1146.8492    696.6524
     1792.7361    717.0356   1725.7167
     1525.6688   1066.4363   1323.7510
      852.4399   1701.7587   1612.8143
     1128.0183   1699.6622   1079.8423
       26.2510   1664.3383    570.9426
     1145.9094   2056.7334    319.0239
      293.1498    720.1273    583.2036
      878.5161   1540.4659    631.5096
     1884.8750   2081.0198   1007.7274
     1296.3735   1587.6447     93.0507
      104.0894   1709.0580    893.4307
      554.3889   1324.7791     40.3613
       72.5725    194.4886   2089.1809
      734.6023   1371.5815   2228.1350
      248.8646    487.6018   1244.9479
      834.8739   1217.3436   1769.4043
      339.1175   2049.6323    715.8702
      632.7636    155.2837    309.5943
     1816.6252   2242.6819   2063.7092
     1837.4103   1910.9476    897.1696
     2239.4375      0.5197   1456.6765
     2027.7085   1885.7078    809.1591
      522.6569    574.5768    463.4754
      474.9313    133.6505   1368.0638
     2173.7300    797.7599    178.6086
     1537.4191   1352.1992   2192.5679
      113.7770    838.2573   1491.4856
     1100.6830    991.2173    721.4572
      268.3724   2154.2710   1081.5300
     1997.4442   1544.0983   1552.7119
     2124.2056   2052.1121   1747.2881
     1589.5342    856.9244   1193.7781
       47.0846    940.9863    133.4105
     2045.7477    300.3406   1481.2849
     1556.8583    275.6527    684.7560
      191.0169   1028.6497   2238.9600
      583.6210   2229.3889   1232.3883
     1682.6652   1039.9801    184.5311
      290.3218    728.6584   2064.3110
      129.4682    501.5392     46.4397
       95.5268   2096.8413    614.6373
      743.8047    659.0502    546.7488
     1407.1915   2016.9412   2059.0742
      306.0695   2173.5107   2020.0397
     1229.6095    614.7566   1998.4265
       19.1772    668.6019    566.2828
     1398.8854   1260.5155    792.3448
     1271.9022   1149.1196   1140.0737
     1376.2607   1243.6871   1283.2097
     1873.3561    178.2663   1070.2549
     1207.5848   1122.6394   1789.1702
      429.3091   1085.4755    535.0310
     1436.6899    683.5355    241.8538
     1850.0305   2246.5859      5.6761
      853.0293    265.8178   1697.5062
       15.1251    533.3878   1981.5242
       51.9588   2070.6660   1367.9572
      656.6458   1728.0074   1656.4489
     2089.7732   1192.7731     90.7759
      867.5780   1091.8153   2068.9497
      361.5793    651.9459   1350.4248
      774.4366   1727.3862    278.2253
      396.5096   1975.3448   1778.9275
      727.9288   1041.8319   1489.7798
     1527.7505   1670.5989   1250.3474
     1540.7949   1232.4772   1168.0482
      401.5971    276.7504   1895.5106
      573.0238    842.5140    772.7704
     2200.4204    727.8697   2048.5269
     1697.4935    640.7244    796.0151
      993.3770   1000.3239   1498.5966
      340.6553   1246.9414      3.8748
      934.1279   1870.0364    654.7109
     1385.3829     82.7137    978.8381
     1812.6777   1696.6093    594.6696
      373.8675    658.2470   1782.3239
     1771.2999   1688.6005    401.5023
      631.5576   1564.0421   2001.1874
     1915.2592    333.5135   1613.7908
     2172.2109    591.9891   1469.2378
     1295.2683   2201.8972    830.1001
      783.0444   1756.3704   1849.2837
      503.9937   1976.8557    428.2478
      103.7257    845.4215    504.5007
      569.6897   1516.3140   2199.0730
     1551.3839    912.6701    993.7922
     1730.2307   1374.2498   1221.3141
     1125.2706   1589.3749   1833.9673
      475.9250   2053.3999   1616.2295
     1431.9081   1200.9429    983.6173
     1994.1027    946.9315   1374.6417
      429.1411    260.4747    525.3191
     1828.5153   1059.0197   1376.9282
     1135.8867   1893.8014    586.9101
     1163.4424    979.8256   1130.8732
     1375.2554   1512.9746   1226.9283
      681.7375    118.3074   1387.5435
      954.3448    207.0367    765.1240
     2011.2654   2259.6843   2064.3396
     1933.7061   1359.8999    866.0629
     2139.2219   1305.9657    263.4542
     1262.0028   1987.7909   1900.3839
      376.0923    547.5236    308.1837
     1644.5115   1359.2136   1878.8916
      852.7372    245.9322   2063.4844
      435.3248    158.9465    335.3453
     1011.8512   2007.2411    488.6095
     1890.6409   1949.5713     39.0438
      479.1220   2211.9868    664.9114
     1410.8610   1941.0031    112.4025
      471.8886    257.0024   1687.6096
     1074.2347    259.0970   2069.5613
      198.1859   1939.3414   1668.9081
      876.2145   1334.4894    549.9392
     1840.6931   1862.7419   1519.6201
      886.9882   1506.6702     49.8760
      948.8547   1886.1298   1828.0193
      106.5754   1922.7626    724.0577
      345.4415   1513.4929   1545.0829
      227.4359   1541.8907    647.7836
     1504.9556    559.3592    546.5776
      878.4904    171.4529   1499.4441
     1487.1769   1694.2521     34.9219
     1202.9607   1609.7854   1633.5677
      281.0547   1580.9135   1726.3744
      885.6731    514.0250   1354.4153
     2253.2258   2118.8381   2262.7861
      896.8906   1100.4501    991.0698
     1774.6157   1174.9020   1943.7588
      174.5992   1385.2847   2242.1311
      473.4555   1517.7029    599.0894
     1616.2810    116.0434    538.2988
      565.0988   2194.1082    310.6524
     1134.3677    114.4207   1948.6309
     1279.5712    571.4372   1550.2380
     1681.0549   1035.3964    766.3735
      408.8749   1794.3088    988.1020
     1387.0350    328.9818   1221.9142
     1650.5468     91.2604    746.7183
      350.0421   2034.6345    932.2059
     1141.1748    852.1174   2035.7076
     1958.7509    142.9859    593.3482
     2162.5293   1942.9052   1534.1199
     1710.0219   1932.0116   1888.4825
      529.1033   1714.7645   2050.3650
     1611.8998   1909.5188   1263.4203
      749.6431   1642.3864    934.9031
     1296.1097   1515.8708   1988.4742
     1812.2382   1100.5035    367.3194
     1930.2223   1285.2621   1060.5818
      156.0040   1028.2778    425.0709
     1364.1992   1310.0002    614.6497
      873.4189   1686.2241   1102.4913
      821.3651   1161.1655   1181.3595
      897.7695    679.7935   2106.0222
      621.1680    854.2208   1379.5292
     1105.8993    656.9176   2183.7097
     2168.2185    786.0408   1540.7997
     1337.0355    819.3580   1936.3632
     2166.5098    153.2923    260.6214
       65.4467    301.0981   2256.4851
     1230.9078   2086.0229    504.6195
     1912.8862   1195.9509    503.0639
      809.9561    331.6435   2254.2830
      193.8692   1218.2556   1034.5115
     1282.7898   1023.6337    361.3493
      622.4897   1876.8970   1946.8972
      504.7794   2161.1196    113.6950
      482.9507    777.1109   2111.6482
     1389.6631   2211.2942   1895.7493
        1.2835   1596.8341    767.4182
     1117.2887     89.6568   1541.8511
      477.4757    694.1526    630.6669
      874.5323   1040.6283    568.6173
       47.0713   2095.6685   1793.3229
     2117.1099   1693.6543    240.7561
     1034.6627   1192.3416   1869.1643
     1867.2140   1375.2772   1574.8561
      208.9102    131.7867    340.2476
     1851.0231   1499.1216   1410.2446
     2034.1390     89.6336   2226.3628
      246.5884   1186.6771    512.3669
      840.6032   2113.6973   1169.6986
     1154.9558    639.9520   1129.3590
       97.6447    709.7745    147.8237
     2181.0071   2247.9370   1269.6125
     1057.4524   1406.4719    923.7178
     2230.3953    558.6819    367.8457
      464.7542   1224.1534    205.0376
      802.8712    785.2900    294.3035
      665.4786    173.9870   2244.3311
       46.2237   1957.9625   1172.2234
      159.7048    528.5223    253.7204
      867.9032    118.8525   1856.8405
     1314.8900    298.8350    999.8793
      576.5027    510.7981   2102.5972
     1254.8865    845.4524    462.4138
     2149.2236   2060.9153   1141.2874
     1436.8251     78.2391   1529.4580
     1142.2725    756.7136   1838.1851
     1495.9971    382.6804    904.8526
     1762.8577      9.5506    225.4905
      774.3223   1923.7146   1705.2593
     1271.5869   2131.2861    149.3637
     1731.2003   1247.2253    181.0381
      116.9347    848.5454   2191.3372
     2011.2314   2009.0757    443.6227
     1841.7012   1391.1830   1922.7019
     1910.1661   1025.4811    214.0569
     1476.6272   2035.7284   1871.2076
     1530.7540    326.2358   1435.3677
      883.7925   1841.7061    421.8219
     1998.6060   1772.8250   1012.8745
      584.5330   1784.9624    329.1960
      204.3601   1800.1069   1055.3654
      715.1964   1259.1337   1012.6194
     1187.6497   2057.0020    710.9600
      541.6514     16.7876   2219.2385
     1274.6010    545.4739    554.7328
      748.6041   1939.5922   2140.9172
     2138.2749   1422.5780    108.3841
      699.1510   1060.7448   1939.4473
      946.8201   1312.5626   1271.9579
     1902.9672   1141.3458   1211.2367
      871.0981   1267.1674    869.2198
     1483.7775    221.9129   1078.2767
     1254.7836    473.3542   1134.8162
        0.7142    133.9294   1811.4712
      639.1914   1843.0038    889.0432
     1085.6891   1172.1855   1238.9634
     1635.9806   1087.5419   1485.8673
     2164.9373    471.9457   1116.0621
     1587.0664    473.0164    722.5536
     1760.7114   2078.1155   1558.1975
      530.1595   2080.4468    827.3726
      404.9738   1300.5687    584.7418
      597.5243   1361.2844   1715.0513
     1086.6345   1355.7020    539.9807
     1517.8580    687.1815    708.8934
      233.0289   1871.0316    862.3334
      993.9890     74.2382    917.1811
     2110.0566    418.3748   1814.1637
     1517.1785    950.3547   1918.9119
     1734.4637    235.8739   1348.7714
      254.2247      0.1194    653.4913
     1092.5747    812.9313    819.2141
      148.2975   2007.4178   1017.2297
     1016.9728   1688.2024   1495.6002
     1182.8621   1329.2711   1315.6292
     2088.4304    216.1290   1004.6262
      996.3366    429.3708   1719.6522
     2004.3253    883.8072    332.4378
      526.8143    954.2057    392.1785
      179.0183    415.8802   1871.9863
     1989.8397   1479.9807   1052.7034
     1593.3883   1927.3262   2053.7917
     1474.7477   1601.0812   1913.8778
     1715.6289   1551.3206   1888.7915
      170.8410   1716.1715    691.8926
     1488.3186      2.0833    692.2891
     1133.8954   1260.8324   2176.9346
     1416.0304   1431.1226    919.5168
     1422.0060    162.0348    591.6328
      474.4330   1174.9821   1702.7991
     1962.3180   1762.5568   1212.7903
      891.3361    126.4505   1306.6123
      944.5799    697.5763    830.2044
      344.4574   1084.9130    107.0165
      524.8914   1987.8488    628.2266
       98.0091   2117.6221   2018.5481
     1801.3956   1174.5249    696.1474
      850.1640   1009.5668   2243.8735
     1413.1124   1067.6136   1497.7056
      339.6777   2032.5396    123.1451
      725.9423    103.0251   1698.0513
      320.4355    327.6071    859.8489
      866.2150   1813.1069   2249.1575
     1063.1980   1530.1888    212.9314
     1174.6312   1709.9456    227.8802
     1288.7191   1704.3180   1911.7509
     1823.6063    759.7024   2259.0801
     1787.4658    166.2821   1926.5896
     1204.6501   2121.2302   1761.4147
     1196.1700    111.6723    953.5977
     1710.0818   1986.8368    158.7647
     1304.3761    747.2334   2134.3452
     2036.0315    658.4109    239.4539
     2223.3706    966.8971    375.4150
     1318.1511   1390.5978   1609.2742
     1614.2977   1057.6592   2072.3252
      958.5062   1390.6921   1860.6353
       19.1196   1113.2166   1353.7661
     1270.7653   1464.5642    259.1951
      503.7515   2034.1423   1408.7802
      415.7845   1151.5302   1329.9176
     2075.0625   2258.1929   1752.0378
     1632.2917    764.7933   1895.6859
      497.4703    689.7859    231.8017
      204.7210   1036.0564    226.5192
     2104.1206   1635.0153   1126.3846
     1566.5157   1171.9617   1849.1865
     1095.8506   1620.4264     25.3885
       10.5842    530.0647   1775.3899
     1143.2745   2172.2236      0.8061
     1301.1874   1867.6332    768.5035
      738.1121     70.4348    552.8974
      862.6298    132.8221   2240.2939
     1820.3409    246.6579    218.1281
     1809.7001    505.5175   1568.0505
     1208.8708    340.3045   1865.0447
      447.3910    107.6797    829.7703
     1638.0791   2261.8564   2203.4956
      902.7286   1587.0341   1759.4619
     1314.2523   1715.7461   1170.0496
     1679.9302    519.0305    958.5366
     1703.8552   1722.9259     24.4905
     1675.6073   1902.6232   1043.4309
      426.6230    329.8641    189.4655
     2100.9197    805.1695   1727.0005
     1110.5255    798.6732    106.1926
     1064.0458   1866.7770    325.7525
     1013.1105    860.0142   2192.6628
      397.2173   1256.3385    783.9573
      295.0504    830.0655   1140.2341
     1451.8810   2229.0767   2075.2400
     2023.7148   1594.5768     66.0375
      455.8742   1798.3932    492.6970
      895.5018    420.7956    395.4606
      107.5470   1722.8663   1729.4799
      287.7946    716.4120    237.9347
     1484.2249   1046.7672   1126.8781
     2088.9688    238.2537   1732.6583
     1167.6760    535.6230   1813.4146
     2221.1018    698.9741    777.1547
     1127.0583    123.8740    487.1811
     1915.6296   1080.2379   1028.6876
     1546.3374   1198.7754    112.2940
      937.1669   2168.2456    977.9911
       67.6140    157.5152   1294.8961
     1362.1345     18.5223    255.2446
      860.1917    383.5738   1521.2596
      271.3961    270.8213   2069.4639
      159.7959   1199.5734     96.3486
     1681.8988    473.5237    180.7676
      331.6618   2204.5388    837.0972
      537.6742   1431.5684    415.7564
     1182.7448   1005.9487    147.1760
     1454.6792   1835.3506    892.2128
      510.7058    934.2485   2025.2479
     1029.7024   1495.0068   1370.3182
     1560.0209      3.5697   1098.5596
      194.6712    240.4527   1007.0147
     1195.0693    424.0270    683.3149
     1205.4484    719.9036    300.3306
        8.8450   1776.2113   1075.3979
     1185.3484   1535.2158    809.3220
      697.9633   2056.1143   1373.0122
      784.6495   1732.8158    603.8693
      812.0250    221.3984    404.1231
      943.8389   2214.3674     23.7678
     1465.6677   2135.6519    142.1367
     1678.6804    156.3183   1148.4791
      515.7888    378.9742    364.0179
     1601.2015    709.1930   1034.9923
      503.7579    211.6288   2077.6726
     1089.9352    968.0278   1856.1660
     1615.5521   1542.0671   2254.3586
      498.6856   1465.5791   1881.6882
     1791.3730    205.6964    469.2276
      137.4680    770.6118    730.3560
        5.5324    305.9357   1918.9595
     2223.1628   1878.5186    151.0769
     1592.9932   2242.6890   1842.7830
     2206.5508   1381.1984   1860.3324
     2142.6135    743.5018   1011.9992
     2050.3464   1955.0819   1016.2913
      199.1612   2133.1445    222.9830
     1930.7415     50.5273   1891.5234
     1090.5585   1538.5883    626.0620
     1827.4133   1779.9867   1955.2343
     1796.4924    217.9433    681.2945
     2074.9385    976.2332    875.0844
     1915.1766   1575.9933   1917.0154
      416.2821     72.4756   1189.0585
      331.8923   1938.5408   1124.3795
     1791.3716    301.5553   1757.3428
     2072.8088   1473.2629    594.9265
     2035.5825   1750.7943   1908.5557
      510.7826   1119.7444   2238.5034
      389.2830   1383.0465   1732.4618
     1033.6831   2162.3633   2083.5256
     1994.9772   2246.2212   1395.8683
      339.0259    176.0838   1549.2354
     1485.9982    607.7439   2115.2029
     1042.1476   2241.2751   1838.2010
     1871.3292    708.8218    379.4100
     1438.5781    106.0957   1743.5637
      921.1193    893.2642   2029.5780
     1022.6879    805.1036   1061.5306
     2172.9541   1260.4915   2096.7185
     2155.7390    944.9073   1053.7853
     1480.5930   1263.7233   1448.3678
     1971.4036   1085.2583   1512.8118
      744.4433   1583.5454   2171.7686
     1891.9336   2099.3450   1728.8010
      875.2849    577.0099   1587.3203
      782.4487   1172.7673    681.8049
     1717.0089   1433.3058   2086.2646
     1369.5236   1762.9192    201.9400
     1018.3837   1594.9208    933.7081
     1444.3997   1839.5592   1924.9236
      409.2808   1830.1959   1922.9149
     1741.4747    681.4820   1217.0459
      548.5046    369.4850   2261.8069
      481.0038    770.6155   1489.0718
     1232.3884   1909.6595    207.0287
     2001.7328    882.8448   1561.0994
      892.0879   1096.4386   1351.0844
     1436.9889    789.4542    885.4224
      343.2926    528.8059    109.9719
     1565.7688   1723.4214   2118.3870
      653.5644   1855.3993    506.9379
     2113.0256   1004.2821    174.6693
      987.0759    678.1422   1236.1371
      735.3303   1848.7260   1060.2822
     1172.7115    314.3306   1247.0884
     1844.1323    807.7790   1939.3286
     1930.0178   1405.2123    140.3065
     1449.7535    598.8528     49.2382
     2190.8438   1045.9500    545.9912
      472.9091   1705.7036   1545.5366
     2212.4556   1802.5017    720.2671
     2021.9021   1500.5494    291.6800
     2127.7537    816.4104   1221.6488
      548.3279   1083.0770    993.1416
      695.8377    650.0609   1508.7670
     1128.6190   2186.0750   1405.7695
     2181.9309    901.3758   2239.6174
     1095.6948    512.0240   1284.7893
     1604.6863   1432.4841    324.9424
      401.2502    936.6426    978.3648
     1367.9042   1494.3527    748.0947
      553.2976    648.2688   1653.3192
      266.1031   1696.9532    503.9978
     1979.0161   1372.8401    423.5199
     1737.5905   1345.2606    579.1042
      327.7018    507.5861    489.4418
     1862.6495    158.5874    859.9865
      955.0629    501.4262     41.9915
      866.6768   2073.8342   1530.7673
     2085.6377    435.3893   1322.1053
     1961.9124    214.6576   2061.8438
      588.3344   1699.8683   1037.4227
     2040.8413    238.7694    427.1405
      113.5803   1559.8914    434.2679
     1417.6174   1525.7533   2202.3506
     2093.1116    998.2955   1804.3889
      225.0018    815.7213    954.4722
     2030.5876    345.6247    589.9139
     1475.7977   1994.5509   1029.5386
        6.7753   1233.5399    924.1024
        0.7829   2087.2927    224.3624
      191.2612   1642.9849   1903.5559
     1910.0387   1657.1271    231.4490
     1161.4733   1385.9270   1971.4498
      415.6261   1523.3605   2064.7009
      232.9128   2205.6917    413.2950
      499.1171    102.9425    139.0502
      220.7115    507.7274    866.5385
     1894.6702    655.1610   2089.4001
     1989.4594    521.3181   1497.9102
      658.3129    982.9429   2154.2295
      108.1151    327.5731   1162.2092
     1648.0297   2117.4768    729.1260
      466.9551    821.0385   1685.9935
        6.8811    132.2936   1094.7123
      775.5675   2229.2317   1319.8218
     1045.9747    490.2063    555.4359
     1022.7104    150.1095    125.9239
     1389.6686    219.3375    189.7239
     2120.0269   1031.0554   1239.1348
     1683.4098   1198.5341   1315.8502
     1834.7882    353.2763    956.3469
     1794.8997    976.3953   1577.3746
       34.7938   1204.1492    407.1872
     2008.7128   1842.3281    158.7673
      850.9350    497.7050    601.9689
     1118.1515    905.1354    308.1415
       69.3767   1043.0273   1550.8528
     1748.7950   2074.3850   2211.4617
     1113.7699    624.2582    942.8859
      733.8092    671.6956    141.8369
     1203.0083   1564.2218   1443.8796
     1760.8071   1317.4237    400.8765
     1693.1964   1733.6388   1420.9777
     1737.9370   1225.9052   1097.6354
     2233.3049   1898.3777    917.2693
     1406.6077    895.8941   1583.6465
     1013.6493   1695.8204    760.8140
     1652.2235   2247.7349   1267.7860
      588.1890   1191.6523   1184.0977
      961.7911    924.6526    142.3925
     1878.9117   2140.6011    348.8224
     1586.2683   1687.6362   1587.8739
     1642.5349    836.7390    824.4048
      718.0730   2106.7354    195.9562
      463.5951   1450.5077    208.4122
      946.5806    271.9224    979.2316
     1841.9661   2079.7383    761.5572
      495.8330    361.7599   1537.6377
        5.7817   1140.8210    213.9972
     1769.6759    848.9816    247.8106
      732.2226    893.8810   1804.0747
      554.6619    122.4929   1553.7104
     1949.3868    340.6980    767.8336
       89.0769   1797.1941   2240.2273
      721.3780   1211.4547   1366.1661
     1755.6261   1575.1202    874.8903
      720.7855   1563.5020   1787.9766
     1559.0518   1868.1167   1759.6230
     1494.6744    680.5040   1208.0696
      692.2385    573.2601    341.5119
      642.4203   1566.3654    287.0824
      754.4311   1412.1276    395.9824
      393.2018   2244.4883   1525.7893
      713.1196   1265.6219   1582.7300
      258.4767   1307.5175   2056.3748
     1350.8025   1422.9252   1412.6782
     1574.4066    620.5952   1760.1403
     1138.8394   1006.5830   1349.3491
      991.4555   1343.1859    131.6780
     2158.2090   1782.9530    495.9376
      620.6810    816.2430    568.1846
     1782.3856   2262.9460    645.6409
      671.8789    338.2872   2103.4939
     1427.7937    811.4609     37.1285
     1188.9332   1204.4198   1612.3101
      118.1975   2258.0225    953.8869
     1015.7941   1503.5168   1127.3854
     1461.9586    471.4655   1088.2052
      829.5083   1564.4224   1953.5961
      689.5533   1530.2477   1093.5542
     1281.7816    169.3391   1613.9869
      798.2460    119.6889    919.9655
      756.2337   1137.5236    259.8611
       43.2075   1388.9093    802.5970
     1100.8223    142.7746   1344.8269
     1499.1354   1422.8252   1574.8604
     2212.5862    569.5423    161.6566
     1758.8512     12.8970    444.9843
     1942.3057   1016.5536   1951.7842
      953.7159    267.8355   1186.2787
     1337.3375    323.8813    783.9667
     1609.9340   1321.2579    941.0653
      547.7206   1385.9958   1134.6495
      333.2537   1103.0569    907.0283
      565.3204   1175.4446    406.6686
      517.4379    116.6517   1832.5424
      524.7258   1854.9387   1168.0914
      548.4556    664.2927    840.1160
     1633.4514   1414.2811    123.2156
      966.4538   1784.2860    951.4521
      349.9383   2028.5396    320.8502
      106.3403   1853.4646    528.0963
     1500.9271    809.4580   2072.9001
      389.8929   1625.7781   1889.1620
      971.9219    121.3287    325.9623
     1464.7574    394.6850   2091.6284
      639.6490   1529.7169   1284.4091
     2244.0491   1325.6149   1357.0094
     1608.1339   1739.9579    533.8110
      725.4254    861.6405   2010.4789
      644.7758   2034.6791   1183.2427
     1924.9076    248.7321     34.6424
     1136.9320    451.2187   2226.7869
       72.5948   1964.9440   2146.7378
      166.0101    631.8428   1417.8997
     1309.0499    438.7456     96.0860
     1382.2241    379.7531   1545.3419
      574.0339   1052.8740    210.2400
      933.8469     97.1159    554.5872
      379.7912   1496.0573   1306.0573
     1815.0521   1564.4899     60.7751
     1659.4231   1528.6249    472.9518
     1161.3430   1392.3477   1755.7821
      173.4742    667.9322   1233.6158
     1543.7384   1310.7198    496.7037
     2227.6128    686.4799   2250.6982
     1045.3053    289.0324    599.1133
     1077.8318   1897.6978    802.2941
     2083.4458   1122.8346    359.2874
     1602.8387   1215.7487    751.5240
     1042.8011   1747.8323   1722.5796
       87.3722   1714.7655    166.8254
     1165.8691   1732.0142   1334.3969
     1547.2283   1993.2078    260.5125
      213.5507   1521.7756   2087.4539
        3.8074   1638.3677   1248.5916
     1197.4590    378.3000    469.5098
      865.3658   2165.9529   1914.6028
      849.7239    981.4092   1668.5968
     1252.0314   2003.8972    906.3812
      157.6331   1225.0665   1462.2532
     1194.5417    316.3133   1463.8834
     1838.1443   2117.6543   1322.1202
      709.6139   1704.2034   1211.4448
     1572.7144   1793.3359    188.9214
      182.2587    577.4284    668.6326
     1845.8514    374.9586   2103.5383
     1900.5487   1695.5773   1383.4440
     1814.5367   2014.4827   2035.0531
     2039.4763    829.9815   1920.4260
     1002.4792   1302.0413   1669.3116
     1759.5465    971.1811    948.4576
     1625.0701    180.5474   1805.7318
      934.8088   1912.4772   2045.1709
     2066.1450    686.0216    432.4286
     1889.7367   1021.6620    795.1565
      586.3699    648.8777   1284.5396
     1296.1378    208.9262    428.2025
     1244.1415   1315.0233    908.0792
     2125.9875     63.8534    454.7917
       68.4078    479.7409   1504.7405
      658.6184   2242.0144   1889.8138
     2240.0369   1500.0656   1399.8248
     1752.1036    147.7232     77.3449
      122.7341    154.9968   1474.2563
      119.6412   1662.0765   1411.4240
     1969.8263     84.1012    158.0907
     1200.6582    389.0883   1663.1975
     2035.2466    652.9852     44.5249
      759.4493   1758.6357   2046.9409
     1133.2814   1941.1510   1708.2092
      630.8513   1494.3315    120.2041
        1.0671    899.5558    678.6046
     1990.9852   1807.4626    366.7404
     1205.2772   1176.1248    514.5680
      226.4032   1647.3347   2244.3318
     1023.3259   1439.7368   2219.3777
     1738.5892    509.1563   1747.2744
     1275.1287    314.7333   2068.5178
     2075.1248   1169.4404   1371.5281
      873.3569   1163.3657   1564.3630
      313.5280    419.7402   1061.9460
     1847.7136   1273.5098   2107.6416
      301.0235    688.9792   1557.9293
     1956.7103     17.5700    962.5032
     1962.7655    823.1070    130.6989
      952.3679   1889.3175   1603.0527
     1766.9203    854.1265   1101.9055
     1919.6064    528.0658   1262.2621
      902.1565   1037.2528   1875.5278
     1214.1249   1192.3781   1996.4802
     1227.2577    898.0797   2236.1555
      708.5027   2216.8325   1049.4872
     2178.7803   1924.7279    344.4978
      995.5637   2198.1211    391.5614
     1964.6459   2187.4385   1179.2834
     1270.8888     82.5832   2125.4053
     1079.9386   1060.4895   2054.7458
     1568.5597   1424.1428   1096.7860
     2009.7108   2034.5660    648.9716
      504.7038    428.7362    596.0297
     1966.3955    700.8655   1607.4955
     1375.9335    661.4658    426.5545
     1057.7618    475.1072   1086.4305
     1461.7506   1123.1481    649.3521
      166.3974    975.2015    811.9587
     1575.5989    497.3747   1932.2780
      327.8680   2249.1099     59.7630
     1270.1493   2261.9648    620.4761
     1739.0610    378.6595   1928.6493
     1950.9250    304.4540   1875.3334
     1994.7889   1206.5005   1909.1749
      893.9252    546.5028    234.1028
     1882.1260    654.0336    683.9150
      753.2292   2246.5132   1535.1553
     1059.4655   1196.0785   1445.3571
      391.1835   1884.0557   1359.0338
     1455.8018    661.4705   1926.2422
      119.5573    494.4824   1055.2531
      968.6028   1724.9282   1947.5339
     1004.7681    274.2942   1888.1053
      250.3746   1325.7717   1621.5062
     1703.1777   1561.8085   1300.0015
      846.3758   2167.0325    527.3982
     1083.4371   1832.9851   2151.0745
     2110.4258    411.1950   2011.6523
     1516.5071   1802.6086   1403.9844
      994.3264    837.6570    464.8124
      423.9932    748.0939    421.7332
     2204.4067   2052.9995    772.4990
      262.6298    839.5279   1357.3047
      971.2688    418.7772    740.5673
     1326.9207    749.2443    635.7902
      216.5401    169.8786   2244.0649
     1440.9358    177.7930   2097.6123
      370.4731    471.9200   1858.6428
     1368.4705   1361.8593   1104.2804
     1278.1627   1851.0652   2059.0776
     2033.9232   1731.3134   1557.6050
     1262.0237   1085.2930   2186.6218
      348.1376     85.6340    496.4343
      855.1767   1418.4133   2088.2544
      972.2026    636.0388   1776.7551
     2020.4840   1870.2347   1392.9897
     1706.2715   2059.6333    371.0720
      931.1480    835.1765   1833.5645
      479.2317   2187.9104   1021.5336
     1302.1989   1862.9030   1015.8384
       10.4723   1244.5724   1150.4120
      312.2970   1864.6384    634.1744
     1486.7213   2193.5820   1409.0291
     1115.4364    453.6615   2028.0381
     2121.3367    988.8026   2053.5305
     1413.9484    960.8491   2129.7876
     2137.0032   2237.0251   1061.8729
     2046.2343    112.0766   1181.2903
     1811.0183   1907.8934   1338.8647
       64.0930    998.7474   2067.1787
     1026.3693   1524.7433   2005.2987
       45.0613   1750.1232    369.2375
     1498.2775   2002.2124    470.4969
     1647.7505   2087.3425    975.7642
     1910.2653   2237.6614   1595.3149
      684.3537   2052.4453   1597.7745
     1286.8397    906.9077    796.1774
     1630.9238   1727.6272    908.9229
      257.6635    918.1994    611.6719
     2206.8821   1536.7535    975.2404
      104.6903    418.1148   2098.5754
      291.2999    388.1811   2244.6331
     1049.2467   2069.5393   1160.6364
     1220.4125   2192.1377   1990.2412
      471.1452   2045.1337   1977.8784
     2075.4150    689.3474    636.1516
     1070.4061   2163.6899    825.8999
      222.0858   1226.4799    298.8536
     1623.0594   1905.0830   2257.0415
      531.4885    410.3135   1046.0358
      657.1432   2104.4873   2062.6843
      520.1849   1147.5208   2020.5508
       33.5370   1066.7257   1806.8956
     1279.2046    670.0985    812.5598
      763.0871   1659.2427     93.7704
      176.1593   2242.4807   1540.9596
     1458.3754    872.2040   1350.5436
     1455.3894   1985.4020   1411.9291
      507.6020   1569.3016   1686.9987
     1674.0490    918.0901   1360.0016
      908.9043    789.8826   1638.4086
     1084.3824    881.1340   1674.8597
      802.3420    342.2693    867.0988
     1465.1135    905.3738    681.0187
     1720.5200    745.0875    589.0893
     1365.4263   1676.0770   2109.3335
     1637.6346    523.5112   1168.1469
     1377.2533   1213.7347   1655.8125
      308.4179    680.5218    831.2101
       40.0066   1801.1047   1553.5502
      197.8705    333.6315   1560.9967
      505.0550      8.1995   2020.2155
     1665.7943    867.8333   1717.6447
     1151.9648    252.7079    829.5898
      318.7875     88.9911   1940.6401
     1632.6854    916.8193    600.2658
     1442.3997   1867.8082   2201.8596
     1389.8971    273.1092   2262.0691
     1123.7095    302.7572   1045.7937
      655.6412    283.6431   1752.6112
      100.6492    185.7603    675.3851
      909.6569   1124.1094    153.1986
     2234.2153   1093.3488   2239.5574
       47.5992   1250.0374    619.6163
     1281.0656    840.2911   1421.9227
     1883.0453    885.3937   2114.1533
     1384.2606   1712.8993    528.5425
     1846.1919    829.1786    775.9314
     1792.8054   1191.2511   1559.2213
      841.2305    830.8784   1112.2646
      312.2332   1102.0396    696.5048
      366.0004    854.9391    778.8494
     1033.5723    285.3244   1579.8907
      110.2243    351.0134    348.6093
     1545.3142     86.4578    153.1800
     1689.0380   1181.1428   2232.9097
      994.7322   1266.1777   2040.2406
      719.5922   1090.0192    882.4514
      299.7987    169.3925    157.7402
     1175.4908   1749.3438    879.7665
      830.1305   1418.3044   1674.6310
     1616.6727   1254.0156   2055.3445
      462.8693   1585.5330   1131.5712
     1836.5933    827.7997   1327.4972
     1384.4037    529.6242    728.7643
     2124.7119   1250.2540    531.7458
     1789.7007   1808.5723    196.2817
      262.6316   1344.8357    898.5199
     2043.4868   1673.1890   2097.6440
      233.4206   1341.0514    688.3153
       17.2474   1464.0350    624.8076
      780.3392   1328.1173    155.7854
      781.4211    308.3857   1306.0802
      712.6132    133.4074   1185.8911
     1415.8499   1159.2164   1988.4374
      720.3400    966.9690    361.2704
     2125.6035   1944.3755   1895.8961
     1501.5106    185.4855    852.8347
     1588.5240   1222.2120   1637.4347
     1953.5450    532.7657    540.5327
      113.9536    621.5255   2137.4634
      515.9360   1968.4161   1006.9651
     1110.8328    192.6334   1738.8026
     1870.5603   1728.3379    790.2341
     2257.2310    726.2014   1350.8185
     1353.9951    230.7697   1395.0245
       18.1888    737.8925   1814.9529
     2068.7847   2038.3386    199.5083
     1794.1844    895.9996    437.6116
     1183.8389   2219.9375   1210.8129
     1868.8358   1597.9236   1163.4492
     1469.2826   1390.5243   1983.0183
      928.8038   2060.7004   1351.3821
      643.7263    813.1127   1148.7147
      462.9667    907.9948    609.0614
      675.2656   1592.6425    730.8638
      750.9612    698.8604   1719.6682
      767.0984    628.9882   1157.8284
     1192.6704   1529.0366   1229.5706
     2142.9526   1043.8413   1610.7957
      171.9543   2228.8064   1338.9574
      605.0806    765.6312   2262.4785
     1146.2045   1376.9147   1517.4539
      631.9332   1850.0897   1345.3127
     2025.7007   1254.7325   1601.4403
     1967.6256    257.8004   1289.0977
     2251.3225   1738.8147   1903.1366
      381.9961    928.4687   2225.9255
     1894.1045    906.5351   1756.7549
     1400.1040    365.4501    583.1016
      770.1950    576.7850   2204.7666
     1748.2565    964.5900   1897.4850
      839.8450   1522.3529   1262.8463
      229.8741   1458.6912    300.4753
     1321.1201    671.5999   1774.1547
      225.9106   1586.6963   1233.2799
      549.3457    478.0633   1747.7129
     1182.5861   1394.0938     97.1698
     1059.9181    964.3292    943.9485
      366.3535    833.2773   1904.4083
      326.5861   1722.7869   2077.4338
     1568.1996   1549.9314   2053.7920
     2136.3010   1297.3522    725.0381
     1482.9114   1558.8740    191.6322
      443.4337   2066.4609   1204.5217
     1824.7295    647.2711    176.6001
      802.2067    334.7480   1893.7009
     1630.2367    704.5146    200.7522
     1535.9050    226.9908   1605.7517
      110.5468    355.4183    811.7607
      419.8343   1691.0576    649.5279
     1924.5891    490.4680   1959.6198
     1603.4362    115.2873   1426.8943
      658.5787    451.4237   1192.3419
     1282.8098   2000.2875   1545.3895
      784.4844    550.1252    790.9054
      374.5155   1094.7797    347.0128
       66.1892   2247.5229    744.1528
     2118.7627   1138.7166   1044.1676
     1267.1061   1200.1302    259.3196
     1273.8701    551.6974    261.7545
      827.6213    694.2510   1914.8568
     2020.5144   1119.4473    662.0016
      936.4357    873.6113    677.4767
      650.4579   2109.2715    468.8457
      147.1671   1424.0754   1750.5477
      304.8726   1343.9684    160.3536
     1204.4572    260.4283     13.2795
     1464.4589    459.8588    215.2479
      768.4417    755.2766    738.6514
      108.8124     53.6464   1959.4694
     1445.9097   1318.7998    286.9825
      284.5784    941.2758   2055.7837
     1216.2456   2251.2893    391.2709
     2047.7057   1543.8497   1332.7061
     1105.2198     78.7508    722.9739
     2018.7228    736.0151    846.7184
     1165.3350   1335.7428   1108.6129
     1992.5814    998.9258      4.5250
      747.7322    458.6815    111.3407
      263.6652    514.9553   2039.8345
      916.5593    327.3246    198.1849
      976.6487   2233.0669   1254.5405
     2211.8545   1083.1447    757.1122
     2182.4971   2209.1409   1911.6527
      698.0837    501.7986   1392.4292
     2157.8894   2206.1584    634.2743
     1809.5959   1716.6260   1017.8611
     2186.7217    354.5909    401.7039
     1356.9343   1956.6257   1724.4534
      923.9711    706.1428     68.7110
     1044.3744   1061.7140   2247.3145
     1586.5330    342.9388   1245.5685
     1523.9589   1562.1409   1432.1732
     1411.1345   1907.4764   1208.8870
     1984.4374    379.4103   1120.0319
      216.7773    129.3591    830.8982
      629.3834   1310.9175    562.6681
      870.2391   1526.0447    831.1199
      181.5659   1467.7164   1412.4609
     1686.1761   1393.0576   1686.4769
      686.2357   1152.9814     58.7687
     1470.7643   1042.0973    833.4321
     2020.0184   2089.9189    868.9409
      619.6328    840.6711    202.1520
     1605.9611   1184.1696    346.9365
     1109.7891   1157.8846   1030.5409
     1137.0720    683.5219    490.4022
     1761.9962   2230.6750    889.1600
     1278.7522    909.5891   1763.3507
     1051.2472   2041.6929   1910.0552
     2041.6138   1189.2003    862.2828
      367.9751   1466.6429     11.0417
      308.1009    902.1392    426.1442
      275.1443   2047.3999    528.8519
     1671.0988   1594.7659   1080.1355
     2192.8401   1961.9469    576.0549
     1319.3988    509.9629    937.6892
      900.0612   2261.9873    723.0964
       44.7083      3.0094    319.9866
     2049.9004   1653.3251    687.2880
     2182.4956    283.9502   1196.5277
     2112.4229    163.9230   1922.0807
     1978.7585   1886.7400   2079.1287
      363.6163   1141.5908   1547.4773
     1400.5551   1170.8846    434.6535
     1039.6566    310.2244    366.9323
     1848.0079     78.1647   1272.6919
      717.4094    364.2596    293.9593
     1938.8866    675.1188   1819.0182
     1403.5969   1055.1510   1782.7648
     1648.5441   2074.7119   1745.2153
     1611.7028   2243.4932   1596.2791
     2196.4812   1220.9514   1531.2384
     1844.9543   1889.0792    484.4878
     1131.7886   1832.1313   1902.0197
     1646.9105    337.1171   1049.5929
     2237.4971    905.4577   1913.4772
      696.1565    450.7705    497.4055
     2023.5728   1150.1511   2138.8511
      771.4816      1.9469    351.7391
      275.7318   1817.7328    108.5888
     1064.8707   1187.6769    842.7217
     1665.1764   1121.5983    543.6613
     2156.3770    320.1734    784.3945
     1056.9491    487.3979   1499.1069
      681.7180   2178.8682    672.1086
     1722.8502   1084.0029   1753.1641
      527.3201    981.8219   1581.7041
     1112.0406    607.1743    714.4897
     1408.1398    492.7742   1727.7401
     1963.0088   2206.7280    522.5914
     1455.1881   1845.2363    381.7842
      470.9187   1869.3389     58.5008
     2252.6084   2093.1816    960.6207
     1444.5396   1715.3022   1745.9508
     1566.5140   1559.1710   1728.6407
      897.7059     72.9810   1098.9094
      757.7134    940.8484    133.2778
       62.7773   2079.5686   1570.0956
      992.1607   1183.3910    465.5444
     1943.6768    868.5786    986.7555
     1458.9426   1167.0786   2179.7197
     2258.0652    102.9814      5.5838
     1214.9270    809.8258    989.7253
     1263.8531   1775.3693   1730.3219
      142.9704   1182.5315    802.2434
     1553.6301    421.1135      7.0416
      958.9359    476.4893   1910.5004
      616.1551   2039.3918   2259.7065
     1683.8218   1622.4242    204.5126
     2047.4205   1575.1361   1762.0524
     1322.4750   1223.5667     63.2220
      939.1461   1702.8864    135.0657
     2038.0392    887.7300    701.8394
       56.2065   1383.2728   1554.4772
      690.4413   1495.8187    559.0273
       81.5610    199.4696    187.3932
      138.0649   1559.0507   1592.5033
     1483.9955    519.6409   1330.4904
     1172.0679    168.5602    263.8889
     1260.9125   2042.0656   1145.0690
      446.1964   1332.5444   2115.7732
     1784.5826   1370.2810   2262.6282
     1274.9077    352.4240    280.5866
     1589.2461    387.9446   1748.7424
     1521.8219   2234.4045    896.5469
     1083.6154   1955.4146    993.7326
     1616.7192   2123.5210   2021.2870
     2180.3521   1449.8275   1164.8782
     1264.6355   1869.6046    400.5249
     1655.6899   1937.6852    579.3539
     2154.7295    508.6073    552.9739
     1319.3508   1647.8628    356.7723
      598.2045    449.6365    854.4277
     1325.3192   1519.3577   1781.9769
     1338.7727   1657.8092    902.9998
     1992.9955    999.0124    489.6152
     1626.3948   1897.1394   1555.2853
     2139.1665   1737.3450      7.6417
      563.9654    496.7586    196.8614
      507.9542   1031.7157    784.0817
     1067.1488     96.7181   2188.9692
     1898.9695    365.6186    391.1105
      625.3279   1378.2030   2029.3677
      254.9080    640.7357   1062.4479
     1669.4952   1760.0785    727.2662
     1890.7418   1521.2465    710.5027
      281.3686    125.2803   1363.8380
     1533.1871   1647.6290    360.7073
     1118.4493    382.0432    179.6860
     1931.1685   1237.0398    264.3843
      741.8573   2214.8247      0.9951
      682.3385     27.1724    157.5695
      356.5985    977.8150   1729.1194
      294.9845    921.3889   1559.3245
