      923.2710   2255.4395    173.9442
      854.6293   1414.0571   1019.6642
      877.3922   1896.3250    171.8523
     1023.0081   1158.9747   1731.7034
      580.5906   1723.2838    735.7327
      714.1810    626.3585   1123.2429
     1860.9301   1439.1002    998.2167
     1263.0024   1882.4312   1189.1565
     1306.2292    196.9165    758.3889
     1214.7024   2149.0496   2154.1411
      542.4194   1516.4635   1582.3043
      807.4176    215.6863    112.6326
     1462.7156   2010.2545    392.4953
      811.0959   2153.9470    833.5496
     1443.1444    790.0323   1201.5439
        2.3058   1417.2314   2109.0039
      922.7629   1698.5995    476.7130
     1323.5436     98.8339   1508.4352
     2076.5139   1892.9762   2251.5120
     2120.5098    461.0521   2154.5144
     1097.0344   1757.1035   1213.0900
      642.2474   1869.1597   1755.5699
       96.9419   1237.2594   2143.6770
      877.8521   1384.8181   2094.8862
     1118.4382    750.9000    792.5038
      190.7882   2056.7961   1716.2783
      392.7329   1354.6729    705.5349
     1417.4944   2179.8069   1671.3961
     1909.6887   2042.8405     34.5104
     1967.1233    438.4010    319.8481
      919.7415    937.3082    598.9250
      132.9007   1036.8755    734.6819
      480.8628    118.2879    639.7882
     1677.1353   1621.5548    860.4007
     1244.4226    785.0218   1715.7081
      733.1027    128.7645    706.1434
      783.1035   2143.0088   2109.7056
     1280.4829    403.0196   1473.9290
     2020.0474     27.2810    323.5548
     1431.4127   2053.6348   2231.2451
      317.6267   1396.5182   1361.5992
      296.5072    359.1844    374.3155
      434.7593    338.3548    717.9140
      475.2831   1954.0568    730.6660
     2086.8481    216.7877   1265.2646
     1856.9348    160.1857   1580.1848
     1122.8257     38.4678   1139.6268
     1262.4316   1397.6987    765.8374
       21.3322    753.1646   1763.9480
      916.9459   1212.7153   2254.2991
      644.4194    941.7422    871.7937
     1017.8822   1457.8961    338.2899
      482.5778   1259.6406   1495.3174
     1545.9082    949.8019    185.0495
      576.0245   2208.5439   1645.3705
     1590.1602    670.6881   1440.7418
     1754.4355   1425.6187    740.8503
     1205.2850    226.2613     72.2427
     1452.3009   1798.6306    511.7843
     1593.5414    699.4487   1671.9852
     2188.6162   2141.4841    378.1982
     2045.0582    479.7157    763.8638
       15.1968    313.3456   1770.9692
        1.5050    544.9731    694.6331
     2211.0571    840.2607    346.9074
      682.9108   1434.7274   1209.6978
     1346.0861   1247.7495    437.5598
     1442.0833   1577.6656    397.7520
      876.1884    263.8129    563.0499
     1178.9634    592.7948   1400.3711
     1019.8320   1369.5648    753.4460
     1893.6003   1913.3031   1854.5403
     1334.0746    989.0374   1180.1940
      209.1633   1457.6713   1991.4105
     1640.9519    420.7747   1397.0525
      209.3066    202.0957   1929.3201
      686.1482   1797.0273    101.2837
      286.8975      1.8021    990.7505
     1030.3455    499.6462   2036.8245
     1506.3322   1714.7919    705.9039
     2182.4165   1461.4941    798.7076
      649.0639    931.9656   1113.6809
      732.5353   1958.3395    705.2238
     1405.5629    851.4814    343.6339
     1687.5754   1352.8231   1614.7960
      580.8895   2198.0840   1427.2845
      476.4081    771.4518     20.7277
     1400.6476   1708.8961   1493.2213
      763.1005   1780.1909   1345.9266
     1158.4772    446.8755     39.6502
        9.3965   1386.2166   1867.9324
     2052.7444    103.0897   1508.3077
      238.6803   1643.4467    983.4773
     1156.6388   1637.4471   2056.9539
     1785.1959    369.8872    114.1823
      856.8073   2094.9368    558.4993
     1288.7877    325.2081    350.6872
       25.7527   1180.9338   1717.8574
       60.9714    143.5110    528.6157
      236.5705   1781.3942   2020.5151
     1853.1874   1251.4624   2239.6282
     1889.1476    974.2703   1150.9615
      600.4641   1378.6239   1002.2003
     1518.2225    718.0909   2198.1099
     1791.4333   2245.6045   1441.2598
      106.2706   1452.3197    871.6933
     1305.5560    339.9433   1711.8481
     1725.3611   1877.5029    611.2911
      260.8037    786.3810   1734.2941
      254.9749    908.9408    867.0288
     1529.2845   1369.9606   1739.0161
     1459.9183    106.0940   1295.9136
      182.2086   1625.3195   1298.2782
     2177.6265    685.4566   2149.4431
      105.7512    457.8394    498.4013
       23.6818   1798.0291   1311.7330
     1216.5664    541.6964    471.3694
     1730.7308   1867.9380   1689.1399
      958.0333   2236.2510   1658.7866
     2226.9622    946.8422   1400.0712
     1843.0902   2062.1892   1233.3207
      569.0536   1064.1384    652.9386
      278.4539    238.6659    552.3709
     1168.5879    901.6060   1282.0367
     1868.7015    186.1998   1817.0499
     1644.4819   2009.4281   1407.5527
      154.5060    668.6821   1098.0951
     2102.5671    204.0918   2134.3223
     1463.6381    948.6396    842.5513
     1854.9287   1008.9339   1825.8654
      743.2336   2041.7679   1051.3134
      184.5025   1263.1288   1566.7050
       14.5451    151.2529    774.7838
     1925.9155   1583.0422    817.2912
      308.2773   2077.1284   2201.1855
     1122.5916   1809.9348    205.1497
      362.8837    319.0652   1161.8358
       94.3535    112.0982   1619.5388
      249.8022   1473.2009   1127.5688
      632.7298    375.9582   1387.6776
     1208.5824    216.2413   1332.3973
      634.8613    748.1575    367.5925
      629.6869   1641.5275    464.7486
      360.1965   1345.6809    961.6547
      793.1111   1506.1185    410.7083
     2067.7866   1759.2694   1426.7273
     1036.4532    715.0694    561.5818
       63.7195    285.8008    354.8314
      666.6545    865.1209    169.0122
     1793.7042   1397.7208   1816.4801
     1038.9973    664.7348   1678.4688
     1267.5581   1796.1166   1663.5737
      382.8700    314.8589   1430.1346
     2127.2534    191.8555    139.3428
      380.2498   2262.5332   1382.5498
      505.5419   1760.3275   2240.7332
        2.4841   1377.2203   1581.2784
      913.7916   1938.6547    868.9342
      849.5262   2084.7141   1908.8887
     2120.3962   1998.3364   1975.6456
      647.2352    882.2602   1846.8340
      490.3261    567.8934    739.2604
      393.1827   1658.1744   1416.4608
      452.4741   2183.0503    171.3442
     2118.4346    615.4962   1940.4205
     1785.4166    627.7079   1349.2123
     1991.8881    655.4352    618.4830
     1747.2843   1112.6523    117.2917
      395.2453   2240.7354    426.9910
     1418.0199    195.5314    510.9438
      588.1582   1279.8153    195.7352
     1620.6810    763.7808    334.6459
     1878.8022    485.9445    518.0402
     1792.7056    797.4879   1501.1860
     1297.1071    925.2515    158.8496
      290.4018   1090.0094   1039.1156
     2106.5242    597.6562    152.9094
      907.9614    463.6791   1028.7305
      214.6567   1256.9031   1213.8691
      263.9850   1838.9596   1729.7605
     1280.3712   1611.8314   1043.0701
      212.9771   2211.5508   1529.0028
      352.1638   1607.1210   2097.2117
      873.4125    796.9440   1490.0162
     2234.9287    248.0697   1429.8442
      761.5557   1983.4907     26.7766
     2115.7878   1305.7305   1407.4268
      976.2015    659.9688   1071.3979
      711.0494    679.7475    716.2434
      407.9813   1035.3856   1931.0220
      265.6521   1820.1456    384.9425
     1058.6700   1967.4257   1035.6707
      446.2727   1919.1176   2118.9788
      254.7734    922.2768   1360.1429
      744.8675   1264.7593    359.2042
      691.3558   1274.7086   1963.4026
     1324.6459   1328.4458   2067.6816
     1124.5326    397.0303    871.1186
     2243.8372   1182.6006   1961.7146
      957.4343    573.1784   1472.8876
     1352.7579    415.8441   1943.7943
       18.6910    992.8889   1853.1082
      137.5498   2200.4529   1288.1844
      175.0448   1692.3816    223.2873
      170.7701   1039.7189   2029.6821
      999.3778   1831.2118   1447.5284
      789.2265   1067.2698    741.1549
     1903.9698   1201.2676   1468.3848
     1459.9175   1783.7638   1138.0938
      507.4245    574.2531   1461.6841
     2112.2417    675.5356   1355.7601
     2252.6062   1805.5657   2113.4692
     1512.0872   1064.5601    389.8425
      751.9711   1563.0659   1417.6178
     2064.1599   1976.4714   1350.7457
     1388.1235    565.9218   1083.8518
     1803.6484    712.1125    456.5347
      523.9052   1445.3076   1365.7621
     2008.5791    389.7254     85.6111
      441.3585    405.9042   1623.1244
      399.0879   1856.1237   1573.9059
      690.7337    400.5244    114.5352
      699.2622   1304.8507   1448.0435
      214.5099    586.1357   1668.3732
      553.7315    692.5989    921.0980
      925.3904   1279.1025    216.4845
     1725.3856    789.2323   2160.0544
     2114.6836   1614.8650   2140.9001
      780.4829    747.4128    925.0591
     1019.1708     61.1094   2171.3015
      471.3871   1715.4519   1735.1654
     1693.2421    190.1334   2220.2764
      672.0488    653.9348   1842.3977
        0.3318    602.1714    927.3903
     2156.4314   1369.7310   1189.4207
     2248.5537    459.6979   1287.9384
     1870.0587   1747.7111   1507.9108
      324.1558   1230.2336   2060.3657
      290.7985    531.4101   1483.6382
      585.0544   1971.4159   1535.1030
     1487.5975    139.4015   2134.0894
     2120.8232   2248.7251     90.8751
      977.4556   1605.1189    176.9669
      832.6317   1035.6388   1794.7771
        5.6956    836.5175    995.1196
      112.0103    803.9197   1986.5925
     1779.1439   2261.8640   1175.6997
      190.3679    704.0056   2198.3601
     1645.2545    872.7336    547.6617
     1536.2123   1056.9280   1764.5101
      575.9645   1666.7012   1262.3889
     1060.6635   1074.5602   1085.0106
     1829.7856   2033.5790   1460.4180
     1593.7955    339.9159   2052.4705
     1683.7826   1934.1647    377.9998
     1390.2242   1397.9586    588.3533
      598.0438   1103.4484   1841.3673
     1108.8081    233.1802    675.6194
     1199.4554    201.8543   1862.0979
      755.5671    792.1219   1289.2097
      299.1255     52.7119   2254.6296
     1244.0028   1076.6578   1704.2583
      601.2514    374.6035   1806.9249
     1969.3085   1951.0660   1604.4011
     1754.9158   2090.8442    576.0260
     2091.8899    670.3162   1710.2380
     1127.9700   1665.2885    391.3721
      759.0775    259.4410   1948.9359
      688.1841   1034.9899   1372.6581
      670.5820    245.7670    896.4166
      807.6729   1311.4285    790.0690
     2188.1230    390.7351    240.5030
      269.2449    149.0803    797.0040
     2106.8604   1286.3107    651.9925
      745.9307    202.2405   1673.5907
     2059.3577   1000.0630   2224.9854
     1174.2466    497.5623    255.4813
     2229.2178     25.4024   2056.1963
      336.8362   2010.6145   1957.8691
     1328.9363   2099.4658   1464.5347
      226.5737    897.4824    320.2192
      678.5568    895.6462   1592.6486
     1036.1874    678.9305    184.1179
      359.0186    562.4284   1092.2809
     1232.4803   1970.8646     35.0158
     1099.6283   2232.9680    341.4362
     1791.9481    586.7806    265.2029
      302.1760   1398.4580    474.6871
      678.8675    859.6842    619.2043
      236.2547    994.3730   1798.1840
     1022.4246   1905.4642   2252.2288
     1159.1555   1172.3611    825.3201
     1718.5953    557.1138   2171.3123
     1452.4473   1536.9446   1616.6593
     1834.4377    933.8069     74.4694
     1675.3945   1072.3434   1200.9026
       84.1054   1986.6112    429.8658
      181.6371    334.9100    154.6527
      683.0800     19.6932    496.9693
     1275.6687    905.9138    736.2970
      235.2728   1888.3669   1269.8419
     1553.5394   1572.5304   1076.3917
     1458.4390    706.6680    509.7046
      835.5499    270.9712   1243.8926
      683.1511   2257.9592    962.6591
     2092.4543   1857.2776   1143.0896
      777.6165   1480.6528   1645.3545
     1405.6427    547.6140    341.4767
      668.4631   2057.6431    441.8183
     1669.3676    526.5231   1825.8137
      184.5161   1773.4584   1475.4360
      950.1809    964.6577   1299.1449
     1024.1626    323.2142   1370.3408
      111.7489   2230.8083    820.7180
     2101.4736   1764.7089   1650.9275
     1075.5406   2046.2926    198.5423
     2101.3149   1256.2029    993.8307
     1430.9067   2070.7371   1222.4377
      975.6118   1548.8383   1566.6044
      514.1119    734.2762   1166.0685
      538.2854    457.2379    960.2529
     1303.5283   1835.8258    729.0803
      435.0893   2234.3696   1862.1136
      734.4070   2059.3872   1692.2189
     1552.7393    325.5577   1798.5114
     1698.1227    329.8767   1620.5851
     1219.2384   2256.1272    642.7505
      653.1744   1459.5859    634.1906
      115.4912   1041.6193   1222.1460
     1136.4110   1465.0522   2228.8352
     1175.9906   2233.2566   1679.1139
     1921.2061   1724.7053   1767.1228
     1489.0029   1961.4381   1550.7568
     1262.1561   1163.5450    205.4458
     1287.7979    647.3652     68.5073
     1125.2800    988.2463    579.3736
      498.8647    525.3675   1249.4283
     1513.5640    296.5075    320.2572
      957.7646   1638.3918   1336.8580
     1516.7382   1369.5330   1420.0859
     1343.7078    494.1629    814.7214
      239.8143    998.4256   1565.8538
      462.1213   1537.9357    842.8035
      864.3329   1425.6936   1838.4301
       28.8363   1947.7471     16.8979
     1699.1313   1614.2567   1681.9026
     1535.0995   1823.3965   1932.8107
     2182.3484   1537.9735    266.2847
      223.9280   1835.6284   2260.1147
     1731.8463   1226.5391    858.5496
      429.0790   1262.5798   1164.6650
      683.2261    130.4624   1143.1040
     1004.7612   1161.8165    644.8652
       24.2145   1933.6605   1689.2767
     1399.7035   1085.5970      6.5070
     1356.0701    826.9861   1398.2233
      661.8516    266.9637    519.4521
       76.2955   1902.8083   1904.7272
     1514.7515    794.8004   1856.8381
      859.6730   2131.5823    342.0767
     2066.9263   1134.9823   1756.9595
     1860.5059    897.3416    661.6544
      986.2010    160.3169   1773.8850
     1413.3175    540.9709   1345.3048
     2246.3362   1618.2618   1518.2200
     2218.9531    314.0900    651.1343
     1314.9294   1426.3210   1792.1643
     2144.8896   1563.5046   1773.2083
     1633.0188    136.6777    415.6689
     2073.6396   1338.8461   1647.9607
      771.5067   2245.7920   1541.6556
      590.0233   1631.1503    215.7568
     2007.1366    537.7166    984.3763
     2241.1921    388.1468    865.7690
     1861.4794   2071.6636    272.4888
      113.9372    615.7921   1364.7865
      468.9433    354.5146   2016.0483
     1825.2917   1055.0845   2118.6511
      865.8377   1838.4637   1085.9930
     1889.1388    589.2646   1817.5664
      185.9617   1474.7029    174.8721
     2069.1431   1698.1429    378.3376
      701.5804    623.2878     13.9168
      251.8234    628.2960   1952.7764
     1532.9783   1998.2335    626.5598
     1867.8820    371.1611   2150.8484
     1671.3848    975.3737   1958.5911
     1826.9187   1474.4224   2247.3201
      906.5067    786.4641    749.4672
     1249.9583   1457.1940    406.5398
     1563.1853   2184.2803    471.1901
      464.4254   1507.6589   1155.9628
     1703.9041   1512.7681    301.6947
      992.9785    674.1859   1895.7859
     1891.6781   1934.2538    429.4933
      315.6267   1755.6621    786.3442
     2132.8145    451.5365   1719.6068
     1866.0714    675.5916    832.2053
     1878.2471   1215.7677   1684.2860
      913.8013   1227.4130   1932.3973
      235.3165   2257.4966   1802.0167
     1506.8574   1765.1083   1683.2917
     2180.0874    653.7920   1131.4379
      991.0986    260.7561   2261.7644
      291.9302   1642.0157   1614.9396
     1917.6721   1516.3843   1697.1445
      608.2925   2013.8008    226.9431
       82.8961    803.2058   1251.3943
     2119.4983    462.4633    513.5103
     2253.7437   1461.2083     62.5601
     1605.5223    999.2647   2221.3206
     1741.9757   1005.7328    922.2736
     1366.6168    307.5953   2207.3821
     1285.3224   2076.4783   1060.3409
      370.2002   1259.8250    310.8753
     1644.8523    341.1617    556.2222
     1935.2119   1143.0535    878.4973
     1628.4438    548.9875    465.3721
      179.4735   1939.2362    205.3413
     1898.1917   2024.5995   2092.9082
      991.2250   1246.7308   1129.0100
      766.6330    832.1747   2208.0469
     2135.0571   2177.2935    921.3477
       15.5337   1519.6412   1085.0431
     1757.2247    361.4004    356.5654
      744.9387    493.1502    875.4523
      119.5311   1621.2301   2197.0645
     2232.1821   1234.9324     58.2367
     1370.3568     30.3903     15.7899
     1948.3672   1402.5953   1254.9100
     2248.9336   2173.4644   1657.0039
     1580.6597   1513.1277    573.5399
       86.2110   2206.5449   2221.4746
     1227.2510   1871.7849   1432.4962
      454.2827   1290.2926   1884.3538
     1379.9409   1745.5267     72.3080
     1008.9813   2024.5015   1743.2598
     1555.1425   1316.0005    741.9976
     1858.8478    406.3119   1443.2976
     1803.1373    447.9413    759.6411
      975.1132    586.5748    391.5763
     1617.4454   1902.0555    815.7162
       70.7150    102.6762    114.9604
     1883.3326    602.4448     51.0926
     1698.1676    108.1383    943.6381
       25.2573   1612.7158   1957.0217
     1182.3435   1869.3772   2078.0122
     2142.1892   1703.0803    866.0845
      572.8458   1258.4200    804.6967
     1921.7527    636.4482   1185.0052
      364.7911   2052.3000   1368.5121
      409.8477   1769.7850    196.9871
     2014.7977   2102.2239    498.5892
     1799.5234   2212.9373   1863.9200
     1795.4594   1631.9495   1112.6678
     1903.7993   1495.4608    577.1366
      370.7553   1727.4780   1166.0754
      379.4058    584.7013   2148.3389
      388.7971   1591.8171    355.2065
     1138.9266   2074.9175   1298.6547
     1878.3978    187.4936   1331.5938
     1420.1283    584.1244   1802.6418
      845.0671    490.7742   1894.6581
     1502.8948    221.7240    117.9109
      265.1912    863.0386     73.3968
      634.0958    354.3393   1151.0112
     1384.9485   2048.3296    808.5787
      460.2397    997.7612   1238.8804
      609.2521   1120.3110   1619.8198
     2058.8657   2128.8521    710.4666
     1955.3220   1815.9122   2071.6060
      464.0549   1013.9507   1470.9911
      795.8547    657.3585   2052.8477
      828.3605   1944.6783   1517.8939
      394.5438    271.5876      2.3840
      446.2930    246.3617    943.7983
     1785.9939    562.6876   1015.0620
     1807.0386   1656.1237   2137.8145
     1115.7725   1206.0819   1514.4437
     1379.5752   1314.1473     16.3308
      815.1349    603.8961   1644.7003
      640.7339    374.7281    702.1474
     1981.3901    292.0832    914.1661
      270.5670    112.4615   1209.5355
      936.7204   1934.5677   1266.7756
     2098.6238   2120.3391   1500.5280
       74.4212   1390.8658   1326.8461
     1689.2537    756.9244    120.8689
       81.3475   1268.3922   1042.3147
     2112.4033    863.1423    596.0447
     1594.6719    909.6769   1520.0847
      112.8759    387.3929   1553.6646
      893.4031    328.5477    782.9216
     1414.9298    197.1412   1935.8162
     1382.6931    677.1840   1558.9443
      738.3334   1035.1592    472.3163
     1756.4301    792.3427   1054.2659
      813.6083   1718.2723    887.6259
     1771.7655    424.6374   1192.4717
     1746.3229    339.0396    946.8415
     2001.0474   2200.4263   1929.2495
      482.3019   2153.9705   2074.7776
      676.9778    457.2190   1602.8673
       77.5825   1042.1891    982.5233
     1245.1990   1067.5026   2071.0378
     2136.2144   1494.5021    499.9801
       88.0020   1284.7301    256.4983
     1110.2286   1229.8473    380.9010
     1033.4440   2152.4695    735.1152
     1660.9818    118.6782   1695.1376
     1511.6641    488.2405   1601.9630
      114.0414   1397.0228    630.7159
     1671.2827   1558.9591   1482.0244
      209.1669   1249.4663   1843.0416
     1277.6287   2239.2471   1282.2006
     1341.5206   2231.6296    409.0901
     1955.8750   1920.0214    660.2407
     1886.3494   1713.6053    489.9996
      244.9778    277.0107   1673.2740
     1709.9054   1859.0508   2088.0972
     2067.6499    103.8630    770.1051
     1969.2169   1433.2737   2089.2891
      764.8950   1083.5245    203.6854
      381.3911     91.7086   1619.4305
      168.5305    337.1961    703.3122
      743.0385   1462.7572    188.6201
     2073.4385   2059.0146    211.1460
      914.4005   1324.0718   1554.8345
     1065.7528   2035.0480   1526.8062
     1020.4677   1550.2928   1126.0312
      220.5519    689.3088    436.6706
     1115.3834    795.5804   1515.3153
     1631.2383   2093.4143    244.6098
      425.8500    853.3790    249.0934
      642.6880     48.6148   2001.4219
     2105.7898     89.4326    534.4238
      939.4327   1575.2024   2050.0581
     1641.7104   1960.5911   1175.4657
     1851.0293   1911.2009   1067.7659
     1443.3096    943.9607    595.6547
      476.3140    558.1888   1937.0386
       31.7126    831.6322    752.9987
      331.3660   1602.7157     75.8598
     1304.6792   1624.6602    573.9302
      625.6500   2068.4170   1906.6754
      675.5002   1637.7332   1773.6959
     1040.6570   1049.6929    184.0827
     1317.1271   1126.9048    614.4944
     1877.1318    790.7921   1723.7917
     1492.1896   1014.5629   1336.5126
     1024.9741   1816.0255   1678.8898
     1048.4467   1746.9689    978.9577
       22.7851   1743.4359    402.5516
     1226.7026   2005.1803    353.2428
      300.9718    911.4476    588.7938
      859.4337   1536.3975    672.0135
     1687.3422   2108.0437   1003.8685
     1485.2086   1524.7014    137.3483
       84.2068   1737.3177    813.9564
      475.3918   1265.5613      1.3370
      117.8886    176.5740   2153.6292
      700.0840   1329.9874   2239.5332
      209.7776    416.5598   1277.5892
      778.3409   1223.7955   1716.9479
      279.6292   2036.8174    554.1069
      673.0316    210.1021    292.6100
     1730.2197   2228.1753   2107.9397
     1853.8303   1799.7220    827.7420
     2251.4128     22.9612   1431.3778
     2035.8988   1947.7106    881.4282
      642.1791    560.0701    555.8500
      507.1925    178.7776   1308.4324
     2106.5098    813.8018    117.8939
     1605.0762   1229.9841   2230.8042
      125.1154    775.6749   1518.7802
     1044.9564    972.3524    809.4996
      297.9319   2111.8064   1158.2987
     2045.4608   1523.9161   1497.6018
     2082.3845   2022.4828   1766.8126
     1671.0371    848.6273   1257.3230
       14.9578   1046.3368    239.0706
     2077.4077    395.6320   1499.3468
     1531.6696    289.7862    753.0940
      333.7940   1043.9440   2201.8843
      543.3594   2172.2224   1194.1818
     1731.3933    957.9483    308.9105
      341.3513    844.6984   2076.4731
       69.6078    570.2745     57.5923
        0.4708   2180.9792    583.4424
      812.4548    699.2405    498.1572
     1330.5946   2028.2883   1976.6989
      234.1503   2238.7825   2006.1315
     1354.5796    521.8162   2149.9036
       19.3354    687.8060    540.4193
     1407.4623   1182.0759    813.8806
     1265.0929   1217.8948   1080.2860
     1326.0977   1233.3715   1356.0939
     1987.5493     61.4504   1073.2563
     1324.9393    955.4635   1883.9905
      385.7631   1070.7578    481.9109
     1473.1307    690.2414    165.4726
     1829.0905   2243.4019     93.4371
      866.0432    364.5163   1725.9722
       64.7651    542.0579   2073.5188
       34.4736   2047.8549   1392.0682
      810.6937   1720.8923   1569.5785
     2016.4126   1163.8586    107.0356
      953.0305   1010.9599   2194.9363
      327.8273    695.5482   1332.2522
      818.0020   1675.7322    257.1630
      451.6376   2018.4587   1782.7538
      851.0690   1061.7954   1554.7368
     1496.6033   1597.4733   1318.8040
     1477.1647   1242.2998   1194.2025
      400.7543    248.9684   1832.4945
      479.9504    847.8584    735.2350
     2152.8713    834.6924   1995.2317
     1720.0176    631.1448    667.7122
     1036.2153    985.3581   1532.3774
      246.6854   1221.8270     94.0417
      963.1668   1909.5054    622.0164
     1325.2211     63.6600   1035.1719
     1726.8877   1666.0765    651.4500
      417.4902    592.9881   1733.4331
     1661.1951   1692.3889    444.9567
      678.4598   1499.4841   1991.1476
     1915.9215    393.4926   1692.3466
     2224.2229    574.4298   1556.1461
     1244.1770   2201.5188    857.9563
      777.1253   1730.0613   1975.4807
      378.1142   2008.8376    344.2730
       97.7919    926.0438    516.5015
      538.5571   1520.4442   2245.1709
     1568.9963    913.8669   1046.0029
     1673.0630   1444.5453   1231.3457
     1130.8571   1638.4935   1815.7692
      390.4542   2111.2878   1607.8387
     1629.3042   1394.1567    958.9951
     1931.3844    830.5936   1334.5122
      495.2375    410.3673    482.1026
     1771.0590   1016.9299   1403.7567
     1204.7014   1849.3959    515.5142
     1282.7424   1016.0245    949.5375
     1366.2469   1453.4805   1176.8264
      718.4270    138.7109   1378.7886
      920.9725     74.4694    806.2885
     1998.3862   2247.9719   2157.4514
     1977.7174   1350.1912    832.7994
     2099.5361   1278.1968    269.9184
     1178.4773   1932.6925   1839.3137
      430.3051    596.7438    349.7370
     1533.4429   1382.4722   1971.8479
      964.5828    268.4276   2008.0863
      464.3573    187.7318    411.1884
     1098.8556   2091.1226    518.0397
     1854.5398   1810.5608     23.6630
      631.0029   2184.8569    702.0168
     1432.6050   1962.6746    177.3899
      562.7500    146.9673   1791.5260
     1174.2720    358.0539   2079.2268
      200.1857   1970.8756   1523.3948
      912.4097   1352.9034    542.1407
     1864.3020   1836.2634   1308.4706
      920.4340   1444.7892     50.4220
     1012.9809   1800.8243   1926.4065
        7.8623   2029.4103    757.5876
      176.5626   1496.4929   1492.9531
      267.3788   1537.6547    740.0825
     1468.6832    507.9100    608.6182
      911.6485    163.7241   1512.0297
     1590.8992   1803.0017      0.1721
     1202.7970   1555.0121   1630.2581
      178.6438   1478.1038   1742.7264
      799.2209    500.9428   1264.1843
     2142.5623   2091.3252   2184.8638
      861.4606    998.1331    944.6961
     1672.5857   1207.6641   1863.3533
      233.4497   1406.5861   2208.0425
      461.2014   1571.3245    578.2925
     1651.5614     87.7523    650.5652
      618.9493   2237.9377    286.2253
     1227.7504    128.4908   2082.8469
     1232.9315    547.7479   1641.0033
     1628.6528   1060.4413    725.1017
      440.6219   1795.6489    954.0788
     1471.6316    338.9294   1255.7299
     1476.4424     57.9019    875.4573
      339.2410   2037.3239    937.9295
     1142.4742    827.7842   1966.1444
     1887.7184     10.1308    613.2479
     2206.7095   1883.8914   1514.6340
     1707.8728   2003.5771   1883.1216
      578.2332   1682.2775   2050.1863
     1448.6455   1882.0643   1334.3589
      699.3282   1535.6853    852.0496
     1335.6660   1550.2449   1986.1250
     1766.2279   1085.5968    524.2891
     1963.0642   1185.7681   1148.4044
      168.8995   1138.2902    390.0430
     1549.6160   1200.6427    544.7904
      790.6152   1627.7823   1124.1866
      807.1720   1089.6110   1170.6572
      926.6093    600.9244   2256.1567
      549.5659    814.9725   1376.9882
     1176.1262    654.0212   2142.4937
     2089.2532    817.6640   1537.4882
     1346.1342    714.6727   1983.6345
     2262.2173     77.2766    301.1001
        3.6868    349.0377   2262.7690
     1315.5321   2060.6482    573.0608
     2012.8047   1071.7375    613.5117
      855.9013    409.6139   2174.0342
      221.9602   1260.3018    825.2985
     1231.2427   1022.1382    393.3423
      661.7830   1918.4260   2090.3313
      567.8586   2065.0083      9.4121
      580.1027    704.2878   2078.9556
     1314.8496   2252.8523   1872.9158
       32.9845   1598.8007    652.4705
     1133.9374    206.5270   1605.1351
      439.1452    699.6984    549.8833
      946.7166   1096.3907    421.6490
       30.3615   2133.9729   1893.4917
     2229.3594   1883.0658    231.6251
     1195.7528   1217.0824   1883.2386
     1864.4033   1408.8705   1474.3112
      265.7212    142.1966    252.6887
     1846.1294   1602.7297   1340.4187
     1925.0073    191.9817   2262.8977
      231.0903   1195.4949    592.8875
      960.3212   2129.8752   1157.9524
     1211.8610    714.9786   1168.4849
       77.4064    771.9785    183.7124
     2185.7183   2258.3491   1231.2659
     1131.7926   1395.0797    991.2703
     2229.2942    594.6800    334.1616
      570.1949   1096.7365    335.0962
      851.2755    883.7284    349.5190
      646.4669    250.0439   2177.6448
       36.0530   1983.8864   1176.2233
      160.8613    514.6364    262.1672
      913.0317     49.3043   1974.6113
     1312.0211    236.5134   1147.4912
      669.1152    470.9091   2031.0931
     1227.1525    801.5007    486.0263
     2093.0713   2087.5938   1137.1179
     1543.7271      8.2944   1511.6637
     1076.3899    924.5881   1753.0281
     1327.8186    338.0687    962.6683
     1717.5360    120.3352    194.7472
      851.6044   1883.2440   1818.2437
     1306.6649   2143.7585    194.2347
     1661.3175   1364.3986    129.1642
       36.8514    869.5122   2216.2849
     2119.6431   1907.5095    477.1524
     1902.6233   1212.3185   1957.6404
     1902.2817   1139.7339    354.4856
     1447.6342   1995.5286   1777.0645
     1464.6516    279.0182   1527.9332
      782.0123   1859.1625    378.7900
     1981.1426   1723.5547    999.9400
      543.9421   1816.3578    345.7303
      210.9150   1869.8754   1037.5708
      739.7527   1194.0264    991.6144
     1134.0999   1964.2705    784.4218
      530.4916     40.7599   2223.8582
     1296.7090    660.2019    661.6880
      896.7597   1900.0818   2081.3970
     2055.6689   1418.2009     67.1918
      782.3936   1046.4244   2015.4910
      896.5038   1415.8560   1278.6763
     2016.0320   1055.8054   1328.8856
      962.2433   1201.2438    904.3420
     1512.1451    230.8561   1039.0415
     1242.9796    447.3161   1193.1156
        7.9144     85.0627   1826.3007
      655.1641   1882.6079    895.3922
     1132.5735   1129.9668   1283.6648
     1724.9294   1111.7047   1589.6028
     2150.9824    398.1790   1101.7123
     1571.6953    520.6379    817.6482
     1664.1072   2091.1306   1641.1261
      547.8096   2089.8132    937.8383
      489.1684   1256.4935    539.9433
      593.6299   1350.4464   1727.0693
     1169.2073   1301.7974    585.3610
     1493.5538    748.3873    746.2658
      220.0688   1957.5055    772.9689
      888.3426     73.2152   1066.1794
     2018.5610    395.9163   1936.4403
     1477.0140    924.6024   2045.7284
     1651.4844    184.5936   1405.7799
      233.3320     14.8199    614.2287
     1102.2638    863.4703   1031.6702
      103.7510   2090.1343    991.7193
     1167.6836   1656.2059   1442.5664
     1139.9579   1390.6514   1238.5464
     2170.1018    202.9581    975.7655
     1062.3711    406.3572   1594.0184
     1919.6217    911.9363    437.5991
      505.6418    900.4802    473.8354
      273.4624    421.2680   1855.1509
     2067.6836   1512.3208   1026.7948
     1567.7996   2031.3550   2048.8103
     1525.2673   1594.6570   1853.5032
     1743.7216   1552.0320   1964.8602
      155.5538   1838.1761    586.4327
     1434.6611      0.5979    662.1558
     1104.3240   1290.5602   2112.0356
     1420.4886   1366.7598    973.9512
     1287.4990    383.5345    619.1150
      386.7732   1162.5731   1688.4343
     2018.6068   1630.2291   1201.4779
      943.2828     81.2154   1292.6411
      947.0193    578.7672    833.8162
      540.8182   1004.5916     67.9769
      496.7122   2098.2371    557.8661
      131.0638   2015.6725   2087.2617
     1850.2422   1223.5477    668.0567
      718.0596   1096.0669   2249.1240
     1287.4640   1043.1960   1479.4172
      402.2313   1962.8160     99.7284
      744.2537     13.0464   1799.8802
      301.4603    406.6211    898.3953
      889.0087   1724.6879   2248.9370
     1124.3104   1324.0164    125.3086
     1214.4884   1567.5311    195.8946
     1320.3904   1765.3344   1887.2538
     1975.3782    777.6943   2189.4250
     1654.1759    133.9694   1949.8276
     1243.1122   2012.7899   1654.9923
     1133.0021    154.2593    907.7077
     1728.3757   1889.6110    173.3012
     1333.7716    854.6269   2206.9089
     2026.6124    679.1063    387.1802
     2138.5662   1075.9736    409.1284
     1307.1414   1289.8723   1618.7036
     1496.0042   1159.0332   2044.2378
     1073.2085   1387.6954   1723.4362
       94.0868   1157.9620   1410.3621
     1338.9430   1388.9453    215.7624
      497.1683   1873.3296   1338.5869
      331.4813   1146.5168   1369.1804
     2059.8948   2262.4915   1723.3760
     1716.1456    708.9954   1936.2172
      527.6195    603.0356    157.8959
      344.9501   1063.0710    199.1790
     2211.5168   1573.8541   1314.6577
     1404.6310   1221.4926   1834.6907
     1143.2212   1722.4111      1.0481
       69.2312    525.0089   1832.3523
     1149.0381   2259.5579     80.4394
     1245.2198   1837.1023    955.7241
      968.2715     41.0612    574.5313
      804.5717    105.7096   2177.3630
     1903.3635    211.3479    265.6115
     1755.9559    590.7773   1601.1035
     1079.8157    395.4280   1833.1660
      485.7317     43.7035    873.9169
     1592.0067   2255.6521   2260.9700
      917.3352   1647.2506   1780.6621
     1271.9650   1641.7836   1257.5334
     1568.7971    441.3307   1045.0258
     1717.0350   1620.3264     89.3093
     1649.5399   1804.6938   1012.1670
      468.7762    362.5123    241.2921
     2084.3511    896.2314   1786.3065
     1104.3596    857.6311     57.0795
      991.6904   1904.9805    377.7759
      982.2272    793.2183   2142.6875
      405.4854   1086.9116    820.1730
      284.5769    842.6445   1136.9684
     1415.1882   2216.1328   2068.8625
     1995.6520   1627.4603     75.1759
      402.1011   1794.4508    567.4635
      831.3539    365.8383    367.3467
       58.5957   1708.2380   1714.8453
      298.7820    668.4838    154.8931
     1536.5302   1138.3826   1011.6562
     2085.1570    234.2154   1666.5715
     1195.3098    591.3981   1871.2814
     2098.7410    731.2639    811.8436
     1178.9359    167.7054    471.3613
     1938.5121    897.3083    849.7182
     1503.7858   1192.4694    195.5674
     1030.2523   2185.9048    961.6925
       64.4817    223.5517   1216.2052
     1296.8500    123.9392    243.2663
      830.2164    378.6407   1478.1328
      237.1882    379.4395   2100.4104
      101.0344   1052.1835     36.7620
     1603.0475    489.4213    226.4497
      353.9385   2164.6794    750.1902
      568.6591   1424.8909    390.3772
     1148.8892   1121.0831      2.7189
     1429.8029   1711.6302    913.8512
      439.1346    801.1451   1889.6877
     1094.3888   1392.3710   1451.9196
     1530.9081      6.8559   1087.5190
      170.7200    227.1960    991.9579
     1087.3058    505.8844    665.7881
     1229.3252    708.4620    268.9211
       21.8785   1718.3676   1094.5326
     1219.5162   1614.1241    827.0366
      685.3597   1995.3284   1301.5061
      799.9051   1750.1023    649.6230
      876.4091    110.5997    382.2947
      960.7054   2113.7515      4.6879
     1499.2922   2261.0869    248.7596
     1688.8938    196.3260   1168.8958
      671.7745    491.7255    319.2234
     1569.1134    676.6066    981.5020
      407.9986    147.9973   2067.7825
     1018.1967   1030.7880   1959.8446
     1595.1790   1468.9088   2181.3064
      483.5351   1529.2671   1870.9977
     1853.1223    190.5307    502.0399
      235.2446    725.9286    682.9373
        0.1824    336.5935   2003.7319
     2240.9639   1704.6775    103.1384
     1555.1007   2203.1240   1875.2709
     2044.0708   1354.8926   1883.1067
     2001.4391    793.7372   1045.6277
     1904.3594   2118.4124   1006.6947
      226.4898   2166.2908    139.3701
     2085.0940    153.6217   1897.3431
     1083.7103   1539.6674    592.3511
     1709.9270   1756.9531   1884.7471
     1800.2106    199.6371    758.6691
     2143.2317   1023.9567    806.8057
     1989.4050   1589.7511   1934.6426
      453.6784     74.0498   1083.6702
      444.2055   1965.2845   1120.2140
     1788.6239    387.6400   1958.2717
     2041.5365   1677.1041    641.6757
     2135.5466   1802.6315   1888.8669
      544.1325   1162.7341   2078.6360
      352.0183   1389.7423   1652.9385
     1048.3306   2068.2454   2018.4641
     1986.1221   2234.1787   1310.3462
      213.5577    204.2486   1409.5773
     1547.3287    548.8138   2009.1508
     1080.8337   2232.7017   1889.4406
     1899.2823    778.9297    225.1748
     1417.1791    131.5064   1707.8619
      841.1443    837.8276   1964.3662
      881.3428    862.4131   1103.9764
     2069.9780   1237.5931   2133.2747
     2103.4526   1017.2585   1033.4730
     1500.9148   1170.2050   1515.9264
     2162.9280   1118.9470   1539.4093
      727.7967   1584.9545   2194.4263
     1883.6101   2167.9429   1642.2935
      863.0663    835.3793   1706.2159
      719.9300   1245.5477    589.1529
     1740.8328   1330.5701   2070.9622
     1553.8271   1739.6018    240.3994
      974.0737   1545.1675    887.5530
     1403.5991   1844.9099   2122.3469
      471.8629   1817.1643   1909.7742
     1619.3624    625.4814   1208.2706
      558.9128    444.6242   2220.9370
      368.4920    792.9974   1539.6489
     1334.7399   1778.9838    293.8034
     1941.8979   1013.4564   1588.6021
      894.7850   1185.7664   1354.5964
     1356.0763    777.6205    957.2081
      318.0714    475.8052     62.7375
     1559.2277   1655.1689   2090.5557
      630.7220   1861.1697    546.2562
     2039.4961    986.2900    235.4939
      985.9169    738.7055   1280.9742
      647.8288   1851.9396   1128.6527
     1064.6272    268.5901   1144.7290
     1909.8583    839.5600   1966.3678
     1868.5968   1328.9298    214.2449
     1555.5460    471.9434      5.2918
     2258.9790   1116.2292    589.6657
      593.8514   1731.2618   1531.1694
     2200.8843   1844.0007    661.9722
     1960.1355   1498.7493    315.9644
     2158.9160    870.4593   1195.1499
      537.4104   1129.9073   1014.1276
      705.3231    632.9752   1433.9053
     1092.7295   2258.7217   1464.2928
     2238.5828   1034.6007   2119.4780
     1025.4613    519.3063   1233.1931
     1528.8650   1378.1205    354.8669
      454.6133    901.8550    976.2681
     1465.8860   1508.1775    792.3364
      570.2298    723.7269   1636.8759
      241.0370   1633.4077    541.2847
     1976.2428   1284.2811    467.7696
     1747.0087   1366.3285    494.8981
      315.2983    508.8166    584.3362
     1908.6594      0.4235    862.3502
      938.6820    442.1215    171.5811
      895.6996   2130.2373   1397.6085
     2013.7598    449.7947   1277.5936
     1880.9385    137.2952   2037.8208
      591.8656   1640.6671    999.7712
     2083.0986    262.6530    394.4201
       96.7200   1530.3871    393.8836
     1349.9823   1562.7877   2226.9773
     2043.2961   1046.9087   1979.9581
      313.2108    705.7792    938.7580
     1962.7786    298.5946    633.7316
     1483.7368   1992.3137    990.8741
        5.5390   1218.3816    814.6567
       25.3925   2127.4065    180.2283
      276.0584   1638.4432   1868.0109
     1831.8573   1701.9219    276.0788
     1100.8302   1421.7251   1935.5115
      454.3870   1411.2247   2074.8953
      189.6945   2207.0491    406.2836
      500.2256    154.3482    145.0889
      185.5819    576.2413    814.2814
     1922.5251    601.7352   2062.1797
     1967.1973    601.8146   1525.5773
      565.5763    933.3380   2113.5837
      130.7985    458.4540   1059.3557
     1649.7485   2184.1018    791.2921
      478.1479    926.2969   1702.0591
       37.7061     57.2110   1041.4287
      758.9796   2214.1741   1235.8329
     1050.9595    358.6748    482.5605
     1036.1869    230.4807    250.4914
     1364.6355    423.4419    136.3108
     2203.3574   1153.7528   1225.4813
     1694.5730   1226.5607   1352.6641
     1914.5775    267.9784   1108.9608
     1688.4702    897.6695   1717.8895
        0.6587   1305.9038    455.0400
     2014.7740   1842.9921    203.0595
      871.9849    492.7627    607.6121
     1056.6699    880.5358    355.5923
       40.8249    940.7432   1637.4000
     1675.7090   2049.2358   2244.8008
     1177.6106    587.1060    959.0858
      795.4483    655.3190    215.9773
     1309.0563   1460.8884   1421.1124
     1672.6567   1210.9913    329.7910
     1655.7378   1742.0885   1245.2080
     1751.8892   1256.9363   1093.2490
     2246.5034   1905.0133    951.3278
     1400.1116    906.4619   1632.4185
     1046.2943   1725.6731    728.1386
     1614.8690   2201.3906   1290.2211
      628.9058   1226.3423   1250.4886
      898.4291    854.2885    135.6864
     1799.4044   2239.7251    408.4706
     1633.0032   1783.7411   1482.0858
     1697.2958    818.2463    808.0546
      713.4133   2237.9624     91.8264
      424.4252   1439.4664    166.2469
      898.6698    258.2841    979.8622
     1835.6866   2055.1804    793.1453
      566.0594    197.1704   1549.0103
