      980.8853   1737.4062    261.6585
      827.3406   1270.4885    447.3574
     1071.0002   1322.3973    126.5807
     1294.4491    846.3416   2178.0422
      420.3720   1889.9843   1057.6523
      495.4091    800.6515    809.2427
     1668.4946   1475.1116    540.3248
     1440.9020   2184.3066    674.8197
     1345.9880    157.1941    894.0941
     1236.7931   1834.4774   2185.8728
      889.2887    949.9543   1372.5208
      880.6285     63.4717     72.7726
     1803.2759   2098.0132    583.2051
      680.0264   1850.0874    826.3412
     2062.4912    535.2591   1221.7036
      256.7976    894.4647   1905.8613
      619.9188   1563.9303    764.6884
     1065.5712    404.7568   1598.2981
     2248.5444   1797.4194   2008.4102
     2185.9541    874.6205   2035.1461
     1655.9789   2038.2443    864.2451
     1609.8237   1556.6246   1594.6680
      412.6004   1385.8079   2143.2832
     1125.8960   1922.0521   1924.6150
     1442.0568    467.5985    796.2419
      550.2876   2224.4380   1335.4008
      840.6010   1317.3894   1233.0874
     1554.5945   2067.4290   1827.8859
     2207.3589   1895.7129    101.1149
     2209.4358    240.3292    132.1690
      616.3265    974.8348    549.0349
      349.4686    905.6478    532.8705
      677.3195     75.5777    829.4789
     2032.3038   1672.4594    749.4796
     1371.5208   1026.7045   1668.3723
      954.4288    398.9042      8.5163
      723.1277   2002.3885   2167.6633
      792.7385    564.4437   2032.7556
     1658.9548     88.5252    629.0930
     1359.6521   1826.0284   1906.8622
      481.3088    817.0667   1202.7875
      632.9708    298.7180    204.2691
      430.3359    198.3251    847.5708
      448.6227   1674.4443    509.2134
     2187.8845    139.9012   1415.7422
     1793.6281    157.9155   1886.4182
     1354.9346    111.7263   1218.3757
     1109.6436   1076.7635    874.6594
      276.2885    844.7104   1633.4408
      888.2231   1171.8219   2190.2478
       45.0424    807.2722    732.5177
      453.1110   1374.3967    263.5200
      730.8702   1476.7761   2062.3577
     2149.9026    986.6060    140.7115
      503.6245   1532.1747   1530.3002
     1811.7827     79.2021   1254.0490
     1336.0273   1579.4421    556.2104
      377.0252    133.5834    166.4450
     1354.9364   1926.5139    570.7078
      982.0497    139.2155   1806.9773
     2093.9141   1968.0765    652.9717
     2063.5146   1162.4478    853.6950
       61.0313    191.8786   1683.1332
      104.9570    591.1553    433.9211
     2168.6785   1354.2710    300.1843
     1136.9142   1528.8539    779.9099
     1825.4198    850.2587   1017.3499
     1621.0251   1259.7751    325.2914
      910.9030    512.0339    485.3343
     1805.2365    374.9756   1661.6405
      900.1818   1560.7240    963.5677
     1963.3525   2226.7910   1658.6949
     1590.5120   1288.2748   1537.3372
       92.1289   1005.0234   2235.1157
     1969.3500    257.1684   1125.8793
      100.9104    456.3224   1737.6670
      322.5437   1565.2827     56.3679
     1025.5179    316.9843    675.0054
     1184.8308   1057.8975   2144.2957
     1128.5820   2121.2583    721.7778
     2192.7949   1671.1593    378.9226
      687.0873    655.5552   1053.1914
      642.4656   1640.4463    157.2819
     1166.5321    579.7275    318.7628
     2262.7603   1749.1859   1507.8254
      672.7083   2112.2681   1039.1915
        2.0406    736.6557    188.9407
     1062.7933   1911.4724   1142.1298
     1285.3252   1494.2350   1352.0223
     1202.9497    565.9764     15.1762
      306.5114   1320.4135   1298.5758
     2109.9343    374.9262   1577.5930
      331.2957   1850.1296    781.5389
     1252.7990   1682.4285   1691.8810
     1498.0944    100.1192    271.6537
      985.9553   2004.7987    407.6799
     1136.8258     24.3287    170.3714
       89.8419    657.1842   1512.2913
      202.1573     68.1974    881.9221
      318.9084   1884.9263   1521.1979
     2219.3276   1670.6610   1786.9861
     1873.5594   1478.3829   1415.6102
      309.9938   1482.1273    653.5025
     1925.1107   1100.6962   2216.4946
     1828.0400   1810.7788    954.6796
       91.7685   1761.4089    596.6222
     1883.4319    596.8948   2181.1487
     1507.9656   1822.9264    157.4561
      891.6392    528.8602   1744.7339
      284.2371    846.7948    969.2619
     1376.4746    557.4626   1543.8452
     1410.4844    479.3553   1234.8721
      571.2307   1367.0350   1372.2311
     1501.7456   1014.2790   2055.4575
      313.3567    643.0336    626.0035
      552.9227   1059.6628    984.2297
     1704.1283    479.0342    896.4482
     1834.7251   1764.9048   1448.9153
      912.6699   2185.2539   1995.6680
     2066.5776   1269.1284   1608.0642
     2145.1345   2204.8777    730.7823
      375.2704   1208.1262     71.2767
      640.2034    618.8524    632.2621
     1042.8899    696.7579   1349.9017
     1865.5541    534.8645   1873.5508
     1619.7430   1752.6642    647.8007
      324.6999    376.8787   1087.0575
     2117.5574    302.6900   1865.2190
     1843.8480    655.5271    743.2886
     1269.3514    893.0764   1422.6519
      861.8188   2078.8350    877.2374
      718.2566   1468.9854   1737.7074
       77.3245    604.3810   1026.0841
     1700.8246   1548.0935    867.9142
      158.6957   1933.8223   1822.4899
     1477.5033   1052.6569    122.1632
      826.2975    488.0588   1474.6155
      356.2603    325.4092   1636.1243
      779.4208    981.5541   1130.3588
      966.0580    272.0525   1345.0298
      708.6044    740.8284   1379.4196
      167.3902    315.2278    297.1541
      875.0247   1576.1069     29.5910
      653.6414   1269.2020    751.1323
      428.8894   1119.0839    360.7644
     2002.2935   1465.0686    560.0261
      932.1115     30.0110    680.4492
      297.6203    123.0461    596.2629
      684.6880    671.1024     30.4598
     1842.6167   2035.6750   1847.2271
     1457.0980   1415.6610   1069.8624
     1796.2197   2211.9141   2101.2236
      414.6257     85.4077   1613.2556
     1743.4736     48.8660    378.6448
      872.6984   1770.8132    598.0190
      941.5956   1811.3884   2095.8423
      694.2304   1121.6342   1397.3979
     1002.7421   1866.0963    844.5261
     1215.8213   2207.3655   1935.9722
     2247.0796   2124.1409   1604.3037
      318.5747    554.6256   1980.7045
      417.6641    523.6935    243.5782
      288.3593   1612.6163   1353.7864
      311.5797   2084.9197    252.4824
     2013.0060    810.0190   2192.2737
     1628.0204    990.1156   1246.3807
     1278.6777    817.6257    762.7951
     1319.5618   1332.8326    296.2214
      657.4291   1859.2832    403.2669
     1299.0608    245.3585    640.8724
     1094.0231   1228.1361    408.2968
     1139.3740    245.9916    375.1818
     1690.7767    934.9936    488.0732
     1501.0864    715.8876   1779.0930
     1521.9354   1096.7924    620.5953
      384.7415   1093.5135    761.8721
     1806.4385    304.9509    240.5191
     1231.7354    369.4275   1092.7882
       75.7032   1205.1954    811.3972
      248.2682   1639.6903   1675.7090
     1311.4186   1753.3524   1152.2535
      146.7433   1988.4270   1150.0186
      426.0552   1945.3311   2002.6334
     1006.3027    502.8760   1124.7292
     1748.0558    708.1230   1684.0177
      619.9883   2241.3201    191.4948
     1826.0994   1028.4426   1529.2405
     1781.7017   1313.4161    772.5917
      758.8159    282.9928    591.8719
     1174.6263    227.8543   1920.7332
      436.8337   2095.3289    732.3344
     1403.6370   1648.8552    869.3945
      117.4308   1469.4254   2052.0654
      514.5757    896.6315   1473.6136
      395.0609   2027.4885    493.9182
      548.5540   1766.6913   2139.2964
      481.3972   1078.6370   1869.8114
     1035.3885     80.9583    944.0237
     2024.3417   1469.3726   2169.2380
      565.8392    235.3155   1423.0789
     1344.5477    338.6063   2179.8962
      758.6060   1166.7743   1954.0255
       34.8787   2021.5896    907.6926
        0.6785   1629.9948     74.7338
      115.3870    697.2310   2154.1028
     1169.1975   1419.9271   1612.0939
      858.4391    820.3389    538.2562
     1947.3763   1623.3757   1697.3820
     1772.6401   2106.3008   1216.9612
      718.9260    216.0471   1631.7629
     1984.5798   1009.9919   1135.1451
     1733.0994   1567.5271   2209.9065
     1613.8385    953.0090    883.5781
     1549.3665   2246.8958   1060.7139
     1876.1724   2258.0586    874.8108
     1237.6838    316.8502   1351.4855
     2189.9761    497.4011     16.6543
     1446.7598   1835.0334   1521.4731
     1374.5927    743.7547    182.5859
      609.7654    425.8203   2186.1521
      865.0691   1281.8007   1606.5193
     1082.4574    807.7504    235.1506
      918.9528   1256.6436    958.5444
      392.8489    732.8842   2257.2124
      795.8538    271.9478    979.7562
      552.0997   1007.2380     94.8637
     1635.1272    989.0120   1755.0083
     1390.3005   2044.8909   2183.9519
     1102.0143    964.5769    549.8453
      572.8938    389.7782   1860.9362
      752.0325   1855.4152   1881.6764
     2200.7634   1054.7344   1810.8650
     1156.1949    599.8638   1946.4332
       91.3761    320.3033    556.7581
     1587.4552   1522.5339   1291.3219
     2047.6310    634.2911   1576.7192
     1169.7577   1871.9397   1437.0627
      202.4386   1124.7966   1602.3689
      470.8852    618.7290   1616.6931
      766.2626   2232.8774   1717.8213
     1977.1436    298.7639   2214.6843
     1933.9124   2031.5430    156.5945
     1585.3845   1573.1570    289.0431
     1567.9855   1310.9930   2038.2238
      169.3249   1186.5092    553.9368
      324.5003    998.7098   2126.5618
     2016.6222   1991.5524    985.2604
       36.6233    801.1915   1782.2567
     1588.6102    356.8559    450.3691
     1983.6819   1769.0566   1967.4943
     1140.9542   1248.8639   1167.2170
      669.8126   1530.4584    390.8971
     1652.3420   1839.9987   1173.0214
     2213.7900    555.4604   1984.9790
     1733.3739   1873.5271    332.0363
      777.1030   1793.0509   1083.4580
     1019.8102    958.5096   1712.6428
     1727.4855    602.6381   1187.3920
     1474.6810     73.6001   1789.0004
     1120.9561    716.3297   1631.0930
      404.6040    247.7556   2106.7283
     1391.9492   1160.8978   1318.5076
      752.4510    212.8581   1950.3254
     1437.6060   1397.3273   1746.0614
     2061.3108   2145.8113    389.2686
     2249.3630    824.2743   1228.7004
      773.1687   1329.7621    133.1328
      684.0895     55.2364   2150.3579
      448.6430   1250.2563   1634.8876
      885.1284    125.2634    360.6231
      564.1930    443.3877    846.5472
     1712.3258    724.2028    346.0411
       46.0613     17.9141    362.7113
     1998.1417    911.1577    363.4727
      258.8179    237.1797   1388.3070
     2119.0002   1170.1445   2077.8105
      838.6024    546.6942    217.8117
     2091.1907     46.9937   2107.8411
      567.3863   2256.9534   1894.7230
     1977.7549   2028.9155   1416.4092
      108.4214   1153.4491    214.5901
     1051.3361   1190.7483   1438.1455
      931.7338    620.3369    823.8243
      345.3213    566.1136   1354.7643
     1526.2697   2074.7444    369.9292
     1282.0205   2047.3293    215.7632
     2245.5432    968.7086    965.9556
      239.0895   1476.7805    345.3060
      762.9301    933.8805    818.9866
      224.5567    948.5260   1238.7726
     1060.8507   2069.3821   2180.9856
      891.6832   1385.5419    668.1992
     1062.5050    119.5720   2133.9412
      703.3391   1037.0707   1706.5250
     1974.5919    587.1457    202.3493
     1766.4364   1195.7010   1110.9052
       64.3143   1984.4789    363.3992
      276.2843    416.2519     26.6037
      590.5880     13.4734    496.4842
     1037.1161   1068.5404    160.8603
      731.5352   2100.5337    609.3941
     1244.6892   1306.5513    631.3165
     1327.8510    487.6570    527.8104
      855.9601     25.5481   1449.1639
      965.8942   2035.7439   1715.7402
     2079.5049   1796.2174   1202.6711
      493.8859   1700.5800   1843.0986
     1877.1801    407.5352    564.4008
      385.5009   1348.0974    922.5200
     1436.0608    604.2764   2094.4998
      242.1398   2163.0913   1446.3041
     1173.2192    533.9165    885.9604
     1036.8413    811.1990   1026.3267
      194.0445   2136.1497    629.9028
     2245.9568   2007.6113   1340.1353
      988.9968   1539.1160    484.9466
     1844.9371   1463.2906   1103.2670
     1184.6971   2194.3987   1314.7986
      956.8931    843.9666   1992.7451
      381.6848    597.8651   1011.9315
      198.7105    409.8096    826.7735
     1276.8896   1681.9364    278.1024
      364.4419   2104.4995   1743.3273
      590.6398   1989.1818   1577.6417
     1219.6932     92.6087   1592.3726
     1527.4618    261.2062   1551.2960
     1230.9758   2198.1606    432.8680
      848.9288    996.5085    324.0827
       50.3825   1202.9993   1097.2822
     1300.9866    829.9308   1919.6635
     1722.4280   2063.8162   1542.8358
     2088.2339   1438.9022   1873.8688
     1446.7179   2200.9309   1452.0388
     1600.7809    778.6949     21.3093
     1634.7422    455.6584     50.2522
     1266.1604    706.6273   1157.3188
       58.3636    261.8848   1165.9271
     1926.2926    195.0154    684.2395
     1022.1117   1569.4249   1396.3892
     1280.9514   1179.0657   1835.1915
     1382.8717    961.3344   1081.7898
      462.7578   1114.7834   1201.4631
      350.1148   1605.1356    915.1599
     1026.5508   1286.0388   1881.6598
      298.6798   1769.0518    302.9114
     1860.6379   1405.6022   1969.8771
     1724.5801   1868.7178   2223.8289
     1899.9746   1187.8309    512.0817
      242.3541   1688.7662   1981.6774
     2172.0283   1064.4033    527.4166
      671.9315   1758.3008   1641.1946
      579.0135    165.5675   1110.1790
     1112.9164    971.0692   1237.1919
      492.6779   1840.8519   1341.3495
     1325.9547    980.7073    332.3565
     1906.4857    790.4689   1324.5966
      404.1405    402.5434    493.6548
      231.4238   2254.2661   1945.7108
     1677.9739    526.4251   1507.6744
      891.5090   1981.9086    121.4708
     1983.9073   1048.6229   1736.6238
     1960.1224    919.8832    732.1165
     1364.7926    360.7525   1787.6085
     1619.9506    299.7208   1271.4717
     2245.8455   1762.3561    891.4720
     2117.1819    373.6636    392.7057
     1157.2386   1496.8182   2028.3757
     2074.6636   1960.9507   1703.2413
     1412.7377     96.5671     53.4274
     2164.2153   1470.7656   1263.4960
      820.0662   1963.1248   1374.0210
      517.3525   1318.1581    532.7028
     2151.5684    131.1766    559.7287
     1984.5151    757.7049   1886.8101
     2003.3440   1735.0219      5.4773
       72.4312      0.1420   1100.3479
      106.5714    275.7618   1996.3757
     1792.0479    975.2765   2022.0483
      912.8455   1628.0598   1875.3440
     1608.1461    295.8805   1995.2140
       51.6675   1472.9440    919.7316
     1941.0739   1587.2900    248.1592
      631.2476    474.1922    396.6537
      507.2553    704.4315   1840.5763
     1997.1337   1852.2126    415.7368
     1673.3318    606.6660   2013.4906
     1559.3160    937.3693   1483.6155
     1462.9583   1648.3511   2191.9304
      597.1851    758.8345    319.6145
     1129.7286   1752.1742    561.4034
     1681.1997   2191.3301    123.9553
      199.9295   1650.7970   1124.3289
     1613.8585   1304.4917     45.7890
      951.2449    769.9064   2255.5227
     1297.1129   1921.8450    844.7058
      353.1994   2258.7026   1163.2478
     1533.8854    734.1590   1296.3621
     2022.2010    568.5295    952.0463
     2181.1602    931.1549   1496.0160
      764.7155    775.2831   1704.2328
      386.0919   2175.5911   2245.5620
     1711.4995   1778.7721   1794.2318
     2125.9448    165.2456    912.1434
     1517.9115      7.6068   2067.5029
       35.4363   1447.8074   1522.8828
     1784.2144   1285.1675   1699.0571
      558.3898   1898.8859    118.6349
       44.6327    465.7597   1342.5806
     2028.2146    661.0674    504.1565
     2243.9539   1288.5573     28.9378
     1574.5190   1600.9398   1926.8320
     1915.8005   1187.7705   1339.3884
     1674.9130    173.1630   2222.2063
     1427.5538   2009.0186   1270.1006
      289.3572    894.5007    214.9061
     1521.5275    713.2941    612.6468
     2258.9995   1141.8600   1374.2577
     1509.1847    689.8126    970.1879
      290.3058   1869.7186     33.0822
     2066.1401   2041.6211   2150.3184
      597.7304   1523.7257   1120.1699
      624.3275    929.0427   2090.6904
     2034.1864   2202.3848   1178.1864
       13.0070   1439.2069    579.8267
     1723.9381    214.8625    985.5226
      614.4556    447.2484   1226.5697
      367.1475   1414.0562   1861.5475
     1904.0621   1318.8722    231.6986
     1362.4489    404.9777    219.9736
     1171.2843   1477.5450   1089.9998
     2172.4106   2252.4656   1850.6176
     1094.8448    707.4055    588.0311
       76.3000   2004.3436   2162.1892
      989.1757   1775.0210   1618.6344
      129.7801   1218.3667   2033.6755
     1177.9957   1579.0302     33.4517
     1291.5482   2079.0703   1659.9299
     1435.8801   1196.5649    916.2405
     1763.5750     87.1674   1555.7451
     2168.7192    463.3233    707.5469
       60.9285    855.2595    404.7022
     1270.3149   2121.2617   1031.3954
      108.4600     15.7738     10.7573
     1794.9738   1053.2488    201.7998
     1945.3618     98.7781    183.6150
       82.3884   1356.5786   1758.2521
     1338.5841   1275.8291   2179.1316
     2038.7450   1416.1670    895.9049
      757.0936   1660.7791   1397.7644
     1875.0125    319.9976   1410.2545
      948.8144   2181.7920   1150.3256
