      868.6807   2225.3682    197.3362
      851.7136   1489.3870    993.6467
      890.3406   1856.0406    172.9363
     1078.9731   1108.1230   1708.0350
      638.4284   1791.2081    694.9484
      672.4106    687.0029   1084.5532
     1777.2631   1422.4788   1049.6980
     1150.8317   1913.7555   1127.6473
     1344.5537    221.5087    766.4997
     1312.6799   2139.2815   2192.7432
      522.0900   1503.9310   1448.7410
      804.3854    212.4068    186.8966
     1348.3499   1996.6090    285.3061
      799.4123   2192.7156    865.5870
     1379.9694    839.8653   1154.7532
       39.4317   1394.4108   2091.0532
      974.3505   1685.0751    509.0678
     1304.0107     84.0764   1383.7736
     2078.4595   1916.7532   2248.9988
     2197.8811    475.3646   2250.5593
      976.7437   1830.2184   1187.8271
      643.9836   1920.7717   1794.8134
       62.9500   1154.4410   2103.3269
      735.0973   1187.2814   2103.6516
     1140.7094    883.2899    604.5130
      195.3490   2066.8945   1757.9878
      383.3827   1521.7275    789.4271
     1456.3395   2213.9182   1710.8630
     2055.3601   2139.7332     44.4174
     2020.4463    275.9705    211.6172
      776.2307    866.1757    496.2903
      105.7926   1077.8651    654.3107
      558.4901    184.9455    648.2493
     1550.7709   1517.7283    827.9967
     1273.9448    810.4718   1560.7242
      715.6843    178.9111    755.6749
      899.4929   2102.7791   2114.3806
     1304.7587    487.7745   1364.3297
     1962.3068    110.5967    369.0084
     1503.1719   2110.3376   2226.7822
      310.8122   1381.1758   1402.4897
      302.6190    353.7386    382.1853
      511.8792    352.0087    766.5315
      469.5080   1890.1091    756.8243
     2106.4705    163.6524   1365.3031
     1719.7450    171.3298   1578.3976
     1101.0457    114.5532   1094.8586
     1190.1039   1327.3723    719.6580
      112.2180    684.5075   1594.5967
      879.2643   1254.4242   2258.8689
      696.7265    892.6990    978.3177
      934.5897   1463.3801    405.6558
      457.9407   1350.5482   1551.4612
     1550.0214    868.3278    197.5092
      621.3930   2254.8669   1653.8124
     1631.2562    756.8636   1416.2982
     1720.2314   1498.3285    692.0867
     1206.1339     39.6878     18.6900
     1329.7272   1927.9760    517.6157
     1713.7628    586.5850   1462.1182
     2249.1208   2150.4199    434.7734
     2174.0247    578.3065    979.5168
       77.9202    343.5638   1741.4609
       13.3501    560.0281    795.2844
     2228.2412    738.0758    384.8261
      739.5142   1373.5096   1132.8290
     1266.6355   1349.1882    435.6015
     1450.7791   1467.0585    420.8990
      828.6119    292.5969    580.2731
     1144.3837    670.0604   1409.3350
      982.0859   1433.4635    772.0738
     1928.5461   1946.1208   1867.7804
     1370.8275   1033.8928   1201.3921
      242.6237   1415.2709   1926.4814
     1730.1273    424.2881   1349.0238
      214.6068    195.9241   1889.1466
      658.6470   1890.4216    105.0087
      365.8188    131.1669   1006.6523
      898.0297    430.1385   2082.7710
     1471.6138   1690.9642    739.6547
     2117.8044   1499.5055    850.0257
      671.2481   1044.1696   1112.3469
      751.2274   1955.5084    729.3109
     1443.0016    887.7819    347.9738
     1712.7250   1363.4662   1487.8136
      607.1406   2219.2256   1441.1039
      392.5397    760.1949     70.8700
     1339.1235   1681.8986   1360.0919
      688.2234   1687.8279   1456.8115
     1091.6348    558.6690    150.8926
       62.6525   1285.9967   1917.6472
     2096.0361     88.1830   1588.7817
      345.5720   1649.2202   1000.6053
     1119.4072   1636.7075   2008.4696
     1776.4280    318.8195     18.2694
      778.0672   1987.7014    520.5756
     1496.2913    286.2099    375.0892
      108.3567   1227.0323   1683.4460
       95.1488     57.1510    535.3198
      123.6508   1793.8000   2049.7339
     1954.7831   1341.3605   2242.0396
     1936.3730    914.9814   1183.9237
      661.2402   1429.7180    909.4089
     1665.9117    790.8582   2254.5913
     1809.3926   2252.6233   1483.2759
      192.5384   1556.6156    871.0437
     1351.9249    367.5355   1802.5830
     1866.8158   1902.6779    668.8526
      232.3939    766.4422   1741.2372
      178.7021   1054.6678   1035.8809
     1500.7815   1436.3995   1817.9053
     1455.9569    112.7115   1275.0397
      168.5211   1831.3683   1214.8477
     2129.0928    568.1002   2074.5076
      114.8541    478.0203    557.3023
        3.7617   1872.9049   1300.2512
     1426.0734    468.2315    448.2013
     1796.9235   1927.0217   1696.8340
     1095.4464   2165.9641   1658.2405
     2150.1399    898.4853   1479.5902
     1902.3969   1980.5267   1237.8184
      530.1371   1140.0082    661.1937
      170.6345    270.6476    520.2070
      966.0303    879.1755   1280.6996
     1942.5638    175.1096   1737.0645
     1588.0989   2032.2588   1335.6501
       38.3628    686.3002   1116.0950
     2204.9922    180.3852   2089.7290
     1325.7418    997.7592    991.1186
     1934.5042   1079.0227   1728.5154
      735.2054   2036.6932    927.9161
      175.0020   1040.1562   1666.0724
       21.2448    194.7711    858.6592
     1984.5302   1653.5757    939.8605
      184.0669   2094.9883   2210.2358
     1072.0070   1799.2313     75.1582
      318.9022    289.4534   1150.4968
      164.3181    159.5793   1674.3519
      301.3400   1462.3483   1057.3422
      623.7066    294.6180   1353.5787
     1284.7544    182.4149   1154.5104
      614.6125    762.8204    406.9839
      578.2030   1639.5123    517.7820
      455.1390   1311.8812    977.7789
      775.1805   1622.2944    431.6917
     2121.8303   1746.9479   1369.3362
      937.2797    769.9044    619.3099
       19.3913    217.6866    392.8590
      537.2106    933.7299     88.1534
     1867.2325   1578.1897   1711.5775
     1115.4596    699.1559   1617.3478
     1191.2773   1770.3833   1556.2825
      413.3589    308.7591   1334.1143
     2114.6868    285.4762      4.5178
      369.8463   2210.6001   1310.0179
      620.8046   1766.6492   2210.0825
       30.4503   1619.7584   1754.3855
      913.7537   2010.4589    867.6980
      794.0065   2034.4270   1865.4757
     2115.2988   2079.1025   2120.6194
      614.6380    834.1674   1770.3328
      414.7524    528.0250    688.1633
      280.1730   1718.0616   1395.8977
      360.4302   2256.0947    315.1674
     2096.5693    617.6703   1866.0225
     1880.5381    682.8378   1392.9788
     2048.1545    539.6691    796.8456
     1895.1139   1150.7993     47.5063
      427.0192   2132.8608    464.9685
     1467.7562     84.3448    363.6330
      608.5302   1291.8160    337.4554
     1659.3121    743.1470    375.5772
     1822.2216    362.8105    553.7482
     1788.6505    829.7027   1507.6238
     1320.4038    836.8666    190.4810
      347.5645   1154.7255   1132.3088
     2053.4236    474.8928    169.4463
      916.3636    452.6057   1205.0035
      178.5771   1262.9796   1286.6082
      287.8395   1893.3228   1864.9993
     1204.6437   1540.2551   1004.8726
      322.7745   2073.9622   1612.0848
      436.4025   1713.9126   2215.8113
      860.1268    941.3999   1461.2289
     2262.4155    227.9474   1532.3434
      815.5321   2031.9156    121.5426
     2073.1824   1382.8080   1420.0088
      917.8284    643.9243   1052.9645
      604.6089    601.8419    669.8936
      369.8021   1089.4916   1928.6890
      283.1786   1846.7899    379.1793
     1192.3428   2198.7048    974.6350
      480.4656   1903.1353   2122.1846
      186.7998   1051.2168   1256.9458
      773.9354   1102.7374    484.0658
      569.3955   1226.6644   1861.9174
     1349.0898   1370.5134   2171.4426
     1130.7023    465.9906    851.2761
     2180.3494   1130.9385   1977.0826
      919.1674    726.2457   1471.0631
     1360.6598    499.2061   1958.9591
       20.9278    899.9085   1679.8745
       81.7487   2210.3384   1188.1163
      243.7353   1665.2823    300.9535
      159.5657   1109.9694   1938.9126
     1033.2367   1857.0087   1376.6151
      956.0250   1082.1334    812.0839
     1930.6482   1260.8722   1398.6488
     1422.0901   1814.3452   1035.3944
      505.5934    582.4430   1461.6211
     2063.0017    710.2778   1444.9780
     2165.2271   1769.9894   2101.7048
     1486.8777   1090.5588    260.9178
      846.6605   1565.7765   1471.6245
     2093.2971   2031.9722   1327.0491
     1387.5096    690.3295   1037.3334
     1935.4648    803.1812    584.3896
      524.0941   1318.9764   1350.6508
     1883.5201    412.7769    157.1623
      415.7306    494.8692   1637.1602
      390.9307   1898.5902   1501.8477
      595.7967    261.2559    159.0721
      712.1951   1435.5049   1369.8278
      219.3357    521.9748   1681.0928
      484.6796    839.0567    982.9688
      854.1623   1249.3119    341.7398
     1716.1136    680.7953   2084.9839
     2141.6897   1527.2367   2142.7483
      749.0334    694.9462    898.1957
      912.9129     15.0430   2015.0962
      466.9621   1800.9714   1697.0852
     1800.3979    140.9761   2130.4568
      585.6469    629.0082   1850.5510
      120.4101    653.7979    946.5269
     2108.2075   1238.5447   1237.1316
     2253.7305    346.0215   1365.4757
     1791.9369   1748.5796   1575.8566
      344.1021   1127.7261   2128.7341
      321.8649    465.1779   1459.0149
      586.7408   1905.3921   1587.3346
     1559.3634    104.6866   1959.9458
     2205.6501   2255.4148    128.7360
      965.7336   1639.2616    301.7028
      650.5692   1042.4198   1715.7540
       37.7417    913.9111   1127.1067
      177.1166    764.8483   2010.9341
     1772.4429   2256.7302   1112.0514
      264.4899    637.7915   2201.4614
     1652.6854    965.8387    364.4525
     1558.8491   1078.8784   1685.8602
      487.5310   1743.1038   1328.9004
      938.3053    996.5222   1115.5709
     1931.9502   2080.3203   1445.1375
     1641.3945    253.9208   2081.2366
     1709.6908   1874.7540    321.1579
     1291.7681   1520.0077    538.0287
      528.8307    989.6090   1857.8793
     1216.8470    217.1311    594.6657
     1254.9420     32.9949   1714.3765
      776.7762    810.4155   1339.1316
      370.6139     76.9606   2114.2515
     1240.9028   1014.4365   1570.9740
      605.5031    418.3157   1912.3484
     1988.1827   1971.6367   1600.8663
     1527.1559   2240.6255    554.9412
     2060.7134    542.6086   1657.1094
     1161.1760   1677.2206    454.6372
      686.1442    177.7982   1941.2225
      587.7339   1101.1169   1331.1934
      666.1652    311.7806    941.5879
      764.0707   1369.9937    725.3414
     2241.9412    384.3523    172.9010
      377.5974    166.0941    711.3168
     1959.7489   1316.1298    703.6710
      702.8136    306.2782   1556.6569
     2081.4409    769.8451   2167.5151
     1094.3488    515.5597    343.5757
     2262.3831      0.7766   2150.3970
      230.0794   1964.6471   2036.3928
     1333.8267   2154.5024   1307.8269
      104.4434    863.6554    286.9680
      687.3955    838.8431   1574.7998
     1005.7693    730.1826    265.8598
      449.7762    664.3695   1106.8384
     1227.3113   1949.6801      2.6656
     1086.2262   2229.5215    176.9829
     1807.8224    541.6148    305.0557
      294.0356   1438.4196    442.9517
      815.2430    924.9006    746.5530
      161.6857    908.0971   1863.8774
      958.1123   1956.9202   2232.7385
     1237.7803   1125.0902    862.5829
     1699.9670    473.4095   2104.1931
     1373.6492   1616.6149   1546.8185
     1819.5538    956.2066     47.5948
     1755.3153   1000.2239   1154.8887
      153.3813   2031.2241    357.7232
      214.5468    376.7701    176.0371
      525.5553     61.3434    472.6207
     1334.0756    963.0683    537.1367
      186.7643   2041.8496   1253.7789
     1457.6776   1600.8905   1014.9884
     1529.5400    819.5247    525.7504
      802.0634    295.1515   1114.6887
      618.2314   2260.4258    783.4486
     2098.2507   1895.0891   1218.0120
      675.5836   1520.6169   1574.7520
     1583.4940    557.2065    345.3690
      723.9681   1904.9771    298.6060
     1787.8563    576.6127   1940.5690
      173.2011   1897.9116   1436.7496
      767.8634    997.2026   1291.9653
     1016.1941    335.1600   1389.8593
      207.1480   2149.2439    890.1111
     2165.8989   1823.4471   1750.2006
     1006.9493   2011.9965    168.6631
     2109.8101   1355.5565   1021.1439
     1487.2662   2142.5923   1184.2139
     1022.3731   1472.1125   1596.2651
      451.7417    806.0739   1278.4183
      416.8701    486.6625    886.0197
     1500.4906   1876.4207    625.1242
      399.5573   2198.4626   1760.6233
      905.4113   2198.6990   1792.8464
     1499.5056    305.4424   1946.1090
     1641.9016    388.4980   1559.9413
     1064.8900   2196.5054    577.1751
      560.8564   1417.6989    713.9889
       16.8161   1105.8396   1142.8684
     1230.4314   1561.7203   2164.9907
     1266.2438   2224.3088   1528.3365
     1961.2194   1789.5482   1746.8286
     1434.2651   2064.4324   1584.8835
     1077.4767   1224.0635     85.9443
     1271.1775    667.6224     60.4315
     1141.8163   1026.5895    449.9916
      493.6324    498.1766   1257.0415
     1624.1711    270.6222    190.0657
      853.0022   1728.7457   1323.5963
     1559.8425   1369.5726   1360.4285
     1494.0717    619.7928    867.2316
      217.7127   1032.8783   1443.1715
      504.6006   1678.7565    881.1233
      721.4381   1362.5923   1861.1758
      174.2250   1980.8705     97.8661
     1764.6956   1739.0933   1771.9165
     1642.1233   1783.9164   1925.4243
     2246.8772   1528.5801    261.9860
      290.8487   1902.6232   2213.6392
     1728.7312   1375.4520    871.3010
      371.7530   1341.9927   1198.5411
      614.9101    131.2836   1050.3625
      961.5198   1239.0500    673.2762
        7.2446   1997.8920   1693.5892
     1400.5824    993.4024    101.9354
     1161.9531    822.2101   1245.6445
      637.7276    255.8664    478.8281
       78.7315   1923.9713   1866.7917
     1473.3247    854.4427   1863.8066
      903.8705   2027.7666    342.1889
     2156.8538   1240.6801   1772.7148
     1849.5037   1028.8568    613.3233
     1005.4630     84.9514   1678.8385
     1282.3352    675.8965   1232.7084
     2197.1018   1684.9327   1576.3372
     2213.9993    339.2003    549.4605
     1286.4828   1371.1205   1858.0825
     2113.5239   1572.3737   1934.1564
     1667.5167    155.8277    348.1458
     2149.2168   1472.4062   1604.1008
      978.4831   2254.4834   1478.1840
      588.4353   1695.6941    138.7170
     2006.2218    515.2661   1093.6075
     2258.5188    382.1480    921.8513
     1845.1318   2115.2007    166.2705
       47.9026    522.1879   1274.6394
      459.4731    417.0598   2058.5227
     1823.5042   1090.8058   2109.8718
      917.9106   2027.4523   1083.1128
     1870.6526    491.2995   1785.8085
      186.6279   1552.8777    129.2523
     2165.6382   1609.4559    432.5273
      597.5693    649.3927     64.5420
      196.4654    612.4216   1865.7577
     1362.5034   2095.4404    637.5198
     1976.1720    430.5046   2204.2747
     1718.1627    923.8804   2113.9705
     1940.3923   1493.7498   2099.7632
      896.2647    870.3462    947.8553
     1135.6014   1493.8982    366.7488
     1599.3938   2200.9805    324.7615
      495.3933   1502.6716    964.2732
     1826.2150   1497.1786    293.8463
     1046.7150    712.1377   1985.7573
     1889.6927   1959.9583    284.8624
      308.0135   1731.6566    801.8707
     2231.2627    413.7241   1601.2303
     1950.5898    657.2272    969.0634
     1851.1355   1290.1813   1731.0270
      872.3209   1274.0295   1961.1884
      192.8426   2258.5640   1807.8936
     1389.1266   1852.2935   1548.6218
     2128.8228    621.3795   1238.3956
     1000.3100    323.6831   2254.1846
      316.3069   1708.8093   1613.2272
     2002.3276   1420.2385   1747.9946
      527.5114   2010.3595    223.9578
       36.6566    940.8799   1335.8608
     1995.4253    515.0645    406.1516
     2252.2534   1534.5178     58.0742
     1579.3741    977.2977   2262.5857
     1631.5979   1161.4432    934.0447
     1318.8578    540.4900   2161.6274
     1394.3556   2164.6953    911.5865
      396.0214   1259.2826    377.6028
     1595.6847    379.0349    544.5643
     1825.4784   1191.9006    861.2834
     1767.2245    559.4181    487.9597
      118.2303   1873.8284    258.0356
     1897.2469   2076.0510   2137.0547
      936.1058   1297.4027   1048.5435
      801.2258    840.4687   2251.9045
     2176.0908   2255.6421    884.3278
      127.2365   1625.9987   1061.0560
     1688.9823    368.9659    365.7009
      783.4011    492.1928   1013.8942
       57.6507   1613.6785   2143.2456
     2256.8569   1298.2213      5.9511
     1412.2513     55.5181      6.5730
     1981.8427   1376.8986   1206.0010
     2258.8196   2221.5068   1661.3519
     1542.0232   1617.4727    545.6229
      204.1209   2254.5310   2072.0300
     1226.8955   1862.0929   1398.4680
      382.5981   1283.6945   1948.3009
     1265.2115   1740.4738     23.2540
      922.6825   2053.4536   1680.4305
     1524.0156   1452.0564    638.5229
     1846.7782    340.5735   1514.2393
     1736.9399    460.8260    684.7814
      922.2885    625.9061    443.8922
     1653.6213   1920.1444    766.5024
      140.5719     25.0021     51.5501
     1837.6251    542.6992      7.6179
     1684.9594    140.6179    934.7751
       42.0603   1510.2180   1942.0485
     1123.8378   2004.8092   2095.3677
     2154.5085   1731.9700    909.2524
      596.4724   1239.0083    822.4669
     1946.2698    709.9438   1189.6578
      297.5676   2081.9417   1411.0123
      463.6051   1823.5527    261.2628
     1856.7390   2074.5366    546.6653
     1816.5631   2121.3049   1833.6854
     1674.6895   1725.7772   1213.2104
     1878.2592   1450.2245    549.3970
      374.7716   1802.2150   1166.0021
      450.4684    564.8254   2221.8171
      430.7199   1621.6816    358.3815
     1169.4487   2020.8827   1298.1683
     1917.4755    161.8413   1529.0143
     1471.8474    776.4865   1552.0999
      745.8875    544.3876   1995.4158
     1579.7103    165.2496      4.1363
      264.8108    908.5169    143.6891
      531.6132    299.2849   1163.5837
     1495.8262   2055.9570    781.3851
      464.7567   1009.5781   1191.9271
      519.5778   1166.7498   1515.8101
     1995.4923   2241.1389    776.8547
     1927.2736   1760.5692   2254.2681
      417.2962    992.2913   1405.3225
      723.3681    717.1546   2112.1846
      857.1049   1844.9551   1491.1637
      440.6898    202.0752     12.8074
      444.6825    314.5807    975.7095
     1791.8717    567.5168   1074.1980
     1785.8911   1649.6814   2102.3147
     1296.3097   1138.7367   1375.6401
     1447.4012   1394.0890     88.9044
      775.3021    502.7852   1763.4753
      675.7472    402.2372    653.5263
     2061.5764    386.5137    940.1069
      208.6483    109.9407   1136.8066
      817.8286   1929.5718   1272.0892
     2143.1829   2113.6226   1533.5402
      154.3561   1446.5659   1198.1626
     1649.2469    580.5592      5.6372
       70.8879   1443.1825   1005.8142
     2136.1880    871.4490    519.2259
     1603.6431    934.3344   1565.4083
      195.4654    321.1591   1346.7809
      944.1635    536.5753    876.6462
     1299.0396    219.4863   1933.6162
     1386.4248    662.4877   1401.9196
      656.5802    976.0101    609.7831
     1722.6329    720.9768    912.2451
      847.0546   1785.9620    805.0388
     1785.7546    362.0139   1172.1240
     1736.6326    295.2526    827.0781
     1998.5381   2117.1306   1944.9078
      370.4657   2111.6936   2130.6653
      717.9421    523.9833   1563.8448
       15.0683   1052.9969    939.7057
     1336.2644   1036.9380   1931.8044
     2200.6484   1413.9364    437.5004
       63.0083   1364.9489    189.8323
     1064.0435   1296.4639    333.1650
      932.5886   2054.1331    681.4203
     1795.9863     40.4644   1708.0360
     1543.0359    592.9171   1559.9586
      122.0792   1360.9401    483.7538
     1736.3165   1564.6089   1525.0443
      254.2590   1208.4327   1797.0155
     1377.2335   2254.4011   1093.2683
     1398.2679   2160.4897    371.4193
     2001.4547   1773.6449    581.7716
     1965.7509   1566.8308    421.1015
      291.4750    318.7546   1743.0240
     1775.3789   1867.0264   2153.8896
     2083.8909    156.8792    777.3281
     2109.6682   1370.6782   1964.3231
      864.5494    997.2477    333.8033
      359.6258    115.9390   1690.7542
      302.1694    384.7906    633.8527
      814.4171   1501.0707    230.2973
     2103.7410   2213.7339    315.7270
      878.4385   1361.4327   1467.1991
     1055.6484   2033.2681   1500.6871
     1000.6199   1610.2001   1307.6449
      162.1701    705.1520    430.5294
     1080.0687    868.8998   1470.4156
     1651.9999   2205.0393    104.1090
      436.2982    880.9139    258.9005
      728.8452     42.8474   2092.1768
     2216.4490    164.1288    640.1773
      950.8519   1604.0740   2122.9651
     1668.5862   2078.7764   1131.3827
     1749.8596   1906.1422   1090.5812
     1509.2335   1040.3481    468.0927
      356.0179    609.2711   1991.2146
       17.3792    848.9346    937.2866
      411.4615   1649.8036    148.6959
     1227.2863   1662.2191    673.5854
      605.2134   2121.2922   1813.6035
      533.0415   1660.8824   1829.0607
     1057.6849   1076.1249    275.5919
     1323.1528   1137.3645    657.6596
     1730.5923    720.9180   1654.7994
     1521.6382   1132.0664   1312.5858
      844.1779   1677.9546   1650.5287
     1121.4530   1738.3497   1050.5608
        2.5935   1683.4644    609.8499
     1126.7087   2053.1953    302.5599
      293.9270    741.3578    607.2441
      888.2843   1510.4374    608.9648
     1860.6102   2096.9880   1035.6912
     1320.1814   1552.0649     89.3778
      115.9984   1771.9485    899.4736
      551.9615   1284.7806      0.5183
      139.6290    194.4126   2092.0623
      704.1952   1385.8785   2213.7703
      252.9812    478.3217   1246.5320
      757.6259   1209.6991   1702.7067
      339.9241   2081.9646    696.6970
      633.6486    145.1255    325.0788
     1761.1763   2229.4844   1999.7400
     1819.7819   1877.1295    879.0363
     2260.3650     25.1462   1474.2898
     2028.4675   1897.4161    817.4244
      505.7009    587.3248    461.9674
      510.0791    114.1553   1380.1108
     2194.7668    798.9534    182.9671
     1552.3199   1350.5088   2185.9199
      106.9455    872.1577   1516.2401
     1113.5546   1073.4873    695.8990
      271.1591   2193.1458   1132.0304
     2000.8553   1579.9608   1519.3495
     2071.5396   2042.2538   1754.8053
     1583.1349    900.1582   1186.0518
       43.7627    961.0496    128.2139
     2065.3408    314.5410   1488.2429
     1549.9290    247.3867    701.1168
      182.4296   1034.4055   2237.2822
      626.4855   2260.6472   1239.7777
     1682.7209   1052.2163    180.4846
      398.2636    774.4075   2084.8953
      137.7322    530.3780     48.1951
      153.2202   2106.9045    582.1600
      744.3462    664.4891    521.4860
     1382.0371   2028.7871   2045.5830
      300.7367   2115.5950   1928.0779
     1238.8291    667.0955   1985.0854
       46.8619    676.1756    602.6209
     1388.1272   1270.4463    835.0986
     1254.7284   1192.0676   1120.6959
     1406.0502   1286.3539   1256.0892
     1845.0933    182.1796   1071.1782
     1256.9368   1160.3773   1775.4384
      348.4766   1097.6821    521.8719
     1437.0171    682.7587    229.8419
     1847.5653   2247.1865      7.2997
      870.0805    300.8781   1723.1119
       14.6500    521.3262   1921.9344
       28.3136   2068.8469   1368.6418
      645.5878   1717.5647   1653.8658
     2081.9780   1215.9684     81.5170
      913.3658   1049.0969   2025.0393
      375.1708    634.8647   1328.3400
      771.5376   1708.9771    220.5886
      432.4208   1982.6595   1755.3860
      690.4352   1052.7939   1516.9246
     1475.9120   1691.2522   1200.8267
     1593.6049   1292.4889   1165.9553
      443.6718    257.9470   1896.9858
      600.0320    861.4066    787.4257
     2239.0759    744.2229   2022.0209
     1664.7233    642.7919    743.5034
     1028.6937   1066.4303   1502.2434
      338.8905   1288.9489      0.6264
      915.5601   1864.1670    604.0773
     1468.2755    110.8522    920.2800
     1843.8119   1652.2255    560.1860
      390.5244    632.4019   1788.1635
     1808.3018   1701.7224    359.4324
      617.4186   1526.4340   1998.7640
     1986.0817    364.1377   1667.3831
     2175.2957    532.6696   1456.1063
     1216.6887   2254.0374    744.2188
      750.0998   1741.1404   1854.0747
      540.5674   1965.5972    425.3210
       79.6878    870.3057    523.8058
      550.1266   1549.0215   2206.2192
     1523.9043    964.0530    977.2924
     1789.2181   1353.0238   1238.8318
     1106.0563   1507.3478   1836.5726
      504.9642   2106.5042   1594.6567
     1434.4836   1218.2775   1027.4196
     1960.7914    872.0485   1387.6978
      419.4711    239.2369    506.6455
     1859.1372   1047.8857   1352.4183
     1134.9232   1826.0035    583.6014
     1165.8033    989.4822   1130.9546
     1404.7671   1482.6666   1234.1836
      733.8893    131.2144   1442.3580
      910.5301    209.1505    751.0794
     1927.3690   2259.1626   2099.1196
     1943.0786   1401.5066    894.7052
     2136.5647   1324.9923    240.6711
     1272.6476   1915.1722   1913.3226
      330.6862    546.3293    327.0526
     1672.6372   1384.4091   1891.2910
      868.4550    204.6361   2078.8811
      443.2735    188.6834    310.5668
     1049.3025   1970.8538    487.6223
     1905.3101   1972.2017     51.7489
      491.3840   2224.1667    641.9307
     1426.3468   1945.2056    107.9516
      479.5731    280.5384   1700.1956
     1078.1240    309.7339   2093.5718
      241.9841   1889.7637   1642.6818
      851.0755   1312.1437    535.3936
     1782.1777   1944.5564   1499.0895
      893.0800   1460.4479     39.5855
      916.8660   1872.2192   1811.1445
      100.3634   2021.8219    744.3276
      325.7536   1551.7274   1501.7584
      194.1685   1621.3702    678.3602
     1581.6317    585.1344    555.6016
      923.2501    180.0107   1517.4299
     1463.7341   1704.8057     43.2033
     1181.2512   1575.5039   1664.0917
      271.6398   1546.1960   1742.2555
      886.4799    548.6124   1415.2734
     2254.6604   2077.9961   2257.4534
      836.1996   1080.3228    953.8274
     1812.1946   1183.1726   1910.9515
      161.7173   1408.5957   2259.5566
      405.4158   1519.7804    589.4968
     1615.6952    170.9982    520.6974
      566.5258   2208.0139    314.3656
     1069.1320    149.2984   1975.1755
     1298.4218    593.9446   1578.7335
     1675.0205   1064.8379    758.6055
      431.4732   1858.8544    947.6507
     1389.4984    343.3574   1228.0485
     1625.6866     59.7168    736.8709
      362.2659   2053.8337    914.7409
     1109.2915    889.9622   2042.1012
     1963.1838    185.9932    633.8592
     2182.4133   1922.1769   1492.8741
     1664.8801   1973.2660   1854.4811
      577.8582   1723.6555   2011.4189
     1529.6729   1913.6385   1173.8406
      725.0045   1691.9575    927.8110
     1360.4115   1516.6776   1987.7117
     1819.3414   1104.6949    384.4801
     1922.5076   1270.0354   1040.3323
      123.1528   1053.9984    458.1158
     1358.6123   1324.2645    623.3839
      883.2294   1683.0612   1077.9960
      827.0500   1170.9479   1148.1089
      920.7396    624.1254   2124.1985
      605.7274    899.4369   1393.5951
     1139.5944    684.7645   2174.0847
     2189.1162    707.2239   1618.3192
     1303.1609    851.4886   1987.0359
     2158.3560    154.9281    229.4170
      100.1519    343.1446   2253.9043
     1219.4662   2075.7068    482.1446
     1895.4061   1232.9445    534.2667
      780.1826    332.4442   2257.7920
      199.6956   1271.5488   1050.8458
     1296.1592   1009.5558    294.1373
      666.5568   1916.1105   2004.9301
      605.1993   2131.4998    105.8380
      592.6646    803.9116   1970.3754
     1360.5275   2257.9185   1913.9929
       19.0563   1611.4795    812.9894
     1152.5212    130.0940   1543.3354
      430.4574    717.1527    758.6854
      919.1564   1001.4673    592.7222
        8.6787   2130.7205   1837.0054
     2161.4150   1731.0444    241.7844
     1085.3470   1252.3925   1893.3539
     1903.9740   1420.2080   1573.6432
      218.2901    164.8572    347.9538
     1880.7997   1469.4485   1378.4902
     2079.4038     54.2782   2228.6614
      236.4201   1229.8754    594.8342
      788.6619   2213.3267   1132.9742
     1133.6608    600.4191   1136.2496
      136.2419    725.8832    123.7176
     2168.4185   2229.0042   1302.3918
     1057.3270   1420.1364    966.4449
     2227.9492    542.3212    405.6848
      472.3090   1260.8861    177.0370
      818.4519    773.0851    304.5263
      653.4257    188.2879   2226.5029
        1.2512   2034.5724   1155.6990
      131.9474    560.4011    271.3028
      893.1595    140.8055   1840.6029
     1328.1084    293.9423    997.2182
      544.3268    612.4889   2054.3340
     1266.7766    806.2670    427.9634
     2055.3076   2089.5779   1098.3009
     1409.5514     95.9655   1567.3490
     1148.7903    809.1680   1826.6970
     1462.8945    447.7244    995.1369
     1782.9883     19.8063    270.0091
      777.7969   1888.5032   1675.9996
     1252.7172   2114.4966    149.3225
     1758.7977   1250.0518    179.7846
      178.3955    810.8386   2207.4814
     2044.0054   2007.6862    437.4177
     1890.1411   1404.5367   1910.3708
     1897.2041    991.7872    241.3770
     1461.5129   2065.0334   1857.9885
     1553.8281    298.3329   1318.8258
      856.3538   1804.8805    400.2411
     1947.4733   1878.4778   1034.3501
      608.9481   1740.4193    337.2613
      227.8703   1835.6389   1023.9296
      698.1705   1225.9026    996.4394
     1154.0601   2026.1490    662.3408
      549.6591      7.0833   2208.7610
     1254.4242    582.7675    517.4571
      734.6916   1963.3099   2181.0598
     2117.3958   1407.4072     60.9667
      735.8276   1126.1888   1897.6658
      910.9301   1343.4698   1255.6399
     1924.3691   1163.7323   1206.1334
      850.0271   1272.3809    871.7446
     1482.1903    232.6886   1097.2386
     1221.3392    403.6585   1139.4915
        6.5999    121.1698   1756.7415
      633.7920   1867.3427    880.2397
     1071.8275   1181.7660   1216.2491
     1619.6157   1146.1187   1506.5046
     2194.9597    430.7856   1122.8978
     1529.3427    451.7155    743.9551
     1684.7480   2109.6414   1485.6459
      549.9468   2067.5889    836.2073
      445.5769   1312.5598    576.3550
      592.1557   1352.1620   1689.2318
     1069.0413   1368.5112    556.2437
     1474.0220    724.7764    699.3492
      243.2856   1929.6344    821.7934
     1041.6252     92.7262    888.6217
     2123.3899    414.5221   1835.2799
     1514.8875   1027.4247   1916.7489
     1726.4822    231.8916   1390.8511
      261.6153      3.6222    682.7302
     1175.9673    779.4572    793.2534
      170.8002   2016.5842   1040.0209
     1000.9390   1683.1687   1515.3147
     1218.7820   1312.9774   1333.9631
     2090.1272    182.8747    983.7246
     1015.4101    470.9181   1725.4138
     2022.8794    855.6909    342.6642
      482.1465    938.1055    469.4626
      199.1039    407.6343   1895.4713
     1962.3636   1503.3651   1071.5488
     1583.1951   1946.0271   2051.6580
     1513.8472   1641.7427   1887.1093
     1729.1146   1568.6923   1906.4987
      119.8035   1820.1671    686.6225
     1409.7782     14.2820    744.9454
     1196.5464   1258.9546   2200.4038
     1362.4666   1430.0925    918.4783
     1412.3973    135.1572    574.1204
      453.2560   1148.0092   1725.7654
     1908.6494   1770.6042   1225.1819
      918.0981    171.3539   1305.5695
      920.2189    725.2418    809.9925
      346.5823   1091.4473     91.8509
      554.2562   2009.0907    618.1681
       74.0869   2116.2498   2023.6843
     1767.9716   1277.9293    689.9637
      876.0171   1045.4000   2231.5930
     1433.6874   1021.1182   1472.2396
      390.8788   2065.6765     80.1895
      777.5549    131.1151   1665.8544
      309.8487    318.6051    814.2122
      815.3978   1775.3647   2249.6497
     1051.4170   1493.6604    183.2465
     1170.1698   1665.4933    215.5294
     1271.9315   1647.8728   1871.7845
     1868.4767    749.9140   2258.3254
     1762.9154    165.1560   1899.7090
     1275.7631   2082.9202   1766.1245
     1255.5330    109.8551    948.4381
     1676.3359   2007.1644    140.0455
     1359.3652    735.2674   2121.4927
     2034.2957    641.6962    269.0981
     2215.9167    978.6307    358.5203
     1371.1499   1333.5363   1657.3738
     1612.0092   1088.1094   2071.5720
      933.4415   1352.0807   1801.5498
       13.9633   1146.5613   1329.2378
     1303.2006   1462.8303    261.5956
      512.0811   2034.4554   1405.6926
      348.9714   1171.5060   1347.9104
     2109.1890   2252.1687   1803.4155
     1670.6061    739.9741   1878.1162
      478.1464    669.5946    250.5960
      171.6808   1056.8018    254.4024
     2075.6438   1705.7281   1144.1135
     1623.3906   1192.5314   1862.6191
     1103.5381   1593.3286     31.1387
        9.9529    546.1368   1726.2383
     1117.0212   2117.2539      0.5644
     1288.0867   1862.8912    728.7222
      725.5065     67.8563    588.2282
      847.1551    120.9098   2262.1396
     1826.1537    228.0707    232.8087
     1820.8308    529.7162   1600.0702
     1179.6976    407.9124   1887.6781
      527.3953    154.3476    871.3366
     1640.1669   2261.9761   2162.5256
      904.8177   1541.2246   1784.6355
     1298.9744   1668.9301   1128.8237
     1673.1417    495.1262    899.5607
     1691.7980   1713.1444      2.1661
     1608.1677   1800.5150    995.3625
      406.1485    340.0156    163.4302
     2083.9231    805.7331   1749.3441
     1131.2468    813.1172     95.9196
     1036.0505   1821.9819    310.2022
     1006.9091    855.2897   2203.5420
      400.1136   1303.8689    760.3713
      308.7714    890.6677   1180.2118
     1440.7173   2250.6687   2074.9834
     2031.0300   1585.9882     20.5399
      462.3620   1812.3806    503.8398
      899.4503    401.5307    367.3745
      166.7096   1762.2755   1769.1832
      280.8045    737.4459    261.1746
     1546.2069   1095.8562   1121.6154
     2137.5088    256.7745   1708.1478
     1181.4684    599.2076   1810.2976
     2138.7366    741.4012    861.7963
     1108.4203    120.5436    460.8145
     1919.0820   1055.4667   1011.8401
     1568.1565   1258.0551    147.7714
      956.2830   2217.0950    999.3191
       53.4257    135.0142   1285.2843
     1345.2693     41.1000    203.6108
      884.3330    397.2721   1556.9415
      307.8055    274.9988   2055.5972
      149.0875   1185.6367     73.3886
     1690.0066    469.9879    165.6090
      400.9982   2243.2368    846.6860
      514.6031   1439.8876    442.7346
     1179.6074   1024.3877    132.2334
     1450.5923   1857.8130    835.0848
      492.1713    961.4387   2066.1909
     1042.9794   1436.8269   1377.3566
     1568.4540     34.0373   1076.2218
      196.2425    290.6862    976.2752
     1197.5646    428.8779    666.0834
     1204.4271    679.2066    272.4578
       22.1175   1801.1027   1090.6886
     1184.3242   1502.1339    807.4948
      709.2751   2071.5012   1350.8521
      803.8888   1694.5939    629.6365
      814.4325    221.3315    397.7049
      938.8866   2216.5671     12.6395
     1471.7542   2136.0520    163.0461
     1681.0647    176.3689   1197.8779
      494.2966    387.1725    354.0531
     1554.9689    779.4979    997.2794
      521.7493    215.3712   2084.7185
     1105.9500   1026.2737   1874.9025
     1596.3120   1538.3071   2248.1838
      487.6994   1468.3845   1867.1082
     1816.1488    173.3402    476.3492
      147.0859    760.4305    772.4387
       11.9789    278.2300   1921.2576
     2220.8767   1923.8628    131.2543
     1637.8212   2238.1008   1822.3900
     2192.1304   1430.2885   1782.5581
     2104.0679    768.4034   1060.2729
     2137.0583   1929.9983   1021.3108
      223.1559   2164.9382    188.9888
     1927.5238     37.1728   1885.6213
     1091.1997   1538.1355    606.3685
     1829.8461   1798.7563   1962.9335
     1758.6177    192.6877    669.3868
     2085.3320    935.4929    891.8185
     1928.9545   1615.6702   1903.8572
      463.1619    121.5821   1194.2255
      366.3802   2006.2334   1112.1416
     1780.5745    312.9181   1718.8674
     2084.3542   1499.3893    598.7399
     2076.0820   1791.0763   1923.2900
      504.4694   1103.4630   2246.7244
      389.5105   1348.4098   1753.9160
     1099.2860   2212.6270   2072.7810
     2011.3547   2251.3809   1442.5659
      365.5245    230.4195   1537.7938
     1526.8019    631.9737   2126.4700
     1118.7690   2258.8210   1850.1948
     1866.3416    710.2385    383.0648
     1419.2439    163.2142   1784.3497
      879.7014    864.6772   2056.9585
     1031.7754    803.9591   1082.3394
     2146.9265   1274.0212   2139.0581
     2111.0947    971.6678   1107.7719
     1440.9027   1256.1606   1477.7869
     1977.0726   1064.4844   1506.0471
      746.2040   1585.0887   2141.5513
     1829.5304   2111.8894   1643.7183
      911.2358    607.4526   1618.3612
      776.2068   1159.5082    687.5610
     1745.4268   1452.6826   2094.6023
     1354.5483   1756.8093    203.8816
     1000.5620   1614.3127    896.9741
     1455.4879   1845.8815   1900.9841
      485.0533   1872.8904   1915.7263
     1693.7944    637.5864   1255.3696
      548.7758    389.2243   2254.4609
      478.3740    789.5472   1483.6719
     1202.4509   1893.5760    174.0327
     1986.4415    898.4977   1598.0846
      925.5339   1105.1501   1310.0851
     1388.7559    843.1395    875.9370
      320.2302    557.1758    129.0224
     1569.0895   1730.5498   2102.8359
      678.0385   1833.4658    510.6792
     2099.2373   1028.7054    204.7256
      998.9008    678.4566   1268.7736
      777.7222   1860.5111   1043.5057
     1202.6060    287.2799   1321.5297
     1842.0149    803.4198   1953.6730
     1916.0103   1388.5436    163.9933
     1462.1119    557.0779     75.7392
     2181.7126   1082.1414    559.6039
      485.4776   1693.6346   1514.8263
     2188.2310   1845.0743    707.5308
     2053.7493   1519.7327    235.9873
     2131.8667    830.2109   1261.5265
      522.7770   1124.9781   1013.1317
      700.9666    681.8490   1459.0453
     1127.6873   2186.5845   1374.7627
     2236.3191    874.6857   2232.5083
     1107.0511    492.6478   1291.6814
     1607.1705   1404.0609    326.3472
      356.9743    983.1882   1002.3232
     1374.5537   1502.7732    729.4952
      579.6830    642.8486   1642.2881
      289.5451   1684.7771    509.2328
     1994.8790   1367.6321    379.7801
     1671.8536   1359.1714    540.1131
      293.0881    565.1553    512.0988
     1896.6595    151.0577    859.2739
      913.5829    501.9964     16.2858
      862.5460   2042.8647   1462.5938
     2065.9141    414.0702   1295.4855
     1989.1981    185.2975   2055.3145
      569.9004   1775.0707   1071.7076
     2046.7754    258.6771    468.3883
      113.1125   1570.4646    494.2478
     1419.2080   1576.8784   2177.6123
     2070.8931    993.8002   1829.7620
      216.2035    834.1909   1008.2748
     2008.8456    416.0187    588.3691
     1513.6616   2023.1008   1000.2310
        8.1906   1250.2452    942.9210
       44.3469   2109.8403    200.4835
      206.3028   1624.7993   1948.4059
     1918.6283   1654.5879    183.0406
     1191.1615   1414.0408   2027.5581
      411.5811   1576.9919   2020.4229
      201.3138   2204.5439    403.3774
      477.2213     18.9337    140.2612
      213.7979    485.9116    897.2567
     1915.3271    628.4139   2103.9043
     1972.1326    505.9879   1456.8916
      671.7405    994.4587   2200.8684
      103.2533    328.7358   1165.3407
     1667.0237   2118.6582    679.8260
      457.0977    789.3671   1696.1038
       37.3488    169.3021   1048.5796
      817.8649   2233.5884   1359.8450
     1042.2087    489.0480    538.5244
      998.0368    164.7948    102.2380
     1407.7856    228.0163    142.0196
     2087.6934   1023.9982   1297.9728
     1722.5101   1207.3375   1330.9719
     1859.7571    383.8044    969.9268
     1796.8281   1007.2564   1562.6531
        4.0881   1214.0634    401.2179
     2022.8519   1837.4226    169.1155
      846.0914    484.2513    541.6507
     1128.2129    880.3969    301.8058
       27.6293   1072.2883   1518.9891
     1716.8312   2080.6267   2202.4966
     1100.0831    657.2546    933.2040
      796.9960    681.4731    106.0970
     1171.5691   1593.1783   1437.5493
     1797.2814   1315.8750    359.1139
     1689.6937   1756.6196   1413.8833
     1742.4146   1181.0433   1094.5355
     2257.2007   1916.5525    872.3995
     1436.8673    931.0485   1672.8512
     1024.8921   1684.0541    715.5851
     1632.8009   2243.6777   1304.1403
      568.3084   1248.0175   1164.7089
      953.2724    917.3809    144.2539
     1923.0966   2146.1570    361.1224
     1556.1141   1699.9764   1564.3448
     1576.0400    848.3947    794.2278
      717.3909   2109.2498    293.3435
      383.7530   1456.2443    259.9072
      932.9374    299.2713    935.9500
     1837.7703   2066.7678    780.5158
      520.6350    380.4290   1515.3705
        2.9771   1162.6896    195.9415
     1757.6519    855.3451    216.7197
      783.4351    929.0663   1831.9630
      563.4022    147.5887   1565.5883
     1918.9901    360.9360    766.2809
       87.1798   1810.5417   2249.3450
      745.6209   1211.6606   1327.1422
     1790.3142   1565.1804    885.7217
      697.6245   1550.7063   1770.1511
     1595.6920   1831.6566   1724.1639
     1519.8792    698.8201   1234.7256
      684.9680    597.0578    291.6690
      615.8437   1530.8693    283.1988
      748.0646   1408.0776    396.5576
      390.8680   2251.1980   1511.9891
      669.6141   1296.1549   1509.8331
      216.9870   1270.0364   2094.9814
     1363.7338   1450.0117   1424.6616
     1537.9539    701.6115   1739.8138
     1128.6729   1019.2352   1328.1405
      935.0745   1343.9415    202.5089
     2164.5752   1829.3768    484.9467
      542.4840    770.3677    593.3030
     1826.7096   2261.1484    664.6317
      685.1722    346.2114   2078.8909
     1467.1287    775.4197     28.8011
     1196.7728   1216.6035   1547.3348
      100.1151   2258.6228    994.1912
     1040.9406   1560.6865   1123.6879
     1398.3544    531.2677   1179.2468
      817.7946   1536.5212   1958.0613
      675.1625   1563.4103   1059.8525
     1297.5352    246.5679   1625.2719
      796.5374    131.4026    933.2717
      712.9366   1120.2810    276.7466
       61.6562   1409.4553    805.9587
     1111.6257    118.8350   1342.2324
     1519.6411   1461.0297   1577.3167
     2227.4333    594.1624    195.4038
     1726.9462      2.4226    487.6403
     1923.3469   1012.0686   1956.0720
     1033.7214    289.6699   1178.6453
     1340.8519    417.2237    829.9888
     1569.0074   1377.1580    996.7583
      558.4290   1442.7675   1188.1620
      310.8670   1174.0514    918.6051
      539.5816   1127.5511    425.5730
      543.3971     92.0221   1805.0922
      552.9096   1917.0481   1231.8307
      556.3022    662.2405    891.8050
     1668.5864   1444.0646    143.8751
      971.9494   1832.9528    966.6920
      339.6727   2017.8092    276.7376
      119.1577   1889.5748    502.2221
     1563.6781    823.7048   2049.8311
      344.3162   1695.8849   1849.3433
      973.1114    133.7980    298.3304
     1492.5114    418.5129   2099.1689
      629.8983   1606.9854   1294.2625
     2262.2527   1356.7836   1382.7679
     1607.3353   1785.0319    468.4668
      701.1133    962.7225   2014.3102
      713.2605   2049.4250   1146.8634
     1939.2339    203.5592      8.3159
     1138.9572    469.9844   2242.8970
       11.5592   1946.5708   2119.8616
      169.8933    644.6398   1365.8521
     1298.6118    472.7903    121.7239
     1420.3621    433.9750   1561.9741
      535.8736   1077.5477    216.9688
      916.1074     99.2335    535.7219
      388.9228   1527.8584   1295.6244
     1823.4182   1533.2612     27.1514
     1695.5479   1540.1967    460.9219
     1161.5718   1342.9253   1709.6522
      138.3031    792.4369   1244.0096
     1488.0895   1267.8334    493.5052
     2243.0828    683.1365   2261.4783
     1014.4716    278.4801    554.1809
     1059.2563   1898.4689    770.2356
     2070.9336   1166.2822    374.4774
     1570.0212   1296.4343    785.6042
     1044.6747   1698.0624   1735.3920
       58.9966   1702.1372    155.5706
     1157.5507   1722.3604   1261.8009
     1552.3114   2005.4828    305.2433
      236.4852   1515.3883   2118.1675
       13.1909   1632.5029   1231.7560
     1227.7498    383.4075    465.4694
      995.9877   2089.1133   1946.1770
      855.6658   1041.2910   1664.2150
     1275.9955   2052.8594    818.2556
      153.0537   1251.9355   1470.4167
     1203.4592    367.3832   1489.5107
     1783.7383   2114.2783   1300.6975
      709.7418   1769.4758   1220.8202
     1564.6121   1813.6942    195.0067
      220.8835    575.8187    720.1375
     1837.5190    348.9385   2075.2478
     1870.9880   1682.9330   1388.6238
     1772.6685   2009.4274   2013.7748
     2036.7617    793.0095   1963.3989
      987.9833   1258.9619   1619.1659
     1711.0576    970.0547    945.2288
     1617.3029    190.2639   1770.9640
      894.5239   1921.2217   2005.0328
     2054.0132    687.6492    485.5839
     1888.8542   1007.8628    812.2274
      604.5032    670.5664   1283.0569
     1293.7311    176.3598    393.5631
     1221.0261   1297.2037    960.7021
     2160.2998     86.8172    456.2390
      112.5076    518.6974   1480.0336
      731.5864   2258.0591   1857.9572
     2204.0066   1563.4629   1421.0161
     1755.2369    124.5925     87.2234
      175.3335    152.7141   1469.3622
       73.4003   1721.1155   1407.3302
     1986.2996     38.2629    160.3077
     1212.9697    443.0699   1683.1877
     2038.3922    619.9034     41.3092
      795.6525   1754.5912   2046.7728
     1205.9801   1960.5667   1636.1766
      551.6039   1444.5793    125.8614
        3.9871    896.2097    723.6555
     2013.0476   1768.7321    370.4745
     1160.5355   1197.2780    539.2042
      251.8947   1684.7158   2237.6165
     1066.7655   1405.1726   2203.7532
     1671.4777    540.8459   1731.5436
     1276.0105    344.0589   2083.9631
     2127.7363   1172.6005   1454.0848
      842.3745   1171.9978   1502.6010
      342.6559    473.5062   1079.1661
     1910.1084   1288.5397   2063.0837
      315.8877    663.0552   1561.4816
     1976.3933     18.7830   1001.0502
     1992.5260    818.2051    140.1766
     1015.9655   1875.9287   1620.6123
     1743.6666    779.6908   1103.5170
     1879.9113    531.8542   1265.1921
      922.8345   1124.1368   1827.2250
     1265.6327   1238.3069   2002.2507
     1249.9823    898.5233   2210.0703
      647.6451   2206.5076   1003.1407
     2220.4138   1955.6777    343.7162
      990.6270   2207.9524    363.0568
     1952.5261   2188.5251   1228.5563
     1251.7722     82.6872   2080.6218
     1154.2363   1084.6285   2049.2383
     1594.2452   1508.6710   1167.5187
     2027.2418   2023.9896    645.0941
      495.5819    406.8720    561.1218
     1944.1567    705.7827   1615.0846
     1426.5198    678.5263    432.9540
     1036.6547    459.1799   1031.8458
     1535.7360   1167.3280    640.9848
      165.4106    993.2193    832.6207
     1575.0463    539.8582   1930.7593
      337.2525   2236.5720     15.2060
     1280.9849   2260.5427    548.3857
     1719.5869    376.7070   1913.3352
     1936.1194    306.7351   1890.7975
     2010.4202   1198.8729   1884.7435
      883.3088    554.8445    242.7319
     1841.4557    562.6028    824.9514
      821.3450   2232.2061   1579.3900
     1044.7427   1246.0409   1411.7471
      345.6568   1921.1387   1298.2573
     1445.6729    677.8808   1927.7815
      125.6775    506.2777   1081.0259
      940.2757   1691.8016   1921.6245
     1008.7504    340.2898   1903.2324
      252.8823   1366.4899   1620.0701
     1687.6392   1531.4253   1322.7194
      868.1620   2170.0652    516.3824
     1005.2781   1792.7977   2128.8093
     2099.3513    355.3695   2044.3307
     1502.7865   1821.4990   1375.6217
      972.3394    864.8358    443.2281
      404.1069    748.5768    440.8709
     2168.6084   2091.3154    769.1085
      267.3985    831.0786   1387.2631
      982.2861    396.9178    723.0759
     1310.1492    763.9652    631.1401
      239.2274    209.7275   2251.2678
     1429.9464    203.0547   2122.0500
      392.8433    454.9342   1861.4670
     1322.5525   1383.0682   1106.3671
     1205.7130   1795.2535   2099.8989
     2008.4879   1770.1672   1568.8356
     1295.3164   1087.9615   2210.2896
      323.3397     77.2439    520.0855
      870.5416   1393.9856   2111.2822
      983.0660    678.5631   1785.3699
     1947.2050   1879.0630   1408.4906
     1737.5442   2069.8188    383.0512
      959.5325    902.0637   1859.2075
      453.1839   2216.5376   1050.2247
     1273.5623   1898.5941    945.7926
       16.8932   1301.6443   1150.5310
      306.5192   1856.4657    629.4857
     1469.1251   2189.4180   1455.2848
     1104.4558    516.8433   2049.1238
     2131.6926    949.6953   2067.9492
     1426.4390    954.4594   2123.3083
     2153.9099   2255.2361   1097.3386
     1997.2471    109.0794   1196.4215
     1727.9027   1898.2390   1291.8970
       71.7641    956.0317   2082.1172
     1001.6345   1449.6720   1978.0514
       59.4661   1730.4127    381.9225
     1535.5924   2048.1494    507.3932
     1701.8306   2041.9268    923.7693
     1982.9401   2208.1250   1656.3337
      711.3387   2065.5586   1599.9645
     1278.2939    964.0189    748.2756
     1664.6174   1728.3998    819.6360
      241.5981    936.1759    621.2626
     2170.9094   1571.7285   1035.6074
       47.9670    395.8225   2076.9341
      329.1060    397.9784   2243.3044
     1092.1754   2119.0579   1134.2465
     1233.3223   2127.7542   1962.8287
      498.6228   2068.2776   1979.6469
     2121.5425    712.0842    668.5851
     1060.2313   2159.1689    814.0745
      188.4582   1232.5262    356.2542
     1598.7211   1897.0590   2259.9282
      563.2408    506.8516   1043.8068
      704.8506   2123.9370   2031.8507
      547.2839   1140.8490   2042.0427
       27.3965   1074.4641   1795.9137
     1291.0051    628.2712    796.9455
      715.5024   1572.8854     71.2249
      201.5869   2241.2229   1598.7780
     1469.7787    873.9707   1355.7787
     1410.5293   1983.5280   1379.8236
      471.1580   1539.8335   1656.2258
     1668.7605    990.3184   1377.7560
      898.9276    818.8948   1652.6652
     1078.2471    909.4971   1674.3588
      798.3595    380.3932    819.8613
     1482.9956    953.4202    676.2089
     1744.8024    752.3450    579.4467
     1375.2433   1728.1616   2053.1853
     1583.8990    603.9984   1047.7549
     1383.9335   1138.4799   1625.9175
      337.0647    663.5156    931.1473
       48.3688   1830.9246   1601.1628
      188.6788    335.9138   1563.0563
      550.4390      6.4139   2004.3706
     1650.5333    893.9534   1740.4204
     1143.4622    259.1959    785.2484
      361.2446     66.9102   1913.4996
     1673.5011    951.7131    572.4145
     1397.6714   1881.6636   2177.7493
     1380.8336    352.6871   2249.8267
     1129.5367    284.1770    984.0823
      657.0166    271.6403   1772.9941
      155.5183    188.7938    696.0781
      897.4908   1124.6833    143.7033
     2204.1414   1077.5200   2253.6318
       21.8041   1257.6584    630.0016
     1293.6616    876.4704   1371.0306
     1922.8911    900.0443   2124.8884
     1358.7177   1724.9941    546.4277
     1775.2505    848.4929    758.7574
     1806.3711   1202.8866   1551.8488
      824.8092    812.1154   1143.4250
      336.2572   1111.6864    740.2723
      322.2146    864.9468    830.7766
     1061.3921    297.3098   1604.8868
      101.9032    403.2697    368.1704
     1554.0839     79.8344    186.8196
     1697.7585   1131.8048   2262.1177
     1013.8734   1227.6006   2096.4043
      668.9189   1042.8678    842.4337
      295.9106    142.5935    168.1852
     1157.9100   1735.6285    857.3666
      830.2484   1417.1918   1652.8654
     1695.0090   1259.0328   2055.7407
      472.7819   1615.3755   1133.1097
     1774.4271    840.1394   1294.7272
     1391.7606    533.6447    654.6293
     2100.9814   1288.8934    540.6947
     1792.0748   1824.5070    150.5349
      258.6123   1376.0662    868.8409
     1993.3267   1687.4382   2088.9878
      234.6708   1424.7062    668.3287
       14.4819   1462.2393    634.4532
      712.0607   1332.4915    149.1021
      815.2552    343.8941   1355.0676
      714.4370    161.9617   1235.2444
     1425.0458   1175.1740   2075.2090
      650.1236    952.0046    357.6905
     2160.1199   1981.6714   1931.6423
     1535.4766    304.0847    888.3585
     1583.3499   1287.1987   1671.4727
     1911.5066    594.1615    635.0907
       91.9619    608.1517   2103.1394
      556.3465   2000.3257   1036.9344
     1141.4214    199.5233   1786.4103
     1874.7501   1717.4100    771.5068
     2254.6367    742.1929   1398.2860
     1379.4739    284.9215   1431.9028
       30.3763    724.9249   1815.3851
     2069.2947   2039.0778    221.0829
     1826.2010    896.7155    430.1752
     1211.2783   2250.0974   1190.8923
     1827.9955   1583.9969   1187.2354
     1482.1144   1338.6754   1982.4919
      954.2279   2062.5693   1281.8986
      606.5580    859.3079   1162.6436
      450.2026    933.6704    673.2062
      632.1686   1596.9128    748.2736
      765.5498    705.1610   1756.2225
      799.3080    626.1332   1230.9628
     1203.9784   1518.9020   1244.5173
     2140.3574   1048.8083   1645.0706
      168.1042   2230.5061   1374.7468
      553.4976    783.0817   2197.7124
     1201.3546   1409.1636   1516.9352
      666.8417   1880.3073   1416.9102
     2025.5133   1244.6998   1616.9327
     1916.2253    279.3000   1316.9105
     2262.8333   1721.7241   1918.0052
      365.2600    921.5984   2225.4775
     1865.5437    890.9456   1751.2887
     1397.2175    334.7171    589.0818
      706.5833    521.6855   2190.5552
     1718.0721    979.2833   1914.7535
      827.8055   1541.1237   1221.1710
      174.5173   1485.4651    303.9367
     1330.8707    747.6684   1750.4283
      234.7235   1626.2156   1223.9941
      576.4705    451.6548   1724.2771
     1202.2946   1397.3483    101.3238
     1106.4563    960.9115    930.9769
      387.4547    822.6426   1902.1951
      328.0704   1764.2021   2048.3726
     1579.9681   1528.0757   2037.6534
     2147.2217   1304.8440    769.7300
     1488.7766   1542.4600    205.2783
      523.3055   2111.2717   1216.0571
     1850.3357    666.4297    169.0588
      804.8502    330.6140   1909.7136
     1649.5597    682.5629    173.8978
     1520.7793    245.3776   1588.7494
      103.8498    386.1222    745.2309
      457.0148   1690.3199    674.4281
     1967.5144    484.5820   1977.8848
     1575.9952    113.8090   1428.8611
      691.8978    436.8039   1191.3871
     1263.6105   2039.3820   1479.8448
      834.4036    568.4278    719.5352
      343.4348   1075.7552    302.3956
       61.2046   2256.7759    756.6278
     2106.4678   1157.9093   1061.8357
     1226.8005   1241.0260    267.9980
     1303.1327    517.1676    305.5365
      807.5079    729.8320   1931.8127
     2011.2418   1121.6699    665.1704
     1021.9774    902.5271    762.2042
      645.1098   2146.9314    497.6727
      123.5428   1416.1067   1768.4501
      266.6033   1316.0861    197.5294
     1217.0367    242.5078     16.6920
     1490.3047    427.1913    229.8805
      738.0709    762.0244    703.1334
       51.0889     63.8258   1953.4269
     1430.7029   1281.2886    280.4395
      265.4949    954.7054   2034.2103
     1210.4591   2234.1289    345.2511
     2028.3871   1581.5450   1288.3948
     1083.5287     93.9724    691.7275
     1946.4740    759.7737    789.3356
     1092.8700   1379.4355   1161.4971
     2039.8529    959.0800     21.2367
      721.1335    476.8702    130.5184
      241.6867    461.3120   2091.5896
      927.3404    368.6318    176.8576
      982.5120   2256.7002   1235.1160
     2197.0813   1095.4564    767.1741
     2127.6958   2255.1597   2010.4420
      662.7739    491.4270   1379.9640
     2154.5344   2217.8015    615.7894
     1817.5985   1731.0970   1024.3379
     2139.7769    377.4722    341.8551
     1396.3378   1921.5282   1732.1160
      982.1670    694.5499     57.3486
     1074.8186   1045.2642   2227.0432
     1587.3754    439.5197   1181.7373
     1517.9617   1582.3406   1388.0466
     1316.0723   1861.3568   1229.7845
     1988.0491    326.0107   1122.8381
      224.9618    114.3761    871.9031
      647.4011   1257.3073    539.8381
      826.4761   1562.1030    806.2163
      155.8153   1512.2557   1394.1102
     1713.4126   1439.2079   1691.7290
      683.7067   1148.8407     70.7279
     1452.1429   1080.8702    838.8181
     2012.2975   2077.3181    892.7579
      641.4247    801.0927    188.1898
     1631.0726   1194.9711    348.7454
     1059.3367   1148.1903   1019.2584
     1103.9268    699.9814    506.4226
     1800.4578   2242.5825    882.0973
     1277.4760    947.3636   1766.3728
     1090.0505   1995.3046   1802.0455
     2037.4946   1183.7802    881.6034
      357.2360   1487.6750     36.3020
      272.5205    905.9054    410.7584
      315.0589   1998.8652    509.8363
     1662.4828   1604.4587   1018.3316
     2226.9543   2007.8838    577.5703
     1269.0948    528.0322    990.8517
      892.0282   2249.5315    723.7583
       62.4050     29.9916    292.8056
     2084.7075   1672.6643    734.3174
     2170.7285    220.8436   1187.2998
     2102.0076    180.0102   1890.6185
     1972.7570   1891.5823   2072.5354
      325.0363   1159.0253   1567.5416
     1326.1205   1156.1927    424.7263
     1074.6553    308.4104    349.2112
     1829.6049     84.0039   1310.4611
      697.2663    382.2146    292.2956
     1902.5427    691.9208   1800.1162
     1426.2468   1207.4513   1831.8845
     1626.3459   2057.9119   1691.2886
     1610.8179   2260.6367   1609.0269
     2225.0142   1281.2579   1588.1160
     1863.4261   1863.6274    468.6029
     1085.2131   1835.9873   1939.3918
     1656.8506    311.5398   1035.8896
     2221.6262    896.2513   1896.8086
      668.9753    475.1378    451.0312
     2021.5085   1132.5892   2129.3655
      775.3439     23.4458    369.4415
      276.6469   1796.1766    149.9924
     1064.9135   1245.8175    845.4644
     1703.1290   1147.0355    539.8180
     2141.1335    353.1827    735.1265
     1072.8977    517.4456   1524.6473
      718.7466   2147.2954    683.3266
     1739.0634   1101.3954   1741.1017
      504.9497    975.5219   1597.9818
     1096.0729    611.5032    688.6353
     1404.4100    553.1498   1751.9006
     1977.9672   2256.1912    532.7965
     1447.8994   1845.7672    372.2821
      465.6860   1873.7458     61.0156
     2260.4856   2091.1272    962.1216
     1401.7426   1715.8116   1717.0980
     1607.5508   1596.9883   1717.7147
      900.2281    128.9964   1095.7959
      754.5882    960.4278    153.9694
      118.5669   2063.3354   1537.1572
      971.5664   1151.1864    466.1344
     1903.2959    850.8943    976.5785
     1493.6028   1158.4362   2257.4556
     2259.0046    162.2137     17.4705
     1219.9996    798.3334   1018.8394
     1215.1346   1795.2515   1766.1199
      144.2027   1221.1805    805.1985
     1575.7716    372.4226     17.9854
      935.6342    532.4894   1903.7419
      571.5394   2060.2366   2193.3630
     1701.9595   1629.1299    189.9185
     2074.9893   1624.2312   1739.5144
     1326.1821   1214.5095    101.6665
      927.6831   1650.6766     84.4398
     2059.0896    918.9785    705.4735
       84.8586   1456.5807   1579.3013
      680.9478   1466.7382    565.7577
       95.5155    209.2187    185.7506
      148.5723   1632.2458   1577.1533
     1537.6871    509.9983   1376.8783
     1186.2717    154.9813    204.8416
     1318.7106   2027.5304   1116.5488
      436.0948   1393.7765   2109.6206
     1757.2435   1317.5312   2246.1975
     1305.7155    331.7749    267.1196
     1551.9203    389.5807   1752.4141
     1603.3196   2194.7688    908.1356
     1095.3625   2014.7892    966.6877
     1594.8873   2137.5847   1994.3597
     2174.1797   1462.5269   1211.4740
     1227.9771   1834.1785    367.1897
     1698.7974   1948.4199    556.7401
     2174.7798    528.6950    605.2856
     1359.2828   1641.4319    358.1605
      643.8829    510.3349    840.1570
     1352.6268   1516.1027   1723.2917
     1333.6418   1674.5333    883.9441
     1999.1025   1026.8873    471.5785
     1593.3494   1930.2965   1526.8578
     2163.4260   1725.3199     39.6686
      516.2983    480.4336    181.5934
      475.6990   1024.4635    853.6545
     1052.2198    117.4724   2165.9814
     1894.4615    343.1737    360.9346
      622.6752   1334.0709   2037.8116
      263.7032    671.8987   1144.8287
     1692.1002   1738.3285    635.2500
     1932.8685   1535.8041    737.7877
      292.1915    132.1664   1317.3058
     1585.8519   1655.5629    332.1291
     1131.6821    358.1796    157.0508
     1947.7556   1205.8356    239.1704
      750.6543   2186.0708      1.5783
      673.9621     66.3445    140.9771
      338.1139    973.0724   1759.5278
      301.9477    878.2004   1583.9607
