      923.8281   2235.1807    288.5460
      877.6747   1410.2944    947.8445
      912.2352   1755.6353    107.8346
     1153.5056   1085.7643   1864.1194
      548.7498   1616.3207    754.8948
      793.3123    653.2120   1092.3353
     1831.2480   1478.5377   1012.0635
     1248.9639   1934.2271   1218.4636
     1383.9976    266.9181    810.6846
     1218.9938   2132.7383   2219.5061
      452.1197   1539.9701   1434.6912
      932.4983    186.1879    157.8258
     1436.3610   2005.9120    402.2514
      779.7878   2167.3547    840.4341
     1428.9777    746.4464   1152.6699
       10.9729   1400.5477   2106.5244
      961.2651   1618.2539    539.5474
     1363.4885    108.9167   1566.8154
     2061.2000   1843.4841   2219.5273
     2006.0104    379.2966   2055.9907
     1096.0210   1688.8229   1208.9849
      650.5929   1895.9218   1716.2295
      124.2673   1201.7993   2166.6125
      918.0082   1458.4434   2087.3989
     1089.2629    724.6097    798.0319
      118.0049   2032.6704   1752.4634
      465.9930   1246.9497    700.9953
     1426.7516   2068.7393   1790.9265
     2045.2421   2045.8534     71.4345
     2008.5701    338.6126    343.9671
      799.0513    943.1728    528.3986
      138.9470   1073.8007    675.5521
      516.5292    121.1242    626.8530
     1651.1560   1646.5740    876.3773
     1219.4196    776.4469   1747.6213
      754.5691     91.5142    650.3498
      739.4937   2141.7170   2155.1321
     1187.3419    414.0590   1510.6768
     2039.2932     83.7424    296.4383
     1424.8551   2019.3077   2243.2854
      298.1640   1353.2731   1344.7063
      350.0650    353.7921    229.3501
      476.2973    303.9142    813.6931
      478.6051   2053.7849    798.8300
     2079.3669    188.9848   1255.6041
     1792.9305    152.8459   1455.9760
     1135.2826     68.3535   1234.4601
     1247.8269   1267.2587    750.3441
       55.8245    747.3231   1829.9617
      845.0759   1269.6415   2206.9131
      578.4262    946.6576    888.4893
     1022.6505   1412.2822    376.4897
      458.6848   1271.4951   1470.8594
     1482.2823    933.8655     98.6386
      592.4363   2098.1145   1682.3871
     1553.2546    695.8938   1401.0378
     1691.8387   1475.1189    739.0617
     1165.8386    181.9599     86.5616
     1373.0702   1803.9878    540.4666
     1592.3168    655.6567   1617.4861
     2258.4353   2052.7173    475.3516
     2111.8132    510.8557    721.9301
       66.8657    299.2699   1743.9930
      125.9192    430.6269    649.4178
     2242.5620    882.7687    317.4283
      594.7347   1429.7888   1120.4092
     1361.7664   1133.4449    445.9740
     1431.3734   1603.1093    368.3135
      970.8926    229.9072    628.9964
     1146.1901    610.3152   1423.4023
     1038.1782   1363.9030    790.8558
     1913.6674   1928.8019   1841.6907
     1437.1659    943.5186   1252.3311
      212.8784   1406.7290   1969.4460
     1579.9235    458.5801   1411.2859
      122.3024    174.1933   1994.2699
      654.7862   1808.5082    156.6880
      284.9444    120.2578    884.9330
     1042.2516    478.4516   2074.8396
     1501.9557   1693.7666    691.4579
     2121.2546   1431.7360    761.0626
      682.3661    910.2471   1133.7997
      722.9786   1990.3065    710.6331
     1353.5031    923.4777    357.4611
     1751.9392   1343.0471   1607.6992
      539.5410   2188.0325   1464.1935
      507.5852    713.7925     48.1733
     1459.5001   1746.4603   1461.4943
      859.8714   1696.4479   1287.0381
     1204.6825    405.0991      6.5779
       11.9801   1388.0980   1833.4170
     1938.4690     89.5028   1586.6761
      241.3137   1711.2520   1046.5680
     1231.0536   1622.9718   2020.8400
     1677.5466    362.4731    102.6319
      829.3834   2151.1414    563.9968
     1361.4868    321.7737    465.0102
       41.1160   1151.2512   1664.8469
       95.8685    215.5465    557.7090
      283.1955   1801.5089   1947.7386
     1743.7454   1154.6151   2119.2991
     1893.1909   1033.4867   1104.0209
      653.5698   1436.4005    863.1653
     1526.4219    752.8979   2125.3582
     1785.6721   2145.7974   1507.1550
        8.9441   1417.4753    921.0569
     1324.9059    289.3659   1703.2290
     1640.7910   1923.7037    616.9662
      166.8901    724.1505   1624.7673
      259.2044    868.6885    834.1318
     1542.2573   1313.1799   1689.7324
     1483.9277     65.9177   1363.6661
      229.6397   1640.3555   1286.2316
     2117.6536    586.2900   2126.1042
       75.8064    433.1194    387.1822
       27.9222   1810.9427   1169.9312
     1282.5151    537.0383    485.3832
     1768.2112   1932.8395   1636.5710
      946.6952   2251.6001   1691.4203
     2178.7183   1005.4614   1365.2349
     1900.4674   2082.7297   1214.6536
      544.5526   1040.2275    621.1289
      273.3583    360.5377    476.3150
     1179.1987    915.8065   1231.0209
     1957.3835    128.9839   1804.6107
     1581.6505   2119.7097   1415.4412
      187.1222    651.0541   1077.3048
     2194.9839    305.5052   2165.1504
     1498.1837    935.6345    801.0818
     1837.8474    917.6505   1833.0266
      800.4748   2057.7820   1111.6638
      216.5250   1257.0260   1579.0525
       75.4373    195.1498    802.5120
     1905.0813   1612.2711    794.6329
      302.2537   2017.0745   2191.0935
     1119.0168   1815.8806    221.7240
      465.9144    273.6545   1220.7734
       54.7024    109.4811   1593.3999
      223.9281   1361.9939   1021.3158
      618.3521    381.2431   1339.2720
     1186.0857    188.5083   1436.7010
      627.4852    704.6060    289.9586
      501.2755   1619.3418    538.9736
      469.1581   1315.9155    953.9495
      777.1051   1525.6625    435.4352
     1998.7228   1703.3098   1362.6110
     1052.5803    624.5097    570.4108
      165.2931    195.5503    343.1677
      671.2503    938.7100    159.0894
     1911.9042   1355.2688   1805.9326
     1057.7590    639.1809   1625.5918
     1347.5952   1789.7842   1639.8291
      330.5878    361.9662   1430.8059
     2177.1270    227.9259    147.2690
      318.8993   2192.1250   1403.7305
      488.8963   1731.4034   2181.5530
       11.3380   1368.5928   1588.8909
      849.2258   1932.3489    889.4602
      841.0296   2035.7867   1926.6409
     2115.3447   1905.7250   2008.8188
      536.7094    847.1288   1897.2400
      486.6330    530.0685    828.6002
      402.3016   1743.1241   1417.8018
      546.2238   2254.6750    227.0847
     2113.0186    576.0828   1869.8914
     1816.9559    605.7311   1310.8512
     1927.2703    613.3950    552.8078
     1692.1519   1106.3683    124.8176
      441.4084   2188.7227    414.3185
     1467.9109    175.7287    609.8563
      664.0810   1314.8301    115.7720
     1542.7273    806.1539    298.5079
     1806.3175    486.2935    404.8760
     1786.6193    746.5661   1456.9767
     1285.3920    815.5845    165.2190
      286.2568   1117.6281   1058.6154
     2080.9116    586.2653     91.5446
      939.0412    460.3146   1055.9547
      136.1858   1240.5234   1210.8767
      283.2740   1898.8075   1743.1949
     1297.0474   1538.9817   1090.2487
      185.7489   2196.2827   1582.6427
      323.8232   1614.2352   2089.7056
      882.4260    794.4158   1509.7615
     2256.7361    248.0555   1416.8673
      802.8163   1965.4237     21.4231
     2111.2090   1342.1313   1377.6219
     1024.8035    689.1882   1026.8969
      694.4229    652.1190    762.1821
      433.7537   1052.7520   1849.7325
      230.3765   1717.8268    329.3492
      994.8983   1887.4993   1154.8527
      439.5577   1916.5455   2059.3267
      129.4138    986.0707   1283.4349
      746.5610   1316.6833    349.4655
      744.8260   1340.4695   1982.3387
     1308.7506   1391.1824   2028.8257
     1098.4359    287.4216    883.5395
     2255.7344   1206.1469   1968.2421
      923.3293    555.4074   1437.7791
     1392.7306    426.8484   1876.8140
       35.8109    995.1910   1868.0135
       83.8985   2220.3506   1356.9865
       97.8719   1697.6017    158.0361
      232.6227   1035.4408   1992.8427
     1036.6675   1610.3203   1465.2297
      795.5778   1021.9746    735.5517
     1892.0789   1193.5278   1491.1100
     1489.7134   1899.8281   1230.6976
      439.7743    638.7238   1397.9526
     2099.2817    667.7881   1297.0692
     2251.3674   1716.7614   2134.3755
     1568.6093   1018.3087    417.2349
      793.4277   1527.8158   1430.6865
     2123.7083   2090.5911   1310.7070
     1346.0758    492.7016   1099.3950
     1766.7538    720.5013    401.8474
      587.7561   1375.1680   1336.4438
     2008.8744    375.1344     34.6220
      433.6996    348.7366   1769.8311
      472.8774   1876.5781   1563.4235
      782.5134    386.5497    207.7517
      701.6153   1256.0692   1490.7223
      280.3812    495.0519   1673.2961
      598.6119    712.6561    967.0707
      919.5932   1354.4756    175.4812
     1752.9736    739.1552   2089.6333
     2078.0330   1575.5929   2183.0159
      805.2159    814.6366    897.0137
      993.2693     92.8135   2215.2981
      480.3191   1668.1957   1664.8092
     1844.5050    223.6048   2220.7087
      770.7171    678.5392   1875.7128
       49.7303    574.7092    853.4633
     2170.7634   1403.1769   1149.8727
     2156.6077    437.4283   1399.6611
     1815.6500   1750.5498   1499.7284
      351.2009   1234.5759   2059.0374
      212.5380    586.1466   1430.1162
      663.3475   2004.4896   1495.6023
     1617.1267    180.6720   2190.4241
     2189.7178   2260.2124     80.2082
      990.5762   1615.0059    293.2368
      884.8906   1041.1371   1841.2450
       34.0763    785.4031    973.0330
      167.2131    829.4913   2034.8079
     1763.3540   2195.2383   1033.7949
      199.6204    610.3298   2215.3816
     1646.2883    817.3348    559.8646
     1559.0327   1058.5499   1721.5590
      628.9328   1606.2576   1277.0538
     1065.3151   1070.5551   1086.5760
     1921.9686   1948.8517   1400.5016
     1543.8416    396.2426   2090.2649
     1686.5940   2013.3739    358.8864
     1342.6954   1353.9430    556.6841
      652.9701   1065.2256   1816.1357
     1185.3636    124.3315    761.0103
     1238.3932    170.4464   1881.2501
      783.6053    719.4697   1308.7826
      320.4365     12.7976   2254.8274
     1280.1935    994.1504   1630.2485
      678.4379    430.7579   1736.1959
     1993.7974   1922.1448   1617.9982
     1783.3301   2144.8032    533.2354
     2136.9795    708.3768   1679.5862
     1170.5242   1688.8922    429.0870
      794.0149    239.3603   2030.9281
      730.7261    949.5380   1381.3022
      721.8909    149.3439    879.8873
      787.4991   1278.7626    776.3716
     2197.1624    467.4525    225.2461
      302.7635    228.4644    674.6678
     2068.3110   1229.1444    649.6095
      653.4844    142.5936   1660.0211
     2076.3193    960.0803   2202.9458
     1131.3667    502.7111    308.9360
     2204.4839     39.8386   2091.4929
      228.7163   2022.0902   1954.3384
     1474.5978   2155.0842   1588.2734
      350.1577    825.7155    412.0682
      728.3397    870.0852   1693.5579
     1039.7688    738.7068    192.0771
      329.9101    501.6202   1251.3739
     1266.6250   1934.4364    109.0655
     1135.2305   2223.7107    390.2754
     1872.9497    461.1534    199.2382
      356.8124   1408.5167    530.5085
      633.3300    832.9897    675.7609
      224.0853    944.4948   1732.5514
     1038.5345   1916.4725   2259.5852
     1205.2620   1113.4594    888.8472
     1640.0693    555.7313   2229.3706
     1493.5701   1528.6404   1632.4746
     1861.8046    936.6120     56.2093
     1684.4705    997.9030   1152.1722
      162.7235   1920.6058    377.4925
      107.9006    325.2843    115.8500
      628.3695     87.2138    418.4361
     1267.8654    889.7115    784.5151
      244.3548   1873.2157   1247.6095
     1546.7054   1593.0752   1112.6625
     1428.5839    696.9576    505.5990
      850.4442    279.1900   1275.0254
      634.8483   2232.8247   1062.6793
     2067.4148   1890.6128   1183.2075
      630.6093   1480.5134   1611.5923
     1374.4017    593.5260    267.8757
      595.3420   1976.5601    447.7189
     1676.0184    446.9594   1776.7137
      127.0941   1751.0856   1448.1731
      969.3604    966.4373   1363.9296
     1032.3848    348.8543   1397.7246
      111.3928   2225.2769    759.8227
     2068.5796   1722.6101   1576.9824
     1081.0668   2041.8193    207.7892
     2054.3425   1252.0325    973.8265
     1438.4607   2127.8110   1190.8079
     1077.6470   1470.9016   1683.1783
      538.6184    806.8655   1257.8812
      442.9202    436.7505   1016.0249
     1324.2523   1748.8994    803.2125
      529.4277   2261.0532   1863.3514
      831.0422   2053.2351   1672.4196
     1541.6674    272.4863   1830.9951
     1622.6068    293.1439   1595.5165
     1185.1107   2118.8130    598.8990
      629.6877   1414.4624    608.4678
        5.5251    997.2645   1105.8063
     1121.7449   1431.9504   2177.0259
     1229.4908   2240.2158   1714.7716
     1896.3051   1566.8821   1889.6467
     1519.9958   1940.4650   1609.2985
     1216.1483   1045.5438    227.6271
     1211.0347    607.7758     75.9508
     1054.4277    936.8738    655.5735
      584.0829    565.2800   1212.4126
     1507.0470    393.6043    309.5371
      992.5362   1482.2693   1296.4688
     1615.7872   1363.3912   1428.1488
     1370.1489    468.7417    849.5987
      180.9230   1013.9827   1494.7455
      387.2442   1563.9210    963.1152
      840.5889   1459.3795   1799.1541
       13.3825   1907.4718     44.1373
     1695.5177   1502.1189   1762.1031
     1536.1678   1869.5004   1831.3544
     2164.2900   1539.6388    293.0542
      224.4631   1773.7380   2204.3872
     1649.6167   1222.7372    785.6539
      428.7406   1262.6246   1169.2242
      675.1249    141.5584   1194.3173
     1005.8493   1163.1567    677.0526
        9.2213   1840.2104   1628.3607
     1285.8181   1062.1836      6.1559
     1310.2692    784.3368   1376.2657
      725.2357    300.1041    485.9769
       47.6103   1838.6293   1886.2041
     1589.9858    835.0422   1887.6710
      833.1791   1978.3568    264.3894
     2101.0686   1188.5393   1767.3003
     1867.7747    838.1644    628.8487
     1004.7868    111.5964   1849.8845
     1374.6158    552.1985   1348.1989
     2242.3208   1596.0020   1503.7900
     2187.1602    318.0644    658.8139
     1307.8909   1451.7985   1759.0519
     2096.9529   1497.5271   1721.0585
     1532.6356    161.8929    376.1800
     2018.5100   1334.9628   1605.7004
      760.2823   2261.9739   1548.8141
      573.0673   1590.4521    147.3224
     2017.8851    515.6840    940.4969
     2210.0933    371.9564    930.2213
     1909.8320   2037.4440    311.6205
       69.9956    538.4449   1275.8693
      415.4682    392.0793   2023.1676
     1873.4845    950.8038   2070.8184
      923.7620   1732.7787   1046.3058
     1916.2449    526.6123   1731.9656
      154.1405   1466.4269    188.5406
     2032.2629   1711.2974    383.8723
      730.9254    646.4370     11.7535
      227.8390    590.2313   1886.1182
     1397.6724   2024.2462    613.6258
     1785.8751    410.7084   2118.6531
     1674.8281   1030.7682   1937.1895
     1733.6279   1316.9103   2256.9915
      896.5600    780.9196    671.3409
     1252.4302   1481.9399    367.7184
     1568.0736   2174.5068    486.4088
      394.3676   1520.6311   1210.4568
     1668.9227   1485.7928    315.6114
     1009.4780    598.5005   1879.6996
     1835.2855   1862.8252    464.4982
      337.5304   1705.5548    751.4940
     2134.6846    421.7426   1617.4314
     1901.0455    666.0163    783.6390
     1834.5360   1115.9054   1716.5498
      955.2898   1270.1246   1932.6320
      323.1567   2168.8682   1816.2747
     1613.8284   1725.3296   1641.6664
     2181.4666    583.9787   1061.3296
      964.9044    323.8167   2227.7036
      244.1532   1694.4670   1658.1735
     1868.1893   1565.7217   1621.3627
      607.3170   2017.3872    211.8319
       15.6813    749.4313   1210.1207
     2121.8008    481.2074    475.1136
     2204.6021   1423.3547     77.3276
     1674.6747    959.9887   2173.0081
     1728.3700   1032.1282    885.5010
     1407.0959    262.4641   2246.2617
     1224.5134   2174.9561   1097.4993
      280.1649   1272.3750    345.5709
     1675.2578    328.3605    554.6282
     1911.3789   1128.4280    815.4995
     1583.7838    542.3058    476.7561
      222.1593   1923.8766    160.4974
     1935.4415   2038.5425   2032.7454
      960.1642   1279.7365   1122.5988
      664.4685    886.9753   2173.8447
     2209.7573   2177.2627    900.7237
      138.1787   1508.0774   1140.1083
     1710.1566    265.8385    326.4364
      694.8410    499.9344    911.8370
      123.9259   1548.0801   2221.5645
     2222.6111   1195.0227     46.9545
     1388.0005     21.6983     86.9544
     1959.3593   1453.8174   1181.2900
     2258.0266   2061.8943   1540.8734
     1585.9424   1552.0896    525.3440
      107.1512   2150.5986   2205.1594
     1223.5636   1788.4132   1418.6243
      391.9695   1306.3724   1849.1473
     1413.6399   1741.8055     45.0304
     1044.3939   2097.4905   1850.1969
     1478.0178   1380.9038    737.2844
     1806.6338    384.1942   1423.3022
     1849.6289    457.7410    749.7966
      936.0336    594.6563    375.8861
     1502.7704   1916.9796    816.8702
      160.9964     53.2899    178.2296
     1863.6399    571.5891      1.1548
     1897.8010    114.6475    909.2374
      111.9927   1614.2593   1951.6228
     1243.5853   1818.3217   2160.0886
     2146.6836   1702.3099    780.9034
      632.7823   1150.4446    825.1205
     1927.9115    623.0352   1106.7748
      427.5307   1994.2811   1362.3556
      419.2413   1750.8114    201.0853
     2031.4376   2174.6584    464.6328
     1797.5104   2197.1240   1899.7087
     1788.0692   1700.2738   1071.6559
     1955.1560   1438.0652    620.8843
      435.9887   1741.3375   1168.8025
      368.9593    619.3915   2044.6809
      322.9822   1533.3658    335.7955
     1142.9130   2006.5901   1373.6805
     1863.8037    226.8785   1251.3206
     1448.7061    633.6627   1801.7611
      869.8708    420.7102   1884.5425
     1488.1666    207.7168    174.5448
      259.1038    797.7992     44.5071
      667.1125    376.9618   1088.1390
     1363.7657   2097.7280    849.6264
      411.3340    988.7153   1227.4194
      611.4422   1069.3048   1596.5319
     2137.0845   2101.2952    663.3163
     1970.6798   1722.6213   2034.3696
      502.0964   1008.0353   1429.6698
      848.9976    587.3278   2058.5732
      866.6996   1815.4872   1564.9731
      315.1387    260.8040     21.4610
      516.1155    190.5209    995.1133
     1768.0880    591.4047    958.0079
     1827.1428   1529.0393   2145.9385
     1100.8372   1092.3344   1501.4425
     1319.3352   1296.9312      7.9152
      818.0693    585.7344   1644.2179
      677.4980    345.4847    727.6774
     2011.6071    275.8766    812.3787
      292.0184     91.2395   1182.8094
      986.9914   1843.1953   1408.8025
     2025.2301   2132.6323   1521.5602
       80.1816   1412.3641   1368.7135
     1684.8092    788.7700     73.1537
        9.3429   1207.5511   1013.3730
     2101.0015    776.0211    512.6168
     1538.2860    925.7353   1470.3010
      108.4155    391.6098   1528.2325
      890.3574    348.5093    834.9553
     1427.1094    207.3057   2008.8701
     1345.5449    667.5305   1569.2545
      692.9361   1090.7365    366.6970
     1783.0928    809.1156   1050.4265
      884.5543   1775.7478    686.1317
     1737.5543    405.5938   1149.3741
     1795.0353    344.3892    944.1335
     2046.0979   2199.4387   1922.0627
      425.6374   2188.0432   2069.9429
      511.3961    498.9713   1573.7539
       77.4712   1010.8347    892.8178
     1310.0137   1166.2887   2067.0696
     2145.7009   1379.3080    477.0929
       39.7315   1286.7181    284.4997
     1075.9773   1195.7660    277.8146
      990.3912   2057.4617    741.9292
     1748.0386    110.5283   1759.9482
     1453.7949    466.0852   1631.1866
      151.9686   1353.1482    641.7904
     1683.2690   1572.2484   1477.7031
      211.8752   1184.1307   1826.8002
     1279.3615   2202.3750   1359.6656
     1362.0817   2232.9927    456.2551
     1977.3767   1778.1788    635.4971
     1834.3367   1592.6010    504.1701
      281.3806    214.7716   1609.2529
     1782.2844   1839.6533   2043.5275
     2123.3391    101.5082    760.3307
     1868.9871   1341.0254   2057.9575
      823.7474   1124.4790    179.5213
      439.8681     61.9540   1657.7362
      253.0099    405.0013    847.0009
      781.4981   1561.5389    215.9963
     2136.6128   2082.7737    272.6226
      869.9904   1382.8094   1579.0703
     1051.1320   1999.6210   1613.7727
     1051.6692   1520.0172   1037.0072
      227.2513    618.8311    435.8454
     1117.7128    834.2250   1503.3046
     1755.0187   2083.0298    149.4549
      451.7764    871.0083    217.4707
      631.7430     57.5459   2033.8051
     2100.5708    143.0568    539.0585
     1007.6780   1662.6825   2118.1777
     1657.4899   2028.2410   1180.8251
     1828.2399   1927.8887   1029.9868
     1439.0604    959.1527    593.7827
      481.5081    568.7601   1844.1453
       48.9974    863.2284    728.9359
      316.0143   1594.4807     85.2866
     1355.2507   1562.1906    594.9177
      634.8555   2057.5852   1972.3358
      721.2415   1693.4375   1761.2684
      982.2765    980.4033    236.6579
     1230.4520   1090.7021    631.4014
     1907.9944    733.3036   1646.0096
     1529.6152   1149.8624   1321.4967
     1095.4432   1786.2549   1634.3811
     1191.5007   1748.8290   1008.8389
       21.1859   1692.0560    430.2173
     1212.0638   1946.6086    426.4558
      346.0749    917.3619    620.3516
      819.2015   1512.4165    705.8700
     1783.5155   2055.1975    857.1241
     1447.9397   1494.6689    163.2135
      132.4162   1773.8962    830.8142
      397.4108   1203.4586     17.1956
      101.1232    144.3116   2230.9546
      553.3314   1290.9846   2165.3931
      182.2304    311.6824   1248.6625
      773.5102   1238.5233   1745.8418
      157.6316   2030.7845    601.3373
      713.1328    161.6998    216.5759
     1750.3842   2253.1301   2140.8965
     1807.1816   1833.9788    814.1630
     2142.3625     59.1593   1444.1786
     2047.4407   1929.3569    816.8397
      597.2657    519.8104    612.9604
      444.3300    146.4420   1416.9175
     2084.9456    826.5782    122.0122
     1516.8911   1175.9043   2249.3955
       87.1855    808.4236   1414.0382
      976.6542    952.8219    888.4781
      257.4251   2115.9082   1172.4800
     2034.7355   1522.5350   1457.9937
     2158.1514   1979.6241   1788.5465
     1668.5652    777.7020   1221.6290
       55.4389   1086.4688    238.0660
     2009.6910    263.7846   1469.2476
     1618.6823    281.2635    794.3945
      237.8626   1015.3396   2221.2576
      590.8221   2059.6414   1216.1653
     1751.2468    925.6460    264.8355
      413.4203    853.1649   2102.0312
       22.8936    702.7758    148.5759
       13.2693   2256.4551    569.5364
      744.8510    698.4290    502.1559
     1228.5527   2001.6781   2039.1178
      203.9621   2231.3950   2030.1844
     1351.0099    582.1743   2116.4019
        6.8510    636.6008    611.8152
     1421.3899   1138.1075    738.0720
     1318.7250   1145.1392   1162.8838
     1330.8760   1277.3966   1347.6709
     1919.2419     38.8520   1123.3047
     1335.7620    949.4136   1848.3112
      419.2497   1068.4519    405.7566
     1473.7439    684.2110     67.8745
     1914.2258   2231.9819    117.8966
      830.0647    225.5348   1762.0393
       60.6886    595.9391   2038.2502
       78.8866   1994.2649   1297.7408
      866.9359   1594.5476   1635.8965
     1920.1171   1152.4867     16.4831
      881.5407   1015.4341   2246.2261
      285.4698    762.3832   1268.2013
      812.0962   1753.8000    324.5694
      470.1869   1997.1306   1843.4811
      855.6542   1050.8162   1573.5781
     1476.1804   1529.4895   1365.8016
     1569.2241   1202.6165   1131.0905
      351.7355    146.2305   1847.7655
      447.5932    756.9686    768.9388
     2182.0928    806.7472   1982.1448
     1709.7007    627.1862    639.0874
     1045.0422    977.5016   1683.3724
      205.3533   1231.2341    124.1070
     1082.5466   1886.4819    628.6655
     1360.3049     65.1328    958.4905
     1724.0446   1696.6915    650.7859
      383.4928    673.3729   1656.2256
     1599.3441   1798.3634    419.5386
      809.6980   1598.5118   1979.5105
     1859.6130    309.1983   1658.2240
     2255.8499    621.0137   1501.1113
     1162.0693   2197.4563    853.0897
      711.6746   1843.2457   1950.7716
      382.3485   1988.7915    316.8314
      110.2307    817.6530    512.2134
      463.4913   1471.0920   2231.6592
     1549.0522    892.9814   1015.1118
     1675.5172   1422.5598   1211.4778
     1216.6486   1659.5742   1793.3446
      380.3329   2081.0205   1620.5427
     1627.1136   1384.8185    986.9361
     1899.6252    820.8506   1266.9910
      488.2489    328.0435    555.6936
     1751.6129    962.0834   1380.1613
     1185.3143   1680.8308    661.4547
     1339.6559    963.6550   1036.2378
     1426.4893   1394.9910   1208.8562
      694.4604    177.3683   1417.0508
      934.9962     98.7411    850.5779
     1966.5940   2218.9373   2171.8198
     1859.5540   1346.2795    822.9418
     2074.7485   1301.5154    226.8409
     1228.6311   1954.3556   1798.6494
      472.7654    508.6842    398.8398
     1493.6598   1405.3949   1882.1844
     1030.2600    247.9877   2021.2693
      386.0595    139.3159    426.2788
     1009.2877   2054.6079    424.6461
     1850.7971   1727.5908     19.6902
      601.9208   2142.2610    610.5103
     1525.2485   1962.0785    185.8048
      610.4266    246.6176   1862.8357
     1252.5065    374.9140   2052.9492
      222.6390   1941.6393   1510.2625
      903.0182   1365.1194    576.5046
     1788.2214   1831.6953   1243.8938
      932.6317   1525.3257     37.7474
     1069.3324   1859.0729   1971.3580
       33.9928   1986.0549    806.2452
      209.6259   1529.4900   1508.8782
      168.5160   1542.4576    848.8896
     1465.9186    423.6520    636.4370
      906.6828    177.5537   1539.3175
     1642.3638   1874.0374     13.4608
     1284.2490   1583.1942   1559.6104
      198.0501   1441.1964   1734.1302
      822.1860    495.7480   1238.9738
     2155.4573   2075.6270   2143.6323
      787.1858   1057.0734    979.9680
     1687.8752   1242.7531   1854.8809
      270.0745   1389.4294   2214.3242
      373.4786   1459.8917    746.4938
     1680.0549     94.9821    576.7873
      726.3159   2158.2595    376.4539
     1237.4280    144.5212   2143.5986
     1239.1560    520.6517   1708.7227
     1661.5062   1019.0258    660.9884
      453.3237   1803.6217    933.1733
     1492.7683    361.4219   1206.0189
     1566.7902     47.1933    871.1462
      410.8099   2204.8381   1034.0045
     1191.5610    965.4368   2066.7993
     1932.9375     18.1947    647.0141
     2172.6438   1884.2363   1407.0565
     1679.9148   2003.6454   1883.8323
      587.7200   1647.8168   2015.4829
     1395.2971   1994.0115   1385.8926
      788.3363   1639.6436    880.2878
     1449.6558   1600.4591   2052.1897
     1806.6958   1020.4811    456.0546
     1971.8878   1236.3525   1200.0872
      182.8714   1029.5365    434.5166
     1576.3228   1215.0737    568.2430
      815.4595   1553.1407   1118.3821
      842.3137   1112.0299   1236.2162
      975.3478    598.3533   2260.8083
      602.4119    781.5558   1481.3445
     1136.3590    703.9473   2132.9463
     2083.4673    823.9161   1460.6145
     1344.6301    785.5956   1969.3230
     2242.5208     21.3910    335.3110
        8.4476    500.3553   2259.2161
     1227.5598   1944.6010    773.7660
     1990.5212   1010.2030    563.3661
      754.2090    411.6504   2235.3528
      248.4334   1257.1597    814.8968
     1121.2303    999.4346    444.3880
      641.8198   1898.5270   2163.5183
      542.2020   2105.0698      9.7668
      616.7898    688.5354   2060.8406
     1310.9714   2236.0908   1922.8146
       50.8546   1574.6429    668.8053
     1128.9583    170.5457   1669.1180
      466.9508    682.8868    542.3099
      920.4630   1113.8872    437.4729
        7.7748   2150.7358   1927.9790
     2215.2971   1861.2848    272.6358
     1167.9310   1295.5039   1864.7496
     1872.6897   1411.0358   1391.3302
      379.0248    114.5008    202.0102
     1815.7039   1607.5636   1287.1228
     2045.6897    138.4660   2256.7590
      293.2365   1182.0704    581.9590
      996.9036   2125.3057   1219.3245
     1221.6962    697.2308   1170.3494
      183.1659    816.8622    256.3940
     2142.4695   2241.6887   1147.8407
     1205.3750   1306.2657   1012.4417
     2258.8503    649.2800    369.5384
      515.7699   1114.1760    199.1579
      825.7933    815.1920    315.8392
      553.6068    241.1650   2112.3921
       24.4156   2045.2576   1089.7108
      178.2863    542.1410    199.1437
      883.6108      0.4597   2020.6132
     1348.9746    145.7522   1212.6378
      658.3537    453.1311   1981.0507
     1224.1398    808.7445    576.2848
     2030.7478   2062.7778   1031.3309
     1620.7134     61.9414   1542.3875
     1067.4875    845.8921   1931.3026
     1293.2234    278.1332   1017.3969
     1701.8134     84.9185    115.8479
      900.1741   1861.9691   1801.6337
     1336.7017   2124.8247    232.5359
     1570.7312   1303.4164    173.3609
        6.8269    791.4067   2194.1912
     2088.0381   1920.6112    459.6449
     1906.7053   1141.8662   1920.8898
     1900.5208   1104.2587    262.9606
     1461.7955   2028.5873   2008.3361
     1426.0078    294.0438   1450.9032
      794.4575   1914.6050    499.5110
     1976.4945   1770.0111    946.7908
      582.1433   1742.0879    361.6914
      204.8985   1938.6056    989.1167
      694.5636   1232.7103   1063.3370
     1154.4531   1970.7786   1008.3984
      556.5150     62.5311   2261.7512
     1273.7816    617.3295    705.3614
      875.8235   1835.0635   2107.0530
     2002.3978   1355.6251     14.4004
      748.7269   1117.8796   2070.6414
      785.3364   1359.0552   1257.9609
     1966.8873   1049.7561   1340.9023
      969.7653   1176.5601    900.1119
     1505.8595    243.4999   1014.0995
     1252.9698    364.0727   1275.1075
      123.7681     56.3077   1786.9435
      657.8812   1828.9517    839.1050
     1108.7455   1167.6036   1292.6317
     1675.2394   1137.7844   1524.5001
     2195.8972    356.2232   1166.6683
     1624.7739    512.0177    783.7296
     1663.0510   2155.8584   1706.5529
      618.6075   2011.5099    986.3969
      523.7213   1272.4241    424.5362
      559.1329   1265.8492   1680.4916
     1134.7639   1251.5072    480.6344
     1502.4785    713.7177    715.5220
      294.7787   1930.9268    778.8762
      868.9062     56.9855   1111.4183
     2063.3850    356.2797   1835.3433
     1473.4956    997.6027   2057.8010
     1618.3856    237.6175   1342.8539
      231.8410     40.8378    551.2899
     1152.4263    853.2524    999.3871
      252.0800   2130.1912    901.0630
     1246.1504   1510.4144   1353.3210
     1170.4297   1387.3818   1195.5963
     2148.5493    133.5759    992.0334
      996.1592    396.9135   1666.1023
     2002.6660    888.8507    331.3576
      577.4321    888.1318    420.4135
      238.2577    346.0433   1887.3042
     2056.2725   1531.5148    938.9974
     1687.8365   2052.3044   2101.2397
     1453.2230   1638.0428   1822.8197
     1665.0519   1665.6970   1932.2850
      188.6497   1802.9318    584.7598
     1367.6237      6.9934    684.7907
     1098.9568   1209.8669   2112.1929
     1414.9135   1331.1407    966.7272
     1215.8801    364.8083    666.2427
      362.0032   1108.1729   1640.2430
     2053.2131   1667.8954   1140.1179
      965.8595     52.6101   1379.1322
      894.5604    599.6778    849.9782
      468.8164    982.6849     31.2218
      361.8618   2055.2954    565.0099
       82.8592   1933.4468   2086.6338
     1824.6052   1195.1013    620.7737
      653.5975   1104.5725   2262.1877
     1284.8043   1027.4952   1402.1569
      445.3813   1921.4910     74.7309
      757.4874      1.1803   1827.4163
      298.9651    272.1127   1043.0460
      718.5942   1682.4421   2242.7322
     1142.8857   1418.4634    139.5667
     1255.1304   1633.5896    188.6824
     1342.4806   1814.9607   1933.7994
     1965.0281    752.9112   2172.7769
     1725.1416    152.6446   1975.5367
     1281.1370   2023.6917   1589.9740
     1104.6099     97.4750   1034.7014
     1786.2883   1845.3857    212.1647
     1313.5973    830.5649   2198.8821
     2029.4628    632.0656    320.7300
     2136.2478   1141.3804    407.5622
     1253.4567   1244.4484   1634.2825
     1546.1260   1229.8922   2026.0442
     1024.1221   1214.8359   1694.7384
       32.1440   1193.9863   1422.9888
     1300.9801   1296.1604    253.9246
      602.6445   1838.7173   1310.6750
      293.8761   1140.1188   1369.5618
     2149.3757   2213.2058   1702.3079
     1753.5684    680.9650   1818.3606
      560.8107    499.8752    166.8186
      276.2861   1026.1658    196.0736
     2233.6372   1607.3641   1259.3481
     1382.4246   1183.7765   1832.9222
     1113.3866   1677.9836     41.1671
       52.0125    529.3341   1716.3732
     1145.3733   2237.1675    142.3660
     1379.0057   1974.1755   1012.2381
     1008.8004      5.0370    594.3642
      761.0887    156.5538   2235.3179
     1903.1626    227.5392    182.3595
     1746.3398    534.1213   1561.8132
     1107.9353    386.9225   1866.1140
      514.5246      2.5892    854.4914
     1583.8708   2194.6274   2255.4663
      998.6351   1655.2969   1806.8215
     1342.7468   1715.9591   1242.4893
     1561.2972    455.8909    997.0024
     1695.6396   1517.9050     97.5390
     1622.7316   1884.9066    999.7567
      562.0978    268.0669    329.4974
     2067.8667    910.5640   1765.3456
     1083.3320    888.0586     12.1431
      982.7606   1819.8892    417.2520
      913.8064    803.3678   2100.5852
      376.9299   1039.0490    817.9098
      198.3278    900.8745   1089.2091
     1409.4335   2258.4399   2135.4700
     1940.2629   1531.4053    114.6990
      394.1122   1820.4456    464.6668
      920.9005    378.2570    379.9281
       39.9244   1646.0563   1733.6382
      381.4960    640.4927    245.1209
     1483.0652   1103.0502    954.4389
     2146.7180    200.4709   1661.2511
     1216.9739    617.2257   1935.6207
     2105.8127    767.9402    750.2950
     1195.7842    167.5282    532.4484
     1908.5314    885.7143    861.7650
     1439.1924   1102.0059    206.1810
      972.4151   2134.3486    961.0676
       44.4968    132.3097   1217.1736
     1313.3059    128.0204    266.7418
      790.3489    364.4641   1540.8519
      187.0072    407.4348   2115.1064
       49.7277    940.2238     75.5674
     1669.9974    565.9951    232.2286
      348.8513   2233.2585    704.6668
      575.2312   1483.6440    368.4560
     1057.3419   1166.8185     52.5987
     1427.1241   1773.1686   1029.2898
      316.4847    798.2511   1857.8961
     1136.5756   1358.1825   1479.7389
     1544.1016     56.3908   1126.5411
       91.9357    212.8407   1020.0219
     1059.1171    488.6255    747.7596
     1199.9918    712.3746    364.9055
       18.5387   1636.3335    991.3541
     1238.8713   1497.5116    841.3754
      796.0463   1937.8396   1315.7007
      696.1576   1706.9027    569.5956
      887.6197    128.8876    433.7917
      960.5157   2144.5203     45.3615
     1558.9941   2211.2651    246.3236
     1716.9897    179.2664   1075.9325
      707.9688    515.0114    381.0826
     1556.9453    672.5245    946.7028
      342.0040    165.8189   2072.6235
      988.1882   1032.9915   2043.6635
     1533.4753   1420.5435   2190.5496
      602.5641   1491.7255   1851.5289
     1881.1532    171.5413    466.3076
      240.1121    709.0400    670.3045
        5.4682    389.1500   1933.0958
     2147.1018   1664.6316    123.8498
     1574.4760   2250.9077   1959.4012
     2060.9385   1392.4210   1989.9844
     2071.9368    782.0678    991.1569
     1984.4700   2157.6768    828.8820
      314.8568   2141.4814    154.9035
     2185.3789    148.0428   1887.0035
     1128.0994   1479.8157    621.1148
     1819.5103   1738.3763   1786.7163
     1833.8558    221.5892    704.5232
     2131.5535   1029.9786    752.2246
     2168.6382   1590.1605   1948.6823
      498.6175      9.9053   1256.9713
      416.3325   1973.2905   1076.5353
     1813.5507    346.2252   1907.0985
     2110.7119   1589.2604    557.5670
     2084.6699   1740.9612   1803.8778
      556.5164   1247.1399   1937.2745
      413.6137   1462.6755   1641.5774
      980.4594   2051.1172   2090.7849
     1941.6605   2250.8552   1355.5055
      212.1825    141.7402   1411.7930
     1602.1127    577.8741   1978.1285
     1115.8092   2251.6187   2023.1284
     1867.4108    720.6368    186.3322
     1485.2163     71.4162   1749.5798
      754.1854    895.1516   1948.8718
      902.8052    878.5798   1126.1715
     2062.5669   1188.6700   2118.0842
     2095.0383   1016.5884    962.8204
     1432.2695   1128.0619   1545.5251
     2098.5857   1127.6534   1553.6989
      693.9940   1469.2665   2191.8938
     1922.2123   2133.4700   1732.9810
      943.2992    782.4616   1747.6166
      717.8497   1192.3250    574.9777
     1671.6857   1450.5388   2003.1151
     1592.8712   1696.1527    205.2595
     1032.1206   1613.2860    833.5558
     1551.5283   1820.2556   2061.3057
      469.3250   1771.1760   1874.8293
     1596.2646    574.1884   1168.6912
      553.7384    497.2685   2180.0532
      331.7285    836.5667   1496.8754
     1378.1104   1822.8923    292.4447
     1927.4679    963.1566   1562.4813
      919.7922   1244.0112   1431.0685
     1328.9663    710.4235    914.5796
      354.4294    474.2285     33.2574
     1639.3925   1652.7810   2204.5781
      514.7716   1853.9294    641.8795
     2082.7878   1051.3120    167.1450
     1014.1990    729.8567   1277.5520
      718.6923   1810.4967   1093.2388
     1075.6884    294.6339   1161.2324
     1971.5115    769.0616   1913.2828
     1835.6580   1317.4633    195.0861
     1450.5427    459.2341     80.7842
     2222.5559    983.2873    530.2308
      682.4526   1727.8579   1505.1001
     2225.5549   1846.0122    623.5217
     1948.9221   1463.5677    347.8982
     2085.1445    897.5922   1183.4055
      526.6343   1091.9291   1073.2139
      663.4365    568.7723   1448.9255
     1127.0299   2211.9448   1520.5648
     2259.6711   1039.0449   2125.2080
     1075.9384    521.4421   1215.8939
     1473.9908   1368.8538    383.6923
      404.5221    879.2285   1030.8889
     1452.7789   1566.7856    902.0651
      620.6846    680.8286   1693.4452
      255.4601   1603.1842    563.0680
     1925.1523   1250.7275    434.6992
     1738.1250   1378.6161    501.8870
      329.5026    494.1046    636.5637
     1753.2939      6.9997    783.2421
     1007.3529    446.3196    152.7782
      911.3471   2086.8801   1451.5004
     1979.1556    433.7898   1256.8965
     1967.3607    138.6302   2036.6525
      598.5438   1628.0465    993.6845
     2212.8982    266.0981    363.5667
      101.7459   1460.6461    438.5364
     1314.8434   1548.9518   2236.1697
     2088.1211   1015.1517   1960.4868
      396.6225    644.0438   1091.9327
     1950.2241    357.5418    551.8417
     1552.7379   2118.0938    972.9454
       11.0341   1242.5110    782.6613
       87.1845   2108.2324    165.7210
      332.9096   1565.0906   1860.8810
     1820.7385   1630.2484    288.9058
     1063.6101   1484.0764   1927.3624
      467.1488   1455.2461   2014.3040
      192.5228   2155.8103    378.1740
      554.1049    304.8666     66.5128
      296.3709    641.6231    880.0406
     1874.5256    554.6395   1992.8604
     1980.7377    567.2496   1496.9492
      519.0995   1047.3127   2064.9624
      145.0833    437.3484   1043.6000
     1565.0498   2149.3245    710.2623
      466.2131    903.4026   1665.8646
      135.3890      0.7373   1016.0268
      760.2380   2196.6853   1309.5408
     1088.0048    394.8518    509.7434
     1103.3887    229.7062    326.8207
     1284.5656    363.1496    236.3100
     2166.5010   1168.9031   1217.4449
     1769.5469   1184.6543   1287.3776
     1983.9152    321.1433   1060.1489
     1696.9656    888.3487   1625.2910
       48.7171   1221.6614    507.7612
     2017.5001   1852.3304    177.4467
      850.6702    488.5590    621.7565
      998.6596    822.8505    427.5479
        2.1707    916.7468   1625.5355
     1848.8451   1963.2622   2261.3716
     1171.8042    536.2035    959.2825
      832.1583    626.9111    201.4831
     1399.1926   1371.0248   1518.5458
     1663.5764   1195.5665    343.6107
     1606.0450   1699.7301   1300.2408
     1789.8184   1218.6112   1038.1324
     2200.9666   1849.7852    969.2111
     1460.0079    850.2428   1661.4530
     1052.5295   1831.6230    871.3271
     1732.2899   2261.9524   1288.5554
      630.4034   1141.9072   1287.2177
      847.1536    821.4556     63.0889
     1767.0723   2260.6335    332.2574
     1659.1742   1904.1300   1405.9242
     1693.2931    807.5587    822.0444
      754.7969   2201.1528    136.2539
      433.1906   1371.8777    204.5730
      835.5269    264.2328   1028.6808
     1921.0729   2008.5227    639.3284
      523.7991    289.5054   1548.9220
