      933.0716   2262.6096    170.1513
      890.2485   1414.1774    978.1393
      875.9605   1856.0922    172.7602
     1026.7300   1096.9539   1758.2026
      560.2761   1728.2456    787.2892
      774.2899    618.9055   1082.4614
     1863.2767   1453.8777   1018.0734
     1246.8499   1935.6656   1182.0300
     1327.5800    194.4983    793.6250
     1202.3252   2104.2227   2215.9006
      439.0081   1536.9188   1504.7473
      826.0324    208.7444    122.9418
     1442.6268   2025.1924    367.5827
      783.6714   2138.4519    768.3415
     1398.5648    796.4606   1177.9427
        9.8328   1393.1182   2080.7839
      932.5787   1671.7173    472.4135
     1303.0264     98.2473   1549.2587
     2100.1069   1842.0885   2225.5151
     2054.6191    411.3749   2092.0273
     1101.9135   1748.0319   1220.4189
      660.0305   1851.6986   1680.8058
      114.1794   1194.9198   2159.1436
      898.0596   1413.4445   2054.9084
     1099.2285    755.9698    763.7037
      184.2682   2074.9480   1702.5913
      516.0750   1340.5129    698.6105
     1408.3168   2190.3035   1644.9252
     1899.5825   2010.5328      4.0086
     1998.6658    384.7442    287.5785
      809.9867    964.5247    524.1022
      178.3616   1051.3969    715.8122
      505.7095    132.5022    639.0283
     1692.1582   1633.4757    917.0089
     1222.1719    770.0673   1796.5079
      688.9141    106.8808    747.1166
      755.6098   2135.2979   2127.6653
     1253.8820    396.2148   1524.1527
     2013.5729     25.3109    324.8784
     1435.3727   1992.3463   2199.7649
      293.4659   1410.6378   1316.4092
      296.1870    351.9948    355.5945
      450.9044    336.2227    776.3536
      477.6198   1956.3781    771.1228
     2077.3684    193.7513   1237.0110
     1801.4520    182.1308   1518.7200
     1135.0466     96.2676   1179.6472
     1291.1749   1404.5345    766.5944
       25.4610    746.1205   1801.0620
      895.6240   1250.5414   2186.9951
      652.7636    914.5897    850.1375
      970.1958   1427.7798    353.0841
      453.8754   1306.5048   1535.1094
     1553.8540    951.6655    190.2961
      571.2006   2258.9883   1645.3745
     1549.5237    683.5812   1410.7275
     1752.3278   1437.7721    760.4678
     1224.7109    236.1387     81.5598
     1429.6906   1785.1395    459.6322
     1572.6008    710.3446   1665.9962
     2227.5054   2075.7151    391.4019
     2086.0090    470.6639    743.5838
       11.0554    320.2893   1806.3192
       42.5700    548.7285    714.8079
     2216.2295    874.6092    391.7034
      585.2566   1421.6389   1102.6467
     1358.5460   1102.5482    435.2125
     1418.4071   1552.6870    355.7355
      859.5649    263.6438    639.4159
     1178.8420    597.9358   1434.7145
     1074.7634   1342.1356    735.5259
     1949.4648   1971.5259   1898.6122
     1312.7921   1007.0366   1204.2087
      228.7537   1392.0526   1944.1031
     1579.5311    454.9406   1410.8333
      171.8729    175.7153   1947.5240
      645.9217   1799.8627    120.1551
      296.1165     67.5229    965.3011
      986.2858    481.3866   2081.2595
     1519.5205   1756.7136    692.9844
     2168.1257   1432.0017    727.9092
      666.5934    912.1102   1106.6956
      730.7935   1916.9775    694.4928
     1393.6650    870.6486    374.3589
     1688.5029   1388.6599   1657.4576
      565.3154   2221.5210   1366.4822
      425.7880    732.3633     17.7413
     1415.6038   1732.8733   1471.1394
      777.2875   1774.3639   1309.2725
     1180.5630    418.6035     12.0878
       33.6840   1381.2225   1833.9165
     1998.3540     77.9748   1555.6090
      244.7643   1651.8834   1003.6653
     1212.7876   1633.0293   2063.3157
     1704.1094    370.6322     69.0064
      831.7775   2122.1628    535.7119
     1290.8254    343.7763    398.1088
       36.8069   1184.9779   1646.6279
       89.6872    144.5947    581.1573
      239.1682   1773.1301   1985.4199
     1780.2319   1220.1925   2205.3025
     1949.7543    991.6563   1055.9705
      628.2479   1465.8882    877.0573
     1523.9980    741.6342   2162.9609
     1819.2620   2209.5562   1534.3236
       86.8818   1465.5709    889.1639
     1345.7357    305.6470   1717.9684
     1701.2960   1882.9413    600.9619
      211.0107    716.2995   1683.2003
      247.6125    897.9824    875.5887
     1487.8579   1308.0717   1653.9977
     1486.2260      4.8914   1328.5242
      184.8823   1664.1300   1248.2416
     2134.6128    624.2911   2194.6555
       82.1120    382.9266    485.2776
       21.3830   1833.1832   1248.1389
     1210.7271    556.1979    449.5173
     1739.7345   1938.5459   1630.3243
      945.6489   2171.4023   1641.6858
     2254.3894    955.3431   1394.1384
     1890.8204   2070.0662   1214.4574
      556.9158   1067.5627    635.5416
      289.9974    285.6078    565.6780
     1138.2086    889.8596   1267.2340
     1931.2260    206.8787   1810.5211
     1612.2848   2090.7344   1434.9515
      159.9789    650.3587   1072.2385
     2163.0986    241.7785   2225.8665
     1531.7423    922.2048    848.6436
     1851.6312   1006.5014   1815.7655
      809.1627   2057.7324   1062.9019
      223.2212   1307.4535   1562.0951
        1.5124    141.9285    794.0779
     1938.1021   1594.7245    807.4784
      289.7143   2033.2056   2261.0225
     1121.0743   1771.4596    201.1713
      434.6695    329.7616   1197.6847
       11.9482     88.8430   1595.8821
      280.9750   1387.2371   1048.8070
      604.9911    361.5421   1340.2147
     1179.1287    179.3635   1372.6310
      611.2571    715.0909    351.8995
      566.8868   1629.0660    471.9911
      444.1564   1293.2821    904.4233
      773.2579   1501.5544    457.9230
     2015.4332   1795.1056   1385.9199
     1022.3704    678.0859    596.4395
      124.2284    177.9849    351.3883
      663.9726    891.8038    171.9978
     1840.9271   1408.1586   1835.3973
     1046.3552    677.5771   1641.8610
     1306.8300   1800.8187   1667.9833
      367.0965    346.6113   1485.3187
     2136.9351    211.5725    194.4639
      349.5939   2254.0034   1342.3173
      471.7820   1731.8243   2246.7371
        8.0723   1390.4685   1562.7043
      911.5268   1968.3185    872.7598
      848.8676   2076.2134   1924.7063
     2149.3689   1939.5750   2012.9115
      592.1577    836.1500   1855.5475
      472.4041    597.0540    753.1225
      368.2769   1728.7472   1375.2870
      490.6786   2245.5679    164.3109
     2109.2046    630.5683   1972.9384
     1775.1841    605.4069   1357.6980
     1960.0034    644.2882    626.1469
     1726.8655   1130.7579    152.3858
      472.2812   2232.2249    404.9320
     1465.0470    208.8528    537.2877
      693.9203   1279.8536    102.9819
     1613.1165    721.4671    338.5888
     1881.6500    450.5471    480.9922
     1780.8516    785.8365   1526.6050
     1273.1519    910.8964    173.1254
      299.0942   1125.4354   1028.6388
     2078.6567    552.0808    168.2304
      937.6205    478.8026   1018.9963
      209.7113   1198.1862   1216.7812
      305.9207   1864.5858   1759.2517
     1256.3767   1607.7057   1047.1257
      195.7051   2206.6958   1509.9167
      329.1201   1583.5634   2097.8557
      813.5222    776.6370   1522.3488
     2191.1624    224.1794   1432.7804
      767.5657   2005.9497     65.4494
     2100.9988   1328.6163   1380.8014
     1022.5413    674.8011   1077.6313
      723.1606    666.9682    736.0134
      403.1512   1004.3188   1901.0077
      162.9016   1696.8391    315.5318
     1029.6168   1933.4385   1069.6453
      428.9268   1870.5068   2061.3477
      245.7884    958.1586   1353.7050
      752.7014   1265.3527    333.6378
      719.7646   1323.0363   1928.1373
     1330.9255   1322.4781   2023.2046
     1144.8964    364.4685    901.0898
     2260.0964   1193.7974   1938.7599
      939.3270    563.6041   1461.7374
     1405.3748    415.0449   1935.8239
        7.2501   1001.5316   1832.1586
      111.4987   2224.1643   1311.5358
      126.0535   1680.3385    100.8119
      182.0631   1014.8050   1998.0527
     1002.6309   1714.9874   1436.3722
      826.6241   1082.5018    741.7498
     1899.9216   1218.9307   1503.0854
     1426.5135   1862.7341   1092.6989
      452.8708    568.4289   1403.8892
     2118.1946    687.7441   1370.4650
     2261.6541   1750.9705   2086.2898
     1564.5142   1067.5642    395.9201
      785.7951   1544.8977   1414.1394
     2111.8489   2010.9493   1297.8291
     1374.1238    527.1184   1086.7803
     1822.5132    701.3127    442.7413
      560.0509   1400.6770   1358.3646
     1948.7671    370.0469     43.0982
      379.7967    421.2074   1691.9421
      441.7864   1866.2102   1573.7190
      712.9670    430.2875    164.3654
      724.8726   1326.7531   1472.4052
      165.7981    486.8298   1701.2112
      593.1603    711.9891    949.6410
      937.0863   1270.9823    175.7986
     1720.2305    759.8943   2067.4189
     2102.7847   1576.5782   2174.8689
      832.7846    776.2180    937.2573
     1067.5172     50.1420   2188.3096
      486.4705   1646.2095   1686.7368
     1775.0358    191.8246   2233.9333
      678.5930    631.6296   1844.3403
       13.6452    618.6463    930.7387
     2112.8535   1359.7504   1135.5095
     2129.5129    456.5388   1414.5680
     1829.0337   1740.2484   1559.7871
      304.4867   1216.6924   2043.3466
      225.9391    565.2784   1504.1138
      595.0794   2035.8319   1504.1711
     1552.4541    136.4478   2154.0930
     2128.2896   2245.1731     77.4454
      965.4278   1617.5110    207.1869
      817.0629   1006.7748   1804.9487
       52.0812    843.4221    985.8338
      149.3852    797.7878   1971.7397
     1762.5168   2202.7495   1072.4546
      219.1203    640.7240   2243.3857
     1662.8821    884.8923    528.2676
     1487.9606   1026.5729   1798.0436
      595.3250   1614.1368   1298.9210
     1076.2646   1046.1013   1095.0944
     1843.1945   1999.5839   1427.5718
     1615.2643    355.3205   2077.3799
     1645.6036   1897.7494    354.9810
     1404.1000   1300.1968    583.9886
      608.2015   1075.2897   1817.2566
     1097.5082    219.0988    727.8668
     1229.9003    198.5334   1887.6232
      784.1462    757.6603   1262.8773
      293.3412     20.3470   2232.2705
     1237.6277   1056.1320   1680.4761
      624.8746    393.0171   1781.6038
     1961.6565   1946.6741   1636.6172
     1785.3890   2076.2673    474.7273
     2084.2815    665.8701   1731.7627
     1133.0898   1592.3087    373.1028
      807.1540    238.9661   1977.3337
      715.2893    989.3648   1335.0742
      670.8125    280.6931    885.5233
      836.5813   1320.3075    776.6251
     2246.0898    418.1827    262.6602
      259.7670    176.6904    771.1028
     2083.6934   1228.6481    669.2075
      779.6229    115.6664   1672.2770
     2101.1978    948.4487   2250.3352
     1151.9358    435.3227    259.8050
     2223.9961     74.6834   2070.5208
      320.7934   2007.3815   1918.2272
     1360.0319   2113.0864   1439.5305
      206.9167    928.3499    275.3499
      668.7867    929.1084   1638.6941
     1044.0636    645.9326    188.9674
      385.2169    536.4904   1144.4756
     1252.4907   1922.2476     84.2572
     1123.1019   2254.2654    347.1555
     1833.4064    544.9979    244.2844
      363.4170   1406.9323    541.9077
      633.8367    817.2724    622.8226
      209.8025    938.4004   1771.2323
     1047.8376   1897.7202   2255.5940
     1215.5708   1189.5237    847.1349
     1701.1036    581.3504   2244.6885
     1501.6323   1522.3093   1590.9729
     1845.6133    932.8945    107.4455
     1752.7631   1036.4188   1176.0131
      131.7769   1944.8921    402.9680
      155.0496    299.8207    153.4871
      701.9326     62.9412    531.3660
     1294.3485    884.8849    792.0327
      249.3575   1907.6718   1286.9570
     1516.7037   1605.5950   1070.6300
     1443.9996    695.6431    528.3633
      881.5229    264.4119   1254.8345
      697.9333   2262.1843    992.0721
     2067.6194   1800.4170   1150.1204
      659.2415   1497.3732   1616.8829
     1407.5266    586.7448    329.5396
      619.7749   2025.8219    491.5779
     1649.4122    523.4473   1800.7273
      117.2204   1757.2137   1451.2910
      972.2715    952.6025   1390.3202
     1041.0677    368.8158   1396.0348
      120.4163   2238.6255    782.4207
     2039.3867   1732.3007   1639.2830
     1049.1035   2048.7051    216.6982
     2136.9429   1254.2871    927.3903
     1410.5413   2089.1926   1193.4811
     1015.1477   1545.6680   1628.9360
      466.2095    758.9792   1163.6843
      480.4208    475.9842    959.8480
     1287.8500   1804.4182    701.7921
      474.4247   2235.4487   1869.5404
      748.1901   2052.8606   1705.7571
     1587.3174    310.8420   1821.3458
     1642.4963    304.4119   1605.1991
     1201.7836   2220.2769    612.9476
      681.0037   1461.2354    659.4624
       94.9674   1018.4976   1176.4796
     1099.3540   1435.2633   2179.5793
     1181.1744   2262.6255   1705.9366
     1920.2412   1607.0298   1865.0314
     1455.9562   1962.0850   1567.9390
     1259.5394   1133.4313    220.9587
     1287.5663    632.0801     93.3728
     1033.9707    934.4716    608.7052
      597.7761    566.2797   1207.2274
     1508.8468    362.2148    356.2004
      983.5754   1534.5649   1290.6869
     1584.4163   1341.8910   1419.7257
     1365.2153    434.3591    861.3293
      217.0086    998.6827   1571.6088
      443.6678   1592.2421    944.5170
      882.9160   1429.9791   1774.6733
       34.6532   1925.4978     30.8087
     1714.7573   1612.0710   1703.4470
     1599.4093   1823.2155   1866.0125
     2202.1816   1525.5680    257.2109
      228.0167   1797.4991   2208.3540
     1723.4673   1205.1638    852.1053
      453.4037   1266.9796   1179.4846
      672.4956    187.6870   1181.0294
     1033.7712   1132.8683    699.2921
       64.0873   1878.6111   1662.5873
     1397.0111   1053.0099     38.6378
     1352.5775    800.5198   1393.4680
      672.7018    268.5379    503.6939
       93.9708   1878.6859   1890.3020
     1511.7308    828.5717   1896.1281
      853.3141   2084.9299    292.6973
     2076.1643   1121.4269   1747.7543
     1863.3967    840.6399    633.3616
      977.4988    127.9795   1796.7969
     1380.6495    540.5043   1336.6869
     2260.2844   1647.3778   1580.5095
     2221.2776    305.1128    656.6319
     1306.7361   1414.2799   1794.4905
     2116.7009   1512.3656   1722.1211
     1590.8788    137.8292    376.5969
     2030.4354   1324.7794   1642.6135
      743.6171   2210.0925   1508.9706
      560.1696   1601.1033    195.8117
     2017.0183    491.2605   1003.4481
     2225.1467    396.7887    898.6828
     1918.1116   2021.1873    294.8080
       57.0232    541.6313   1308.6595
      426.9394    330.0064   2009.6221
     1849.6887   1013.6585   2137.6174
      844.5088   1800.2498   1104.0968
     1896.1327    564.3970   1819.0103
      182.7118   1465.9727    201.2143
     2052.2556   1666.1820    362.1991
      639.6168    641.5378     15.6245
      239.5407    615.4463   1885.0809
     1478.2081   1977.1704    592.3256
     1815.3525    401.1374   2130.4575
     1668.9764   1005.8964   1970.9001
     1768.8479   1427.4410   2231.9351
      875.0186    827.1334    731.3818
     1256.6000   1362.8512    385.5903
     1564.3738   2169.2888    471.1273
      416.7337   1546.5897   1174.4963
     1659.4376   1475.9309    311.1291
      974.9776    606.0005   1828.2495
     1882.7595   1834.9370    437.3906
      340.4325   1734.2351    744.0647
     2096.9189    453.8797   1640.2507
     1896.0214    636.1260    825.3348
     1849.5784   1211.9658   1732.7344
      919.4142   1240.8865   1899.9004
      255.3932   2247.7261   1779.3873
     1580.0366   1783.2738   1619.1719
     2160.2207    590.4675   1158.6229
     1024.3826    260.4103   2244.5935
      262.0588   1695.8295   1614.7552
     1895.8303   1519.2123   1639.0267
      614.4767   2023.3401    232.5151
       49.2540    782.6303   1234.8788
     2132.1506    489.3566    499.6962
     2248.2268   1401.4972     43.9664
     1651.0792    940.7940   2213.7942
     1721.5710    985.6384    938.6913
     1400.9387    332.0090   2156.7720
     1199.4924   2107.4509   1023.2776
      287.6702   1275.9987    367.1435
     1689.5288    309.0902    521.6626
     1945.2028   1121.7455    839.5428
     1672.0233    530.0580    438.9048
      213.1968   1918.1617    199.5993
     1825.4812   2041.3414   2064.4568
     1032.8541   1319.1348   1151.8425
      705.5007    860.6508   2189.5999
     2186.9570   2189.7690    922.2947
       77.6407   1500.7379   1137.5758
     1765.6844    337.8889    292.2637
      711.3893    519.2014    873.4973
      103.8366   1555.6627   2197.7791
     2220.4685   1189.0632     67.1346
     1380.4042     90.4371     28.1498
     1922.3480   1380.4491   1255.1034
     2244.9849   2125.3364   1602.3625
     1514.8007   1526.1088    610.1724
       93.7154   2193.1523   2210.1475
     1192.6964   1863.0562   1444.5006
      440.5169   1246.7590   1845.0096
     1356.4742   1720.4122      1.6893
     1048.6565   2107.6487   1839.9237
     1555.4650   1314.1864    775.1521
     1789.3584    397.3276   1426.1963
     1785.8203    469.0514    693.1102
      975.4037    531.8504    399.3997
     1540.4336   1944.2552    823.8277
       85.3797     73.8854    128.8181
     1900.8560    612.7896     30.2294
     1737.8041    162.0796    952.7349
      112.6665   1568.1953   1960.6627
     1228.2245   1856.0597   2129.1782
     2151.5559   1701.0560    849.5443
      633.6369   1174.1487    806.5951
     1948.0548    670.8925   1187.3181
      395.9719   2039.1248   1369.6007
      347.8638   1738.4178    198.1069
     2015.5333   2092.0271    494.6731
     1831.4404   2262.1804   1931.9661
     1763.2913   1622.9487   1118.4210
     1949.8213   1471.2068    605.0522
      388.4634   1769.2529   1145.6868
      354.1019    589.3859   2074.6292
      380.1855   1537.4567    335.2754
     1127.7811   2036.2905   1338.8966
     1854.2382    193.5668   1286.7391
     1427.9298    621.9957   1824.5095
      827.1856    454.9244   1911.8971
     1528.5303    244.5408    121.3271
      233.0409    858.2098      1.4093
      640.8563    378.5888   1085.7996
     1354.1407   2111.8772    765.6066
      446.8091    993.3146   1261.5682
      596.8407   1144.4999   1548.2185
     2088.1675   2116.6760    721.0129
     1980.6710   1771.4435   2029.8953
      476.7230    984.3325   1487.7144
      764.6640    620.2057   2058.6763
      806.4776   1879.6991   1505.8785
      360.8287    249.3282      3.2836
      499.4696    206.4799    991.3265
     1789.2911    580.4492   1018.9803
     1854.1351   1586.2253   2096.1245
     1045.3748   1131.6111   1524.4406
     1285.7308   1261.1538     12.6226
      807.6007    546.6562   1658.2289
      661.3858    398.3890    704.5399
     2014.6138    251.6550    866.4404
      310.6959    159.7796   1179.0348
      963.0505   1896.7629   1305.9049
     2028.2843   2110.3777   1526.4902
       61.8133   1377.6138   1329.8203
     1708.5576    757.3201    114.2489
       52.1371   1276.8593   1069.5624
     2141.5439    783.8156    588.9693
     1545.3080    905.6940   1508.5061
       80.8815    386.1781   1511.7246
      913.5277    346.9948    833.7239
     1454.8761    172.7624   1938.6394
     1342.5920    634.2967   1589.8258
      680.6478   1050.8108    375.0685
     1806.5253    819.5629   1070.3055
      903.9176   1766.6390    790.9168
     1753.5010    440.0164   1178.5757
     1812.3479    413.3979    904.4399
     2065.3892   2151.7466   1965.0682
      451.8652   2113.2090   2073.8687
      592.8140    464.3695   1560.0886
      108.8866   1063.4729    933.2777
     1254.6141   1066.6923   2114.5190
     2134.9856   1450.6859    470.0225
       56.1216   1323.9016    312.3204
     1101.3990   1227.7833    326.2992
     1007.7103   2120.6499    710.2832
     1740.3818    107.6304   1719.2638
     1492.0948    501.8311   1623.0181
      160.6087   1324.1584    642.0734
     1650.1063   1628.9861   1451.0151
      204.0719   1199.3540   1801.3870
     1252.2897   2205.2798   1271.2522
     1343.0369   2216.2017    417.7624
     1927.4349   1785.3458    684.6468
     1861.2178   1639.2772    536.5095
      183.2449    227.5356   1642.8425
     1756.6611   1819.3853   2044.1046
     2035.9347     64.0630    767.1650
     1948.3859   1384.1791   2068.0364
      833.9281   1058.5948    153.3674
      369.7748    100.0153   1580.0645
      168.9784    372.0371    746.1776
      758.6636   1471.1123    191.1748
     2106.1482   2049.1526    197.5948
      927.6677   1369.1393   1492.9642
     1012.8348   1955.5751   1585.2192
     1008.3665   1619.7258   1073.4227
      251.7226    700.7406    417.7282
     1171.2397    825.8489   1524.3674
     1704.4065   2088.9670    192.8249
      431.8515    863.7912    226.8043
      644.0031     18.9315   2015.5072
     2114.4070     73.7962    539.1487
      958.5028   1621.8593   2086.6599
     1652.9479   2008.8401   1215.6265
     1871.8295   1945.7606   1043.9225
     1469.3534    939.9083    608.3334
      465.5353    544.5194   1865.7666
       57.2946    827.0056    729.1221
      357.5550   1548.0504     76.9707
     1308.9132   1582.8661    581.3239
      624.4804   2006.1584   1936.5708
      695.8574   1621.3096   1808.8662
     1053.4313   1001.9793    212.3887
     1248.8096   1036.3051    634.5459
     1889.2372    768.1395   1711.2885
     1504.6389    993.5620   1314.8787
     1082.3116   1764.0314   1657.6077
     1103.1093   1791.7773    927.2268
        8.3869   1739.9318    460.5897
     1231.3986   2006.7795    347.9704
      326.1612    932.7197    597.9812
      903.6766   1513.7067    664.8376
     1697.1772   2085.6931    898.7976
     1489.4639   1535.9418    100.5594
      109.4603   1771.4478    838.6070
      462.8485   1241.0765      4.9534
      131.4767    188.3841   2187.7629
      707.1055   1344.7119   2144.2373
      230.8296    376.1915   1290.7280
      828.5251   1223.0829   1678.1288
      183.2838   2072.6042    585.3036
      652.2202    164.7623    292.9285
     1758.8862   2238.1211   2154.6501
     1768.7163   1876.5057    849.6418
     2186.6045      4.5627   1400.7854
     2039.7657   1903.8384    845.0015
      606.9269    578.6373    554.6921
      500.2495    172.0358   1382.9330
     2103.1216    758.4195    122.7892
     1558.5173   1174.2030   2245.5178
      120.3927    778.2908   1469.0935
     1062.3158    952.7100    856.4773
      271.2645   2159.3950   1165.2405
     2048.4673   1555.9987   1444.4100
     2146.9854   1994.8944   1756.3146
     1670.1193    825.6103   1261.0490
       50.8028   1089.1750    269.9137
     1989.7007    295.0557   1486.7567
     1563.5664    288.8771    740.8469
      333.2028   1040.3668   2193.9062
      602.9973   2096.3853   1132.7648
     1750.3593    932.1369    325.3852
      360.6333    829.9910   2083.5840
       61.7374    589.2023    105.1456
        9.6581   2195.5635    593.5237
      810.7992    708.3326    499.6161
     1308.4078   2022.7749   2007.5548
      223.3831   2226.6914   2016.6863
     1334.9187    580.5441   2140.1777
       44.2416    639.3030    522.5201
     1412.1584   1133.9993    758.1887
     1272.3109   1222.7484   1094.8368
     1370.2014   1210.9592   1341.7069
     1955.2122     44.1931   1058.8347
     1278.4462    967.8038   1908.8246
      385.3896   1071.0027    411.4317
     1475.5106    732.8760    136.2382
     1912.5417   2200.3218    129.7639
      846.2861    329.7343   1718.1151
       56.4656    558.5994   2065.6841
       75.4332   2026.3773   1402.0706
      837.4642   1683.2206   1626.9700
     1970.0764   1137.2050     56.1710
      895.2144   1004.4324   2221.5818
      275.9563    711.4537   1271.1066
      752.6494   1664.2598    293.7344
      520.2618   2033.6899   1747.5649
      805.6277   1064.3639   1529.2993
     1505.4668   1539.2299   1319.3195
     1571.0221   1199.2152   1206.3993
      376.3319    198.1212   1791.2651
      465.8995    829.8240    781.8867
     2151.7217    856.0752   1985.7421
     1675.2332    661.4623    629.3086
      990.1135    908.6677   1608.3035
      174.5986   1245.2886    152.4537
      945.3036   1892.7427    609.4082
     1307.8048     50.4157   1027.2542
     1702.6884   1648.7841    692.7866
      429.2931    638.3428   1648.4033
     1637.8274   1696.7947    457.2803
      729.5976   1558.4802   2028.5699
     1874.6951    396.3232   1653.1583
     2262.7666    627.6453   1595.1919
     1195.9160   2242.2095    827.8680
      756.2053   1809.2448   1945.4835
      403.8601   2012.8284    333.6033
      147.3665    866.1356    489.7544
      545.7146   1463.8186   2260.8735
     1536.6720    953.4955   1087.4211
     1692.5349   1427.1890   1231.0979
     1159.4232   1636.3486   1831.5255
      393.1160   2113.1587   1602.9532
     1615.8723   1402.3097   1008.0249
     1914.7902    834.4643   1354.6182
      482.3179    398.9630    558.4631
     1746.8438    993.1808   1419.2854
     1205.0383   1787.6027    476.9325
     1307.6575   1023.2135    969.6678
     1421.9285   1386.8044   1193.1309
      754.4355    151.1006   1425.0845
      920.8795    104.7018    824.1127
     1966.1487   2230.2324   2140.5735
     1974.6896   1356.2462    840.4926
     2094.8569   1294.3429    246.1453
     1186.7996   1926.8567   1817.5328
      412.2483    560.1611    374.8911
     1528.1560   1404.6282   1862.4055
     1024.9539    243.0935   2023.8378
      441.3084    206.0736    405.7638
     1046.5873   2082.7090    472.3162
     1890.6360   1776.6704     10.7714
      569.4986   2163.3638    683.4679
     1500.0665   1946.5383    156.3697
      586.0615    190.0956   1850.6392
     1203.5938    416.0888   2028.2924
      236.2336   1934.5197   1529.9348
      939.8058   1289.1315    535.5535
     1820.2258   1829.3422   1238.9091
      910.6177   1474.2583     40.6837
     1040.8665   1818.7368   1973.3750
       17.3166   2007.0697    749.0707
      198.6024   1537.9105   1470.6155
      300.8440   1481.4568    780.9846
     1461.2756    478.6785    588.9869
      966.7762    168.3837   1533.1825
     1613.2725   1786.6440     10.1597
     1266.8262   1536.9569   1627.8333
      171.8493   1508.2535   1701.3777
      819.7778    477.9982   1256.4492
     2148.6960   2089.7119   2194.5852
      842.7781   1014.7077    954.3568
     1648.6412   1179.5803   1833.2242
      266.2697   1366.0492   2230.3770
      464.4058   1574.4944    647.8877
     1661.3303     85.7812    634.8677
      686.9424   2217.3867    333.6286
     1261.7422    166.8579   2098.4763
     1225.1459    510.3537   1759.4694
     1719.6749   1000.5003    725.3582
      428.7214   1839.7175    943.7604
     1503.5271    365.0625   1202.6649
     1533.9679     35.8315    850.3678
      407.1860   2084.9404    965.6803
     1154.4513    863.6478   2063.5129
     1864.6202     31.7068    552.9025
     2160.9312   1889.5431   1500.1924
     1712.1802   2022.6021   1853.2213
      533.9504   1666.2963   2020.4204
     1456.5229   1909.4036   1336.1144
      797.9509   1609.1740    905.1509
     1413.9744   1555.0596   1991.2504
     1807.3036   1069.9991    510.0672
     1980.8502   1197.7906   1102.0551
      164.0281   1095.5004    480.5638
     1603.1287   1185.1265    587.2836
      802.0532   1572.2539   1164.1274
      843.0759   1126.6770   1160.2548
      866.9491    603.1824   2262.2104
      561.2675    776.1459   1380.0656
     1097.4636    622.2161   2218.8157
     2087.5601    841.5248   1541.6981
     1334.8522    747.4016   1997.9253
     2228.6882     36.4418    335.5937
       16.1486    409.2562   2251.8179
     1272.2570   1997.5608    582.6468
     1984.8374   1028.8501    642.6622
      773.5485    366.4777   2195.2737
      219.7266   1263.2136    861.4783
     1120.5232   1030.1760    421.2475
      637.2943   1885.6180   2158.0115
      543.7703   2068.7888     10.8825
      548.5206    712.4593   2059.9241
     1332.0393   2207.7354   1862.6549
       93.8713   1601.0382    663.7947
     1136.2240    219.6422   1658.1093
      414.0580    725.0125    534.8610
      910.7355   1112.2628    387.6688
       26.1055   2121.3298   1928.7217
     2257.5034   1830.4463    241.5142
     1187.1445   1190.9269   1872.4976
     1807.7552   1435.3507   1461.9756
      336.4182    145.6886    208.6239
     1846.5468   1609.3831   1341.5138
     1968.4208    130.3538   2262.0918
      357.7257   1179.6281    629.0511
     1011.3843   2133.5254   1171.8517
     1212.7123    652.7803   1215.3104
       43.0993    860.0653    179.7359
     2166.7410   2244.0684   1182.2034
     1141.9988   1407.8202    978.5857
     2258.8960    673.3498    307.9893
      553.3020   1127.7507    215.5282
      848.6584    869.0003    327.3722
      590.7429    232.9152   2125.2478
       37.9877   2048.8264   1157.4976
      183.6239    516.6227    289.7477
      943.6991      7.8419   1997.2150
     1399.6421    165.4593   1233.1210
      606.8156    438.5455   2030.9596
     1234.5408    822.3717    539.9154
     2078.7344   2053.1882   1072.7976
     1578.4470     58.2158   1524.0254
     1030.4847    870.0621   1851.0166
     1301.1919    295.1359   1038.3757
     1691.7269     84.3379    126.7263
      899.8739   1873.6849   1786.7915
     1348.9738   2133.6069    156.2136
     1632.2881   1345.2938    126.0288
       26.5006    805.0989   2181.7600
     2108.6213   1905.0752    427.3205
     1852.7097   1202.1586   1964.8965
     1901.8685   1107.8147    302.4680
     1455.9508   2021.2858   1803.4182
     1438.4602    277.0974   1485.9363
      750.1245   1870.6973    404.3025
     1915.5524   1734.5298    968.3295
      514.1418   1802.7308    342.9845
      209.1118   1895.7079   1043.2662
      750.5455   1263.9290    995.9480
     1141.1324   1972.6559    781.1081
      521.2751     32.3069   2212.2861
     1258.8822    587.2905    690.0237
      867.1863   1923.7543   2130.3015
     2043.4133   1379.8224     28.5551
      769.2485   1087.8164   2020.8411
      786.9689   1354.4015   1224.2036
     1954.6163   1065.6272   1317.5293
     1002.1502   1203.6792    949.6688
     1506.4181    225.8625    979.1052
     1246.5200    365.2773   1257.5150
       41.2149     37.0461   1805.0863
      701.3219   1843.9165    907.8584
     1140.5836   1182.2411   1306.2510
     1664.9495   1137.1476   1572.7523
     2169.4373    348.6509   1120.4739
     1561.7927    529.8113    802.0244
     1629.3499   2145.0271   1669.8485
      621.2247   2068.7673    910.5286
      546.0101   1230.9860    449.5682
      621.8658   1300.1407   1708.4932
     1186.9108   1264.9628    577.6797
     1456.2452    697.0329    751.8738
      249.9607   1975.2550    773.1703
      915.9193     68.9607   1077.8572
     2053.9180    428.8182   1881.2537
     1454.9340    963.8605   2100.1338
     1616.6754    214.3918   1363.3815
      283.2455     56.7897    565.5904
     1157.5436    837.0685   1049.4305
      142.8342   2082.9565    943.9139
     1223.9222   1612.7603   1401.9275
     1207.6587   1463.5637   1234.9213
     2147.9417    140.7902   1020.4192
     1045.0239    426.6761   1612.8945
     1980.2783    892.8036    448.9263
      523.7128    897.7515    430.3105
      227.6227    392.2253   1901.7776
     2144.4656   1510.3236    960.1660
     1574.4886   2055.6436   2029.5176
     1461.7383   1650.1219   1778.6945
     1673.0201   1605.7782   1927.7141
      124.3192   1837.2994    634.3750
     1426.4949     16.9514    630.0314
     1097.3688   1233.0520   2069.5923
     1377.8000   1383.3430    978.7368
     1266.1105    354.8646    627.5695
      379.7368   1132.8223   1660.6194
     2024.0953   1589.4862   1183.2775
      954.4361     72.1039   1337.4982
      949.2059    579.5498    807.7621
      496.5744    961.3651     23.4972
      405.8481   2087.5010    559.0366
      167.6536   2004.3446   2085.0427
     1862.4083   1231.0312    656.8779
      686.9465   1101.2258   2220.1072
     1264.8118   1004.3174   1443.5602
      433.8044   1912.4219    111.1283
      762.8726      1.5538   1844.1725
      316.6338    333.7804    984.0385
      858.5403   1732.0978   2261.5610
     1116.9528   1390.6455    146.5274
     1251.3306   1576.7284    163.1275
     1339.2373   1783.8837   1910.4757
     1942.3287    791.3672   2172.2925
     1701.3873    182.5627   1981.1156
     1229.6324   2052.4656   1637.7268
     1089.7738    149.4781    959.5478
     1777.9531   1876.9082    200.3109
     1338.4530    820.5600   2225.3569
     2062.0664    661.9684    373.2171
     2140.5923   1106.2345    429.1369
     1266.1139   1253.6066   1560.8778
     1515.5974   1178.8254   2043.1808
     1085.4070   1301.8085   1698.7734
       88.3170   1146.2421   1418.1810
     1355.7808   1361.9974    191.9611
      556.1088   1877.9611   1332.0652
      341.8071   1160.9744   1389.3114
     2096.5876   2249.5686   1741.8331
     1726.9818    744.7401   1841.3567
      510.5280    596.2946    181.6376
      339.9307   1087.4067    167.3671
     2220.4028   1614.1963   1324.9377
     1402.1895   1211.1591   1835.1376
     1109.1396   1656.9879      5.1637
        0.4006    540.8582   1864.9720
     1170.6085   2260.2693    127.1345
     1303.9851   1933.7607    922.3422
      972.2885     24.6978    580.6301
      814.4641    134.0863   2168.6833
     1876.3888    162.4019    205.9481
     1734.0249    576.4848   1598.8280
     1037.8846    371.4951   1833.0200
      489.9136     21.6767    873.1671
     1562.0647   2189.7788   2255.8569
      936.0078   1642.0094   1859.6071
     1327.0885   1698.4099   1234.5601
     1590.4095    436.4086    993.2607
     1721.4182   1609.8068     99.2986
     1647.4369   1864.4608   1036.7432
      500.5987    363.3166    254.4078
     2076.3369    889.6380   1772.7717
     1086.1285    868.8001     17.5241
     1007.7847   1879.4727    376.1859
      964.9117    738.5599   2090.0598
      425.5736   1079.5159    825.8344
      270.2856    893.5262   1125.0323
     1375.9769   2219.6311   2099.1636
     1938.0220   1571.3525    109.7365
      329.4052   1860.9807    526.3954
      874.2844    323.7983    349.1209
       81.0546   1681.2466   1786.7382
      277.5503    707.8581    193.7378
     1524.2949   1150.0918    962.6248
     2125.1091    238.0705   1679.8414
     1151.1218    614.1907   1956.6383
     2119.7876    711.9796    798.3508
     1200.9141    147.5367    502.6320
     1927.8854    857.9585    853.1004
     1487.7382   1176.9458    229.2298
      993.4811   2176.6956    943.4185
       69.4899    219.9377   1230.9669
     1327.1952    154.3732    285.4284
      794.3198    354.4219   1490.4010
      250.0610    397.9627   2138.6765
      111.9077   1022.7505     17.3525
     1610.2367    514.2490    215.4993
      326.5765   2171.5288    755.9276
      559.3954   1436.0913    366.5547
     1083.5142   1116.1018     24.4017
     1434.7733   1746.4412    904.5281
      386.6468    767.0443   1847.4813
     1127.4028   1401.3544   1437.9739
     1563.9890     23.6811   1098.2423
      119.1530    246.3626    979.3358
     1066.7917    459.8813    640.8617
     1215.0981    736.6716    293.5387
        0.5045   1694.1516   1054.5468
     1242.4974   1610.5472    813.1085
      729.2371   2010.3047   1300.5442
      759.4862   1698.8165    615.1024
      879.1113    109.7199    376.8009
      954.1851   2123.1880      7.9152
     1522.0033   2230.8767    237.5984
     1671.0602    197.2233   1160.6902
      686.2365    452.2046    386.1830
     1597.0626    725.9693   1014.0797
      391.9022    116.2413   2033.3329
     1004.4977   1042.2070   2015.7496
     1501.2346   1390.6456   2162.9133
      549.4465   1472.8157   1876.2577
     1883.7444    196.6115    424.4211
      263.5565    727.6077    719.3110
        9.1853    324.6130   2028.5868
     2155.1519   1668.6188    102.3088
     1595.7782   2248.0146   1899.2668
     2082.4695   1316.2085   1881.8993
     2092.9883    766.5461   1017.1476
     1946.2987   2117.2544    892.0161
      300.4019   2158.0732    186.0974
     2127.1111    158.6957   1901.5403
     1103.7634   1478.7667    568.3111
     1830.5868   1815.5875   1820.9556
     1802.9133    239.1124    750.0970
     2122.8533    943.4200    825.3328
     2134.6528   1555.7642   1947.0339
      493.5384     31.3051   1150.8552
      413.5584   1977.6605   1158.1609
     1787.4102    394.0316   1896.8975
     2100.0295   1656.9288    593.9612
     2144.3213   1769.5675   1847.2682
      538.1741   1184.3879   2038.5724
      365.8718   1436.2426   1738.9447
     1050.3003   2049.8057   2065.8506
     1977.6587   2248.9409   1328.2081
      181.7488    185.6799   1433.5179
     1572.1971    579.0384   2027.7429
     1164.4073   2259.2856   1982.8151
     1920.4366    776.3683    244.6241
     1477.8093    125.1688   1720.6484
      820.1256    842.6846   1972.0571
      939.3427    871.6996   1137.2612
     2093.9619   1225.8226   2130.9028
     2167.5464   1048.9154   1038.4506
     1449.4219   1110.4614   1544.3115
     2124.2769   1128.3110   1516.7296
      702.1052   1606.4272   2237.3984
     1904.0708   2143.5056   1745.9275
      824.9503    783.5293   1755.9915
      735.6473   1226.0594    577.4827
     1692.4015   1382.5067   2023.4939
     1560.6096   1719.1615    232.8572
     1029.2491   1574.6530    842.5958
     1460.6666   1801.0679   2081.1267
      534.7291   1821.9430   1867.6074
     1579.7092    598.5612   1206.8743
      503.8369    452.1406   2250.7834
      356.3097    789.3758   1491.5898
     1355.5872   1770.5521    251.9441
     1915.7411   1002.6025   1580.6624
      903.7625   1198.3470   1351.7849
     1363.7534    714.8142    942.2038
      316.5470    467.3090    128.8636
     1594.0403   1611.6179   2149.9504
      559.0386   1843.0233    581.0108
     2078.8894    983.6476    219.6999
      992.4246    714.4608   1312.7078
      634.4181   1859.2655   1126.4910
     1070.9685    303.9192   1114.3438
     1918.0245    829.4960   1943.2899
     1865.6501   1342.0033    176.1518
     1485.6438    493.8231      5.7208
     2217.3477    997.6871    642.7211
      631.4155   1701.2532   1512.5494
     2140.4373   1874.2135    639.1930
     1916.0585   1479.5642    340.2537
     2102.0449    900.2060   1226.7770
      581.8350   1119.1392   1048.2059
      696.9485    583.6008   1419.8467
     1100.0674   2223.9126   1463.1239
     2221.7920   1045.8196   2109.9238
     1061.6317    502.8649   1226.3236
     1494.5739   1347.1090    385.0050
      464.6656    941.9362   1000.0178
     1483.7676   1523.9044    836.8137
      621.5782    705.4723   1606.2740
      277.3266   1647.8345    526.9445
     1963.4187   1287.8043    465.3353
     1711.3484   1397.2295    536.6704
      293.5247    529.4579    595.0028
     1801.9854     10.4233    794.1871
      956.2374    411.8001    130.8937
      909.6890   2099.4312   1389.8525
     1964.5300    441.9782   1266.9835
     1935.3278    206.0836   2039.1885
      622.4803   1645.3732   1059.4419
     2130.8733    251.4103    408.2625
       96.7073   1519.0231    468.5857
     1319.6179   1478.8295   2204.4717
     2021.3416   1072.7231   1973.4640
      362.7637    732.4178    944.1783
     1992.2385    272.9023    613.6742
     1472.4247   2109.2390    982.3750
       14.6442   1212.8259    773.2127
       75.8843   2125.3896    171.2461
      353.8309   1626.8818   1858.0585
     1818.7937   1664.0554    287.3667
     1085.9021   1434.6981   1922.9445
      432.1266   1392.3430   2068.9148
      202.7444   2197.1431    394.5856
      567.1444    217.9368    103.7555
      252.6283    553.6018    864.6711
     1877.9918    601.8514   2053.2710
     1962.2935    594.3356   1493.9385
      573.6057    952.1589   2048.5552
      104.1471    449.5663   1082.6204
     1646.2042   2138.0706    677.5385
      443.3072    901.7168   1688.8428
       95.4339     18.5423   1076.8904
      764.4283   2242.8389   1240.0519
     1056.3927    316.0325    466.2337
     1058.9548    197.7321    246.0358
     1362.1901    408.1520    182.5490
     2171.1108   1155.7712   1237.5978
     1779.3566   1213.6367   1329.6537
     1914.0765    296.8902   1075.3378
     1669.7677    926.1897   1693.4706
        3.1408   1257.1135    518.8866
     2019.0043   1833.9725    208.6919
      818.9396    492.1402    594.3843
     1039.0074    780.9943    400.3546
       21.7124    909.2573   1616.7712
     1672.2935   2005.6636   2248.6790
     1163.7338    584.8845    911.5712
      812.6391    642.8119    252.4359
     1363.1302   1407.6234   1440.7589
     1712.8558   1251.9697    358.3973
     1572.5127   1747.5107   1244.0845
     1769.6453   1259.4943   1070.2979
     2219.5876   1936.5399    952.8561
     1380.3572    883.2498   1654.8793
     1089.1331   1700.9890    655.2139
     1728.6317   2239.4287   1332.7483
      609.6436   1166.3527   1297.2130
      870.3055    803.2373     98.7366
     1757.6552   2252.5286    343.6161
     1673.5352   1849.1854   1429.9924
     1710.6257    760.6782    826.6543
      717.4619   2241.6426     87.3806
      429.7808   1327.6121    200.4631
      841.8718    257.4025   1009.7274
     1867.1451   2051.2617    693.2434
      577.2037    236.9955   1599.8679
