      892.5438   1805.5378    192.0441
      666.9709   1108.4202    533.5563
     1109.4088   1687.5604     44.2809
     1347.2168    604.3001   2122.7986
      553.2806   1621.9806    963.9114
      267.3115    993.8297   1100.6100
     1644.5911   1364.4873    558.4388
     1710.4242   2222.7671    916.0079
     1454.1892     19.3615    850.9430
     1139.5597   1574.6592   2064.2561
      684.9441   1148.1108   1414.5402
      927.6367     90.6036     22.3654
     1689.9816   2229.4080    467.1249
      725.4573   2011.4358    778.0887
     1745.5822    390.2777   1150.1323
      139.2560    999.2668   1859.9010
      677.3497   1471.5024    742.8317
     1062.9313    482.2629   1537.1990
     2233.9685   1945.0409   2181.0220
     1938.8145    734.7756   1825.9463
     1549.3577   2256.8096   1161.2388
     1461.3735   1593.1652   1379.2332
      325.5412   1308.9690   2200.0461
     1257.8389   1896.8330   1830.8555
     1356.9280    668.5997    637.4753
      466.7000   2171.9976   1279.5514
     1195.9495   1190.0399   1212.6713
     1717.1652   2185.3823   1981.3826
     2063.2927   2024.0988    141.0199
     2221.7820    223.8483    320.8264
      500.4452    827.6005    461.9277
      165.6497    720.2928    402.6359
      679.5908    136.0090    802.1971
     1772.8104   1599.6063    656.9171
     1234.1672   1227.7872   1723.3002
      985.1246    410.2343    304.9835
      815.6578   2046.4120   2079.4060
      668.2660    391.4138   1933.2413
     1730.2892    213.8529    609.8576
     1353.0676   1873.1093   2086.9487
      435.6642    984.1767   1343.8634
      727.8752    302.4984    182.3421
      501.7072    422.9428    862.6900
      649.4482   1752.9061    593.6872
     2103.4475     83.6637   1423.8679
     1923.5421     31.3863   1751.3759
     1023.2927     18.2948   1080.6438
     1462.3265   1339.7568    803.2236
      361.8752    909.9764   1691.8800
      787.2191   1014.4252   2121.2861
      303.4269    881.1022    757.3265
      545.4527   1456.7673    165.4646
      792.1039   1450.9091   1752.3124
     1919.3811   1069.4653     81.5422
      617.4497   1739.0504   1541.5597
     1870.4893     63.4893   1160.3818
     1309.6979   1549.8422    614.8004
      392.7787    131.4863     63.7655
     1507.9810   1694.7677    518.6843
     1154.9545    257.5302   1761.7764
     2143.9087   1779.9010    401.1720
     2217.1052    955.8055    818.8945
      289.2194     78.3459   1735.0249
      140.3206    617.1761    748.5763
     2185.4651   1088.3245     28.3829
     1105.3153   1681.0179    785.3210
     1924.7723    928.2142    810.5504
     1398.3008   1226.8812     10.0413
      897.3006    537.0677    530.4981
     1687.6964    352.7305   1731.3713
      956.4259   1441.8245    852.6812
     1861.5286   1943.8883   1755.4016
     1418.2108   1243.6814   1383.7421
      161.3888   1063.8171   2127.0781
     2059.8408    253.6733   1093.1110
       43.4577    216.8459   1837.7826
      524.2061   1764.1774    198.1767
      922.6239    342.1170    770.8757
     1122.9014    739.1487   2126.9897
     1314.5068   1880.1421    587.7664
     2086.3586   1856.5098    704.4191
      573.4794    596.6756   1172.9130
      761.0330   1638.0332    414.5123
     1296.4177    644.1508    305.2208
     2113.7578   1414.1860   1519.4784
      661.2971   1910.4229   1087.4363
      245.3479    702.7941      4.0963
     1292.0852   1848.2587    947.1711
      984.3246   1672.8728   1536.1656
      979.3021    454.2169     46.3049
      275.6851   1349.0800   1144.5396
     2198.5217    274.5723   1642.3446
      400.7512   1863.2455    758.5390
     1251.8805   1396.7253   1883.4595
     1775.4738    400.0011      8.6460
     1078.9440   1992.9929    346.4627
     1142.7197     58.3711    236.3349
      218.9253    717.5381   1302.6357
       31.0566     13.7720    962.2485
      185.5287   1767.8624   1548.4839
     2139.9468   1603.9772   1744.2244
     1680.4896   1061.5430   1369.0782
      329.6263   1559.9490    281.7925
     1678.8978   1156.7935   2194.1482
     1555.3837   1894.1498   1032.0737
      108.7175   1744.2395    797.5884
     2000.2762    526.2456   2023.7136
     1713.3674   1846.5161    135.4698
      876.3937    731.0348   1615.1218
       74.1073    658.9648   1050.2081
     1306.6200    599.1476   1550.2646
     1320.5712    150.6414   1046.5608
      591.9256   1605.8676   1241.4325
     1720.8247    914.5011   1974.4020
       85.6395    459.1137    317.5097
      309.9774   1456.5103    877.8945
     1473.2335    437.5810    809.4256
     1886.2980   1821.0696   1507.0878
      810.3361   2163.8020   1766.6433
     2261.9275   1211.5967   1418.4188
     2257.3496   2030.5428    729.4454
       93.7943   1432.2579    104.4883
      371.5831    604.5360    601.9526
     1119.5790    919.0643   1162.8037
     1956.5721    377.4253   1726.5544
     1864.0177   1988.9302    622.4962
      293.2940    426.7675   1126.2201
     2062.6162    233.6031   2059.9587
     1719.3392    644.2549    749.9670
     1426.2452    874.7782   1761.1740
      939.9136   2236.9407    784.5226
      735.5019   1407.5469   1444.2648
        8.0642    377.0187   1310.0219
     1710.7550   1605.4677    954.4750
       44.6872   1842.5806   1958.9653
     1579.8838   1115.9841    280.5916
      769.0406    499.1935   1305.4731
      450.3138    343.6784   1735.1649
      567.2442   1037.6904   1057.3062
      939.4096    117.5395   1303.0936
      916.8890    969.0624   1386.0737
       20.4338    554.6236     56.5094
      902.2370   1552.3885    163.7747
      713.6824   1113.2556    843.3365
      413.7282   1117.5424    397.5603
     2030.9487   1552.0269    652.1782
      720.8005    271.2724    492.5600
      186.2584     10.8935    638.2970
      647.1017    877.7266    187.5656
     1862.3368   1446.3768   1804.5040
     1420.9847   1105.5812   1050.1415
     1599.0436   1904.1228   1945.5532
      578.9226     14.9237   1608.0935
     1834.0831    124.3532    225.6125
      866.8419   1752.7168    942.3997
     1015.6237   1822.2327   2024.4082
      515.5189   1309.7451   1238.7838
      985.2500   1873.7589    619.4409
     1128.2848   2176.0847   1769.3716
     2093.1179   2091.0032   1498.5354
      635.4738    730.0055   1846.0409
      364.5336    346.1043    314.6286
      316.1146   1625.0491   1199.0973
      396.5050   1963.3712     11.4387
     2024.6011    769.8074   2209.4175
     1562.2759    833.2852   1185.5476
     1245.6400   1027.2937    747.7791
     1256.5465   1452.9473    156.3265
      764.2015   1957.6842    444.7284
     1453.5627    182.9930    587.4396
     1008.9374   1246.7401    218.2335
     1209.7491    373.0678    584.2477
     1843.7211    779.1821    568.0607
     1567.7423    620.6223   1822.8901
     1432.7568    900.7628    376.8788
      464.7817   1227.8328    698.2682
     1915.5077    587.8284    165.2796
     1166.3026    417.0252   1032.5393
       65.9319   1239.3328    934.3451
      371.1323   1469.0454   1645.3162
     1315.3888   1425.2955   1156.4823
      199.2334   2165.8064   1089.3246
      345.0930   1855.5255   1982.0756
     1041.2688    660.9393   1289.4656
     1914.7136    725.6616   1307.3699
      833.3212   2232.4070    253.7462
     2034.9022   1025.1682   1291.2242
     1841.9833   1207.9443    816.0498
      618.1321    520.7869    409.6018
     1015.5950    548.0493   1819.8569
      438.9659   2115.5955    563.9910
     1393.7690   1588.1310    942.9095
      239.3687   1699.3419   2209.8184
      681.0754    801.6836   1361.5563
      393.7606   1790.6758    488.4313
      715.0023   1676.9407   2164.7625
      578.6687   1381.9424   1946.8220
     1215.7236    140.6513    790.7727
     2208.0574   1578.4967   2113.4741
      811.8372    414.6399   1658.2831
     1473.5834    372.6826   2075.5923
      540.1410   1223.5391   2171.0796
      109.3815   1944.6595   1039.3114
       75.0423   1705.7079    182.8431
       31.0204    781.6989   2023.1719
     1203.6287   1471.7933   1587.2349
      768.8452    781.0332    484.2556
     1779.8264   1595.1484   1514.6381
     1629.6664   1929.4126   1344.3220
      940.6765    142.6514   1693.0817
     2059.6860    800.3658   1053.2041
     2002.5714   1725.6321   1976.1025
     1582.2823   1056.6216    653.0991
     1472.2480   2149.6870   1434.2571
     2063.4023   2154.8987   1052.3838
     1244.1047    314.4928   1335.3479
     2046.8004    324.5624    142.3522
     1239.2987   1770.2480   1227.4146
     1456.9766    759.7637    107.3758
      603.7465    331.2751   2234.2656
      906.9314   1237.6694   1267.4789
     1060.2679    689.8802    179.3021
     1003.7883   1110.1217   1002.2441
      435.0189    485.9157   1982.2435
      906.8865    329.1154   1160.1144
      631.4473   1170.1036    195.5557
     1700.0510   1158.1465   1725.4731
     1544.0634   2025.8148   2209.8291
      936.8676    895.6407    791.4903
      602.0245    118.5744   1866.6155
      708.3896   1846.8606   1832.1041
     2178.1370    894.4940   1684.4707
     1212.0853    748.2887   1858.7970
      193.0435    313.2301    583.8826
     1655.3483   1431.2467   1274.2277
     1905.5702    294.3844   1386.6644
     1217.0745   1994.3281   1503.3809
      260.2131   1180.2361   1431.7457
      481.5403    623.1482   1595.9904
      702.9920   2039.9235   1378.0419
     1895.7472     19.1779   2170.2456
     1681.2988   2127.3025    131.1142
     1504.5645   1480.4742    279.8433
     1510.1625    922.6634   2121.4285
       81.2440   1070.7911    447.7693
      570.4724    683.3394   2193.6082
     1938.6865   1978.5826    895.4421
      196.1520    535.1146   1736.7264
     1785.2297    489.6936    377.7710
     2053.6782   1241.1698   1813.7806
     1076.1278   1506.3824   1320.6401
     1142.0797   1339.7604    530.5750
     1821.4596   1749.7949   1214.0327
     2198.4802    529.5486   1737.0029
     1765.9083   1661.6168    350.6138
      980.9995   2012.6727    929.4927
      889.6774    869.9786   1908.6305
     1509.5361    400.8170   1068.0764
     1489.3914    118.1532   1929.2921
     1132.6143    810.5991   1556.6742
      258.9547    239.8770   2037.0416
     1347.3002    897.4095   1337.7612
      885.6863    244.2638   2007.7291
     1566.7310   1396.8502   1643.2838
     2243.1716   2110.6821    399.1299
     2180.0696    825.7733   1392.2656
      799.3984   1319.4867    386.8719
      677.9667     28.3822   2179.5896
      533.7108   1272.7653   1683.3500
     1054.5376     48.9278    538.4849
      690.1937    554.2131    685.6291
     1477.7280    459.7842    222.9924
      212.9195     59.5299    338.0775
     2122.0581   1125.3942    348.7520
      364.1995    138.9992   1425.2006
     1930.6974   1370.7070   2109.9741
      772.8793    587.5377    176.1144
     2225.1135      6.6099   1990.5837
      591.6711   2087.8933   1935.0372
     1757.4908   2162.9575   1445.2915
      201.3538   1144.1405    195.3877
     1175.6476   1110.2651   1490.8890
     1098.6545    567.9707    722.5667
      506.3770    366.8987   1407.0522
     1331.1147   2189.6113    502.1234
     1268.4250   1899.7078     94.3398
     2117.1138    836.0795    581.5027
       86.1522   1343.9728    333.1687
      611.3233    825.5686    829.4764
      150.8409    935.2878   1522.0850
     1043.2615   2221.5483   2087.4392
      948.8094   1173.7849    690.5038
     1108.5945    427.3500   2028.0991
      762.6807   1196.9388   1849.7220
     2061.9976    875.0782    240.6535
     1817.7278    942.6547   1146.8143
      432.8463   2113.7803    263.8819
      266.9834    420.4541     44.9039
      562.2307     97.7916    349.1247
      997.7410    961.2775     17.5442
      728.6379   2229.9541    581.8967
     1168.1892   1103.2172    407.9012
     1531.2526    445.5526    457.4937
      756.3006    191.0174   1494.0822
      979.2548   2176.7144   1516.4031
     1796.4572   2036.9275   1140.8652
      559.0616   1665.7931   1827.4602
     1995.3110    319.7203    656.9391
      226.9861   1201.9637    587.3210
     1707.4260    700.1215   2164.9504
      242.0436   2070.0193   1428.2009
      832.8349    574.2328   1005.8759
      808.7086    874.5400   1030.0605
      138.7183   1965.6886    518.0138
     2127.1245   1879.1312   1307.4760
     1261.1058   1695.5983    375.3331
     1856.1687   1248.8728   1196.2296
     1196.1536   2192.3450   1331.6992
      858.6422   1432.8864   2114.4590
      375.0108    734.2424   1029.9550
      237.0460    217.2129    912.5768
     1510.5869   1977.5936    372.3669
      435.7099   1964.5531   1663.4863
      953.6750   1924.4985   1700.9304
     1391.7297     81.6426   1626.1206
     1428.9215    378.0384   1609.0851
     1537.9147   2082.5305    668.6835
      885.5498    991.6743    288.3240
       13.2352   1003.5026   1141.8051
     1222.6040   1010.8490   2043.6006
     1616.9479   1847.4945   1645.4736
     2249.7742   1309.1321   2014.1599
     1628.2811   2148.9961   1704.9027
     1710.4738    828.0717    254.5983
     1247.3334    390.8502     10.6428
     1079.9270    676.4778    959.9919
       27.2506    361.9043    889.6393
     1979.5090     73.3038    768.4816
     1055.3759   1659.8221   1115.1411
     1016.9796   1234.6812   1962.2847
     1384.7054    714.0506   1045.5386
      709.2504    946.0399   1628.5332
      463.7059   1527.1394    625.5195
      946.9089   1245.4008   1600.4612
      159.7874   1584.6873    515.9592
     1481.1117   1160.8633   1917.4160
     1864.2112   1943.3689   2161.1653
     1896.9980   1335.2565    506.8056
      213.5913   1646.0609   1858.8723
     2165.6733   1224.8168    652.3813
      848.1982   1655.5208   1341.6552
      420.0616    143.3650   1123.1862
     1168.7152   1326.1528    918.6465
      404.9700   1847.9821   1366.0166
     1272.0406    959.5661    137.8421
     1793.8241    676.9296   1030.0892
      477.8244    264.9896    632.4843
      156.8034   2036.1628   1774.6146
     1336.6077    587.6303   1256.6646
     1009.9935   2032.6987     46.5596
     2035.9336   1069.7258   1592.2695
     2086.8611    665.4452    820.1853
     1298.9948    463.1003   1816.4293
     1547.6202    198.2435   1305.3555
     2044.2122   1683.3350    936.6528
     2216.1169    466.7246    605.3679
     1099.7720   1264.1589   2227.6963
     2164.5334   1856.3749   1656.8522
     1209.9080    287.0636    320.9204
     2074.8435   1584.0227   1216.9518
      947.1904   2045.3839   1259.0597
      513.5446   1407.3258    430.6731
     2019.9630     55.8444    463.6365
     2117.7854    576.1640   1488.0061
     2073.0796   1746.8372     69.4186
      103.6875    122.9685   1239.6653
       10.9592    503.4562   2032.2725
     1968.6085   1100.3170   2051.6243
     1049.1183   1577.9891   1809.7404
     1727.8300    247.6600   1967.5618
       93.6234   1634.6893   1021.2996
     2000.0111   1528.7214    320.6697
      462.3184    607.6251    187.5151
      282.2334    746.0898   1941.6724
     1893.4432   2022.7283    308.5464
     1769.2480    625.9287   1650.7161
     1463.3193   1076.4525   1603.7139
     1695.0123   1692.0360   2064.0500
      364.4986    843.3867    287.4109
      955.9887   1551.3776    524.7440
     1329.8971   2129.2031    228.4735
      382.5406   1876.4344   1039.3982
     1708.8755   1518.8995     40.8384
      860.7734    560.2867   2075.8784
     1691.1798   1865.1094    772.6104
      357.5603   2139.8784    891.5920
     1554.1141    750.6453   1480.1233
     2105.8577    540.9186   1142.9240
     1812.8689    926.8298   1627.9695
      986.9949   1005.9639   1655.5725
      338.7377   2225.9641   1990.4445
     1490.2487   1635.4066   1860.9084
     2231.9458    140.6474    682.4624
     1323.2535     39.5165   2244.4568
      116.6698   1440.3257   1490.9779
     1867.2639   1293.4081   1511.3411
      663.1232   2061.7302    104.9119
      207.0914    377.9131   1482.9485
     2086.3965    608.5774    372.1860
     2093.8433   1461.6647     63.1663
     1658.7280   1411.1835   2006.8021
     2041.8690   1173.5690    997.2360
     1592.7327     60.8251   2216.5425
     1312.4205   2114.8245   1083.3323
      419.8152    972.7755     59.9713
     1594.8639    737.7111    509.7248
     2238.9478   1388.3807   1132.7125
     1532.0229    867.2806    868.9778
      203.5185   1904.0621    296.3696
     2008.0968   2111.5640   1952.4448
      577.0635   1348.4359    962.1409
      498.4174    982.6260   2033.5396
     2253.8582   2147.1199   1331.3396
       30.8411   1493.5881    741.0311
     1673.8719    268.1063    867.5532
      633.2592    276.0119   1112.6083
      478.9964   1570.9841   2107.9431
     1793.6733   1312.5098    216.0332
     1462.1394    109.7500    338.9765
     1638.6062   1312.4246   1013.7842
     2219.3994   2256.3425   1665.9468
     1112.5869    817.2172    470.2261
      192.3582   2144.9492   2252.9424
     1367.3561   1774.4489   1538.2473
      316.4938   1214.2340   1857.5906
     1479.0789   1756.7065    162.2385
     1376.8754   2133.5725   1917.3928
     1400.5238   1293.4310    446.8541
     1701.5475    146.8670   1546.7037
     1935.4604    441.1962    888.8795
       29.4094    892.1800    200.2060
     1190.4724   2137.1418    751.0937
       60.7499    228.6021     24.9524
     1797.8700   1005.3750    413.9520
     2162.6428      2.4143    126.1579
       45.8845   1267.5704   1751.0823
     1426.1946   1553.9630   2208.3240
     2014.9786   1423.5646    990.6255
      818.2819   1472.2703   1116.1395
     1656.6539    512.1286   1387.6837
      759.2356   2218.9458   1134.3370
