      970.6099   2049.9592    200.8597
      894.6324   1272.2980    662.3064
     1248.0319   1680.1499     86.7907
     1188.4697    798.3979   1813.3397
      580.6691   1666.8628    772.0709
      660.8047    617.5322    953.9351
     1928.2666   1318.3719   1073.5331
     1470.8922   1939.9862   1092.4159
     1278.0541    321.4664    783.5836
      952.4089   2171.0830   2208.4766
      670.5997   1540.3042   1540.2881
      831.5186    296.0073    171.2188
     1471.2786   2002.8828    370.0760
      518.2086   2233.4666    999.3617
     1716.0652    739.8260    941.8221
      153.0985   1416.3599   1990.2306
      768.9641   1500.3458    658.8297
     1310.3763    116.5417   1617.4896
     2113.2432   1771.2577   2197.2241
     2088.4934    324.9000   1800.0079
     1519.0873   1868.5845   1378.8624
     1019.1100   1784.4103   1729.2753
       71.8961   1344.0212   2251.3345
     1070.6984   1565.1914   1895.7853
     1197.4548    587.9978    760.0001
      183.5114   2247.8464   1632.4146
      807.8022   1093.6024   1005.9688
     1564.3439   2259.5032   1895.4137
     2070.2327   2249.4805    261.7874
     1966.9651    426.7291    324.9894
      701.3352    686.8730    398.5992
       66.9506    996.4554    662.1032
      151.2098     50.9384    525.3495
     1735.9153   1369.7513    927.4875
     1428.8479    837.5623   1714.8784
      879.2808    207.0057    392.6853
      737.2000   2079.1482   1980.8396
     1298.5569    357.5185   1739.2930
     1741.7941     12.5527    298.4441
     1396.8507   2021.8214   2135.1704
      225.3993   1352.6970   1231.8214
      336.3485    227.0392    135.8734
      546.1694    153.5072    831.9875
      835.0153   1968.8555    768.4226
     2143.6499    167.5065   1391.1746
     1874.5734     67.3167   1396.3486
     1149.5997     13.9492   1051.0402
     1288.5192   1271.6055    862.5950
       90.4142    293.8936   1949.0754
      721.7465    980.2338   2205.9761
      462.9352    835.4758    940.6719
      894.5312   1331.1917    264.2179
      490.1091   1106.5031   1583.4326
     1707.7443   1063.1311    111.2979
      582.3347   1905.0151   1880.1066
     1856.8850    608.4075   1480.7848
     1685.7709   1326.1941    639.3624
     1041.6207     14.6527    197.4024
     1470.7601   1670.0750    564.2952
     1585.2355    683.7089   1593.4944
     2130.8850   1785.0432    469.6708
     2013.8772    548.6167    525.3384
      435.2023    342.8300   1537.1984
      274.6101    484.0170    583.3285
     2208.0925   1073.9515    434.9841
     1000.6839   1247.1649    949.4744
     1455.1597    995.2141    514.3306
     1552.1221   1245.2820     73.2917
      846.8779    277.3380    673.0883
     1359.9187    384.9445   1467.8262
     1158.5475   1221.8226    654.4387
     1912.4734   1941.0956   1841.9927
     1529.8297   1040.7777   1249.6277
      122.3243   1144.7375   2023.4905
     1762.6136    393.0947   1282.3647
      238.1662     45.5472   1985.2623
      754.7825   1698.1543     60.0993
      255.3526    136.9675    871.4813
     1120.6681    807.0712   2057.5149
     1477.3893   1731.3706    835.3686
     2197.8108   1496.9340    592.8344
      591.3132   1017.1540   1093.7516
      761.4588   1726.5939    578.6439
     1660.0515    823.1669    266.6691
     1952.0352   1053.5122   1605.9656
      699.9426   2046.9559   1402.9081
      302.4759    844.7028    211.6866
     1743.2659   1730.7279   1410.3610
     1078.5725   1601.1482   1343.8203
     1135.2065    253.2217    170.3493
       18.2072   1303.9896   1821.8606
     1967.3341    167.9674   1956.2150
      152.9928   1681.8539    797.3767
     1486.4000   1496.6207   2174.0527
     1640.7589    588.1884    123.9167
      823.3528   2032.3983    528.0043
     1134.1060    141.1189    443.9515
      112.2579    969.8574   1430.6489
        0.9784    170.1828    795.9341
       96.6013   1853.8766   1779.7983
     1839.8870   1312.4819   2005.4031
     1815.6882   1114.5854   1339.3633
      380.1190   1644.3179    964.3041
     1549.4121    812.5077   2232.0486
     1851.8823   2053.0220   1323.6727
       68.9379   1446.6761    842.3649
     1632.3307    475.8534   1461.7047
     1550.1222   1928.9614    644.0632
      422.0798    867.9007   1739.9178
      330.6831    956.4599   1167.5773
     1292.1648   1223.3567   2100.6167
     1468.0352    142.2203   1409.7728
      611.0154   1760.9225   1187.1306
     2002.1543    768.7043   2080.3618
      183.4246    265.4915    377.0685
      333.7074   1813.5745   1169.7052
     1078.5409    356.3718    596.0112
     1902.2040   1848.8582   1573.6030
      822.7192   2219.5483   1584.2812
     2068.3137   1016.3674   1345.6398
     2010.7026   2161.2107    887.4354
      491.6241   1127.3430    531.1228
      470.3747    613.6441    534.4062
     1029.8361   1143.7290   1210.4933
     2167.3079    311.3594   2184.8511
     1652.1252   2140.5361   1123.2006
      150.4942    556.5570   1166.0784
     2104.4873     69.4838   2222.7703
     1486.2649    701.0829    801.6078
     2044.9790    882.3030   1800.8267
      957.4907   2104.9548   1114.1188
      460.1563   1344.5658   1478.1594
      120.5062    310.3587    998.2845
     1963.2993   1793.1838    994.1116
       96.8257   1914.2640   2255.4370
     1502.5731   1457.5875    174.4294
      575.2014    522.5406   1325.0010
       11.3788    167.8369   1752.1416
      442.7419   1480.1891   1183.9080
      866.6833    388.2318   1094.3990
     1247.0017    220.5913   1297.2378
      274.4463    607.3284     65.4908
      872.3046   1560.5221    424.6382
      510.2579   1119.0889    826.7366
      711.2630   1301.0168    426.1299
     2151.3354   1652.6064   1242.4672
     1087.0603    412.7490    337.2520
      335.3460     47.0494    356.9392
      853.1848    771.7712    148.7208
     2023.9109   1218.4039   1785.3745
     1284.6426    638.8538   1599.7307
     1290.6230   1675.5475   1763.8666
      689.7795    425.4224   1529.6738
     1918.1595    201.2626    162.6125
      493.2622   2060.2402   1525.4595
      599.9025   1708.7872   2075.9062
      188.0612   1284.4829   1507.9871
     1093.4772   1880.5082    941.7596
      845.3016   1933.9415   2198.6587
     2110.0225   1806.6581   1855.5923
      672.2103    878.5493   1942.6263
      417.5472    368.4606    774.6105
      477.2282   1775.1460   1390.9681
      487.6235   2197.4932    201.1680
     2182.7937    497.5576   1977.9552
     1960.2406    776.4269   1249.5875
     1831.1714    914.5074    794.7177
     1529.1110   1237.2856    312.4058
      540.0281   2185.1799    559.6674
     1354.7980    157.7752    598.2929
      978.8480   1476.8877     60.2408
     1290.2609    480.3728    272.1115
     1784.6786    625.4799    641.0639
     1699.0042    868.3904   1409.2279
     1107.6260    994.9260    229.3019
      328.9148   1171.6504   1050.8080
     2178.5876    820.5589     77.4440
      941.3321    608.9000   1016.0519
        2.2664   1197.9563   1354.8040
      359.7126   2003.9261   1747.5800
     1432.4769   1300.9945   1123.0326
      113.6086   2216.8472   1281.2953
      387.6055   1537.3400   2034.6108
     1131.0310    466.5063   1215.5188
     2174.7546     82.8202   1106.9889
     1140.2510   1920.2394     18.4231
     1992.6151   1275.8906   1449.8772
     1064.9073    824.6940   1191.2854
      911.3309    531.8801    733.4557
      458.2794    984.4233   2094.5815
      579.7534   1903.9011    642.0024
     1258.6846   1770.3303   1264.0841
      307.2228   1779.6938   2150.5972
      294.9689   1125.1526   1357.9620
      522.3883   1459.6497    552.4028
      853.7310   1190.5845   2083.1504
     1012.6624   1398.9402   2092.0022
      969.6781    121.7273   1147.5100
     2113.5039   1277.4277   2031.5316
      902.2314    523.4769   1415.8807
     1580.0758    386.2392   1913.9082
      239.0140   1032.9685   1642.5609
      224.1012   2238.0520   1075.6676
      114.6580   1761.6046    188.8131
      189.2897    920.5004   1939.6627
     1120.4996   1538.3066   1643.9578
      647.2339    919.9443    598.5237
     1769.7385   1384.5632   1389.8673
     1525.8231   1704.9968   1183.2107
      516.7864    707.7705   1513.9666
     2248.8232    803.5855   1180.9099
     2165.9768   1542.4407   2041.0439
     1719.0143   1041.6088    352.7737
      848.0353   1675.1583   1234.9644
     1941.3097   2202.2791   1158.5719
     1168.9064    673.2195   1008.1094
     1713.9698    340.6709    296.8848
      661.0863   1499.4127   1289.5022
     1885.7672    490.0880    110.2432
      592.8201    191.0617   1719.7358
      713.9096   1818.8690   1461.1234
      879.3442    532.0002    247.4441
      866.2950   1419.0402   1438.5479
      172.6506    566.1486   1960.9741
      589.4232    367.8844   1084.7896
      843.8957   1081.1720    155.7092
     1799.9559    926.3945   2084.4526
     1845.7014   1731.5560   2255.7615
      884.0450    794.4913    596.4733
     1005.7386     14.4000   1976.5938
      773.4019   1745.3378   1737.6334
     1890.7788    228.2556   2156.0740
      832.3923    637.7462   1627.3900
      146.9641    527.2936    844.6563
     2143.3875   1515.0112    996.4153
     1989.5127    406.2838   1333.8336
     1678.2043   1571.4987   1613.1205
      385.0900   1271.9357   2014.2721
      332.3256    633.1689   1714.7389
      875.8279   1967.8616   1600.4502
     1656.5511    182.9179   2052.6858
     2074.1235   2069.5974      2.9575
     1115.6522   1592.9663    275.4651
      912.8254    952.5392   1989.7479
      172.4933    793.3036    750.8712
      171.1548    897.4745   2257.5188
     1792.8375   2062.0713    751.5209
      124.6609    452.0545   2176.3210
     1748.0537    614.1463    375.9070
     1727.9060    927.5916   1703.7773
      575.8613   1985.0518   1207.4595
     1023.8527    992.6934    979.1263
     2133.3455   2115.1904   1338.1594
     1707.2700    416.4495   2181.8879
     1596.1138   1800.9928    321.2886
     1058.9559   1458.7271    792.6097
      617.3139   1103.1670   1839.2009
     1106.9248    152.9549    827.5452
     1190.3739    182.7537   1931.1921
      747.3707    803.8745   1453.4441
      346.4193     37.3023   2252.9500
     1475.7374   1137.3324   1808.2257
      823.9250    392.7047   1769.2168
     1919.8973   1627.8751   1714.2946
     1768.6783   1888.1969    496.1084
     2187.9158    857.9922   1606.0992
     1281.0070   1399.9641    382.2610
      956.3282    297.5193   1997.9908
      595.3256   1020.7497   1380.8762
      833.5352     74.6461    857.6199
      945.3309   1035.4161    709.1389
     2151.7991    551.0571     36.3936
      179.1599    264.9354    661.5045
     2252.2947   1232.2957    677.8866
      611.9913     67.1154   1503.7651
     2172.6501    947.9584   2122.5647
     1348.7129    258.1679    380.7365
     2236.1086     66.8910   1998.7368
      352.2875   2015.6249   2246.1182
     1367.0270   2176.6943   1483.8163
      241.2753    610.8220    351.5089
      956.1116    832.8948   1603.8036
     1065.7745    611.5921    495.5307
      318.8019    376.5439   1289.4200
     1281.7625   2106.4521    122.7095
     1033.5486   2109.3757    451.7712
     2120.5635    846.2441    513.3325
      235.0833   1402.3950    609.0950
      674.9218    728.5150    729.4723
      140.4011    798.4377   1708.7789
     1046.9692   2035.4089   2022.4281
     1257.8854   1068.9740   1034.6742
     1487.3706    547.5070   2110.1624
     1381.2245   1405.8536   1853.7773
     1943.4094    986.8723     24.3962
     1569.9377   1010.8372    987.3915
      200.0990   2097.0359    205.0342
      120.8024    413.8177    186.2914
      719.2869     94.5371    592.9747
     1303.9563    473.1031    540.4803
      556.8157   1891.4454    899.8201
     1493.8395   1515.5105    985.7305
     1479.4851    714.1469    449.2162
     1078.7426     93.2276   1499.0281
     1155.1628   2231.6829   1315.9409
     2122.4729   1981.7561   1111.4857
      478.5199   1390.6910   1745.2850
     1491.8405    387.6597    145.1288
      554.0059   1705.5653    370.8967
     1733.7786    684.0360   2118.3792
      110.5256   1740.4442   1344.8857
      790.1155    637.3984   1231.4642
     1239.5452    299.6205   1056.2834
      106.9818   2166.2000    756.1202
     2209.8521   1751.7467   1586.3716
     1192.7545   1919.2994    309.6240
     2111.3633   1253.7234    903.4253
     1437.8115   2167.6697    949.0533
      904.9241   1317.9940   1870.8492
      571.2293    813.2863   1237.7617
      341.4107    422.9651    993.7444
     1222.3582   1693.2573    790.3911
      637.0838   2134.9705   1739.2130
      936.1391   2030.7659   1806.6324
     1745.7501    185.3720   1788.0922
     1520.4233    226.8695   1651.7251
     1377.9320   2143.6130    565.8172
      828.1096   1081.5918    450.3522
      117.4328   1024.6525   1182.1245
     1050.5691   1187.8347   2212.8782
     1442.8259   2160.4260   1699.6990
     1957.1279   1498.5894   2146.5867
     1599.2626   2157.1199   1378.7253
     1475.1954    968.6107    239.2545
     1108.8098    661.3687    120.0555
      684.6011    972.2095    844.0625
      458.3041    616.8142   1112.0009
     1528.7997    238.4433    803.5125
     1299.1018   1445.0419   1512.2256
     1497.2173   1384.2313   1631.3547
     1326.9823    748.4399    611.1387
      347.5149    892.9094   1477.9802
      487.8679   1447.3704    799.1197
      874.2514   1488.0945   1719.2126
       87.4386   1922.7623    421.6527
     1666.8021   1390.9374   1800.3971
     1633.8381   1998.1746   1867.6575
     2161.1316   1539.1714    344.4666
       80.5095   1755.1000   2010.6833
     1959.7019   1352.5529    679.1011
      593.3010   1290.0043   1060.9904
      750.9833    306.8605   1310.2399
     1159.7731    954.3194    540.9539
      153.5650   1983.4001   1522.4307
     1280.7209    871.0137     11.8598
     1313.5096    581.1080   1315.1562
      594.4829    289.0045    484.6303
       66.1493   2139.6736   1829.3588
     1835.1003    740.3257   1897.5880
      986.6972   1769.9867    145.7242
     2227.0698   1068.5819   1835.5837
     1849.3317    840.8291    490.5573
     1270.3003    464.7653   1980.4197
     1550.0768    645.1110   1303.5142
     2159.9651   1429.4462   1623.6981
     2215.5090    441.4928    670.7723
     1237.8832   1523.0496   2056.3738
     2032.4131   1504.3640   1843.5466
     1464.1122     59.3927    338.1692
     2226.5698   1125.4419   1604.9318
      772.9271   2259.4617   1337.9219
      553.0564   1303.6990    134.6035
     2025.3053    156.5897    915.7732
     2215.0996    353.8503   1181.2047
     1748.0544   2029.6598    277.9145
       53.2932    429.1193   1376.3940
      352.1244    261.5624   2101.2175
     1981.8066   1065.4996   1968.6023
      988.5733   1856.5962   1217.4744
     1843.3900    394.1045   1902.9240
      355.3590   1561.8547    366.8874
     2129.6738   1750.9795    220.3929
      709.0447    603.6641     45.0830
      415.0829    457.5170   1829.5256
     1518.4343   2226.3013    723.8110
     1962.6597    503.0655   2109.8022
     1722.9812   1113.4200   1879.4121
     1710.5330   1456.7759   2250.2756
      780.8150    476.8524    484.1680
     1066.3252   1441.0703    504.0920
     1651.3231   2149.3184    529.8965
      613.3807   1588.4995   1020.5563
     1702.8236   1554.2888    267.4083
     1075.3796    555.2468   1767.2924
     1747.2637   1593.4510    537.9794
      358.4921   1963.6394    727.5289
     1898.2007    347.4887   1566.1512
     2182.4475    637.4472    958.7323
     1963.0657    833.9413   1513.8041
     1224.0415   1090.2235   1752.0468
      460.4187   2104.7859   1988.4204
     1748.5176   1763.7751   1803.8306
     2143.9346    405.9600    918.7966
      968.0756    176.3536   2221.7461
      290.0055   1793.3956   1539.9409
     1893.1025   1385.6649   1659.5037
      698.4651   2006.6986    179.8381
      199.5067    734.9496   1014.2224
     2257.1565    470.5947    400.7770
     2179.6467   1500.5774     66.2816
     1742.8462   1190.8102   2156.6948
     2067.3667   1019.9352    783.9296
     1431.3138      0.4040   2121.7510
     1230.3220   2040.1910   1107.5266
      473.2713   1037.9556     72.0944
     1685.1335    489.5126    859.2484
     2246.9460    890.9955    895.3721
     1542.5115    481.1983    393.9402
      526.0013   1985.5980    390.8932
     1892.2478   1967.2029   2123.4006
      790.0688   1236.3147   1242.8568
      887.3278    753.4709   1833.9674
     2260.8870   2167.0356    973.0189
      187.0934   1580.7229   1100.1211
     1672.8422    168.8459    544.6263
      997.1462    292.3211   1333.8828
      160.2742   1604.2695   2247.1638
     2207.7114   1317.9886    209.6559
     1332.5045    129.3018    121.7560
     1895.0983   1536.3209   1206.6256
     2238.0251   2208.3835   1550.3191
     1164.0411   1261.7701    218.8494
       65.6138   2160.9546   2184.4653
     1670.5275   2007.6101   1580.7200
      268.5111   1566.7946   1791.6602
     1433.7197   1900.2014    149.9326
     1116.9698   2249.0955   1759.2634
     1438.9508   1221.3846    605.0477
     1749.1997    486.2108   1701.4021
     1917.1152    545.3681    847.9207
      646.5292    445.5403    243.2848
     1612.2460   1955.9564    909.4799
       95.6469     63.3624    171.8748
     2034.3387    674.5544    304.2942
     2176.9270     30.1408    610.1997
       11.3616   1549.5573   1833.9369
     1354.3444   1768.7328   2152.0483
     2178.6848   1693.8373    768.7469
      787.3705   1408.3024    912.0350
     2106.0452    576.4297   1175.6592
      493.5402   2228.2344   1247.1827
      333.9796   1863.1575    222.1724
     1904.6367   2196.8081    473.9052
     1796.5979   2195.6968   1801.4115
     1732.8022   1703.1873   1025.9641
     1826.0317   1279.1906    423.5854
      363.6695   2038.2465   1037.9648
      415.5726    505.2337   2068.9973
      352.5919   1654.7389    650.4037
      948.9700   2064.8035   1372.0374
     1915.9941    189.2846   1191.1377
     1593.2898    632.6263   1877.6611
     1010.5497    558.5259   1989.9948
     1675.6158    150.2509     89.5353
      470.5421    854.9564    439.9558
     1090.5806    434.7683   1536.6464
     1323.2731   1954.2144    813.5947
      509.6056   1195.8528   1269.3085
      816.8246   1106.7919   1489.7897
     2133.5674   2080.4487    639.6594
     1931.3212   1736.1168   2010.7122
      381.0489   1097.9142   1839.1388
      721.0295    586.7201   1950.4352
     1061.2039   1836.0009   1467.9001
      594.8254    210.6710     11.5465
      720.0380    109.7512   1083.0659
     1791.3563    588.7248   1142.1377
     1721.8973   1541.5115   2008.7996
     1117.2985   1351.1898   1401.1696
     1303.2560   1156.5831     73.1912
     1099.2112    710.5279   1420.3774
      608.0394    457.8680    704.0663
     1990.1902    297.5248    643.1989
      398.3621    160.4611   1090.3059
     1288.3065   1973.7319   1364.3174
     1940.5033   2107.2441   1583.7902
       14.9688   1481.1000   1375.2443
     1869.4401    756.2468    106.8171
       48.9913   1291.0659   1099.9133
     2078.6694    720.9567    722.2688
     1504.5007   1051.3690   1556.6521
      247.3636    540.7451   1486.8121
      740.0333    330.6313    882.1161
     1426.4347    186.6572   1920.3971
     1435.6780    813.0822   1456.7700
      642.2286   1259.9816    690.4872
     2102.5596   1070.2860   1111.6217
      937.8484   1722.5852    757.6602
     1935.3950    363.3629   1038.9935
     1814.8450    270.8829    801.3783
     2056.2168   2166.9009   1815.0016
      596.7974   2165.7261   2251.6409
      614.1246    596.2360   1728.7721
       90.6368   1155.6428    894.9843
     1299.1390   1000.1693   1969.4933
     2103.0312   1298.5320    478.4602
      163.2364   1193.5963    236.1232
     1311.5780   1122.3784    344.5230
     1014.6134   2148.9111    864.1401
     1686.0879     12.5387   1582.0068
     1464.1697    324.0248   1237.9707
       71.8372   1359.5103    429.3283
     1510.1060   1739.0691   1627.9681
      256.4753   1310.1034   1773.5758
     1384.0129   2233.7305   1210.8661
     1255.7559   2190.2632    359.9706
     2009.9897   1986.2126    419.3767
     1933.9453   1474.2990    384.5143
      161.4982    243.0004   1547.0796
     1609.1105   1863.5500   2085.0469
     1917.4534    194.1064    446.0121
     2021.7246   1257.7502   2252.1492
      606.5349   1067.7587    304.0621
      420.2528      5.7527   1729.4650
      152.5314    187.3138   1258.3206
      676.6837   1514.0842    228.0890
     2205.8940   1993.7892    188.8990
      976.4231   1235.6204   1581.0524
     1129.5836   2086.8191   1545.8938
     1358.0624   1502.7512   1267.1202
      403.4236    379.2280    359.2907
     1197.5990    885.9792   1559.8313
     1699.6030   1946.6517     70.8617
      623.3712    855.1109    181.9137
      772.5945     61.7159   2099.9995
     2217.5757    255.0635    495.1283
      796.1792   1576.7972   1935.0048
     1844.9160   2016.1414   1003.5320
     1751.2992   1787.8962    744.4855
     1643.9866    815.5235    639.3462
      640.9385    301.1455   1965.6823
      425.2751    892.4946    701.4305
      430.4891   1582.1085    113.6339
     1353.7963   1454.9446    658.1599
      567.4143   1943.0118   2145.5598
      645.4108   1354.4973   1943.3616
      991.4420    838.7942    368.5373
     1161.9120    843.6971    813.9957
     2030.8813    564.9025   1756.1639
     1274.8809   1196.9939   1536.3766
     1265.4740   1725.4757   1521.2678
     1333.0220   1753.2081   1036.1093
      337.1076   1825.7653    490.6879
     1360.0231   1684.9331    318.0840
      260.0675    982.0878    903.0787
      831.8983   1632.0521    973.7097
     1982.9442   1867.2413    748.9096
     1594.8188   1722.6182     50.2775
       84.8170   1915.5536    664.7977
      792.2615   1306.9059     49.4421
      141.4294    191.3467   2221.8909
      579.1342   1197.9830   2162.4932
      325.3293     70.3334   1423.3433
      699.8297   1287.0996   1632.6182
      274.9054   2081.3765    510.8956
      758.7414     26.2356     96.7904
     1702.1302   2156.7205   2061.4558
     1965.3275   1652.7677    623.7743
     2007.5410    123.2852   1638.6110
     2227.6174   1928.4594    875.7585
      241.7424    848.0556    496.6231
      506.4516    208.3984   1315.8937
     2204.0537   1080.3689     70.3510
     1520.7284   1049.0999   2154.5649
       65.1354    707.0337   1416.2262
      940.9888    808.7988    841.0909
      208.6530   1871.7467    928.2105
     1966.7527   1590.0039   1476.3550
     2172.4832   1989.5748   1654.1868
     1649.6874    818.1801   1177.4381
      368.9847   1079.0277    323.3102
     2153.5442    394.2863   1557.6233
     1573.7103    527.9755   1099.6849
      220.3573   1132.7214   2246.7388
      744.7191   2126.1333   1021.1604
     1968.4595    918.9757    286.4587
      294.4883    757.6425   2106.9194
       42.4359    669.1421    252.1012
        1.5090   2160.7578    398.4841
      477.6799    639.4954    237.6037
     1299.9243   2131.3826   1949.7531
      227.0461   2001.5737   2007.7551
     1282.6390    533.8839   2223.7825
       38.6075    655.8832    581.4418
     1361.7333    987.8801    791.0195
     1288.3948   1117.8319   1308.7245
     1298.3501    865.2512   1274.5535
     1714.7788     43.7868    912.3879
     1580.2074    897.8163   1923.8086
      202.2571   1133.2607    493.3724
     1400.6749    674.0263    147.9727
     1839.1270   2184.6199     49.1632
      796.4734     91.8726   1818.1122
      128.9830    440.7814   1730.7466
       90.4946   1991.4043   1168.8688
      890.4052   1643.5273   1502.0848
     1821.1422   1296.3458    163.6863
      869.0848    715.1846   2151.3074
      315.2984    679.3602   1292.5021
     1174.2654   1652.8685    543.3239
      355.4349   1791.7758   1867.7037
     1090.8993   1065.1672   1437.1655
     1524.3239   1604.3219   1397.9587
     1680.1772   1241.7272   1122.4930
      318.6539    227.8869   1779.8818
      411.7001    628.2365    823.2499
     2229.8875    782.7308   1927.5836
     1515.3989    474.0559    674.8655
      923.2057   1062.3870   1751.2097
      196.7581   1450.3228    160.9154
     1309.1138   1869.8221    579.5273
     1615.2625    102.6086   1225.9352
     1612.1083   1531.1132    762.6085
      463.5164    757.1274   1938.0132
     1547.3850   1443.9912    423.2103
      861.9769   1824.6243   1966.3684
     1687.0355    236.5993   1477.3638
     2241.4082    615.0110   1684.0109
     1221.8026   2217.1470    742.2382
      546.5496   1611.2571   1812.9402
      774.1798   1822.0507    305.4357
       56.0789    939.3654    280.6233
      634.6593   1458.7344   2196.0251
     1992.1193    818.8864    993.9026
     1644.7906   1471.4838   1168.6702
     1192.1573   1947.6505   1783.4097
      542.5372   1838.1174   1668.6075
     1524.9250   1210.6442    860.5031
     1834.1036   1004.9172   1056.9436
      401.2876    150.6214    595.4741
     1499.7770   1285.3442   1375.1301
     1242.6688   1498.2325    957.7481
     1414.4817    793.5396   1045.8711
     1173.9915   1355.3336   1127.6165
      836.7067    223.4571   1545.2406
      965.3050     22.8707    617.2692
     1964.3324   2213.8159   2039.5894
     1902.3536   1554.0955    851.2225
     1927.5355   1554.8275    155.3909
     1369.1348   1952.1356   1592.6190
      476.9510    432.9448     41.2578
     1566.2240   1297.1270   2013.9265
     1204.1903    284.9152   2192.3589
      565.8520    197.7079    271.5916
     1005.8393   1811.3932    472.7497
     1884.4797   1711.8121    366.0612
      611.6843   2121.0969    778.4722
     1553.2452   2150.2217     69.7581
      500.6949     81.7355   1967.8330
     1462.4165    281.9172   2153.0825
      348.8017   2054.3853   1310.3021
     1055.3350   1163.2046    419.8811
     1943.0288   1808.0481   1255.8413
     1260.3651   1410.6039     51.1354
     1142.0137   1792.9963   2022.3370
       14.4915   1745.7247   1036.9779
      282.1597   1540.6188   1379.8495
      130.9658   1664.5770    494.8417
     1362.0430    492.8894    967.8289
     1034.4160    225.9120   1729.3209
     1955.6376   1911.9163    174.4256
     1136.5930   1327.4377   1773.8357
      133.1273   1572.1915   1595.5615
     1078.2974    402.2665    924.5823
     2186.4287   1983.9398   1996.5824
      799.2075    833.8869   1081.3916
     1728.8320   1186.6625   1595.6354
      350.3349   1343.6877   2237.2102
      272.6442   1152.6810    728.9938
     1902.0908     58.9862    697.4781
      745.0190   2258.5701    358.3839
     1193.9160      0.0534   2178.7346
     1493.7954    490.9215   1676.6743
     1854.3942   1177.2059    827.4294
      795.1272   1872.3109   1014.3149
     1697.3585    292.0064   1051.1266
     1447.5181    146.8595    996.3884
      362.8419   2196.5784    768.0311
     1075.4882   1141.2141   1958.9153
     1750.6755    420.6769    544.7272
     2146.8770   1873.4132   1390.7318
     1408.0115   1883.4146   1847.7716
      446.5251   1588.6804   1561.2645
     1709.0520   1893.8398   1199.6584
     1071.7365   1638.9956   1039.3431
     1515.4840   1642.2336   1927.3027
     1994.2529   1167.1228    246.4953
     2110.5964   1360.8665   1223.7091
      451.5883   1348.4115    352.9645
     1658.5223   1048.7914    657.1940
      919.3627   1434.7908   1128.6044
      820.3940    958.2990   1291.0173
      993.5164    497.2652   2256.0317
      664.6298    921.4655   1662.0217
     1011.6491    925.6832   2257.1277
     2121.0413    629.0275   1460.3315
     1375.5078    740.9380   2000.7349
     2157.4983    296.1210    173.0245
       40.6947    703.6300   2159.9629
     1081.9801   2011.4600    651.0397
     1942.6422   1090.0870    557.5940
      771.2161    406.8358   2167.1804
      290.8219   1397.9854    964.0903
     1253.2061    778.8571    343.7507
      971.2620   1646.5009   2159.1985
      539.9631   1810.4888    114.4444
      501.6462    740.9114   2231.9443
