      996.8749   2145.4900      1.8978
      963.0995   1566.1168   1202.5938
      947.0381   1735.4641    142.1706
     1278.5935   1156.5952   1683.7086
      575.9772   1628.0548    673.9040
      675.1696    508.9230    989.3029
     2065.1101   1611.6239   1140.0775
     1251.4369   1905.0211    972.6390
     1253.1456    326.1147    726.0657
     1578.6042   2138.8225   2234.2954
      545.4630   1508.6675   1337.8125
      839.2880     85.2246     72.5523
     1486.8915   1988.9535    427.7283
      804.9424   2252.2998    635.3506
     1274.8646    838.0415   1316.5278
       20.1848   1261.0157   2051.3975
     1258.6816   1820.4938    543.1754
     1361.5171    148.5583   1443.8276
     1992.2190   1756.1361   2052.8225
     1928.3134    493.0462   2133.8235
      872.1308   1794.1442   1095.9938
      808.0205   1864.1145   1817.5966
        0.5990    892.5387   1950.8610
      702.3859   1164.4449   2061.0007
     1086.4681    572.5187    705.4681
      268.2947   2074.1731   1545.8683
      322.9967   1533.7869    723.5647
     1557.9702   2194.8394   1738.6869
     2039.7455   2143.5010     75.2881
     1864.6172    104.2723    262.4971
      636.2431    752.4205    543.1882
       19.2145   1096.3036    559.2509
      620.2985    106.9282    504.6773
     1534.3903   1556.8416    765.9922
     1364.6934    727.8439   1637.2870
      604.3840    121.1171    790.9832
      915.3196   1922.5051   2253.0728
     1416.2605    413.0985   1605.6876
     2010.6219    173.8622    518.6900
     1862.6187   2260.0383   2011.5260
      220.0225   1392.3315   1508.1050
      439.1520    354.3542    421.6968
      531.5493    326.2251    681.9236
      579.7108   1864.9189    801.9036
     2015.0228    209.9222   1231.2748
     1483.1476    191.0206   1639.2847
     1027.9510    127.7190   1054.9152
     1128.4601   1310.0756    643.2175
       54.7341    725.8615   1502.4672
      926.7635   1090.4534   2238.7107
      763.1266    760.7366   1031.1666
      801.2437   1368.1615    280.2653
      524.2534   1239.9327   1680.3293
     1574.4584    704.4728    274.0742
      900.1589   2193.1099   1620.2444
     1514.5928    805.8381   1373.8470
     1593.6012   1239.3087    677.7131
     1262.8990    284.2422     57.3851
     1407.8234   2006.1387    680.7415
     1653.4185    802.9808   1607.9790
     2254.5476   2085.6992    405.6600
     2207.7803    563.1913    836.7744
        4.3962    220.3955   1711.3356
       12.1499    306.9977    778.2704
     2105.9104    699.0148    290.8045
      923.6706   1213.9106   1404.5510
     1251.1597   1081.0012    452.4084
     1323.4851   1323.3804     94.5273
     1066.8387    347.1811    502.5532
     1186.3898    866.8395   1542.1771
      746.8087   1363.2595    711.6381
     1884.5880   1903.2968   1938.1013
     1259.0170    850.3570   1103.5553
      254.8905   1360.7552   1981.9468
     1637.3925    280.9392   1480.8755
      281.1031    138.8217   1881.8003
      706.3619   1831.4005    124.2108
      358.7521    144.4470    880.9860
      876.0529    448.5962   2069.2585
     1568.7712   1790.2375    614.5208
     2121.6304   1392.2677    724.0602
      532.4731    939.0732   1158.7766
      697.1968   1847.5645    551.4758
     1687.1058    780.4324    485.7565
     1477.2776   1627.4158   1644.8035
      751.6826   2225.0483   1397.8099
      342.0488    824.3781    200.8182
     1327.3810   1739.0430   1495.7804
      591.0521   1719.3844   1482.2440
     1049.9301    458.5270     30.7882
      268.0839   1094.5978   2080.9805
     2157.7280      4.0396   1637.9009
      257.4633   1491.4330    973.9375
     1291.6366   1570.0073   2069.7864
     1785.4911    331.1746     88.1288
      739.9867   2073.3457    462.2219
     1419.7233    485.4829    288.3414
      105.2572   1120.9156   1825.7562
      101.6242     76.1113    343.9481
      166.1330   1784.6874   1840.5353
     1795.5482   1375.2057   2098.6497
     2083.7620    881.0825   1147.8810
      815.0922   1640.5581    702.4045
     1641.3904    752.4428   2152.2520
     1759.8888   2148.6157   1381.9460
       27.7698   1557.6202    830.1609
     1501.9208    581.9547   1790.0929
     1834.1119   1775.6185    645.6477
      232.0580    586.2958   1680.6904
      233.5616   1071.6320    897.2587
     1558.0342   1416.1353   1724.1478
     1534.8379     68.2391   1237.2460
       88.3226   1619.6519   1423.7590
     2155.7529    585.5886   2017.6898
      129.5872    304.8541    503.4171
        6.6360   1780.4581   1156.1381
     1304.2888    663.2929    704.9834
     1881.3005   1861.4125   1578.1122
     1327.4358   2084.9817   1868.4235
     1975.2976    711.4971   1599.8972
     1807.2756   2002.6320    996.0372
      311.4684   1380.1342    499.3221
      352.5872    136.0099    506.5623
      843.2606    715.5638   1381.2748
     1939.5609     82.5141   1785.0082
     1515.4414   1980.1244   1363.4323
      191.8458    623.8123   1135.8259
     2135.3706     83.1880   1905.6958
     1438.2994   1175.7142    889.9476
     1899.8444    921.3503   1775.4377
      798.1637   2105.5093    815.5521
      152.2161    884.8353   1692.4318
      136.9335    146.9869    992.2952
     1859.1930   1520.5575    667.8515
      173.1541   1959.7258   2053.0110
     1287.7194   1988.2593    310.0244
       19.5097    409.7989   1036.2295
      239.3833    222.7659   1661.1575
       63.7649   1286.1719    849.2324
      501.9861    293.1737   1391.9969
     1350.4850    143.9890   1131.1555
      631.9799    781.3608    180.8038
      509.4974   1354.8043    661.1211
      509.4705   1149.8746   1001.0501
      694.6106   1507.6708    499.5129
     2098.8291   1541.4904   1360.0306
      899.3245    765.3085    551.9819
       27.3531    158.0481    137.2596
      675.6307   1049.8357     12.6415
     1969.0156   1626.6024   1577.6271
     1152.5181    765.6171   1778.0038
     1216.9143   1557.7103   1327.5299
      326.2849    211.6981   1173.3541
     2022.6677    129.0117    109.7612
      550.0786   2074.0083   1212.0234
      772.7797   1654.0302   2213.3665
        8.9466   1354.5413   1830.9971
      992.4352   1981.8556    969.5502
      897.2253   1801.7747   2050.5039
     2172.5547   1876.4437   1908.3944
      859.4186    819.0937   1883.5603
      624.3341    574.6305    731.3756
      150.4545   1552.0962   1717.9390
      280.3176   2104.7329    266.8268
     1871.9292    711.8772   2053.3613
     1790.9387    676.4249   1472.2189
     2034.4236    626.0922    686.4529
     1887.9827   1304.7677     87.6409
      491.1037   2203.1370    416.7428
     1316.9149    230.5742    266.4114
      481.5091   1001.4670    150.8825
     1879.7333    665.9685    247.4299
     1881.5802    329.9149    627.4952
     1586.5378   1007.7833   1488.8191
     1351.6752    900.4258    235.5364
      296.8673   1210.7529   1109.7087
     2158.5542    248.6085    335.9210
     1159.5420    350.5464   1088.9368
      404.1470   1053.6039   1308.8450
      291.5386   1990.9822   1799.9624
     1139.4612   1478.1583   1017.7535
      428.6552   1901.3070   1402.9073
      239.9878   1803.7545   2249.2419
      869.3660   1009.2808   1707.9012
     2183.9866    201.7075   1488.4135
      754.8176   2091.4150    113.8300
     2045.1025   1314.3802   1224.5273
      953.2112    953.5812    911.3988
      662.7512    443.1730    516.6349
      550.4142    972.6052   1988.3542
      220.2773   1908.6700    559.9727
     1137.7634   2191.1458   1070.1403
      619.6129   2015.9244   2171.5012
       19.8998   1241.2848   1600.3035
      856.3517   1209.8749    483.2375
      687.3721   1128.7828   1812.0831
     1374.9807   1288.4172   2095.6765
     1046.8103    328.8096    822.5495
     1982.5753   1161.9232   2161.3594
      959.4051    783.8414   1625.0621
     1461.4341    630.3951   2049.5413
      537.5144   1015.6334   1590.3348
       34.6119   2185.9373   1308.7213
      139.6584   1682.2764    242.5121
      360.2811    814.2159   1770.2842
     1229.1631   1962.3665   1455.0503
      932.5429   1184.7944    747.7621
     1786.9282   1208.5852   1402.5619
     1336.5653   1660.7086   1083.8091
      501.1891    530.2628   1360.4456
     2086.2053    837.6851   1409.8973
     2039.9021   1507.7689   2038.7618
     1601.7272   1026.0089    273.3096
      748.2006   1464.8331   1450.6783
     2030.6565   1882.0599   1101.1234
     1399.5907    713.2027    946.7233
     1952.1904    745.1253    487.4490
      407.9010   1301.5416   1376.7927
     2083.6509    672.5027     67.8258
      406.5382    434.8775   1586.8197
      349.0898   1635.6584   1417.0580
      620.8549    180.2084     32.9796
      627.1725   1250.3446   1436.3894
      101.1090    373.5649   1535.8484
      436.7620    698.5161   1011.7654
      672.4734   1113.2900    284.1082
     1671.3041    761.8116   1897.1846
     1984.2981   1609.5919   2252.2251
      863.9450    508.1199    651.9548
     1032.5234    111.2673   1732.1805
      488.9892   1921.0237   1663.8093
     1728.7140    111.3726   2165.1804
      405.2231    734.2130   1552.5217
       74.4508    738.2617    667.8850
     2210.0422   1094.2719   1258.2471
     2149.3945    389.9417   1310.2568
     1753.3572   1621.9767   1691.4685
      481.4935   1195.8422   2202.3953
      256.8720    554.6088   1422.9779
      690.2444   1942.4348   1384.8967
     1381.2528    369.7312   2071.2795
     2082.4275   2246.2935    320.9192
      982.0179   1473.5404    275.0138
      797.4611   1234.9080   1639.2885
       53.9678    995.2051   1032.0132
       63.9378    459.0298   2063.4646
     1894.5304   2177.6951   1177.5034
      244.7052    644.7874   2188.4019
     1664.8474   1074.5194    502.2738
     1524.2087   1216.6766   1589.1525
      540.0551   1824.7753   1199.5796
      962.4604   1107.2479   1169.9513
     1795.7871   1922.8179   1318.4691
     1571.4688    363.8722   1849.7242
     1640.5380   1667.3955    406.8844
      941.7588   1424.9407    522.5023
      694.8758    850.2935   1595.3350
     1189.3375     86.1790    454.6852
     1305.4108    300.1799   1826.1213
      732.5494    505.3918   1380.2693
      720.4150      5.5695   2140.5601
     1353.4657   1029.6653   1429.5342
      354.0999    322.8238   2246.2571
     2044.1523   2034.4562   1333.8422
     1689.7482   2067.1013    583.6893
     2155.7156    520.2463   1539.6058
     1383.0822   1757.0555    329.2860
      782.2225     42.3799   1868.9904
      655.1796   1132.0892   1202.8693
      432.0428    485.0130    843.1689
      995.5531   1741.9536    543.0133
     2258.6328    466.6304    262.9179
      292.6122    289.9404    693.9796
     1935.6594   1338.0059    861.3582
      621.5366    350.7456   1600.4480
     2262.6960   1039.9948   2164.4917
      929.0374    405.7789    313.5145
     2237.5647    157.5294   2146.3425
      219.6939   1599.9893   1978.6801
     1326.8525   1839.1195   1264.4639
       45.0832    891.0139    455.2679
      648.1812    582.9969   1592.9812
     1218.5455    677.9236    200.6639
      377.1380    467.7809   1148.3695
     1331.3268   1831.9314     93.5103
     1175.6868   2200.5508    267.5121
     1996.8492    459.4335    199.0713
      232.2962   1633.9221    478.5036
      864.9283    726.4655    802.8872
      237.2056    914.7960   1957.7810
     1161.4657   1794.5350   2151.9290
     1215.9290   1100.8799    746.3252
     1639.9297    339.6680   2119.4656
     1437.6122   1480.1273   1445.2028
     1806.9263   1088.5149     88.8477
     1877.5370    833.4029   1021.9200
       13.2679   2154.6582    159.0652
      281.2777    572.4101    163.1238
      881.8002    134.5050    391.6590
     1453.2677    935.8352    465.8220
      273.8865   2018.9550   1225.1019
     1377.0315   1474.8186    940.8978
     1647.5220    986.1086    753.8807
      865.1422    332.5382   1043.6895
      620.1382   2076.2041    676.0582
     2189.8433   1789.0397    919.0172
      933.5493   1528.3221   1688.4044
     1364.8311    694.5891    428.9912
      857.1182   1923.5197    306.4198
     1703.1014    534.0742   2008.6583
      142.5125   1821.7025   1560.0022
      768.5907    924.8649   1231.8661
     1186.9803    197.7919   1300.0986
      241.1651   2150.6162    875.5656
     2167.6455   1811.1088   1440.8157
     1097.0493   1924.2759    134.8866
     2139.8867   1395.1414    998.6839
     1542.7141   2258.3857   1469.6475
     1273.2512   1400.4108   1643.8582
      638.9231    674.9683   1190.7540
      204.4490    570.4409    873.4083
     1351.0370   1759.9266    774.6233
      384.4480   2231.6814   1714.1431
     1089.4467   2207.9253   1910.0781
     1483.8566    143.8791   2182.5835
     1648.5361    519.0115   1557.2302
      989.6460   2189.5042    505.5188
      358.1368   1280.7122    860.9206
       89.8227   1264.5002   1093.1785
     1156.7076   1388.7012   2175.4519
     1146.5968   2219.0903   1491.3176
     2061.0303   1943.4651   1692.9596
     1402.9084   2083.4939   1554.4609
     1165.4475   1073.4202    171.0706
     1181.6501    430.3216    225.7233
     1041.1157    853.8650    293.4317
      677.9983    347.9141   1197.6709
     1870.7584    317.4595    355.8182
     1126.0325   1733.6345   1106.8024
     1691.6362   1436.7491   1513.5927
     1238.4840    536.2571    913.5623
      265.2931    915.5504   1457.5323
      530.2834   1486.5049    911.7252
      858.5195   1322.5698   1854.2535
      235.4992   2051.1250     17.1470
     1487.5265   1877.9775   1616.1205
     1680.2509   1901.6912   2048.2632
     2108.6099   1705.5934    275.1944
       23.2955   1933.8535   2253.3635
     1664.2444   1366.8636    907.1559
      177.3848   1140.3352   1330.3706
      533.4825    257.3814   1044.5864
      989.1122   1006.3332    529.9193
      369.1967   1707.5251   1694.4399
     1621.6146    925.2140     69.0596
     1109.8234    659.3221   1398.6500
     1044.2377    196.1776    222.0961
       46.6689   1999.0277   1739.5454
     1666.7275    995.9622   1751.8696
     1144.9592   1749.5472    334.4596
     2158.5962    913.9705   1716.2274
     1941.1140   1009.6280    856.5937
     1205.2141    186.7198   2054.2480
     1346.5356    599.9603   1165.7655
     2189.1951   1608.2081   1873.2656
     2157.0649    388.8643    601.3887
     1368.3049   1380.8145   1873.3165
     1998.4241   1397.8945   1700.3964
     1594.3591    252.6429    332.8217
     2226.0964   1497.9762   1597.9125
      984.5917   2195.8547   1306.4563
      516.4780   1375.2888    141.8268
     1772.9611    472.2971   1010.4487
     2166.5845    188.5170   1025.9247
     1899.8022   2059.1716    271.9916
        7.9300    589.7010   1310.2273
      484.6809    259.9509   2000.6508
     1659.6093   1160.2360   2190.7803
      839.4801   2006.1592   1222.3320
     1978.2705    489.3501   1857.9056
      202.4541   1575.4073     21.0240
     1984.1484   1917.0625    520.4380
      708.7559    552.7100    212.3688
      169.4053    673.5809   1948.6036
     1230.2174   2129.1235    493.9665
     2054.3027    875.1451   2152.4565
     1827.3269    949.4815   2080.7390
     2106.4099   1399.9661   2217.9668
      929.2260    532.1537    921.7978
     1313.9188   1308.7531    464.9412
     1671.1633   2180.0183    324.5374
      538.2040   1363.4114   1143.3491
     1734.7806   1533.1451     41.7987
      998.1761    594.5222   1885.3660
     1886.3893   2192.3643    494.4582
      386.4996   1720.0776    848.7096
     2045.8184    291.7693   1735.5516
     1977.1931    627.7570    946.3555
     2088.8833   1142.4009   1747.2898
     1053.7578    911.4751   2030.5778
      106.9128   2253.3269   1756.3801
     1251.3375   1849.9557   1708.2080
     2202.5938    671.1162   1088.3215
     1019.3052    235.4473   2227.0029
      416.1715   1508.3964   1843.7375
     2068.4275   1160.4124   1478.1100
      558.5895   1982.6007    267.5914
       26.7981   1001.2788   1498.2780
     1995.7345    503.1091    428.5829
     2209.4753   1664.8741     39.6279
     1537.7227   1011.8842   2072.5073
     1848.1208   1237.4452   1074.4319
     1274.2484    560.4861   2254.2532
     1548.5919   2250.5840    655.4941
      233.9368   1432.2120    238.8641
     1611.3185    325.4763    602.8190
     2097.8931   1164.8363    762.8762
     1757.1821    558.6642    526.0212
      125.7970   1904.2715    218.2179
     1851.5748   2038.5323   2130.6223
      950.5993   1247.2781    993.7171
      597.5436    801.5838   2182.6921
     2247.8235   2235.1248    862.1099
       29.2000   1357.6654   1366.7266
     1684.6318    484.7779    285.4781
      864.4438    576.2955   1162.2057
       19.5648   1741.4414   2071.2800
     2255.8042   1211.4813     75.5437
     1402.2596      8.7044    150.7734
     2076.1255   1142.1895   1018.0001
     2202.7170   2066.6365   1519.2731
     1413.4751   1592.8850    524.3538
      118.8982   2233.6174   2153.6064
      933.3973   2008.5891   1462.0952
      448.9042   1205.7732   1954.0291
     1412.0972   1590.5847    114.5545
      732.6254   1894.2389   1592.5566
     1368.6022   1379.4878    692.2599
     1774.5573    289.9094   1706.4203
     1743.0310    510.8340    766.6310
     1075.3726    637.6529    458.3281
     1500.9113   1766.5671    926.7135
      245.7724     57.0894    109.1499
     1865.0405    832.9854     65.8308
     1726.4309     27.2643   1024.0110
       48.3634   1502.9674   2086.8137
     1163.0233   2054.9333   2110.8459
     2097.3494   1662.9399    635.8232
      608.1708   1170.9456    747.8832
     1786.0155    645.6736   1195.2739
      324.0626   2248.4050   1313.8347
      447.4253   1907.9972     71.5404
     1898.6324   2059.8662    725.0035
     1775.6108   2083.7837   1777.5543
     1624.2921   1577.0244   1079.8888
     1845.6818   1322.2109    521.1371
      271.9790   1743.5458   1226.1898
      615.6147    486.7261   1933.8511
      426.7506   1605.6786    152.1765
     1084.5371   1966.2820   1208.4854
     1745.4065     50.9704   1607.9712
     1396.4514    601.7163   1418.2250
      742.9871    314.9691   1825.8716
     1531.1241    340.2446     95.6081
      158.0130    908.9301     70.3395
      825.6799    113.1680   1206.6973
     1490.6167   2019.9415    904.0355
      286.2641    953.7690   1129.1605
      786.8088   1021.3435   1453.0798
     2113.0774   2118.3611    617.4409
     1988.8091   1677.6201   1805.6494
      259.4646   1137.7028   1573.9966
      782.0853    610.0509   2230.0359
      858.4405   1690.7987   1551.8462
      509.7857    389.6954    190.7406
      265.6420    361.4811    936.3985
     1812.8547    856.0615   1309.0173
     1511.4617   1715.5587   2158.0884
     1277.0409   1245.9736   1129.6938
     1641.1666   1282.4219    157.6623
      821.4119    592.2563   1736.2640
      805.6514    272.0719    583.2408
     1999.5840    395.0133    847.1473
       37.0588    177.1273   1275.2704
      798.7192   1732.1082   1318.8854
     1974.7865   1782.3099   1343.3782
      273.4163   1451.0209   1250.7832
     1759.3953    577.5911     46.5359
      106.8142   1427.1694    606.0175
     2087.4270    915.1005    623.3128
     1419.5515    946.1436   1659.4739
      266.0706    238.1736   1397.7294
      739.9419    337.0557    831.6850
     1437.1776     93.9408   1880.2825
     1583.1383    573.7911   1300.0704
      493.0950    929.1780    655.4764
     1659.0773    743.6958    894.8927
      824.8373   1850.7540    822.4836
     1699.2371    371.0825   1227.1572
     1768.1183    223.0441    840.1443
     2032.3386   2108.4023   1865.4956
      421.9118   2015.8585   2097.5088
      755.0118    266.8217   1398.6801
        7.6333    979.0313    790.4604
     1141.9071   1210.9233   1961.1003
     2057.5154   1460.2260    501.2570
        0.7032   1428.4143    171.6842
      903.7331   1066.8715    270.9035
      917.2206   1973.8976    625.4752
     1681.0841    136.9218   1884.6447
     1923.2148    471.1184   1578.1116
       16.0676   1538.3098    419.4298
     1661.8260   1735.6925   1479.6105
      371.3965   1072.4849   1789.9875
     1310.1915   2162.5576   1309.8119
     1441.1952   2238.6599    411.2712
     1920.7573   1643.5864    422.1067
     1844.7231   1735.0100    170.1981
      310.1521    382.0139   1845.1115
     1759.5121   1737.1926   2209.9089
     1870.7903    231.1001   1041.5518
     2048.4492   1292.2076   1931.1545
      867.9297    857.7909     72.7277
      539.1421      0.7250   1903.3174
      401.8120    551.7449    571.4648
      897.5646   1498.0679     33.9892
     2126.6917   1933.5695    281.2331
     1002.0989   1496.1545   1444.9404
     1174.7415   2101.3687   1693.8955
     1037.9384   1774.5479   1372.1860
      295.6915    778.5869    464.7375
     1145.6122    989.6819   1774.5081
     1767.3795   1952.3351    101.3582
      258.2177   1028.5555    357.2262
      952.2508     52.5831   2074.9250
     2211.3066     37.5557    545.5234
     1035.7894   1596.5061   2091.9038
     1630.2866   2107.9363   1147.1768
     1749.8920   1646.3322    867.3422
     1399.3552   1161.5563    250.0318
      371.6230    466.4346   2064.2300
      156.5040    801.3561    916.1973
      598.8096   1284.4438    426.2367
     1189.8690   1576.3215    777.3961
      672.4926   2126.4033   1672.4607
      564.2603   1606.1495   2020.5775
     1141.9257    866.6288     41.1618
     1427.9629   1093.2512    631.2793
     1773.9808    571.7736   1750.6149
     1444.2155   1031.4279   1178.1486
     1012.4756   1689.2561   1854.3529
      978.4529   1633.0880    910.9117
       11.6340   1817.5288    468.9696
      947.3128   2154.1614    243.7330
      382.8607    704.6305    741.7015
     1181.5110   1551.5555    529.7621
     1694.9321   2142.7002    843.4063
     1158.7593   1587.5818     60.9268
      185.7804   1725.2150   1003.8912
      743.4031   1277.0903     58.4909
      282.2630    121.8768   2126.7295
      635.6851   1419.8516   2162.6382
      152.6344    401.9921   1245.4520
     1049.1069   1316.1472   1625.8506
      465.1231   1973.6187    486.5843
      833.3459    362.5944     74.5705
     1599.7811   2178.0898   2000.0115
     1678.9401   1872.8245    803.4766
     2040.0535      8.4323   1407.5347
     1952.5486   1849.7900    829.0793
      517.2920    619.9032    363.2666
      558.8726     79.1597   1267.0388
     2117.0620    925.4990    109.5488
     1532.9130   1415.0017   2230.7651
       68.1831    850.0988   1264.2639
     1105.9810    886.0312    695.0486
      421.4067   2253.8606   1074.2290
     1962.4287   1395.1221   1451.3301
     1920.2191   2148.7913   1589.7419
     1618.9719    830.9902   1119.3730
       37.6343   1025.8000    237.6060
     1883.8453    389.1195   1361.9890
     1401.4655    264.0337    499.1230
        3.8676    780.6709   2161.5928
      641.5386   2262.4304   1025.6948
     1839.2319   1188.9222    363.3284
      423.8090    707.6085   2018.7494
       45.4650    599.6219     66.2325
      242.2626   2187.9810    514.6289
      822.3729    619.2361    412.5957
     1355.5861   1833.5750   1953.2555
      283.4783   2176.2393   1945.5769
     1270.7970    553.5778   1852.0314
      144.1628    516.8091    655.9650
     1735.1464   1026.9500    987.4421
     1193.5295   1300.7783    896.1270
     1569.1743   1245.0337   1086.9969
     1794.3704    137.0765   1261.3462
     1435.0216   1100.8246   1853.8582
      430.8882   1140.0719    559.8477
     1495.5165    567.8848     52.7900
     1781.7368   2199.7156     94.9666
      942.5197    526.2770   1516.0542
       35.2897    466.1276   1810.7491
       85.1793   1917.8905   1353.2306
      577.3929   1734.3511   1786.3899
     2039.3442   1149.6774    173.6313
      836.4383    948.0698   2079.5342
      381.4027    732.3292   1270.1533
      683.5726   1556.1251    168.5761
      559.9798   2007.4304   1875.1721
     1000.2362    896.7745   1354.1600
     1524.5563   1687.7612   1294.1138
     1716.0048   1391.4214   1258.9875
      508.5520    237.9358   1761.4001
      607.7022    787.7103    840.9042
     2053.6882    747.0776   1892.2180
     1829.5017    787.1150    734.2635
     1048.8596   1040.7233   1548.5248
      266.4481   1151.0176    102.5766
     1098.6201   1807.7922    789.7284
     1470.0795     26.9411    931.9995
     1634.3186   1475.0551    576.7100
      462.4872    575.4918   1764.6813
     1539.0791   1482.7504    251.0173
      621.5868   1377.9110   1911.3446
     1863.3849    286.1759   1970.0167
     1989.4796    593.4135   1316.2081
     1028.9467   2201.7502    810.5380
      812.5781   1575.1449   1940.1022
      324.1392   1819.4526    332.1555
      253.1436    949.9872    624.3017
      382.5548   1449.1387   2194.9983
     1344.2103    885.0908    753.3869
     1798.2655   1622.2611   1313.1062
     1112.6550   1439.6085   1838.2561
      524.9883   2109.0615   1478.9297
     1487.8322    961.3519    929.6284
     1907.3173    966.8519   1546.2606
      683.2223    273.6775    284.4474
     1664.4640   1043.0242   1260.2354
     1251.1241   1464.5920    290.9060
      972.2571    836.8779   1104.4192
     1235.0197   1313.7080   1425.9042
      739.6383    109.2867   1646.1454
     1019.7075    151.3001    686.1807
     2086.7917   2232.1499   2113.4844
     1877.9778   1484.2854   1076.3474
     2153.2512   1289.3502    332.8921
     1133.1204   1925.9768   1928.2372
      514.5532    604.3715     39.0459
     1794.8212   1402.9727   1814.9817
      958.1495    254.8199   1936.9906
      446.9279    153.7096    245.4576
     1070.3783   1961.6604    416.3696
     1751.3882   1901.8556    401.3029
      390.0151   2236.6333    686.4855
     1527.4680   1995.0233    194.3700
      442.1648     87.6138   1519.7263
     1142.9232    468.7825   2043.1584
      392.1127   1795.9862   1981.4346
      799.2292    965.7966    682.4296
     1610.6667   1877.5781   1111.1344
     1035.7898   1272.9366    101.0126
     1026.7106   1906.0645   1662.3977
       94.4317   2091.4797    675.5862
      455.3378   1469.2823   1601.8431
      410.8086   1752.2152    581.9860
     1521.9990    526.4401    502.0403
     1169.7306    273.9874   1572.5928
     1604.5686   1729.7756    155.8343
     1299.1805   1626.3296   1817.3478
      292.4401   1307.2552   1745.7078
      982.8915    386.1209   1282.3939
     2104.1311   2006.9971   2119.4490
      704.1165   1011.3893    952.2562
     2074.3054   1037.0126   1970.3755
      178.1533   1335.9452   2254.1675
      456.9829   1551.4838    392.4276
     1707.4366    106.9212    483.2373
      704.4114   2259.2175    273.8029
     1173.4550     36.6625   2257.3584
     1182.1661    564.8275   1585.9041
     1810.0043   1162.7944    705.3727
      440.6944   1604.7230   1115.8212
     1389.0917    370.8643   1016.6066
     1479.7194    215.2529    812.3906
      680.6084   1937.4193   1038.6904
     1230.0724    735.3514   2033.4315
     2062.7688    170.9955    791.2653
     2199.0623   1757.1560   1667.7098
     1736.9955   1848.0341   1732.7355
      506.9547   1708.9114   2226.4631
     1387.0238   2068.0945   1091.8052
      689.2531   1585.3186   1159.4292
     1562.9747   1509.2477   1998.1606
     1862.2462    971.3237    549.2985
     2140.6875    826.6679    885.3308
      124.3976   1255.2925    369.2234
     1575.4087   1291.7695    401.7804
      820.4849   1494.0990    978.4966
     1208.3662   1050.9391    994.2563
     1008.8416    690.5811   2172.4399
      573.5262    810.5904   1406.0525
     1391.0684    822.9620   2243.6577
     2238.9292    688.2604   1721.2729
     1297.0634    996.5599   2014.9014
     2124.6619    411.1027      9.4916
      109.8374    355.2205   2261.9680
     1141.1350   2003.5441    687.9155
     2041.2915   1174.7389    526.4590
      588.8140    418.2110   2199.9214
       39.7572   1528.5360   1154.8752
     1426.6685   1096.4895     11.5539
      656.2809   1836.3558   2028.4470
      482.4548   2206.1816    131.3171
      597.5433    787.5715   1810.1731
     1359.3966   2230.6880   2057.1108
      109.8702   1953.2136    850.8643
      992.9534    144.6556   1428.1620
      422.7433    933.7857    898.3113
      795.7328    888.9215    368.6188
       15.5335   2121.5754   1966.0854
     2035.9985   1873.1316     67.5379
      927.0081   1345.2773   2063.9441
     1817.1448   1196.7366   1656.5422
      244.7000    323.8703    213.9184
     1832.4724   1737.7126   1063.6647
     1967.7599    166.8687   2155.9089
      203.5347   1218.2800    651.5361
      880.3171   2183.1692   1050.1155
     1083.4270    604.0787   1134.2405
       87.3200    747.2357    237.9028
     2133.2876   2242.9021   1140.6057
      977.7910   1430.6953    784.1425
     2240.0481    605.4014    480.8777
      413.9333   1207.4586    298.3206
      962.1167    633.2867    197.8694
      718.9133    240.1161   2052.4951
        3.9694   2010.8629   1078.4708
      221.9934    542.9785    416.4001
      890.4290    291.8737   1603.4265
     1238.9900    127.4635    908.5816
      741.5120    697.9502   2022.4818
     1211.7650    861.6918    478.3531
     1975.4745   2256.3420    936.4370
     1290.2129     66.6968   1693.5300
     1449.8999    816.8760   1904.3788
     1560.7070    551.3901   1062.3936
     1625.1381     85.1133    140.1456
      915.4489   2066.5122   1824.3729
     1298.9995   2093.5947     64.4110
     1779.9263   1464.2151    328.8038
      372.0985    910.4772   2203.9614
     2178.9097   1887.0146    696.2848
     1825.1074   1151.2083   1902.4919
     2077.6294    950.6482    370.9052
     1526.5394   1956.7253   1824.2008
     1461.2350    323.1873   1269.0538
      842.7227   1675.9565    364.2200
     2070.2744   2068.8054    900.2786
      583.7712   1741.3846    369.4291
      360.3210   1921.8705   1006.1050
      787.7419   1337.1191   1196.0441
     1261.9098   2119.6990    884.5432
      484.8582      5.3863   2164.4473
     1275.2151    480.1767    524.4990
      859.9039   2083.9141   2038.7576
     2025.0830   1482.5350    200.2556
      925.0270   1095.7673   1922.8135
     1073.4056   1329.1370   1225.0857
     1901.1210   1067.1433   1258.1226
      712.9050   1271.1582    937.4786
     1624.3733    253.9157   1026.2781
     1241.4396    422.4186   1333.7976
      137.8709     39.0124   1504.0149
      685.8196   1680.7841    928.3332
     1169.1888   1111.0546   1321.0565
     1497.4158   1267.1667   1335.8397
     2019.0918    461.8414   1108.9803
     1494.1259    481.2714    798.1208
     1678.0348   2024.0785   1548.6206
      519.1260   2098.9438    898.5032
      670.2515   1057.9822    510.4417
      669.3329   1517.9668   1710.3267
     1095.0336   1274.5996    363.0545
     1532.8461    742.8863    645.8530
      341.0745   1953.5994    736.8657
      810.4320    125.1972    890.4288
     2128.3350    349.0538   1982.7610
     1606.5201   1261.2858   1946.1625
     1918.7150    202.5577   1521.7223
      132.4883     88.1143    717.7698
     1116.0748    725.9304    916.0527
      171.9772   2206.9226   1108.3013
     1105.1652   1675.9459   1606.4575
     1411.8344   1475.7343   1210.7742
     1820.8407     62.4278    693.1102
     1062.0291    384.6849   1757.1951
     1865.4821    932.5842    282.6583
      496.4733    918.3737    396.2342
      103.1329    234.5971   1975.5317
     2003.4641   1632.3373    866.5148
     1451.1991   1959.1858   2147.1504
     1582.0878   1701.8461   1875.1863
     1790.2117   1618.9398   1976.7272
      132.9066   1724.5011    721.7056
     1274.6874     13.4577    701.0077
     1177.2410   1136.1855   2188.9321
