      754.1099   1820.7106    488.1411
     1924.3881   1800.5844   2174.3169
      841.9243   1936.4473   1863.4785
     2240.7014    353.3100   1128.5431
      393.2076   1963.1274   1719.6759
      168.1517    591.5435    353.0180
     2114.2207   2124.6003    505.2793
     1242.1694   1188.6407    240.1777
      348.2884    244.9537    437.8950
     1625.1644   1524.8075   1137.4065
      210.7197   2071.1731    990.2336
      954.3123   1503.1555    571.2877
     2163.9202   1947.7405   1196.7473
      666.0338   1484.9259    148.6360
      225.0687    567.8802   2114.8945
      227.8187   1511.8126   1269.2744
     1727.6389   1962.7761     31.1948
     2015.6536    696.4771    854.4012
     1851.0970   1844.2186   1822.1000
      628.0970   1487.0521   1394.5160
      595.1995   1885.6952   1083.6705
     1437.0347   1040.3713   1329.7269
      195.2548    378.1065   1521.7927
      825.6335   1552.5426    822.3107
      266.8332    192.0264   1135.5853
      600.3083   1949.4117    777.7579
      607.1723   2216.8213   2108.9443
      866.0135   2223.7122    555.8293
      801.5229   1277.3044      1.1047
     2087.8999    277.4963    648.1616
       63.8078    698.7854    816.9285
      580.7636   1561.6879   1009.0010
     1056.6664    538.9681    189.3353
     1522.3098    828.9446    633.1516
     2232.3066    944.6708   1852.7087
      937.8973    464.3784    853.5673
      802.6700   1473.3907   1825.8407
     1122.3073    493.1650   1379.2917
     1339.7805    343.3449    666.7835
     2144.1824   1130.0477   1606.4984
      816.4735    870.6800   1642.6318
       72.4573   1170.4912   1303.2253
     1202.7006    141.5294    977.4657
     1789.2271   2049.0352   1307.3646
     1828.8605    746.5604    494.7296
      841.1553    348.9970   2236.4729
     1039.0670   1465.6750   1434.5560
     1960.6176   1538.5959    690.1111
      785.4992   1043.6256   1985.4479
      994.0866   1677.4834   2117.9060
      326.8271    198.5087    810.7673
     1196.0227   2119.8105    173.4361
      613.0975   1070.9644   1676.3445
     2051.3333    689.5168     44.0814
     1170.3660   1917.2433   1609.7668
     1927.1224    186.8285    921.2161
     1359.1877   1919.1559    987.4589
      179.9995    324.0815    162.2237
     1150.0052   1621.2300   1095.3120
      947.1553     66.4521   1458.4651
     1228.8102   1668.0869     54.4017
     1593.4462   2114.1897    467.3575
      986.4313    540.2979   1657.4091
      327.1217    346.9581   1833.1160
     2162.0850   1769.7451     75.9691
     1780.2939    654.6440   2061.7781
      234.8218   1355.6461     84.6291
     1545.3583    257.7649    346.0009
     1248.4243    615.6508    583.3868
     1827.5775   1492.5015   2030.5500
      805.8930   2171.8730   1722.2166
     2187.7971   1775.3057   1492.8340
     1733.4550    270.4627   1645.4738
     1993.8094    371.0282   1758.0422
     1496.0845    700.7809    992.3138
     1012.9977    108.7226   2059.3662
     1060.3418   1178.1216    506.4067
      448.4088    698.4980    244.3726
      503.1868    850.4072   2164.8452
     1974.4539   1882.0812    871.4606
     1287.3596   1250.0929    693.8488
      600.5343   1016.2502   1369.5452
      710.9149   1109.0247    526.5510
      785.4947   1239.0697   1065.3690
     1981.5061   1660.0413   1240.3145
      723.3995   2051.5400   1409.2091
     2177.7080   1163.4738    725.5319
     1692.7721   1368.0203   1604.3010
      229.3738   1811.6182   2049.5735
      495.4121    565.6073   1467.0936
     1389.7504    820.5321   2007.9502
      731.5233    392.3610    523.7804
      373.9885   2160.7073   1974.0427
     2178.9390   2151.0889   2245.2356
     1781.6210    394.4185    539.8918
      807.2390   1880.6462    152.4026
     1072.3367   1991.7865    864.6215
      228.0915    940.0938   1036.7614
      651.7913    198.2879    962.8276
       58.0541   2216.7000   1737.6339
     1408.0012   1867.5806   1432.0192
     2123.6851     44.4812   1544.7134
     1730.1798   2172.0498   1672.0166
     2153.9355    284.5006   2168.0049
     1968.3545   2179.2559   2030.9125
      258.2529   2098.4802     96.2798
     1500.2739    402.3657   1443.1107
     1599.2418   1655.9982    565.8455
      685.0845    400.8834   1588.2982
      949.6515   1067.1117   1242.6898
     1568.9409     96.5305   1356.3130
     1658.0800    505.6059   1229.7666
      313.2600   1342.9763   1913.5339
     2133.8726    493.4759   1518.3604
       21.5616    804.3947    505.2049
      487.4157   2193.8682    400.5694
     1911.3444      3.1370    290.9545
     2019.1019    863.1487   2097.5933
     2242.0537   1469.8652    970.2633
     1034.9421   1062.4672    743.9794
     2204.8430   2250.9053    922.6754
     1339.9795   1805.7174    491.9056
       77.6309    667.9907   1744.0566
     2234.9517    873.1966   1404.6896
     2134.2273   1361.6869    413.4965
     1371.3091   1889.0707   1991.4098
      114.9685   1827.4240    445.3723
     1505.9248    382.6461   1957.2628
     2194.4023   1512.7750   1725.8385
     1897.0990    818.7980   1703.9702
      198.9832   1827.8932    726.4882
      138.1416   1387.3905   1486.1130
      768.6158    405.8895   1313.2816
     1951.5486   1303.4381   1318.0979
      463.1531    712.6865   1888.8251
      749.2174   2254.7537    205.2074
      324.0034    532.4139   1110.6272
      533.3430    422.1316    744.5733
      793.8127    762.0615    544.8813
     1137.3049   1077.7917   1975.5739
     1431.4633   1343.5149    459.7860
     1213.3945    858.0424    346.9342
      510.4516   1286.5525    388.3429
      363.1908   1611.1710    251.0038
      274.9646   1207.6293    995.4131
     1488.6011    901.0141   1753.1224
      121.0463   1192.9590    376.5088
      188.7580    872.9320    129.5996
      907.6335    732.6086   1235.1444
     1603.6755   1936.0443    808.9108
     1575.2307   1675.9025   1635.8038
     1685.3624   1387.0886    192.6512
     1272.4478     89.7309   2214.2905
     1720.9535    431.7711    115.7250
      193.9805   2226.8625   1464.0024
