     1106.9364   1779.2343    638.1112
     1618.3348   1405.1204   1736.1709
     1110.4166   2258.4185    891.4719
     1791.2720    258.9504    955.3257
      479.9115   1764.6584   1981.3451
      613.5544    100.4190    665.4922
     1461.1062   1935.0371    707.8115
     1241.6331   1538.1166    485.5397
      959.4167      8.1504    654.0631
     1169.5001   2113.8416   1220.2557
      544.6113   1900.2173    437.8125
      951.1591    268.6927     79.4169
     2141.5835   1973.7418    966.6259
      858.2028   2250.3782    365.3653
       53.1943    164.2740   2156.7246
      480.8476   1325.0110   1135.6165
     1706.2501   2192.7451    255.5939
     1684.7450     58.1502   1365.6830
     1896.0355   1921.6925   1972.8934
     1129.6265    696.0148   1240.6086
      607.2485   2047.6305   1381.8378
      935.4286   1690.7061    887.0375
      698.7080    352.6624   1451.0731
      764.8128   1113.4570    988.9292
     1499.4116     36.3868   1635.8932
      636.0507   1011.6030    714.7137
      733.9836   1643.5699   1956.5309
      610.9470   1969.4327    717.7466
     1113.6710   1996.6274    450.7522
     1507.9901    557.4142    738.0646
      126.5390     42.6139    699.6113
      384.6413    439.1734    830.1512
      386.1301    310.1418    483.2209
     1538.0596    881.5338    884.1006
     1907.4771   1217.8094   1983.7096
     1045.2678    277.1816    902.2483
     1045.5120   1295.0433   1679.9845
     1260.1542    732.7072   1727.2798
     1477.4059    382.5169    456.7784
     2189.0054   1329.6012   1625.5658
     1159.1509   1363.3160   1428.7760
      714.4304    825.2280    951.8762
      710.7816    461.6472    973.1637
      815.2942   2239.0950    895.0305
     1972.1860    583.7528   1157.1218
      939.5417    132.6646   1813.0021
     2031.2266   1093.3799   1456.5361
     1258.2222   1060.7155   1507.5647
      690.7296   1062.1306   1862.8411
      804.5626    907.8663   2224.8237
      963.4507    183.5102   1428.5795
     1082.2858   1624.2638    217.3453
      815.0262   1581.8417   1621.6995
     2024.8829    430.6461    386.9454
      917.1900   1730.2993   2245.6104
     2077.9951    211.3512   1103.8525
     1967.2532   2134.6716    437.6097
      809.3211    274.2006    380.3021
     1351.1906   2134.1482    245.5913
     1204.6849     42.1961   1576.2190
     2165.9197   1590.1532    628.2966
     2166.3164   1840.1205    257.5308
      695.4700    445.2843   1842.2067
      352.9833     14.5106   1274.4858
     1746.9082   1068.4768    371.2160
     1430.7909    567.3940   1847.0548
       83.1021    918.0044    288.4923
     1567.2155     28.9994    939.8602
     1688.8068    810.3931    614.5327
     1610.5105   1539.8828   2236.2117
       57.4477   1742.0300   1142.6056
     2260.3594   2185.8254   1809.2571
     2049.2190    461.9402   2112.2625
     1630.1584   1008.7973   2087.1069
     1820.5582    892.5828   1370.2471
     1103.7246    100.6975   2095.8359
      516.4925   1186.6709    322.1948
      102.2579    143.9661    261.6538
      161.9270   1257.5829   2156.9131
     1967.7719   1989.7740    130.8749
     1432.9233   1419.2264   1026.2722
      107.2677   1413.6368   1146.0094
     1095.5341    916.2568    311.7391
     1178.1957   1494.9181    937.5569
     1753.4856   1662.2245   1331.1847
      851.8115   1927.0228   1723.2183
      609.0472   1467.3649    700.1197
     1778.0184   1447.8062   1497.3551
      156.3413   1781.5273   1669.1185
     1209.6493    616.9199    897.5182
     1531.6421    855.3292   1583.1777
     1623.3960    194.1222    594.0312
      474.5791   1521.7097   1516.5841
     1405.7443   2169.6165   2200.7202
     2210.9324    969.5271    573.3203
      849.0990   1970.0732    143.1047
      956.3654   1184.5350     31.7923
      408.8959    570.9671   1805.3000
      807.8515    428.7810    693.3192
      409.1192   2137.9270   2060.4519
     1110.1973   1962.8984   1878.6838
     2035.4148    332.1305   1476.7323
      887.8764   1907.9165   1446.0380
     1839.5895    871.2216   1711.0278
     2061.2852   2252.0159   2093.5500
      108.9774   1508.7489    309.8880
     1687.9106    544.7616   1590.1174
     2113.9475   1576.7097    368.2655
      487.4514    440.4939   1156.5001
      870.0011   1462.0746   1149.7834
     1271.4585    407.5628   1454.5203
     1408.2874    157.0246   1263.3413
      177.8303   1514.4825   1473.8616
     2058.0847    111.6432   1721.3311
      503.7889    627.6742    719.9978
      146.9691   1975.8470    121.9547
     1964.0988    165.8975      4.0457
     2165.2737   1436.0525   2259.2927
     1875.0941   1765.0160   1087.4703
     1876.4597   1367.8505    647.6747
     2225.0374   2067.8560   1265.9128
     1356.7981   1826.6790    281.2369
      194.3683    567.7351   1447.5863
     1525.3793    456.4962   1325.3088
     1998.9041    794.6377    812.3939
     2131.7278   1723.4645   1781.1758
      507.8407    847.2606     69.7826
     1711.9314    237.1021   2072.0139
     2062.0605   1507.1951   1292.2572
     1617.3956   1170.9847   1576.4449
      704.8986   1755.2957   1159.2894
      191.8262   1504.8846   1925.7134
      808.0174    294.7307   1171.8451
     1762.6550   1388.3717   1185.2651
      367.3102   2136.3330   1618.8879
     1660.9385   1927.9650     38.6699
      375.7993    132.9957    881.8702
      598.5424     50.9719   1109.8826
      678.6047    789.3821   1333.5406
      994.7769   1007.3132   1281.7059
     1870.6537    486.4450    745.4778
     1296.8035   1056.8596    123.6951
      309.7344   1625.4896     26.8856
      485.7326   2040.3560     76.4416
      179.3481   1685.0525    632.4896
     2135.5615    578.8140   1607.9902
      251.6324   1062.6332    752.7928
      395.3132    842.5494    407.5676
      139.7225    723.1420    809.5850
     1650.6376   1746.3992    376.2933
     1281.3995    297.1049   1953.8248
     1697.2405   2154.7202    682.5021
      997.5014    428.6120   1588.4690
     1937.9203    160.3256    543.6744
      414.7052   2133.3071    904.1210
      845.7878   2151.9304   2152.7136
      491.0149   1022.2916   1054.9569
     1430.3495    921.3373    383.2890
      424.6747    398.2831   1455.6290
     1888.8269   1607.2692   2230.6201
     1905.7401   1590.8148   1850.4899
     1283.0637    582.4027    570.9847
      185.8638   1183.8389   1759.9724
     1032.2189   2256.2715    127.7910
     1507.1617   1720.0802   1838.2333
     1687.3647    661.0613    984.3223
     1822.4558   1000.8225   1068.0065
     1332.6146   1329.7721    271.3339
      968.9454    643.1918    150.9316
     1743.8828    233.5164    204.5250
      213.3314   1384.5781    788.6541
     1804.7249   1218.4698     49.2822
     1872.8486   1050.8970    705.3099
     1964.6439    591.2643   1870.5513
     1132.3781   1743.9778   1278.5685
      485.2064   1480.4603    286.6849
     1781.3473    540.3367    115.5067
      447.1283   1421.7992   2012.9618
      337.5017    836.5467   1576.4850
      295.6140   2031.6522   1182.1233
      688.1780   2216.8430   1903.5842
      435.9537   1563.9354   1259.6652
     1205.6382   1520.9084   2198.6660
     2068.5576   1256.7512    407.6400
     2145.5588    835.3432   1405.1855
      931.9313   1338.4137    403.9572
     1548.9742   1033.8168   1266.0229
      919.2222   1083.4462    715.3828
     1186.9207    432.5148      9.2884
      676.1455   1309.2633   1643.2343
      234.2933   2229.5684      3.1096
      813.6246   1662.6838    401.2774
      545.0133   1158.0127   2152.2988
      228.6063   1217.1541   1419.9037
     1626.9362   1409.5430    307.3099
     1144.0907   1891.8170   1576.5248
     1133.0659   1616.7523   1847.8856
      825.2075   1377.7135    860.9356
     2160.1279   1001.6194   1681.4209
      175.6090    592.6639   1153.6383
     2247.3149    738.7933   1865.7400
      886.9321   1167.5837   1438.1825
       95.5052   2165.8584   1535.5282
       82.5640   1174.0560    109.9936
      453.6203    706.4611   1260.3113
      906.0474   2155.5488   1228.9716
     1498.0345    560.4819    162.0676
     1269.8784    743.3972   2072.7234
     1957.2605   2069.8853   1630.6125
      379.8294    555.1367   2196.2141
     2256.7964    407.1021    698.8871
     1357.9362   1796.3984   2120.2310
     1247.1467    980.5057   1055.0835
     1384.0039   2104.0154   1805.6852
     2144.1008   1787.7218   1509.3071
     1677.1549    851.8689     43.2212
     2055.7402   1214.1652    851.9930
     1585.5165   2035.7003   2020.0780
     2144.0972    297.6575    163.1861
      594.2614    127.0207   1573.1949
      262.6768   1863.1906    933.7662
      419.9406     94.9927    271.4759
     1415.9457    673.8047   1105.4810
      130.4488    305.5040   1764.2679
      787.0983   1039.2527    457.4244
      592.3572    527.3669    250.1026
     2225.2546   1124.8582   2003.1678
     2141.0247    834.5173   2139.2058
      922.1071    723.4762    487.4616
     2085.5696    128.7431    834.0452
      202.9427   2012.0554   1914.3759
     1776.7146    254.3163   1610.9137
      881.4950    647.6081   1509.4004
       90.4049    878.3780   1027.3136
     1885.5820   2155.4077    975.0132
     1623.8024   1492.4408    779.5470
     1315.0345   1332.4755   1656.4951
      419.5476    234.4933   1849.6124
       84.4775    434.1043   2107.9592
      827.6066   2215.4487   1542.4845
     1463.5878    237.2690   2210.9766
     2262.7874   2071.0867    476.5247
     1482.8876   1204.8468    811.0292
     1465.1429   1132.2594   1924.0082
      436.2725   1561.9321    959.2255
       83.6292    210.5320   1398.7401
     1909.3579   1869.9398    603.1057
      983.9633    942.2662   1932.7683
     2033.5719   1611.6188    897.6552
     1671.0779   1885.8405   1633.0615
     1714.8087   1982.1230   1161.4575
     1236.0162   1853.9535    912.9877
     1778.2773   2184.6777   1851.5277
     1679.1211    600.3927   2059.1934
     1484.3698   1728.1847   1084.6914
     1129.6735   1998.1759     45.7577
      243.8710    860.8898   2082.7351
     1251.5836    957.6143    739.1570
     1163.5931   1213.2599   2063.6550
     1175.2042    354.7421   1120.3290
      919.5252    472.5723   2097.7004
      955.7073   1337.9786   1947.1819
      623.7499    242.8781   2141.4678
     2173.6372   1780.3811   2086.1880
     1336.2004   2236.3313    675.6710
     2020.6826     40.3236   1371.8879
     2067.9680    734.5904    443.7918
     1516.2427    319.8874   1040.2585
      308.2537   1316.7445    473.3171
      657.1997   1070.9175   1373.4861
     1295.9385   1251.8009   1210.1699
     2262.5994    648.1683    144.2729
      141.8779    216.1942    998.5121
     1388.7216   1526.7341   1455.1710
      914.1141    937.6703   1652.1981
      604.4183    690.8431   2051.6775
     1156.2053    320.1216    351.0793
     2163.2944   1180.5890   1150.6532
      643.5423   1463.6635   2254.5198
      450.9947   1782.6517   1598.6680
