      553.0970   2164.2583    327.4251
     1065.0087   1210.2135   1253.4531
     1072.5127   1721.0529    126.6897
     1394.3838   1295.5715   1376.5857
      413.4272   1874.4406    679.7745
      778.9308    794.8664    483.2428
     1616.2294   1760.5405    534.7281
      933.8989   1978.2833    861.6373
     1084.8411    362.9878    654.1570
     1783.2100   2161.4287   2102.0076
      311.7460   1797.9792   1191.7509
      558.3543    161.6957    168.5355
     1634.1505   2073.4819    495.5281
      687.5911   1990.7181     72.4153
     1250.9352    731.5744   1327.6200
      179.1701   1196.7090   1614.7122
     1401.1904   1912.7720    282.8877
     2010.9740    159.1985   1056.9185
     2073.8081   1847.4810   2078.6199
     1799.6925    409.1295   2079.3687
      511.5077   1752.2805   1022.7670
      563.2830   1575.3932   1868.0941
       14.6017    362.7178   1876.3486
     1272.2611    529.0660   1932.8374
      813.6855    760.7405    782.7190
      275.5453   1989.7333   1601.5402
       14.9322   1424.8395   1183.2153
     1433.2761   2152.8091   1963.8171
     1996.4987   2075.9148     61.3615
     2045.7015    103.1699    326.1114
      555.6231    476.3390    428.9586
      219.1260   1129.6953    374.5869
      475.9235    230.8449    516.1699
     2238.0369   1110.6281   1121.5057
     1199.7563    869.9108   1629.7164
      797.2825    351.5973   1265.0968
     1011.6382   1717.2030   2054.7056
      939.7448    205.0363   1764.0365
     1885.6643    106.2011    750.3458
     1831.1793   1930.7612   2001.2826
      463.2509   1284.1420   1411.7490
      569.7574    649.1203    841.2678
      822.7612    249.7511    634.0178
      711.1650   2255.1099    867.3729
     1839.5270    823.8507    876.2928
     1392.5240    204.2483   1185.8186
     1393.0166    502.5816   1112.5858
     1212.3778   1041.2892    866.2802
       17.1080    402.8358   1352.5521
     1018.0743    554.2245   2171.5305
      637.9709    584.7352   1186.5901
      669.2365   1463.0714     53.8336
      551.1187   1529.9379   1575.9725
     1775.5879    827.9559    373.0265
      922.3657   1935.3519   1745.3134
     1890.4987    585.7651   1550.8485
     1683.2334   1391.8362    555.3044
     1053.7173    317.9528     66.9654
     1319.1605   2083.2620    585.1410
     1517.2971    634.8473   1638.0239
     2220.4468   2222.5203    476.8205
     1936.8000    949.5056    597.9711
      105.7714     65.9433   1845.4045
       87.6530    234.2874    853.5897
     1948.1042   1043.8304    167.5556
     1126.8243   1451.8927   1387.6709
      854.6630    964.9617    183.0273
      938.8842   1177.9884    516.9802
     1320.4084    517.6122    762.1191
     1558.9988   1292.1768   1907.2853
      752.4927   1768.7885    678.0466
     2083.4817   2027.6106   1866.9752
     1294.5051   1002.4488   1153.0701
      810.4780    857.6982   2037.8594
     2254.5835    670.2399   1476.5393
      679.5472     14.9211   2181.8213
      796.1339   1772.1272     28.0283
      279.6839      9.1522    292.0909
      759.4603    575.5853   2073.9580
     1700.1677   1604.2935    819.6812
     1951.8090   1484.8383   1226.3293
      445.2045   1028.6379   1235.2244
     1141.5406   1474.8630    615.0823
     1637.1689   1235.6458    799.5815
     1191.1738   1793.4630   1805.1549
      804.1703   1967.7653   1420.5842
      189.6453    822.0477    407.2568
     1396.0858   1698.1244   1538.2917
      773.5245   1223.6108   1794.5927
      804.9155    645.9878    108.9968
      288.7996   1142.4722   2053.7329
     2156.4583     62.9375   1730.2977
      525.4540   1540.7626   1265.2976
     1237.0518   1760.9879   2136.3428
     1524.5874    750.5057    420.1399
     1106.1565   2223.4517    388.7610
     1384.3568    285.3098    167.7251
      140.3684    923.1061   1935.7135
      242.3913    183.7225    599.0067
      196.1582   1486.4728   1673.0414
     1938.6893   1570.0444   2118.2451
     1724.7710    656.4719   1317.4124
      586.2444   1979.1448    844.6138
     1306.8062    597.1708   2176.6577
     1748.6483   2024.7179   1314.5425
       94.8210   1579.1042    701.2725
     1904.7145    116.4024   1615.0408
     1944.0790   1197.3866    431.1122
      177.7827    310.6567   1600.0570
      562.8311   1086.1312    926.8887
     1391.5082   1524.7399   1893.5872
     1748.7825     28.7700   1004.0510
      354.3954   1673.4385   1438.3242
     2062.8088    641.5087   1731.7849
      323.2922    489.4821    533.2231
      205.2186   1793.4448    894.3131
     1194.0020    588.5881    468.4411
     1645.1902   1422.2174   1527.0469
     1279.9464   2070.0911   2182.4172
     1729.0803    824.8965   1597.6453
     2203.7607   1989.7286    819.4304
      366.3289   1357.5643    362.3123
      211.7749     21.8045    956.6680
      876.6200    748.2173   1557.6118
     1975.1385     11.5522   1278.2313
     1683.5292   1730.1479   1391.4857
        7.5311    737.6886    658.6258
     2160.7947     32.1450   2025.1156
     1116.4801   1346.1022   1014.6033
     1490.0813   1075.8160   1672.1666
      999.1851   1983.6892   1138.0089
       21.2773    907.6494   1643.2924
      432.0479    116.1573    815.2177
     1643.8989   1411.8917   1259.6155
      165.3735   1807.8451   2059.6316
     1683.7711   1556.1659     97.6895
      309.7655    381.5772    951.5073
      186.0676      4.3906   1564.9658
      345.0883   1089.1975    671.1175
      361.2694    592.4124   1693.9557
     1576.1262    247.4189    912.4313
      527.5491    720.7927    293.6739
       98.1700   1446.1305    324.3438
      572.8000   1552.3024    510.5430
      709.6147   1372.2915    337.1634
     2218.6604   1423.8990   1732.8130
      654.9769   1114.3783    320.8966
      253.5104     81.6598     35.0069
      544.8208    539.5131     10.8416
     1512.3965   1706.7883   1010.4697
     1459.1694    371.1724   1622.0094
     1484.8755   1961.5387   1412.2161
      492.2642    114.5568   1146.6617
     1952.6820     99.3699      8.9204
      242.4129   2030.3740    978.1348
      822.5449   1479.7430   2061.4343
      427.4594   1232.3285   1731.9540
      723.5659   1804.4628    332.3959
      673.0454   1762.2629   1605.1310
     1942.1825   1546.1222   1577.3982
     1363.5070    845.0204   1843.8879
      849.3467     27.3612   1177.5688
       41.9505   1165.4202   1878.7900
      549.7187   2226.0610    605.6052
     1779.8188    627.7758   1882.0244
     2009.7954    470.2000   1261.4076
     1599.5676    899.8182    654.1952
     1489.3192   1288.8370    232.0400
      280.2798   1800.1385     91.3658
     1372.2061     61.5564     18.3268
        7.7084   1045.8226    164.2619
     1865.4785    621.9269    188.6389
     1831.1036    301.5830    278.3477
     1671.1179   1074.8406   1460.6182
     1411.8237   1282.4171    544.5890
       91.8387   1161.5240    608.9509
     2222.7971    144.9123     24.7138
      947.8856   1058.8303   1024.5609
      297.2928   1085.1094    983.1053
      431.2124   2212.9934   1801.8152
      871.6972   1404.7190   1298.0900
      347.3987   2127.9924   1340.5790
      530.1075   1698.4069   2170.5784
     1315.2693   1069.6704   1445.9716
     2189.4287    463.3604   1015.8160
      408.0768   2139.4170     41.0730
     1981.7008   1086.8669   1292.5182
     1328.4180    834.9655    583.1584
      930.8168    258.4702    394.8830
      608.2367   1002.9104   1878.6111
      261.3814   1983.1776    306.4547
     1091.3871   2212.2974    997.2691
      799.8777   1821.3438   2003.8689
       37.5521   1181.0728   1392.0972
      968.7610   1213.4441    802.3048
      910.9448    961.2019   1775.5668
     1357.9781   1028.4561   2253.6428
      928.3154    712.1266   1086.1143
     2165.8743   1030.8296   2173.7141
      848.0998    409.1448   1547.8850
     1560.7452    700.6636   2120.3926
      839.8167   1128.4080   1366.5787
      107.2626   2072.4202   1239.9404
      414.4475   1213.3157     21.9499
      699.7426    455.3087   1820.2499
     1106.8599   1988.2341   2009.3240
     1041.1838    762.4019    619.2877
     1559.3920   1112.4943   1179.2262
     1335.3513   1867.5903   1189.3888
      407.1862    614.2003   1982.8414
     2134.1899    782.2220   1246.0093
     1689.7991   1543.0371   1853.2936
     1307.6729   1623.1373    237.1682
      724.4665   1351.9264   1550.3116
     2245.3540   1720.3823   1167.6790
     1522.6932    725.9469    836.4357
     2130.9983    643.0930    415.3435
      618.1813   1251.1650   1177.0422
     2112.7017    375.5801    275.8739
      440.5002    267.9158   1702.0414
      552.1539   1924.6953   1267.9602
      720.5829    397.1730    251.1544
      659.6172    833.9960    998.2272
      246.4823    204.9419   1346.5411
      500.4283    927.2642    453.0018
      828.1391   1217.4497    101.9288
     1736.2026    428.1628   1706.5671
     1792.7633   2155.9788   1839.3164
      879.5528    492.6283    801.5696
      734.7442     32.8185   1651.9435
       25.3788   2069.8115   1677.9493
     1641.3384    127.5053   2075.4412
      677.8343    853.6326   1299.2885
      270.2067    710.5577    132.1865
     2093.1597   1082.9324    794.2585
     2024.3826    921.9319   1024.7983
     1631.4249   2080.5374   1606.7164
       29.0053    775.4778   2141.9775
      280.4452    598.6688   1403.6927
      761.7302   2010.2845   1085.0043
      942.9921    266.8194   2040.4261
     2087.2634   1954.8928    385.0487
     1281.8451   1351.6350     73.0575
     1222.5593   1135.1539   1727.4635
       94.5436   1298.8311    883.6430
      137.5367    313.2883   2213.2498
     2112.7366   1979.8939   1205.6884
      179.6435    539.4380   2138.3945
     1823.8784   1089.2662    915.4046
     1282.5170   1317.7050   2021.8479
      904.5402   1657.4761   1411.1426
     1329.2874   1598.1388   1255.6746
     1672.1901   1976.5029   1057.0439
     1597.3387    108.4383   1766.6783
     1448.1820   1907.1222    748.0264
     1156.2058   1822.1653    414.7254
      648.5638   1033.6232   1538.2963
      875.7778     22.4110    175.4544
     1228.8215    200.5123   1494.0898
     1008.3918    546.5547   1379.9807
      637.7949    186.7655   1953.1907
     1472.8638    854.2396   1456.3059
      461.2418    285.1406   2183.5112
     2217.4670   1762.9496   1720.5953
     1592.6390   2231.4219    782.6937
     1798.7102    290.5571   1429.0956
     1568.5083   1600.7954    350.2088
     1340.0377     55.3737   1712.0651
      298.7958   1339.6752    676.4108
      341.4990    712.4161    963.2523
      864.4635   1462.4755    620.9555
     2262.6562    378.9940    529.2722
      121.0142    528.9374    743.6143
     1789.2523   1401.6530    997.2025
      502.4395    144.0112   1429.4774
     1850.2224    808.9115   2178.7634
      765.1228     38.2630    458.4226
     2012.2386    341.6131   1716.3411
      574.6260   1356.0676   2045.4170
     1259.1472   2191.9609   1313.5922
      119.8458    529.8118    323.0851
      709.5613    761.3118   1746.0719
     1361.6536    811.4443    186.2196
      447.1990    727.7963   1247.7659
     1692.4667   1942.3684     40.3140
     1824.1152   2116.6125    268.4001
     1651.3262    524.9822     83.6348
      506.5249   1908.5449    449.6890
      711.7397    976.5911    670.9187
      463.3807    842.1781   2124.9946
     1083.9097   1512.9059   1897.1332
     1191.3820   1037.4113    488.6299
     1432.4126    228.4455   1943.9167
     1025.1699   1259.1274   1565.3540
     2042.0518   1330.3252     82.6890
     1547.3943    980.7621    971.5005
       32.3010   2140.8281    195.6443
      534.5104    355.3184    770.9774
      932.0345    213.8908    885.8060
     1059.8783    862.8375    278.8729
      140.2306   1931.5214    549.1906
     1432.9026   1328.7731   1078.2529
     2032.3353   1267.0876   1005.6121
      649.7997    374.1276    991.2971
     1062.4679   1724.9409    672.1782
     1874.4025   1599.6091    624.5041
      835.4841   1561.6953   1768.1327
     1422.2378   1016.8184    370.2537
      923.7350   1997.1603    273.0683
     1572.8041    438.1083   1930.1115
       64.4962   1792.4252   1412.7841
     1202.5023    690.3069   1005.9017
     1084.0647    195.4997   1200.3761
      259.6555   2138.1262    704.6398
     2200.2859   1557.0109    961.8314
     1207.1500   2048.4575    204.7053
     2008.1289   1782.8827   1393.3518
     1872.2667   1714.9059   1114.0398
     1039.8368   1462.9526   2233.6716
      585.9099    640.8597   1549.0277
      351.3876    746.6868    641.7080
     1224.0791   1935.0988    852.4777
      630.5597   2034.3745   1696.1888
      864.8801   2169.8931   1931.0186
     1204.7936    304.0214   1875.2108
     1541.2959    409.1297   1340.9863
      994.9715   2231.7051    679.6296
      253.6737   1534.6910   1028.5699
      317.4598   1306.1526   1176.8544
     1026.4060   1065.2490   2176.9028
     1094.2529   2216.4041   1671.6521
     1851.0168   1888.6342   1647.6099
     1272.0618   1991.0620   1654.2509
     1105.6469   1141.5112    203.2148
      598.0688    914.9110     66.2793
     1132.7711    824.8751      1.9951
      388.0928    407.9893   1205.8975
     1806.1772      9.6743    468.3610
     1013.5731   2157.9319   1392.3947
     1293.9167   1404.0884   1658.2770
     1243.8478    265.4046    953.1256
      386.8669    847.7401   1484.2279
      516.1904   1366.1454    859.3214
      995.3680    969.4830   1526.2655
       45.8629   1710.7849    286.5071
     1536.6362   2192.4902   1203.9449
     1464.7681   1527.7465   2206.3801
     1883.7755   1560.0719    333.4262
       38.0077   2034.7551   2203.6492
     2128.9041   1385.4155   1461.8864
      161.9506    947.0643   1278.3267
      908.1138    163.3598   1466.0529
      977.5098    583.7236    279.9166
      401.5692   1930.6469   1858.2703
     1643.1447    911.2425    132.3493
     1024.1382    422.0111   1093.6692
     1221.9355    224.8586    401.9572
      272.7801   1696.2219   1810.8171
     1945.0925   1334.0415   1825.6692
      922.9926   1674.2911    420.6731
     1985.5151    949.8035   1943.1877
     2209.1667    966.8570    445.3810
     1133.7335     42.5667   1982.3671
     1447.4563    470.4298    511.0987
     2054.9094   1304.2307   2086.6228
     2051.3962    181.7918    573.4208
     1011.6809   1235.7373   1975.1992
     1740.0758   1353.6095   2146.6746
     1367.3516    156.0942    710.6613
     2099.4951   1164.9082   1646.1676
      684.7697   2173.3420   1363.7017
      371.1898    997.5244    185.5077
     1726.0156    467.3554    886.6523
     2225.1990     18.7904    853.9623
     1889.5679   1849.6630    508.5437
       76.2351    662.7350   1131.9323
      390.7050     18.7684   2068.3862
     1880.0385   1107.8678   2152.7886
      844.5264   1645.5604    930.2444
     2084.7820    675.5298   2038.0271
      273.9182   1526.5441    113.1077
     2208.7390   1802.2152    581.1094
      320.6474    407.8387    189.1617
      131.9793    623.1395   1853.5520
     1462.0466   2244.9297    334.5262
     2089.1538    395.5801   2100.0974
     1692.1489    952.9601   1981.5625
     1978.4951   1644.4233   1876.3136
     1277.7087    456.6519   1433.0803
     1247.6553   1346.4037    350.8925
     1597.1479   2207.0010     53.1530
      830.0257   1365.3109    943.9694
     1765.2159   1821.1821    256.2664
      974.7452    576.0217   1800.9506
     1986.8420   2108.5061    639.2168
      464.9771   2121.3323   1051.2800
     2120.2339    153.7971   1439.6152
     2033.4460    560.6910    591.1674
     1834.3617   1116.1342   1712.1989
     1400.4760   1044.2358   2001.4856
      389.8212   1943.8358   2158.3069
     1682.3060   1680.2205   2070.8406
     1988.1327    356.0434    835.8895
     1098.6870     44.8084   2242.6702
      265.1916   1391.6079   1946.5188
     2042.5354    894.4990   1517.9932
      844.9212   1996.6228    585.1243
      400.1786    863.0194   1818.5232
     2109.1831    638.4227    860.8221
     2082.2961   1761.5728    113.7339
     1581.4414   1184.9335   2244.7568
     1774.4396    917.8870   1266.1963
     1271.1771    284.7230   2189.1372
     1373.0850   2238.9546    995.0480
      964.8348   1432.2325    310.8233
     1685.5734    331.0859    621.2221
     1944.6433   1351.6417    751.9185
     1778.9171    674.1988    631.7423
      291.1518   1696.7687    442.1098
     1511.4124   1931.4381   1947.0532
     1226.3962   1651.4215    945.9669
     1088.0513    808.3427   1994.1189
     1956.9717   2107.3508   1044.2750
      190.5293   1434.6166   1388.7423
     1745.8673    514.4297    443.4393
     1210.8213    588.0040   1651.3065
      106.8334   1264.4961   2225.9927
     2258.2026   1578.6335     21.4808
     1661.1792    245.5681     68.2535
     1857.7012    619.2486   1074.0536
     2056.3679   2076.2271   1530.6083
     1776.2990   1278.0637    201.6677
      145.3666   2055.3938   1931.7869
     1077.8871   1649.0190   1608.7318
      669.7603   1142.7924   2148.1116
     1471.8627   1751.0706     18.3021
      603.1964   2058.7903   1972.1251
     1306.2955   1305.0787    777.0232
     1896.1376    151.2063   1926.6770
     1405.1891    526.1302    185.8998
      863.3208    541.2592    522.9288
     1431.4668   1634.8455    718.7454
      136.6127    227.9655    311.2266
     2134.1929    811.4975    179.2218
     2262.3352     82.5749   1152.1783
       34.5260   1567.1882   2000.5413
      970.6643   2055.4902   2251.8152
     2169.3657   1470.5946    466.6488
      632.2262   1280.9202    602.6589
     1537.6799    738.7176   1165.2880
     1046.3951   1719.4750   1187.9260
      528.3587   1631.3607    219.3976
     1978.5735   1794.5474    881.1453
     1554.7731   1751.4365   1722.1772
     1876.1064   1303.4242   1416.2805
     1670.0254   1098.8875    451.9110
      735.6175   1747.3212   1191.7673
      348.6682    317.3784   1942.4556
      473.2388   1620.2925    769.4793
     1109.1492   1876.5012   1429.7174
     1717.0787     38.0618   1382.8779
     1767.4595    343.1882   1139.1555
      742.3334    330.0604   2229.7854
     1579.8334    254.1127    326.8737
        7.9105    508.1409     68.7077
      518.2587    430.1770   1430.8743
     1751.2461   1937.6024    748.6237
       92.7652    867.3090    893.5770
     1052.2684    909.4265   1253.1619
