      354.5683     34.8413    734.5342
     1211.1420   1139.2953    883.5630
       87.8828   1289.0553   1955.2211
     2193.5139    956.3095   1058.2267
      684.6700   2162.7793   1072.0231
      138.8401    432.1493    880.1486
     1367.8818   1837.7819    906.4411
     1423.1290    813.3780      6.9117
     1509.5420    996.9193    461.1628
      529.9946   2175.6511   2194.5295
      630.7167   1474.4532    850.2422
      899.2914   1715.6045      4.0966
      535.8085   1724.9757    543.6644
     1355.5769     72.3355   1306.7205
      159.7657   1714.8037   2086.8823
       52.1080    914.6757   1798.4149
     1720.6027   1651.2137    331.6091
     1015.2368    204.8813   1549.6714
     2066.2637    956.2668    461.4518
      544.7487   1147.3064    998.3274
      299.0324   2012.9889   2002.9999
      827.2510    991.5308    795.8534
     1444.2991    415.5991   1293.5878
      938.7665   1292.5197   1107.3878
     1826.5068    988.2805   2213.2104
      155.2624   1294.8175    938.9210
     1604.4482    376.0921   1917.3884
     2194.2766   2055.6541   1363.8445
      583.0217    540.1125   1939.4552
     1673.1592    108.2776    819.2231
     1271.7661   1881.5634   1580.6687
     1020.1079   1808.9711    474.5813
      393.9154    892.9737    211.4886
      603.1652   1521.3057   1368.5177
     1718.4055   2200.4485   1690.0072
     1965.0271   1170.7181   1602.5990
      735.5013   1154.0232   1328.7640
     1041.8352    763.3185   1001.2976
     1115.6011   1242.3157   1599.2290
     2015.9526   1820.7415   1785.7076
     2161.5984    680.1179    330.6037
      553.2621    858.1090   1820.3955
     1200.3629    364.0269    604.4247
     2079.7563    359.7264   1627.1112
     1325.0985   1798.8680    275.4320
      672.3663   1452.7446   1906.3531
      597.7444      3.8213    381.9326
     1335.3488    780.8510    745.5439
      506.0994   1668.3362   1669.6044
       63.9520    849.0117    654.7388
      759.7979    426.4338   1426.2600
      913.8658   2213.6528     95.7043
     1593.3290   1117.7150   1479.5662
     1444.9539   1509.8121     98.2640
     1641.4801   1152.8287   2260.2458
     1789.0784    668.4279    313.7997
     2005.8422   1665.1599    887.5922
     1186.9504    886.5206    194.2320
      769.5230   2127.3770    788.1770
      147.6832   1509.6018   1579.7766
      623.6174   2062.2852    163.2931
     1979.4434    557.0605    759.8826
     1926.0159    551.1082   1820.4863
      790.7006    823.4188   2105.5979
     2051.7153   1460.2714   1659.4919
     1223.5409    500.1488    999.6360
      786.5634   1015.1537    136.3579
     1964.3616    236.5401    182.6262
     2241.7295    401.7985    519.9711
     1781.8390    544.4348   1281.2876
     1469.3448   1404.4988   1521.6199
     1799.2911   1036.6388   1841.9543
     2237.1404    251.2905   2119.0623
     1341.2760    156.9869   1705.8933
     2049.4766   1344.8500    243.8617
     1502.2416    763.3302   1667.3215
       96.2132   1039.5503   1373.3048
      764.2997    755.0206    283.9268
      665.2852   2153.2295   1831.8927
     1934.0017   1106.9578    818.2627
       70.8984   1616.2118    824.5884
     1509.4338    951.2809   1120.0463
     1220.8300   1521.9268   1158.5192
      146.8760    174.0400   1691.9773
     1576.8679    230.5851    541.9748
      985.9751   2034.4574    984.8112
     2243.9158    594.6400     43.9408
     1775.4358   1369.3799   1832.5867
      419.5619   1424.4089   2151.0586
     1984.0216    815.9916   1271.6964
     1649.7573    383.2104   1532.2704
      524.9075   1311.6133    427.5302
      242.0503   1842.3069   1638.8951
     1331.3080   2081.4238   1920.3956
     2158.5930      2.9431    168.5925
       30.4202   1109.4081    101.1673
     2219.6804   1782.2389   1138.4832
      925.9478    123.2111   1207.9620
      204.7884    575.1196   1166.5200
     1115.4225   1728.3313   1969.9430
        2.0075     84.8104   1089.6409
     2082.0488   1262.9294   2241.2837
      994.4290   2045.2228   1453.3867
     1654.9305    649.7414   1962.2035
      850.7675   1758.0657   1807.8185
      987.1694   2253.0271    433.3788
     1545.5768    163.2833   1068.5087
     1978.1381   1680.9396   1358.4137
     1025.1162    743.0510   1891.7373
     1896.2644   2186.2627   1043.2047
     1906.9366     89.6913   1346.7484
     1595.4779    413.6503    206.7835
       48.2024   1427.7529    591.8643
      828.7482    960.8427   1638.9095
     1186.5199    777.3057   1347.4110
      671.3743   1866.6334   1421.2567
     2036.0946      8.9452    518.6188
     1906.5337   2134.1575   2048.4990
     1122.9504   1464.2906    475.3430
      437.8417    416.7426    515.9601
     1808.6141   1714.2982    737.8378
      312.1366   1726.8555    261.9742
      410.9431    437.6291   1483.8683
      488.6056    570.1062    121.0083
     1735.6099   2229.7671    363.7860
     1655.2393   1802.4254   1103.5587
     1415.5699   1221.3733    195.8855
      474.0061    781.1461   1456.3060
     2261.0391   2105.5525   1732.3915
     2057.1628     62.4354   1730.1315
      442.5659   1892.5585    789.5800
      276.4673    728.0740   2027.0487
      848.1684    324.4205   1859.2644
      154.4390   1512.2421   1149.1635
     1530.2013    673.6277   1044.9441
     1767.8813   2085.0835    800.9158
      232.6221   2090.9753    967.0283
     1320.3853    531.9087    172.2076
      430.6186    262.2069   2005.7876
      814.0142   1388.3080   1623.5542
     2096.6033   1342.4003    942.9650
     1310.2214   1165.0653   2170.2419
     1552.8600   1415.7819   1151.3932
      468.9568    137.7006   1505.2661
      387.3584     56.0078    146.7376
     1786.5906   1969.2415   2224.2600
      362.4575    896.8698    510.8462
      669.8407    298.9697    280.8949
      610.5167    354.1296    895.2113
     1684.5386   1423.2899    570.9599
      405.2662   1056.2736   2205.7666
     2129.4163   1981.0127    762.8942
      487.8324    730.5187    906.5703
     1491.6337   1213.6316    833.6680
     1096.5057   1500.1748   2140.1123
