      953.7756   2224.6763     93.5450
      962.4478   1570.1898   1169.1591
      855.7045   1829.8666    131.5806
     1262.0490   1110.7865   1633.2323
      579.4735   1740.6405    653.8488
      644.5963    620.8177    911.2465
     2003.3116   1536.5818   1168.5618
     1211.6685   1908.3046   1001.5463
     1289.0281    308.3783    789.1866
     1445.7316   2220.7456   2176.7061
      544.0496   1574.1509   1313.4548
      848.3195    226.4001    179.2237
     1497.7611   2149.6768    397.2463
      843.9005   2243.4915    777.5035
     1420.0049    804.6683   1271.3442
        6.0469   1290.5460   2016.7935
     1254.2290   1791.3795    689.9250
     1312.3811    160.1374   1365.9822
     2065.2454   1800.5887   2227.5146
     2003.9940    413.0621   2152.5730
      937.7377   1849.6202   1072.4484
      702.2211   1937.7883   1749.7806
        7.1363   1069.2660   2033.1609
      770.3314   1202.3479   2109.5151
     1119.2429    732.8665    656.2349
      161.0482   2052.6726   1602.4739
      351.2155   1545.7655    686.3839
     1492.8469   2262.1172   1828.5972
     2110.3064   2085.8213    109.4159
     1899.7524    135.8322    234.5585
      672.9132    807.5568    634.6402
        6.6717   1168.7750    560.3572
      581.4428    234.1084    607.8008
     1594.6302   1638.7996    789.7085
     1328.3257    635.2818   1717.9185
      705.3791    187.5662    800.7847
      973.8413   2078.8071   2164.4053
     1336.4915    424.6710   1610.5739
     1941.2179     59.1782    480.8379
     1670.9928   2036.2496   2088.8333
      203.7779   1375.9409   1441.9071
      515.1308    408.0586    215.0256
      574.9183    406.6555    786.8906
      493.0139   1960.9420    807.7492
     2019.5042    227.0681   1219.2822
     1608.2511    184.2567   1685.2445
     1066.2733     64.2776   1114.3728
     1189.5637   1299.2596    713.2916
       41.4719    791.7142   1576.2744
      947.2627   1156.0674   2260.5525
      717.7943    816.8688   1118.3223
      839.4597   1453.0433    362.0439
      471.5999   1353.0220   1625.1532
     1638.4037    843.7548    162.9782
      858.3441   2259.9746   1555.8687
     1628.1423    804.4554   1416.2452
     1545.5004   1405.3246    654.8586
     1201.0706    215.2522    162.3778
     1401.1171   1994.6172    574.8677
     1582.7692    716.0173   1664.8674
     2186.3230   2243.9622    487.0392
     2233.8147    523.2911    955.5229
        7.8670    166.5205   1791.0331
      114.5896    477.2957    757.8352
     2117.0850    773.8349    359.1385
      717.9628   1262.9872   1251.4656
     1226.0403   1261.2827    437.3628
     1347.6550   1583.8837    322.5859
      910.7581    332.2527    463.1415
     1214.5120    852.7077   1496.2717
      894.7054   1353.6429    687.6982
     1892.2554   1938.6798   1943.9344
     1365.2064    930.3925   1034.6915
      279.1206   1409.5900   1938.2479
     1591.2745    210.3927   1439.8075
      243.4829     69.1307   2000.0442
      607.2353   1822.5286     89.1122
      390.1105    181.0695    949.7982
      927.9014    483.7750   2128.3105
     1596.9912   1847.5726    536.4670
     2056.2971   1417.0748    613.4296
      516.3004   1028.0563   1076.7871
      664.4710   2019.5490    638.7390
     1559.3226    949.2761    363.9011
     1458.5687   1630.9550   1654.2531
      726.4919   2168.9658   1384.4050
      365.1410    820.6487    198.9833
     1312.7314   1754.2582   1378.5851
      663.7337   1662.3875   1488.1697
      935.5576    478.2835    122.0275
      203.2692   1182.0710   2059.1594
     2013.4271    175.7520   1632.1083
      282.6862   1610.6317   1010.5212
     1245.6266   1655.3353   2035.4429
     1782.9470    325.0992     71.7780
      775.5134   2149.9355    529.7424
     1341.7905    378.7562    339.6139
       48.7300   1263.6082   1742.5592
       58.9105    164.1329    427.6517
       36.3629   1780.0930   1846.2511
     1868.8910   1376.6217   2141.8838
     1955.1010    973.7147   1160.0140
      682.2927   1508.8639    819.6794
     1544.1746    772.3193   2187.3315
     1717.8370   2248.5735   1389.0754
      116.6134   1621.3843    838.8704
     1539.3492    450.3938   1814.0087
     1864.6747   1927.7281    607.1959
      255.7503    684.1231   1765.2112
      291.4207   1090.0120    983.7918
     1420.2715   1348.8556   1614.0453
     1475.8109     30.4951   1216.2661
      176.4336   1686.8384   1217.9099
     2163.6843    602.0881   2033.8521
      138.3008    359.3003    509.4062
        1.8560   1813.9808   1294.0062
     1353.5585    721.7065    629.7159
     1811.6750   1930.0740   1530.7893
     1166.8126   2256.8533   1741.9323
     2057.5088    914.2183   1614.4016
     1877.3588   1979.0980   1098.0653
      318.9921   1318.1410    581.5897
      280.4997    162.4980    551.7905
      941.9100    857.6270   1253.7415
     1883.2632     35.6956   1843.1874
     1540.5737   2086.3298   1322.5802
      186.0796    750.0010   1073.3641
     2092.2078    158.0402   2032.2224
     1292.5701   1171.0220    922.6785
     1842.7483    976.5274   1885.5187
      722.5584   2073.4434    887.9144
       57.4742   1023.3257   1768.4777
      160.1590    283.9636    904.4202
     1891.6389   1629.4332    701.6614
      113.9989   1963.4369   2038.5009
     1289.4564   1991.3643    289.7328
      169.6701    419.8660   1115.3479
      245.3039    219.1015   1749.3101
      199.1704   1396.0219    904.6991
      503.2759    276.3328   1219.1604
     1298.4325    172.6113   1093.7510
      620.7849    851.7667    156.6747
      571.0232   1351.6028    667.2384
      560.0042   1252.1226   1047.4948
      689.9125   1546.2998    530.6220
     2105.4246   1633.2812   1403.7900
      943.5346    827.0057    552.1072
       11.8180    142.3312    202.0911
      665.5017   1055.2129      6.7016
     1943.9086   1752.6023   1619.4044
      972.6378    655.5783   1706.2278
     1119.4102   1524.7129   1329.4811
      274.7586    216.2263   1233.5883
     1990.0629    402.0338    135.6039
      479.8402   2068.4209   1325.4280
      753.1688   1754.9170   2185.7751
       82.1310   1581.1410   1754.7726
     1016.8699   2069.4512    974.1735
      896.7801   1937.2383   1967.2064
     2115.2720   1980.5795   2039.6436
      861.8020    861.1865   1885.8240
      475.8368    643.2991    744.7686
      135.1562   1632.9126   1452.2717
      306.8777   2127.2932    274.4769
     1941.9114    691.3986   1952.3461
     1888.2604    843.6605   1380.7526
     2142.0996    700.8329    632.0938
     1858.2517   1249.4907    112.2119
      472.2169   2240.1018    485.6229
     1430.1121    181.8226    256.8088
      646.6081   1052.9519    315.2149
     1638.8032    699.5015    388.2934
     1934.6831    321.3159    545.9066
     1699.1271    961.3654   1621.8717
     1389.1818    837.2837    183.4415
      281.9919   1316.6420   1111.8118
     2101.2610    284.7570    363.3434
     1044.7720    447.3845   1092.4135
      397.0216   1134.8489   1285.1980
      258.5094   2014.0255   1827.4928
     1130.8994   1602.5135   1036.3068
      359.0896   1959.6055   1531.6104
      250.9826   1633.4597   2250.3267
      867.1685    894.3199   1648.3263
     2247.7878    137.5314   1513.3698
      762.5849   2087.6289     44.8575
     2082.8926   1375.9901   1349.5468
     1024.5013    902.3439   1020.1615
      683.0624    546.8533    526.3239
      569.6671   1018.4373   2055.8459
      224.6326   1942.4565    410.0064
     1256.4054   2167.1389   1018.0146
      571.4556   2028.9069   2154.6870
       10.1408   1254.8210   1483.8304
      709.9078   1270.7894    493.4145
      561.7121   1235.1667   1795.5670
     1432.1808   1242.1238   2198.3630
     1044.7526    530.4806    814.0576
     2023.7443   1052.1025   2077.4854
      982.0006    741.7060   1483.0577
     1413.7898    644.1454   2088.8555
      216.2269    904.0798   1665.0416
       77.4414   2259.4646   1312.7871
      204.6240   1719.5477    241.0733
      419.6263   1025.0381   1740.0701
     1108.0266   1873.9453   1509.3795
      999.4713   1140.3181    793.3194
     1723.7760   1198.0590   1491.6089
     1394.7621   1739.5918   1135.1901
      543.6100    650.1817   1429.4139
     2130.6631    914.9006   1329.4006
     2102.1199   1692.1106   2005.7540
     1572.5782   1140.0314    158.2584
      844.0326   1492.9500   1375.9041
     2062.9226   2032.3160   1229.6552
     1375.0334    688.5405    999.2819
     1912.3545    755.6157    535.7740
      437.6105   1348.5703   1315.1996
     2067.9712    629.2838    121.8457
      487.7287    404.4120   1536.4332
      354.5611   1707.2765   1442.0251
      625.0909     54.4190     74.4563
      635.4736   1354.7233   1462.8510
      112.3821    416.9258   1640.5809
      473.7049    817.1788    987.6710
      759.5155   1253.7683    212.8639
     1620.5162    700.1340   1947.2909
     1959.8811   1590.8506   2255.2705
      832.5824    614.6410    702.0529
      935.7311     10.2779   1939.1166
      434.6433   1830.7804   1700.3668
     1776.5643    208.7224   2095.6978
      469.0966    743.1100   1729.5505
        0.8391    726.5878    851.5881
     2193.2390   1153.4913   1248.4565
     2252.7847    338.5137   1389.7318
     1734.8545   1605.0068   1773.7994
      423.9723   1160.5754   2200.6091
      271.5149    625.6902   1532.6707
      593.9821   1920.1791   1508.9961
     1359.7717    422.7950   2229.8772
     2075.9856   2259.7261    277.4091
      974.6596   1616.7397    272.0384
      756.5267   1174.7465   1611.0133
       32.1975    996.1763   1093.9532
      129.4543    608.3931   2067.4062
     1903.5565   2235.9663   1210.0223
      272.9554    731.8788   2234.4824
     1657.2479   1180.2556    555.2032
     1535.0175   1147.7690   1689.4520
      556.0461   1825.3149   1302.4210
      866.2094   1051.7345   1135.9543
     1802.1799   2022.9869   1325.3397
     1597.7184    403.1420   2055.5020
     1526.5815   1905.6702    320.2021
     1029.9946   1511.2357    541.5798
      647.5315    973.1388   1737.4868
     1204.2817    262.8268    540.4182
     1256.0742    282.5945   1809.9813
      782.3284    698.6073   1342.4297
      539.8250     28.3038   2054.2676
     1418.4476    985.1283   1479.5138
      368.0666    261.6965   2091.8127
     2094.2212   2015.9131   1577.2240
     1652.5562   2080.6379    577.6452
     2236.2800    581.0920   1518.8091
     1192.9355   1740.2771    188.0372
      665.2712    182.4355   1931.9701
      637.5882   1038.6833   1313.1970
      620.9629    346.7458   1025.8643
      858.3767   1588.3552    712.8736
     2260.4524    427.4111    151.8733
      301.7458    297.8464    725.5592
     1809.2686   1388.2162    690.1472
      692.0785    396.5789   1701.2795
     2201.7668    895.8776   2248.2368
     1086.6902    426.6043    302.7042
     2172.1035     19.2507   2225.8369
      269.5807   1633.0531   2025.5175
     1313.0946   1993.8495   1402.4597
       31.4482    930.9477    380.6645
      731.2353    622.5411   1599.0619
     1138.0367    852.7939    212.9948
      380.0447    625.6746   1106.8630
     1250.7611   1920.4297     13.7019
     1161.6268   2217.6155    332.8562
     1776.3339    565.7927    227.7987
      203.9417   1560.3607    476.6526
      872.0702    905.0172    776.9727
      271.8159    987.7608   1947.0469
     1039.6318   1802.6703   2208.4587
     1180.3464   1011.6933    800.9261
     1823.6904    478.7106   2034.7338
     1286.5397   1534.3672   1541.5975
     1808.0515   1023.4560     69.5257
     1700.3558   1034.1240   1054.6836
       60.8761   2168.7219    286.2096
      217.6846    415.3387     77.6558
      832.9301    127.8936    539.7048
     1318.1613    915.5942    408.2678
      189.4305   2072.7261   1216.8706
     1488.0865   1535.8506   1009.7793
     1598.8082    826.4908    602.4039
      849.8547    320.5985   1156.8585
      598.8688   2249.5312    672.8386
     2037.2727   1773.8905   1122.8865
      927.2442   1475.0359   1674.1133
     1416.6160    611.8506    419.7583
      739.3365   2018.6870    278.4703
     1761.7052    520.2846   1778.4210
      153.1133   1919.7384   1411.3446
      723.6237    887.6565   1483.2244
     1076.2850    243.6272   1287.9623
      306.1870   2130.4492    938.2811
     2091.3247   1890.7362   1814.7141
     1084.1997   2009.9727    134.0645
     2169.3413   1329.3645    825.4886
     1521.6615   2258.8550   1504.2715
     1147.8268   1332.4603   1604.5226
      538.7905    834.5843   1278.1095
      258.6191    627.8660    880.5499
     1472.8864   1836.1824    756.7999
      376.3469   2174.7288   1636.6299
     1116.5571   2157.9424   1981.9102
     1400.4746    352.7404   1981.9766
     1567.1171    444.4185   1559.5719
     1078.2750   2249.7815    568.7339
      440.3292   1416.0879    858.1532
       21.3496   1228.4169   1028.0641
     1174.9431   1445.0995   2094.7869
     1179.7911   2257.9229   1519.8018
     1913.3226   1716.4591   1845.6515
     1372.6835   2116.9072   1654.4266
     1231.1525   1377.1166    157.5690
     1221.8654    592.7838    216.4862
     1000.0853    951.9673    370.5795
      596.7659    556.7943   1160.8076
     1825.4730    348.2750    323.3651
     1123.1179   1755.1123   1218.3577
     1586.7656   1415.9965   1388.9270
     1288.6622    544.0580    761.3961
      274.4183   1001.0016   1436.8312
      523.4656   1696.7052    880.1967
      800.2101   1359.6274   1917.5684
      243.6934   2050.2146     27.2139
     1565.5271   1811.1228   1532.9368
     1662.2498   1804.8854   1987.7769
     2225.3171   1559.0847    350.2642
      193.9034   1831.4852   2260.7271
     1798.1410   1534.4606    907.0467
      161.5529   1209.0963   1260.1401
      684.8763    125.2322   1013.1915
      982.3807   1238.6570    457.6533
      209.1500   1794.7192   1674.9854
     1414.4961   1017.7485     30.3827
     1150.5056    669.2485   1309.4658
     1043.6113    162.6919    329.3399
        5.5434   2046.4290   1831.6412
     1599.1938    945.1262   1885.9404
      990.0608   1881.9547    312.2482
     2086.5437   1122.2883   1752.2532
     1959.5244    924.3800    754.1913
     1007.3298    198.2705   1784.4597
     1361.6237    592.6021   1225.6592
     2098.8850   1601.2372   1709.1879
     2144.4717    456.1590    599.8872
     1268.8895   1413.6361   1824.7466
     1951.4896   1493.8080   1930.1169
     1657.2258    160.5973    334.7808
     2252.0869   1475.6562   1558.1976
      974.1364   2256.9304   1338.7731
      522.0653   1520.3551     98.3514
     1919.5426    448.3266   1041.3597
     2160.6934    273.7711    952.1481
     1937.8447   1896.8450    171.0205
      120.4428    557.9837   1330.4476
      528.2141    384.6233   1985.3602
     1800.2948   1139.1517   2112.7354
      714.6212   2009.9615   1173.2920
     2011.0524    530.1434   1756.8879
      293.9808   1507.3970    168.2025
     2085.2112   1812.0699    432.5616
      672.6558    614.1000    191.1376
      105.2661    809.0182   1920.5756
     1330.0745   2260.6343    491.9704
     2032.9816    714.0991   2181.9788
     1802.0936    855.0177   2099.2224
     2113.8938   1430.6757   2145.1375
      908.9332    710.4763    966.5373
     1301.5034   1468.9017    542.2056
     1711.3765   2148.7188    338.7291
      499.8808   1466.4143   1073.9738
     1732.5657   1548.5527     51.2095
      962.6748    672.1089   1971.7445
     1888.4893   2024.9917    399.5682
      319.0274   1789.6954    830.2970
     2156.3218    371.8210   1677.4452
     1988.8124    663.3218    913.5460
     1864.1641   1108.1906   1668.5751
      966.1910   1084.5791   1968.7104
      156.7988   2242.2864   1776.2411
     1331.1963   1846.8369   1614.8344
     2213.9033    770.3945   1106.6974
     1031.9415    282.0237   2257.2456
      351.2598   1618.4030   1786.3806
     2034.6796   1377.9915   1633.3052
      512.4805   1999.4893    388.0114
       33.5259   1016.4891   1522.4607
     1983.2223    545.4410    373.3783
     2246.5227   1588.4325     90.2151
     1584.2645   1020.3312   2145.3098
     1740.8596   1256.6429    865.6169
     1142.0227    523.3098   2235.4004
     1539.2457   2199.6462    761.3289
      355.4061   1349.7159    324.5579
     1697.3257    313.8523    631.3455
     1976.8867   1150.2673    844.5471
     1741.3574    527.9894    538.9752
       90.3439   1948.0913    217.6485
     1898.9330   2003.5797   2196.9299
      916.0853   1253.6624   1014.7137
      552.9120    761.4541   2218.3064
     2155.6223   2250.6787    911.5189
       24.6224   1458.2506   1277.4863
     1573.0992    390.1297    287.8466
      846.5921    576.4234   1166.8131
       31.5773   1736.9254   2135.4236
     2246.0374   1163.7102     11.4101
     1350.2491    159.5092      1.3804
     1992.2986   1228.4413   1098.8113
     2119.9526   2249.8550   1744.6414
     1417.1682   1686.7802    534.1936
      135.2704   2218.6987   2170.6497
      929.7643   2018.7345   1279.0873
      449.9001   1219.2853   1975.4283
     1365.5953   1559.2926     54.7092
      837.5285   1952.8903   1484.3689
     1360.4874   1504.6097    807.0968
     1802.6243    350.0953   1583.7321
     1726.2125    540.9948    881.5186
      942.9204    591.6140    384.0455
     1593.8527   1842.1986   1000.8618
      223.1273     52.0685    122.5353
     1815.8500    646.5051      2.3615
     1714.2166     27.0410    915.5873
       38.4090   1531.2781   2000.3182
     1140.4161   1907.0310   1997.6016
     2102.9463   1746.9823    665.2247
      452.2810   1162.6974    795.8282
     1986.0419    706.6053   1162.4646
      297.9040   2235.1404   1384.6813
      384.3717   1890.6340    175.7987
     1886.9164   2151.2021    702.2285
     1712.8237   2129.1941   1836.9155
     1674.0529   1633.1929   1118.8254
     1867.2640   1390.2631    431.8922
      323.0475   1852.4326   1275.5325
      391.0347    480.6482   2213.8958
      463.0130   1698.0024    278.3530
     1142.3862   2003.6956   1219.6499
     1779.5608     16.2975   1609.8292
     1403.3311    616.2666   1480.6375
      771.2574    418.5675   1945.9824
     1534.3163    287.5115     25.3867
      193.3474   1023.7360    112.3221
      709.2269    127.5896   1284.3354
     1434.1957   2007.7070    911.9247
      260.9584    946.2250   1182.0457
      522.3649   1133.4292   1495.4896
     2087.2566   2258.6135    693.1554
     1867.9663   1738.4888   2100.1323
      243.4162   1181.5917   1565.2340
      800.3651    685.0194   2156.4211
      827.8450   1724.2214   1621.1251
      444.9177    259.9953     58.9213
      380.7293    406.0680    986.0875
     1754.0751    635.9888   1148.2526
     1546.1659   1622.5625   2173.6060
     1279.7760   1180.3727   1203.6840
     1466.6276   1372.4708    155.3065
      778.6664    634.0743   1840.1886
      840.4711    363.5409    669.0635
     1907.0695    484.3446    754.7829
       38.6404    209.7173   1168.2688
      774.8724   1764.1642   1264.1721
     2032.8385   1875.3602   1398.2018
      314.3520   1531.5105   1245.0781
     1621.8856    532.0899     32.4430
      126.8769   1332.4371    709.1135
     2162.7278    936.1357    625.5701
     1415.7490    886.0289   1721.2537
      228.8789    287.6455   1471.4003
      829.1427    436.9164    906.4424
     1358.8368    117.5355   1988.2452
     1628.0364    577.2961   1359.1866
      527.1414   1014.5833    621.0469
     1801.5264    847.7977    941.7803
      808.1929   1832.1168    754.9069
     1761.7090    403.1213   1267.6445
     1711.2947    291.6582    900.8629
     2005.1957   2176.6970   1994.1976
      381.5988   1881.1826   2132.5491
      683.0549    448.3689   1385.4856
        5.9427   1107.4564    820.2040
     1143.3164   1232.1108   1974.1128
     2010.3346   1587.0022    455.8098
       54.0060   1358.2163    203.1224
     1042.5752   1169.7212    235.8343
      977.7271   2041.1677    741.0922
     1702.7616    211.8628   1890.7522
     1821.1229    626.3010   1516.2695
       18.0069   1382.3070    494.7599
     1692.0776   1593.2924   1522.2362
      281.8490   1222.0184   1797.7681
     1252.8646   2218.0718   1268.1697
     1378.4242   2240.0525    173.4276
     1820.7969   1756.6367    446.9905
     1924.8085   1659.0565    242.0138
      328.7856    446.8656   1753.8861
     1668.3088   1828.0714   2250.4167
     1906.2239    198.9854   1003.1116
     2152.4321   1412.7855   1846.4991
      825.4214   1026.3263    176.4647
      436.8210     25.7991   1814.9406
      457.4028    408.5876    512.5684
      801.9508   1563.8851     73.6599
     2135.2002   2030.8901    363.4289
      927.3041   1298.8381   1497.8262
     1041.4626   2094.9243   1512.4413
      970.8120   1748.8796   1402.3879
      163.5081    722.8058    392.2476
     1102.8798    876.0878   1758.5443
     1681.9003   2090.2078    101.1874
      375.8809   1014.5468    320.4107
      808.4236     83.7335   2215.5776
     2249.7883    209.4160    664.8121
      945.5386   1622.4385   2104.7681
     1630.4806   2095.4756   1095.4332
     1828.2399   1755.8495    983.3103
     1455.8090   1149.7239    383.0749
      353.9923    538.7344   1968.0382
      131.5812    923.4929    882.5970
      597.5935   1403.7194    297.8836
     1298.8719   1718.5128    920.9083
      664.8368   2215.2458   1848.2322
      519.9354   1670.2209   1989.6123
     1106.0538    973.7552      6.0772
     1414.0120   1129.2721    651.8723
     1852.5292    798.8342   1687.5160
     1512.1339   1068.4152   1212.1843
      988.6533   1712.9175   1860.8378
     1023.6611   1786.1176    863.7502
       49.3347   1840.2444    504.1420
      927.1188   2208.6880    321.2486
      380.7070    776.5709    556.8992
     1155.2731   1583.5665    748.0007
     1743.6782   2031.4468    886.4644
     1118.0618   1587.4347     22.2526
       23.9771   1731.5884   1037.3569
      642.2063   1299.0509     49.8150
      144.4065    182.1102   2191.8623
      689.2383   1488.1211   2120.2588
      387.0026    445.0065   1341.8812
      959.1021   1228.7010   1784.1926
      405.2304   2029.5311    595.5528
      753.3783    441.8255    312.8596
     1651.8781   2256.3718   2043.6667
     1709.3387   1837.7124    744.4613
     2060.2563     24.2801   1431.4028
     1960.1038   1862.0852    817.3081
      457.3098    624.7011    369.2388
      510.1443     71.5959   1413.7662
     1986.9888    883.4440    115.1558
     1642.9690   1333.8470   2212.4075
       99.8054    804.3275   1334.1064
     1162.5541   1069.8438    559.9565
      350.7432   2262.0332   1149.2804
     1901.9231   1506.7606   1471.8204
     1930.8359   2074.7959   1714.9978
     1571.7645    800.4722   1059.5286
        8.3335   1120.9106    248.2146
     2044.4164    380.6809   1478.0873
     1433.2260    220.7400    599.1165
      147.4968    905.0253   2159.6697
      575.3600   2181.7351   1139.1512
     1769.5219   1149.3402    316.6156
      365.9062    773.7321   1981.3871
       40.1418    644.2896     25.7661
      188.1410   2190.7480    528.5128
      765.6049    755.4542    377.4484
     1323.2125   1820.2386   1875.5854
      340.5643   2103.8965   2038.8820
     1185.5459    601.6807   1948.8539
      252.7171    580.4661    587.9506
     1482.8854   1319.0681    851.7948
     1189.0509   1358.6896    996.2553
     1483.0435   1262.7716   1087.4819
     1706.4346    120.2288   1130.2620
     1316.3077   1114.0017   1845.8904
      228.8750   1009.8708    495.0483
     1441.6018    591.5391    150.1519
     1889.3096   2177.1411    161.6396
      908.2631    410.2642   1583.1455
       48.2320    573.7529   1848.3550
        5.5149   2109.5808   1468.4919
      607.5308   1676.4674   1751.9025
     2048.7708   1141.3110    137.1488
      859.9503    951.0629   2187.4653
      329.4832    723.5343   1309.0962
      682.5534   1663.6234    271.4126
      497.0319   2015.7947   1898.1093
      906.4641   1088.0239   1366.6833
     1514.8757   1624.3463   1316.1021
     1680.3440   1289.9841   1123.7190
      490.4555    255.5742   1811.7339
      624.8163    922.5217    836.2357
     2142.8005    863.9650   1974.8085
     1799.1431    704.9986    731.1536
     1032.5620   1064.3175   1582.5449
      228.1225   1254.1172     87.8757
     1011.9987   1844.3451    631.8488
     1467.9788     14.6315    971.0723
     1698.4789   1588.9507    567.6398
      558.4025    545.9849   1790.9319
     1609.7766   1607.3763    313.6687
      553.8383   1458.5278   1927.3988
     1918.1216    309.4183   1869.1791
     2030.5490    641.3353   1427.2795
     1089.7588   2240.1484    832.4161
      768.2023   1645.7223   1914.7220
      405.4234   1773.9143    495.1705
      137.9201    799.7897    624.7579
      378.1677   1413.3624   2163.6465
     1408.7888    930.1368    761.3320
     1787.5593   1471.8712   1256.2440
     1025.1989   1462.2581   1919.9412
      628.5628   2184.0227   1609.9469
     1531.5148   1073.7648    865.5306
     2020.0059   1117.3796   1442.1624
      618.6349    247.9179    377.5035
     1741.3577   1032.7990   1313.8060
     1164.7417   1771.4836    431.1954
     1182.8528    916.6900   1212.0046
     1282.6357   1356.1763   1404.9125
      663.4100    230.0345   1524.9069
     1045.6572    234.1134    708.4429
     1861.0569   2237.8376   2179.4341
     1981.7476   1422.2367    936.2852
     2103.3638   1292.8767    360.3906
     1182.5944   2010.3479   1758.9159
      410.9903    622.8071    138.8723
     1583.9111   1419.1108   1784.0962
      921.2872    216.3354   2047.5946
      414.4713     94.1935    290.6411
      928.0771   2013.8939    499.9986
     1741.5035   1857.0168    231.9516
      369.5143   2261.3987    726.2336
     1489.1659   1995.4641     86.4602
      408.5417    181.5322   1584.9194
     1156.0782    338.3356   2041.3081
      311.4748   1816.9613   1918.4463
      705.6787   1121.7277    720.9940
     1606.4717   1840.4244   1296.5582
      985.2441   1398.1836    139.4242
      974.0754   1894.2540   1715.3748
       27.3119   2111.5002    700.5700
      457.0060   1566.4253   1574.1061
      194.4267   1752.1285    659.2376
     1510.3938    467.5704    547.0873
     1126.3059    262.2330   1572.7179
     1425.1576   1795.9729    143.4158
     1191.1980   1639.6694   1796.2050
      223.0790   1449.7805   1660.9457
      983.8062    476.7119   1351.4213
     2250.0562   1991.0635   2239.7273
      766.3616   1063.1305    949.4485
     2013.2345   1231.2618   1955.0525
      132.4654   1421.5511   2208.3774
      439.5152   1537.2822    448.3676
     1652.1558     64.7745    562.6800
      698.4996   2259.4331    311.3984
     1122.3781    101.2957   2109.7646
     1120.0115    555.2832   1546.1003
     1727.2347   1002.7627    735.5582
      458.3646   1737.5963   1108.2988
     1292.1483    423.3377   1038.3998
     1502.3430    224.4290    850.6135
      496.3943   1977.7732   1053.1794
     1101.9537    866.7841   2000.1089
     2037.2410    301.3681    764.4730
     2236.1057   1791.9569   1579.3716
     1723.4657   1863.2465   1747.9479
      479.8055   1695.5138   2198.0461
     1390.7108   2019.3065   1164.3210
      651.1961   1613.0359   1095.5283
     1437.0392   1410.4656   2011.7205
     1772.0638    967.4612    506.4082
     2081.6038    920.9102    958.6100
      183.4303   1216.0005    378.8925
     1515.9713   1386.6089    444.0538
      840.5349   1643.2262    961.0875
     1107.6650   1113.2777   1081.2124
     1023.0114    731.4556   2191.8972
      462.6228    885.4427   1497.3615
     1260.9153    779.6918   2201.4163
     2158.4668    739.1011   1757.9178
     1282.1451   1034.8037   2080.4099
     2187.7341    277.1318     10.9324
       59.7748    394.3115   2144.0854
     1174.6221   2020.4482    491.7838
     1951.1381   1183.7667    607.9111
      685.6760    458.8867   2257.1360
        8.7293   1471.0812   1033.6420
     1283.1549   1104.9159    213.9814
      660.9952   1875.8346   1988.9796
      530.5341   2096.8022    123.1880
      625.7936    836.6943   1934.4039
     1373.1918   2129.8743   1974.1906
       20.5743   1840.3884    815.2864
      876.1535    212.2598   1426.5082
      350.9259    880.3004    798.6713
      820.4242   1032.2109    500.3071
        4.0590   2236.9971   1980.4608
     2144.7544   1781.8240    203.1027
      929.6494   1374.2610   2144.4663
     1801.7125   1396.7600   1656.4771
      266.2919    293.7518    304.7022
     1825.0073   1737.6038   1296.2747
     1966.6130    154.0508   2251.1433
      226.3768   1087.2194    713.8663
      844.5371   2221.8325   1088.9404
     1132.6621    661.4075   1060.1553
       62.8257    831.7923    190.5283
     2152.8638   2234.0701   1166.4025
      989.9254   1445.8802    903.2062
     2254.6431    530.1075    381.8903
      473.6009   1180.3634    168.6250
      894.0348    772.4668    160.0082
      627.1985    248.7930   2171.5989
        6.3511   2010.6255   1067.6902
      222.0992    530.9960    294.7683
      796.4541    165.2557   1716.4120
     1135.6428    256.0822    972.6149
      617.7692    616.7653   2031.7069
     1137.8146    708.2896    408.1702
     1935.4219   2218.5012    945.6869
     1360.5447    162.9053   1619.7378
     1339.3309    844.4960   1929.7356
     1557.0732    524.4302   1055.8090
     1665.8290     91.8240     95.3364
      874.0916   2126.9971   1739.6842
     1211.7916   2174.1890     15.7652
     1683.1296   1404.5757    241.3148
      380.4772    945.0011   2242.3718
     2087.1545   2014.5446    613.3657
     1783.3912   1277.0051   1872.1562
     2050.9453   1016.6071    385.0000
     1528.3748   1967.1631   1835.0955
     1448.5398    346.9920   1313.5403
      894.7189   1715.0989    469.5351
     2113.1279   2014.1324    884.3615
      687.4117   1857.9364    463.0665
      224.2171   1889.1366   1047.0348
      793.1324   1410.2076   1110.7161
     1245.1031   2058.9307    747.6026
      410.5813      7.3471   2243.1929
     1080.3199    475.0338    591.3911
      758.3163   2148.3770   2075.3696
     2030.2666   1424.6587    176.0401
      748.2358   1119.4500   1881.0555
     1026.8446   1296.1545   1236.7827
     1874.6024   1253.2371   1320.3018
      721.4880   1301.1008    893.6947
     1521.4081    282.1646   1112.7452
     1242.8125    413.1126   1327.8329
      188.8301     55.1917   1570.5010
      714.0037   1853.0579    956.6686
     1179.8607   1134.6254   1391.3973
     1477.7247   1200.7644   1446.5048
     2151.5168    473.2114   1194.3278
     1510.9308    485.2093    798.5369
     1612.2227   2060.4128   1607.0397
      531.5135   2218.9482    924.4489
      490.5950   1212.4613    460.1278
      693.5240   1459.2244   1677.5511
     1126.6356   1444.3799    348.8708
     1542.2629    719.1830    828.0441
      212.1423   1995.9465    761.4377
      924.0242    184.2968    940.8305
     2144.7695    384.0509   1921.9172
     1567.8346   1175.2714   1951.0916
     1852.9147    219.3346   1384.8796
      120.1767     60.4273    803.4152
     1192.4099    780.9342    853.6184
      110.5466   2250.6748   1040.5505
     1071.5679   1634.5210   1593.7622
     1342.8108   1480.6309   1218.9635
     1838.7588    144.6305    707.3301
     1053.8251    443.4099   1852.8129
     1868.4001    799.2490    303.3545
      542.2253    868.6053    408.5790
      127.1247    320.1938   1935.8370
     2098.0642   1624.6346    892.6030
     1404.5309   1837.5085   2107.5122
     1506.4486   1639.9266   1896.5427
     1709.4768   1511.8341   2017.4597
        4.5740   1571.2061    615.3279
     1306.8116     35.0198    745.1184
     1183.5222   1226.5233   2226.1802
