      699.1359   1919.9111    130.7624
     1014.7073   1329.4834   1146.9329
     1080.6798   1348.4088     55.0735
     1286.9601   1344.7683   1483.9276
      395.3071   1854.6826    775.4609
      793.8616    743.0870    791.8018
     1764.1278   1815.7642    810.4445
     1293.4426   1958.1791    988.6870
     1022.3826    124.1507    524.7357
     1748.4165   2233.3674   2215.7122
      483.7635   1646.6023   1272.3263
      583.2089    227.1102    121.0122
     1545.7791   1937.8552    516.5094
      586.0181   2170.4497    255.2933
     1273.7455    892.5258   1198.2629
       45.6911   1027.2249   1774.8961
     1431.5023   2018.5540    314.6872
     1493.4928    293.9046    921.8696
     2188.9480   1931.8010   1987.2113
     1740.6552    338.8892   2143.4287
      722.8469   1541.8379   1017.5067
      521.3023   1672.6647   1976.2395
        1.4831    420.5016   1926.7241
      943.8710    927.2675   2128.4878
     1063.5967    940.4135    656.2939
      372.9075   2104.8870   1287.0819
      248.8540   1358.4896    892.6456
     1594.1985   2205.8071   1876.4753
     2080.6116   2036.4137     35.1886
     1782.5574    207.8151    291.2509
      623.4636    581.2879    505.1215
       69.6069   1288.0221    363.8702
      493.9058    201.3421    411.8514
     1983.0458   1322.7788   1000.9116
     1328.2971    721.6839   1433.1593
      987.9630    282.1026   1057.2498
      816.2366   1687.8323   2117.7805
     1092.9729    230.8071   1618.9199
     1962.6835      9.3505    687.3463
     1935.0800   2175.2607   2036.2565
      429.3074   1261.5383   1466.4604
      483.5853    704.6985    757.9684
      504.3543    354.8150    656.2782
      658.8625   2147.8870    876.2498
     1951.4663    561.1602   1226.1914
     1406.2036     80.3950   1377.6063
     1248.9974    488.3738   1197.0288
     1220.1077   1205.7727    583.2867
       14.3698    504.5287   1481.0490
      950.6855    604.7057   2146.3428
      577.2288    864.8759    970.6370
      606.3240   1297.3678    119.4233
      631.1609   1343.1188   1601.1798
     1778.3027    821.4407    382.8461
      897.2338   2036.3906   1812.8684
     1832.7205    945.9671   1294.1759
     1891.0372   1398.9572    597.8684
     1218.0773    149.1354      4.3706
     1296.2482   2041.8237    661.5303
     1554.4834    755.2550   1650.4427
     2095.8008   2218.0247    432.4500
     1996.4440    786.0716    769.6601
       37.9213     24.6108   1903.1821
      103.0380    364.6865    846.0450
     2056.8240   1286.2694    370.5121
     1019.1356   1419.8895   1434.0790
      984.2140    860.1974    199.6449
     1079.4553   1254.8691    357.7648
     1269.1012    442.7562    776.5950
     1498.6199   1195.4178   1784.8619
      815.8124   1657.6884    710.6620
     2115.3655   2196.0505   1655.5120
     1197.3850   1123.9023   1199.3226
      714.3146   1138.4165   2084.5801
     1686.6289    600.3989   1331.2504
      445.9955     90.4777   2001.0950
      664.2533   1620.8256     79.1754
      431.5444    173.2008    857.7432
      622.9610    647.6539   2041.5870
     1759.6571   1572.7234    723.1569
     2076.2874   1589.0945    865.4633
      495.8277   1015.2292   1152.8856
     1234.7460   1773.9174    475.3232
     1630.2412   1111.2660    712.5654
     1145.3806   1828.9912   1771.2582
      622.0085   1951.5314   1478.6635
      286.9580    878.5653    267.3938
     1076.4187   1729.9447   1502.4434
      690.0887   1404.9279   1954.4998
      800.9909    590.8603    254.2950
      236.4024   1093.4288   2026.3602
     2038.4532    240.6535   1630.7241
      494.3403   1319.4751   1068.6628
     1376.4192   1895.4873   2016.8247
     1669.0878    463.1130    188.0591
     1157.6187   2079.1746    405.3077
     1302.5156    478.8006     96.6262
       89.0835    851.2913   2060.4246
       87.4791    241.1466    519.7491
      102.3275   1512.3572   1700.1707
     1861.1726   1588.6792   2244.5498
     1591.9641    620.5917   1054.8119
      802.3306   1963.4861    640.0479
     1553.9078    659.0672   2190.7422
     1809.2664   2050.4114   1517.4452
       53.9132   1661.6669    674.2646
     1744.8647    265.4979   1571.7493
     2135.9175   1283.4678    670.8451
       56.3421    280.3202   1705.2618
      282.7982    897.9568    714.6562
     1463.1195   1559.6379   1888.3715
     1626.6085     76.8894   1047.4044
      285.2935   1471.7106   1377.4534
     2047.7378    509.8369   1785.6486
       84.0805    431.0619    151.1476
      160.7115   1737.3392    990.5629
     1288.3259    704.8604    608.9626
     1751.0742   1526.3228   1647.1149
     1361.4832   2175.9414   2221.1067
     1873.4254    724.9498   1476.1827
     1837.8110   1884.3741   1136.8724
      279.9972   1599.4222    386.2693
       71.5984     17.7541    764.9161
     1066.4604    805.4756   1619.4771
     1816.6404    256.6086   1277.6616
     1632.1610   1766.6415   1424.8518
       34.3449    701.7617    632.1144
     2162.5632      9.1830   2165.7512
     1359.3693   1223.9474    822.7142
     1670.6062    999.9407   1817.9375
      927.8723   1990.7854    943.0782
       14.1064    700.6319   1669.3831
      187.8460    154.2727   1041.7131
     1725.6423   1534.2169   1040.8716
      130.8590   1687.7274   2052.9534
     1467.0790   1698.1769    282.0101
      113.9882    384.0874   1199.0193
       55.4063     58.7402   1505.8577
       70.8274   1080.1880    713.7618
      542.2941    340.3133   1552.9617
     1320.0477    100.3265   1117.3561
      550.5808    758.6682    196.9968
      299.5235   1268.7604    163.4250
      586.1992   1034.6753    678.7078
      681.4089   1353.0457    411.0130
     2154.0249   1444.7908   1442.2378
      569.5034   1065.7069    333.4131
       42.9410    177.4703    134.7436
      699.5624    480.0726      3.7403
     1508.3303   1540.2562   1342.2749
     1372.7440    549.7430   1756.5854
     1287.5594   1373.8141   1148.3362
      522.3325     53.9411   1110.9957
     1982.0574    162.3714     14.0462
      314.6037   2073.3101    983.4392
      837.2139   1420.7653   2240.1626
      493.5253   1228.3214   1869.2714
     1096.7267   1829.9564    717.7230
      801.2046   1743.5372   1790.3336
     2029.2098   1506.2002   1722.8516
     1356.1387    850.6929   1762.5209
      699.9546    300.5097    967.2676
      257.1240   1300.4335   1705.8931
      391.4452   2218.3267    486.8036
     1813.2275    581.7481   1925.0583
     1718.6953    415.7323   1030.4376
     1655.1656    728.6829    626.2929
     1586.6057   1201.9031    106.1033
      705.5035   1681.9191    401.0187
     1334.4796      9.2511    224.3086
      234.1809   1027.7872     31.7745
     1932.0278   1011.1060    293.1819
     1828.3883    467.8586    574.0156
     1882.8745   1258.2783   1572.9349
     1532.7615   1018.4462    409.7744
      254.3716   1409.4415    624.0916
     2063.6697    204.3390    296.6880
      955.1716    818.3077    999.7859
      376.8851   1090.4685    880.7049
      117.3570   2026.2057   1856.2816
     1089.5187   1605.6500   1167.1193
      192.0432   1936.5182   1228.7610
      396.1727   1845.7000   2201.1892
     1285.3414   1033.2518   1489.8439
     2081.3403    268.1232   1235.9065
      490.2420   2139.4214      4.3817
     2136.1838   1118.4387   1201.6031
     1386.3545    900.0522    575.8768
      775.6418    300.2211    406.7642
      505.4341    963.3779   2013.5342
      139.6914   2189.6406    500.3682
     1067.2546   2250.1548   1022.4142
      749.0803   2010.9948   2131.9866
      101.1556   1052.1057   1450.7341
      872.8744   1477.3516    520.9908
      918.0316    991.6032   1838.0582
     1382.7885   1066.8357   2245.4094
     1058.8036    545.7244    913.8328
     2156.5303   1040.5248   2085.7593
      812.9037    483.4008   1900.3785
     1598.9637    661.2367   1888.7408
      999.1677   1085.3483   1466.4525
       22.6668   2210.3232   1194.3064
      457.3152   1441.4054    269.1370
      504.7955    465.7544   1804.2915
     1324.0381   2118.4426   1857.4745
      844.0243   1129.5090    592.0887
     1574.2937   1155.1284   1324.6086
     1304.0833   1769.4399   1313.7604
      581.7999    645.8028   1475.9336
     2173.6365    748.0248   1372.6963
     2040.9470   1704.9010   1879.5925
     1630.2439   1241.7469    472.0246
      680.1824   1467.5778   1317.4160
     2174.8279   1804.6029   1162.7867
     1263.8700    899.6751    903.9924
     1992.2610    772.9583    495.2203
      679.6232   1158.8546   1426.2917
     2087.4622    743.3035    176.4977
      268.6005     69.7311   1723.6079
      614.3627   1674.0636   1493.5319
      924.1777    286.0356     72.6580
      864.6350   1015.4214   1178.0967
      276.2290    189.5368   1380.7310
      411.4565    790.4583    486.7693
      832.8240   1089.3662    188.8841
     1778.1699    526.8113   1670.1414
     1863.0695   1840.8622   2079.9075
      848.2448    439.8873    758.0957
      865.9272    161.1090   1443.0638
      115.5659   2017.2030   1517.7606
     1544.7740    138.6020   2066.8079
      757.4105    880.3763   1500.0978
      256.7869    617.5151    285.1612
     2239.1897    829.8561    879.7726
     1979.1028    792.3113   1072.2012
     1587.5868   2012.8398   1647.1677
      383.8347    802.5002   2223.0059
      275.0776    705.8948   1470.6284
      304.0076   1768.1356   1504.8030
     1173.0297    399.7106   1929.6616
     1954.5455   2168.4573    206.8947
     1346.4094   1341.3810     42.5165
     1181.3209   1159.1602   1770.9911
       41.1165   1106.8885    978.6600
       48.5598    230.7836   2117.8784
     1916.6925   2165.1709   1169.4921
      151.3735    568.8354   2168.7161
     1878.1838   1071.3439    609.5130
     1563.4095   1346.2977   2019.1860
      818.1566   1816.2406   1325.6921
     1089.4286   1427.7440    825.3560
     1585.1998   1890.4319    968.0562
     1518.4994    153.1570   1670.7144
     1715.4935   1767.4817    432.6239
      990.9548   1711.0194    375.1917
      672.3242   1048.2887   1720.1208
      848.9800     21.8821    292.3177
     1024.9393      1.4344   1523.7400
      821.7069    563.8810   1547.6115
      725.4902     12.1937   1954.2091
     1588.1764    982.0664   1512.8970
      369.0232    383.9958   2213.2693
     2027.0616   1753.5392   1435.1627
     1610.3718   2071.5317    761.1808
     2000.7937    455.1062   1441.3389
     1620.8206   1510.2313    453.7626
     1048.1429     38.1399   1855.6571
      487.0555   1287.2625    682.6176
      469.9201    751.6274   1201.0250
     1215.5868   1505.9243    501.0040
     2241.1804    538.3851    368.6184
      316.2037    496.9716    960.9062
     1672.1141   1339.6272    848.2027
      746.2507    229.0225   1738.4976
     1885.1090    969.1737   2240.4280
      739.5616      7.7404    543.8663
     2013.6451    241.6828   1970.4448
      422.3644   1517.9652   2240.2019
     1232.3810   2132.9539   1228.3551
       41.9743    848.0626    375.8569
      709.5560    759.7879   1785.7792
     1278.1276    823.4667     36.6929
      339.5262    504.3842   1326.8345
     1469.1528   1883.2141     75.1401
     1680.3142   2152.5151    205.3200
     1847.0077    624.1409     29.3925
      235.0767   1877.2891    501.4224
      760.9035   1080.9656    860.2150
      356.5030    740.0104   1755.2450
     1157.9703   1643.1508   2060.0410
     1263.9781   1016.3795    276.7453
     1407.2039    447.3884   2101.8838
     1175.2490   1468.8563   1696.7571
     2071.3723   1291.3033     78.2494
     1504.2642    954.9801    972.7335
       75.7984   2180.1433    156.9628
      309.8568    363.8045    426.7662
      823.6892     86.1745    776.2379
     1243.2631    725.8690    294.0964
      117.6082   1991.9158    837.8301
     1544.8600   1281.1464   1064.3214
     1763.2205   1141.3776   1124.9463
      672.1466    572.4043    989.2067
      546.7004   1924.9677    502.6806
     2010.4830   1756.5839    534.5840
      852.4838   1561.9142   1602.4706
     1511.4219    727.3527    219.6940
      950.1049   1755.1198    102.0114
     1595.7642    375.9289   1865.2000
       72.5181   1668.5435   1407.6187
     1041.0273   1150.5240    903.0231
     1129.2773    236.7963   1293.2850
      412.1634   2138.1926    757.8262
     2121.2227   1840.1013    837.0247
     1055.3575   2136.9976    157.6564
     1988.3385   1596.6553   1165.0402
     1588.7762   1995.2266   1258.8693
     1279.3098   1357.4648   1976.5728
      795.7986    666.9174   1229.9039
      251.7681    513.7426    659.4027
     1347.6460   1761.2954    759.3362
      464.4633   2195.2122   1571.7100
     1053.7649   2181.9575   2070.3069
     1307.4233    132.6487   1882.5431
     1529.3529    463.1154   1496.5472
     1042.1816   2177.1240    710.7474
      480.3732   1570.5929    930.7048
      252.8001   1191.5078   1233.1895
     1006.2711   1185.1173   2028.8027
      731.9224   2227.4922   1644.3127
     1957.5858   1948.6749   1742.8604
     1347.9417   2019.1846   1521.0232
     1082.5702   1110.2771     77.4013
      740.2333    809.7144    422.9513
     1037.1443    572.4225    151.6343
      433.7407    339.8711   1153.8866
     1688.9307    222.3462    623.1611
      915.8188   2162.9421   1317.2625
     1554.2311   1346.9264   1586.6571
     1138.3761    178.2422    785.8502
      431.0960    965.3534   1486.0222
      747.1102   1377.2632    745.9849
      907.5901   1259.2214   1736.3917
      312.1727   2070.4761    231.7515
     1438.5050   1661.9088   1611.9543
     1375.2601   1571.5226   2216.5945
     1965.6870   1574.5558    299.8820
      152.1389   1953.5776   2239.0703
     1979.6576   1309.8073   1310.7041
      160.0528    889.0585   1231.3936
      785.9512     54.4112   1090.7081
      988.9489    708.3750    462.0476
      337.3280   1809.0106   1767.6848
     1675.5698    910.4571    121.9106
     1311.8346    623.7783    961.3211
     1160.0641    320.2147    265.2196
        6.5744   1775.8713   1691.8853
     1801.4364   1229.6978   1873.9844
     1203.8547   1538.2004    197.6246
     2003.9491    761.9617   1725.4235
     2149.1372   1025.5343    468.8500
      933.8936    217.7054   2045.2455
     1509.9636    411.5206    704.1683
     2179.5720   1307.4905   1885.4009
     2119.8535    239.9919    636.5003
      975.3532   1492.8887   1981.9220
     1838.5746   1491.5522   1980.6842
     1317.2433    203.8436    597.1054
     2204.4465   1206.1296   1575.1324
      672.1683   2193.0637   1354.9431
      576.1445   1062.9111     24.8895
     1497.1566    715.4377    804.1589
     2160.6631    224.4417    978.0841
     2088.1104   1861.7074    290.1467
       23.9512    614.4241   1156.6224
      255.5805    315.6655   1903.1746
     1802.1500   1301.7129   2209.1829
      961.7108   1729.4171    992.1077
     2049.6853    722.7747   2061.4966
      171.7742   1498.6272     90.3320
     2239.2456   1943.6930    518.1537
      521.2413    493.8094    221.0377
      278.0262    388.1194   1598.1606
     1481.6621   2237.1409    480.3055
     2090.7427    498.6262   2213.4224
     1807.5134    870.7122   1973.0071
     2118.9211   1513.2577   2138.0239
     1031.0194    459.5956   1298.2776
     1388.1448   1305.0618    310.4038
     1770.2357   2234.6357    428.2277
      732.9596   1256.5588   1158.3981
     1804.2891   1856.3617    163.7476
     1053.2065    515.6328   1694.7119
     1858.3008   1976.8949    470.0068
      427.6048   1825.6544   1039.4318
     1945.4421     54.8831   1385.8475
     1806.2317    608.5590    831.7260
     2012.4355    997.3559   1818.1829
     1210.9794    978.7800   2021.2396
      409.5984   2029.4648   1918.8431
     1608.3322   1660.6896   2087.4124
     2052.7214    489.5427    908.8199
      753.0253     39.8352   2226.2297
      462.3727   1565.4473   1739.3940
     2035.4215    995.9482   1475.1348
      880.8792   1981.1964    349.4993
      375.0770    996.7363   1768.1085
     2112.6262    516.8087    640.2595
     2205.6257   1753.6514     20.3843
     1566.4680    969.8344   2070.0520
     1996.9481   1052.0195    864.8159
     1193.3438    705.1904   2077.8320
     1342.6609   2246.2090    839.4591
      871.8436   1476.3340    240.5815
     1585.4658     57.3797    793.2779
     2254.0767   1401.4978    900.5236
     1590.9244    535.7802    466.5157
      141.3940   1788.7501    238.3114
     1607.5032   1991.6829   2072.2483
     1238.0968   1626.5846    907.0125
      741.5536    794.2859   2259.1306
     2149.2886   2102.3186    951.3043
       60.8916   1419.8976   1193.8757
     1967.3998    489.2975    258.7492
     1238.6503    457.7270   1513.1182
      232.3058   1443.2103   1943.8760
     2213.2754   1484.2252    209.4919
     1576.5795    227.3066     67.5746
     1756.6100    891.6805    879.6886
     2079.0457   2092.1138   1402.7332
     1638.6422   1494.9475    162.9859
      204.7997   2245.2224   2178.3245
      955.5931   1968.9817   1568.1326
      355.6703   1283.0190   2145.0557
     1204.0089   1886.3466     91.6624
      649.6470   1917.3210   1921.0303
     1425.9417   1500.3951    720.1712
     1895.1975     18.0659   1784.6802
     1290.9426    491.8947    425.8049
     1045.2008    401.4132    578.0518
     1464.6788   1642.9221   1042.1901
      306.8624    166.2588    171.5197
     2186.1812   1003.0955    157.3770
     1888.8456    194.9513    996.2640
       39.8146   1255.4758   2190.9861
     1003.0156   1904.3309   2050.0210
     2178.1375   1586.9144    449.5870
      294.0468   1123.6287    523.1681
     1559.4347    863.6292   1237.2488
      661.6946   2010.1740   1153.6355
      442.4428   1760.5536    262.3631
     1968.6852   2015.7186    716.9724
     1667.8883   1831.0096   1849.3408
     1791.6083   1470.2762   1329.9978
     1811.6326   1322.6191    228.7550
      682.8108   1834.1971    896.7296
      266.0182    596.4301   1947.3475
      522.8146   1602.0356    602.0073
     1039.3722   1925.7871   1184.9686
     1696.8190     17.3360   1448.2146
     1508.1343    303.0791   1232.2203
      631.0892    273.0571   2007.9255
     1472.3762    318.1356    363.2178
       90.5016    783.1106     52.0513
      686.1921    304.8957   1254.6827
     1836.2561   2153.3838    910.7845
      244.1319    819.9178    961.0884
     1038.6849    770.2542   1345.3295
