      884.1389   1906.6417    572.3569
     1897.1658   1317.0424   2082.1943
     1505.8896   2139.0950    985.7462
     1867.1531    331.5177    999.9216
      561.3979   1865.0199   1945.1309
      489.6046     94.6879    322.3375
     1654.6486   1872.1082   1092.8584
     1209.3527   1453.2877    599.0140
      730.4568     93.0576    827.4331
     1117.0248   2012.6925   1160.2009
      386.4924   1928.1979    430.1637
      983.6507    750.2690    140.0732
     2234.8650   2107.7793    692.1746
      668.9484   2056.2302    400.3608
       67.8380    191.1413   2049.0977
      483.3507   1323.0015   1374.3000
     1668.7245   2150.3835    240.2616
     1879.9019    415.4340   1295.2823
     1892.0721   2211.8684   2081.9155
      968.0845    683.3323   1515.2427
      413.1065   2068.0593   1243.5426
      557.6888   1834.8828   1035.4486
      666.7314    645.1290   1469.4147
      611.6017   1481.3436    985.5305
     1339.9354     14.3660   1429.0815
      541.3077   1159.6150    773.6641
      856.2639   1963.2875   2156.6562
      838.5216   2117.3799    820.7396
     1170.3060   1787.3210    654.7601
     1350.9888    126.9902    733.6939
      424.7738     85.0292    659.8224
      404.5869    899.4586    967.1167
      268.2958    341.3367    490.9791
     1294.7981    821.3134    950.0995
     2032.1528   1176.9628   2260.7183
     1127.4408    301.0626    806.9363
     1017.3433   1350.7095   1533.6161
     1421.1726    613.8903   1760.1198
     1652.6669    649.4621    611.0610
     2022.6138   1471.2335   1854.4735
     1111.6145   1663.9401   1458.7943
      709.1901    920.6423    987.3740
      899.7278    667.1978    924.0645
      465.7517   2095.0029    852.5533
     2106.3232    654.4282   1168.5565
      962.4850    322.4126   2009.3428
     2252.7698   1496.9065   1555.8721
     1856.6877   1577.8146   1453.3407
      805.8862    667.1286   1910.9346
      811.2738    923.3472   2103.8235
      906.1555    340.2949   1246.5129
      718.9443   1834.8608    118.6469
      826.9173   1738.2115   1613.3306
     2112.6064    259.8676    650.1230
     1128.3817   1757.0555   2012.9037
     2113.6536     42.4793    839.9883
     1869.2432   2104.7673    602.6385
      896.0909    149.0471    318.5668
     1487.3398   2115.3982    479.1351
     1039.5211    110.6848   1410.2443
     2118.7209   1641.0966    378.5904
     1892.0869   1781.8380    272.0829
     1263.2791    302.3072   1589.2975
      485.6815     47.0074   1055.5767
     1651.5781   1065.8190    506.1761
     1597.6525    416.6438   1640.6205
      362.2348   1030.2063     55.6118
     1527.6591    179.7912   1056.0988
     1839.2023    729.4588    760.8610
     1444.0273   1794.5105   1956.8342
       73.0329   1528.8628   1219.5793
     2101.0691   2048.1372   1828.5990
     2049.0361    703.9094   1911.9761
     1779.7466    978.6046   2224.1008
     1538.3068    589.9904   1353.3571
      943.3198    107.7408   2238.5540
      544.6962   1261.5323    478.6789
      165.2629    243.1689    179.4000
      398.3206   1168.2493   2040.0370
     1955.2478   2068.8516    234.5166
     1408.6149   1325.6550   1087.7906
      233.3550   1233.9152   1261.2234
      981.6547    872.9367    654.5197
      895.0674   1209.0099   1022.2721
     2063.6758   1829.0553   1577.5641
      928.2501   1988.1654   1833.2848
      556.1436   1680.5508    690.3531
     1558.9255   1306.3026   1540.1499
      314.4282   1528.1479   1492.8734
     1147.5055    646.8085   1185.6393
     1556.8284    900.2561   1884.8159
     1181.6129    139.9101    504.3732
      673.7723   1510.6777   1615.9958
     1598.8213   2030.8335   2058.3411
     2149.9497    993.0208    488.3311
      484.7916   1953.8026      1.0580
      841.7726   1413.1422    214.0357
      323.4400    607.0649   1393.4272
      638.4593    299.5241    590.9575
      401.9330   2125.6633   1896.7986
     1356.4886   2262.4622   2115.1006
     2172.3679    244.9503   1037.1975
      823.7744   1532.8934   1207.7747
     2194.2092    522.3251   2078.8018
     2185.0037   2144.8694   2201.2539
      164.7276   1358.1678     36.8515
     1950.5776    754.5276   1623.0696
     1817.8046   1509.6980    126.4759
      775.2432    450.4352   1678.4835
      963.7944   1818.1282   1003.9678
     1517.6785    319.4572   1366.4023
     1723.1039     52.1604   1260.1818
      140.3681   1645.1010   1730.4165
     2019.6465    110.6659   1817.8080
      393.8195    692.5795    772.9175
      158.2746   1858.6624     44.8718
     1812.6390    448.5037      9.7696
     2241.8748   1553.5872   2193.1582
     1902.2804   1924.1199   1262.4491
     1555.8126   1364.4755    881.1473
     2103.1470   2108.6621   1111.4084
     1422.0826   1920.5961    254.6209
        9.9193    286.9133   1390.4469
     1868.3530    921.7886   1360.8340
     2162.1516    801.0474    845.1680
     2161.5693   1786.1086   1965.9053
      686.9031   1080.1703    233.9061
     1605.1246    188.1386   2025.8060
     2120.0889   1268.3442   1212.0659
     1960.0359   1261.2632   1676.6803
      509.1696   1648.4762   1226.6851
      202.2274   1441.3422   1963.6011
     1298.5132     64.2475   1111.9893
     1802.4340   1179.8284   1247.9938
      377.4302   1873.2104   1589.8463
     1618.8811   1812.4390    420.9149
      118.3397    436.5138    815.1008
      415.3549    341.6844    911.6868
      559.2615    618.4163   1141.4373
     1212.9237    873.6697   1619.9877
     1855.7626    466.6948    389.3770
     1576.8339   1116.4797    182.3575
      348.0322   1605.7489     32.8257
      452.6010   2148.0649    174.4138
       94.3064   1888.7991    563.4511
     2064.4080    458.3912   1624.7244
      197.6490   1129.4924    774.0655
      286.6730   1129.2905    350.8333
      229.6011    855.1979    527.3856
     1717.9159   1416.3740    586.4266
     1306.0389    487.4624   2177.7634
     1558.4724   1814.4321    751.6725
     1205.1005    171.4297   1901.6332
     1847.5063    115.8767    343.8694
      241.8497   2125.0977    664.5762
      661.8906   2240.1907   2191.3694
      625.2398    973.9846   1400.0189
     1408.8544   1162.6763    736.3280
      366.7248    159.6055   1584.3740
     1847.2866   1627.6621   2087.7209
     1641.4288   1557.9349   1780.7081
     1425.2258    436.6536    601.8933
      490.7234   1233.2673   1671.2352
     1095.0336   2162.6787    368.5989
     1428.3525   1453.5568   2163.7778
     1683.0538    331.4283    758.5247
     1948.7517    899.8931   1053.4797
     1140.2285   1259.3192    133.4441
      510.0756    802.8795    321.0647
     1553.3311    171.3049    312.0769
      268.0586   1459.4528    883.2054
     1927.0310   1033.5892    261.6877
     1662.7791    957.6815    860.4649
     1971.7003    269.8563   2092.3088
     1207.3512   1469.3236   1228.8923
      241.7801   1556.5535    540.0959
     1324.9474    245.4276    128.7056
      583.7062   1230.3192   2255.0713
       83.9800    726.8195   1704.1283
      764.6198   1895.0485   1334.3805
      696.4453   2250.3423   1783.0814
      259.9174   1853.8606   1367.7484
      925.2599   1603.5959   2148.3276
     1949.5414   1358.7539    407.0560
     1636.8889    853.2159   1190.2771
      925.8323   1294.8225    457.0651
     1668.0107    932.3802   1620.6378
      803.9794   1132.9135    717.2567
     1311.0884    737.9833    343.8969
      628.9319   1422.4231   1996.4325
       88.6943   2150.2173    347.5178
      557.0140   1541.8239    314.9129
      583.4155    765.1996   2173.8604
      318.9323   1014.6085   1441.3107
     1452.5051   1334.4962    328.7967
     1166.5406   2008.3132   1469.6747
     1266.9277   2062.9778   1915.3916
      888.3716   1598.8972    599.0080
     2251.5493   1251.3544   1742.5850
      148.6142    647.5901   1114.8207
     2179.2253   1082.7537   1508.1338
      759.8406   1238.6195   1328.7694
      133.6447   2030.0336   1668.8840
       48.2741    983.4427    139.4252
       42.3348    749.4545   1439.7788
      837.0178   2125.5579   1132.4619
     1094.7107   1085.7987    389.3518
     1122.1696    557.4740   1785.7172
     1682.2041   1883.0137   1465.1946
      433.2916    644.7293   1786.8328
     1993.9490    533.3436    582.7646
     1430.2129   1742.5720   1676.5165
     1068.8591    986.5583   1452.1436
     1327.5685   2262.1506   1732.8185
     2202.6919   1941.3401   1385.0090
     1482.4524    713.0010     80.1846
     2162.7268   1427.8032    756.3065
     1596.8513   1847.0740   2253.4795
     2081.4146    189.9885    152.2937
      586.9214    322.3224   1424.8297
      142.6950   1850.8918   1029.6351
      325.2263    542.7131    206.4326
     1388.7181    900.6774   1263.3835
       66.4172    145.3846   1663.1721
      627.3663    660.6849    554.0193
      974.8511    441.9634    517.5610
     2202.0164    977.3291   1956.9991
     2071.9900    818.9446   2230.6284
     1163.6215   1080.8412    895.9724
     1709.9519     71.1903    648.9779
      218.6476   2153.7407   2077.1729
     1853.7556    189.7070   1501.4021
      876.1999    839.8882   1227.3259
       22.3474   1003.1108   1064.5433
     1797.4373   2256.5591    909.7156
     1268.5540   1517.1177    258.7026
     1270.1648   1429.4437   1771.1741
      447.8555    220.4277   1893.9023
       78.2955    465.9417   1769.3248
     1034.6599   2235.3826   1723.1919
     1781.5852    465.0204   1858.7517
     2165.6331   1898.3065    220.0601
     1229.6895   1508.9762    884.9974
     1588.5010   1284.7917   1950.9624
      297.2826   1811.2439    711.3660
      198.4320     92.9342   1101.4447
     1902.6348   1659.1199    602.5266
     1127.9515    751.8582   2115.8479
     2154.2781   1757.3834    902.0237
     1730.1484   1927.8289   1803.6525
     1469.2433   2007.5825   1364.5339
     1304.4579   1804.2888   1122.3201
     1898.4001   2159.2708   1556.3398
     1547.9435    611.4781   2072.2153
     1497.6396   1702.5939   1338.4875
     1132.4502   1908.2722     50.0530
      226.0440    701.2034   2243.1592
     1370.7799    770.5898    648.5768
     1279.4760   1120.6971   2144.8750
     1246.1489    314.9243   1219.4799
      466.8961    463.5583   2176.5374
     1122.5576   1134.9087   1880.5287
      714.4167    470.5870   2088.8196
     1929.9574   1922.7177   2118.1580
     1174.6979   2113.4775    651.9406
     2128.7078     19.2591   1393.7404
     1773.9071    680.6707    210.3797
     1407.9440    511.7633   1026.6616
       45.7745   1318.8387    373.2821
      635.2221    934.1839   1730.5610
     1130.4314   1119.1017   1195.1625
     2190.5981    533.8794    314.5399
      373.3340    362.0453   1291.9838
     1982.3247   1532.0574   1105.5826
      860.5930   1039.8022   1642.2566
      272.4257    917.5101   1910.8186
      978.0508    413.6866     47.1203
     1989.1367   1114.8600    858.1226
      302.0348   1722.2930   1962.7996
      742.5042   2194.9419   1508.0637
