      705.8162   2159.3906    757.8875
     1577.1927   1179.1831   1306.6134
     1220.7004   1629.6807    497.2803
     1400.3954    635.5173   1046.0331
      231.1329   2224.7883   1289.5896
      255.8540    387.2193    601.0606
     1448.3939   1613.5500    272.3802
     1117.8718   1817.0027    680.9650
     1361.5316    162.5618    639.0504
     1725.0642   2060.2354   1938.5894
      385.2854   2095.5874    839.9838
      793.5930    199.8823     74.6402
     1951.0551   2172.8435    364.2528
      759.7068   2103.4912    265.0262
      663.6910    350.9545   1166.3615
      415.9144   1093.7094   1886.4578
     1584.4150   2128.7964    742.0545
     1326.2371    487.0177    818.2004
     2029.1780   1733.8135   2192.5522
     1793.8854    677.4821   2215.7837
      400.1883   1862.1287   1183.1901
      799.2719   1363.5851   1239.5559
      520.8288     16.2081   1911.9205
      913.5546   1037.0591   1402.7576
     1252.0543    215.1756   1150.9275
      713.6346   1651.6423   1288.0399
      450.8088   1998.9980   1492.9125
      712.5554   2170.2273   1590.1371
     1395.0579   1920.0188    229.2242
     1810.7804    175.2841    446.0942
      300.9965     85.1155    605.9526
       20.8561    955.8134    690.0628
      659.7068    884.6342    676.4783
     1709.9755    750.2169    763.5966
     1467.1478    711.8355   2095.4207
      816.4977    119.4557   1099.1377
     1412.5939    971.4782   2257.8760
     1228.2089    615.0527   1648.1812
     1539.4888      1.3510    373.2505
     2247.2170   1614.2667   1329.1555
      478.0562   1217.8503   1476.1379
      858.3036    344.8400    697.4963
      568.3737    196.3873    709.1661
      705.9866   1891.8568    983.0211
     1815.4539    617.2761    514.2250
     1214.4893    244.6793   1484.7601
     2028.8823    826.7992    930.3120
     1089.8342    714.7139   1320.1816
       41.2106    471.0934   1631.3684
      595.0454   1170.5018   2114.4954
      902.1921    431.6063   1337.3809
      913.4064   1631.8402    493.1226
     1033.9769   1885.9346   1480.9376
     2006.0077    643.9354    165.1344
      954.8266   1961.4640   2181.1079
     2020.8184    323.7189   1266.0265
     1813.5160   1926.1898    172.3982
     1054.7887    574.0741    218.4553
     1062.3314   2076.4265    169.1686
     1299.8699    117.3974   1777.0095
     2142.8882   1989.8774    205.1263
     2195.5879   1464.5195    557.4580
      822.4622    532.6071   1916.7042
      115.8317    414.3864   1014.8944
     1883.9111   1110.8722    114.6149
      773.8207    703.6837   1331.4219
      154.0138    749.6030    425.5257
     1122.3174   1097.9506    323.0411
     1458.7430    409.7475    463.0568
     1998.2651   1442.7089   1715.2997
       85.2167   1470.4176    962.5111
     2164.0908   2048.0562   2038.5610
     1358.8353    885.7894   1264.2657
     1201.9178    885.1073   1866.0626
     1731.8641    850.8568   1436.6649
      823.1940    279.2361   1972.3772
     1138.7406   1764.0969    186.7519
      225.4007     94.3517    291.9283
      856.1982    545.3563   2249.5225
     1917.7400   1993.9027    789.9546
     1863.7614   1676.9774   1059.7355
      357.2920   1188.4448   1127.7301
     1001.4224   1355.4772    640.7405
     1504.4540   1810.4248    956.4567
     1382.1294   1817.2462   1366.6675
      711.5484   2203.4299   2166.5159
      623.9628   1210.4658    945.3807
     1442.2458   1985.5452   1817.9481
      298.6714   1769.6565   1655.5847
     1308.6632    733.3015    135.5440
     1123.8734   1424.6678   1744.1494
     2258.1101     86.6506   1082.1112
      356.9929    813.8469   1718.7894
     1489.3959   2205.0916   2116.3674
     1734.3062    409.7309    301.6914
     1154.6100   2260.1023    323.7303
     1588.6506   1098.3118    279.5685
      149.7668   1330.8970   1933.4613
       23.7294    377.6703    197.3050
      345.1511   1856.3428   1969.4204
     1653.3918   1879.0602   2199.4072
     1685.7539    715.0347   1092.8308
      808.3868   1537.8140    942.9139
     1423.1996    402.7556   2047.3424
     2044.9419   2193.3123   1727.6539
      187.4802   1339.4319    629.0626
     2196.2332    180.4840   1547.9932
     1862.7660   1560.8357    252.7298
      398.8055     79.4880   1551.7335
     1024.4895   1225.0731    941.6763
     1530.7764    762.4752   1800.5747
     1585.4976    143.3389   1014.8226
      260.0753   1475.8124   1244.9570
     2003.1173    348.6615   1763.6157
      331.4055    740.7924   1026.2557
      203.5521   1892.0845    619.7299
     1411.9336    438.3143    162.4201
     1906.6656   1686.4049   1619.7445
     1616.3929   1819.8678   1279.4490
     2145.2122   1151.3519    934.8100
     2044.5450   2145.6221   1053.0909
      441.2859   1726.3241    198.1817
      123.7346    542.4960   1351.9116
     1013.5853    353.1611   1722.3169
     2141.0620    147.3170    593.8547
     1885.3519   1578.9614   1333.8521
      358.4417    485.2846    281.9185
     1923.3418    108.3827   1970.2429
     1936.2892   1297.5327    623.3231
     1322.5377   1410.9283   1493.7850
     1058.6122   2178.4861   1378.6738
       32.5044    988.0396   2089.4553
      336.4898    202.8963   1062.2052
     1608.0177   1494.8370   1157.9169
      298.1474   1651.6377   2177.3950
     1648.4230   1996.0663    411.2584
      636.8693    527.3204    914.5402
      206.1869    236.1791   1393.4182
      584.0250   1222.2555    456.8128
      385.7910    848.3959   1410.5764
     1804.8527    433.1955    883.8585
      738.7511   1449.6099     34.5678
      158.3289   1680.1761    280.5284
      382.1432   2048.0630    455.9637
      593.1578   1477.5175    611.0657
     1962.9260   1043.9963   1791.2791
      187.6134   1126.9962    381.6078
      901.4666    114.9328    612.7023
      649.1396    732.5312    300.7236
     2003.0682   1656.6499    774.5082
     1437.2168    510.6898   1427.6398
     1538.9336   2050.8992   1513.5249
      694.3453    205.5519   1670.7318
     1966.8192      1.2940     25.3107
      115.3441   2074.1277    820.5413
      981.3930   1563.9434   2010.4652
       35.5920   1092.7360   1382.4464
     1189.6013   1287.2775    161.5522
      534.5345   1410.8242   1196.6926
     1818.7719   1735.2393   1898.4396
     1360.6818   1176.3423   1863.3270
     1204.2671     67.1867    890.3477
      335.9353   1521.3528   1840.5557
      650.8643   1881.5955    486.2221
     1711.7660   1443.4167   2021.6038
     1685.6971    375.6696   1171.5587
     1559.5790   1334.2369    416.4092
     1211.0563   1449.3115    873.5043
      881.4932   1214.4172     35.9724
     1553.5271    146.2845    146.3232
       42.3275    856.2884    179.6272
     1780.9672    838.2161    259.8212
     2065.7190    744.3541    524.0505
     2205.0137    873.1616   1846.4579
     1703.6414   1431.4666    840.9597
      411.7406   1439.2695    335.6254
     2188.0537     47.7426    216.0070
     1153.0884   1708.3754   1649.6628
      349.6761    400.6864   1559.2782
      624.3414   1758.6351   1596.2476
     1159.1643   1887.3563   1900.5413
      121.5112   1817.2220   1155.6285
      811.5356   1286.9314   1892.9264
     1266.1995   1110.2179    797.3271
     2004.6398    486.0446   1012.3854
      831.1815   1800.9624    199.4463
     1778.1682   1347.3422   1524.2905
     1252.6400    813.3533    688.2274
     1112.2246    539.3106    591.5907
      709.3519   1344.1531   1578.2362
      213.5144   2064.2908     72.0797
     1043.1279   2126.6843    577.5920
      652.4046   1768.0791   2151.8201
      158.6703   1372.4692   1644.6824
      871.5905    991.5956    548.1998
     1216.3350   1406.4072   2089.0430
     1228.7252   1171.3002   1408.0286
      636.0766   1059.0334   1273.9075
     2101.3237   1251.6655   2077.4758
      962.7607    335.7213   1040.6781
     1834.1045    684.9472   1683.0813
     1138.7932   1260.8643   1186.3729
       87.5050   2010.5801   1598.1429
      232.0286   1253.5228     79.7056
      585.2264    544.1190   1598.6079
     1066.9220   2216.2766   1832.0967
      889.1700    629.2463    459.5246
     1433.9148    960.1226   1573.2728
     1790.9081   1946.2427   1662.3306
      199.7965    187.2641   2122.6316
     2046.5154    181.6986    936.2219
     1648.1699   1260.9865   2248.5225
     1458.7408   1105.1605    992.9789
     1044.7104   1580.0321   1341.1821
     2058.3284   1325.1285   1147.7706
     1514.9012    674.0909    434.5975
     1714.7887   1012.2561    565.4993
      718.0395   1606.6960   1890.2734
     1990.2812    312.4086     46.6056
      493.6182    394.9877   2233.0723
      444.3709   1561.4244    879.1639
      546.8579    155.8264    388.3528
     1155.0023    775.5360    951.6070
      389.8508    487.2551   1220.2407
      439.6430    944.1268    362.5949
      906.2680    963.8014     82.3055
     2033.9226    640.3298   1417.6688
     2071.9585   1487.9203   2034.7083
      842.5865    760.8304   1049.1125
     1744.5487    352.0807   1619.1838
      236.4717   2165.3518   1991.2003
     1716.3545    411.8605   1907.2877
      980.1681    770.0883   1649.3364
      379.7709    683.3893    656.3970
     2028.4655   1845.1923   1404.4696
     1993.1562   1292.0314    324.5012
     1526.1033   1555.4681   1729.9514
      142.0645    679.8707   2170.9521
      125.6786    499.6188   1923.9639
      647.4298   2136.5256   1277.3230
     1154.4889    570.9991   1883.5953
     2023.0410   1883.2469    463.2068
     1620.3116   1533.6068     47.2936
     1678.7357   1088.6854   1836.9006
      169.8141   1047.2747    958.1765
      192.6971    156.9178   1766.2490
     2140.3364   2179.2878   1342.9347
      805.8288    854.7606   2005.4226
     1711.8723   1767.2917    642.2935
     1442.2285   1616.2627   2050.4331
     1324.9177   1430.1282   1143.0865
     1023.5408   1847.0800   1105.5703
     1798.6560   2045.8911   1338.0154
     2221.7681    113.9516   2142.7551
     1373.6676   2114.5942   1246.0980
     1339.3446   2033.2333    652.8162
      492.0071    649.1226   1914.3168
     1204.6274    275.1004    126.0210
      734.8778    988.2859   1724.4358
      860.8757    686.0885    761.9628
     1138.5984    241.2132   2023.1573
     1062.8171   1076.2002   1653.4706
      408.6496     83.9113   2259.3989
     2252.3489   1698.3110   1795.1475
     1263.6786   1957.1720    899.2390
     1791.9990     47.0162   1556.0500
     2226.8936   1370.7922    132.1990
     1492.3030    117.5489   1375.0474
      147.4391   1744.4795    846.1522
      375.2869    935.6758    755.6044
     1389.5122   1378.8254    621.4763
     2031.0433    434.6162    459.7578
       48.7478    619.9370    721.6467
     1770.0889   1078.8763   1128.4258
      469.6227    311.3633   1819.9752
     1875.7950    981.2297   2082.9863
      691.1120    452.8105    356.5689
     2251.3550    864.3876   1230.7235
      401.2063    944.0346   2244.4927
      822.3472   2016.0092   1790.7220
