      527.8910   1869.5568    394.9490
     1274.3490   1355.4408   1223.9043
      748.3583   1666.1024    325.2726
     1455.3372   1066.1173   1569.1949
      236.7377   2231.0417    979.7046
      651.2526    495.1541    388.8654
     1347.2239   1683.1711    590.8015
      578.7270   1925.7296    682.0437
      982.0526    459.5251    661.0692
     1654.8453   2032.2208   2128.0789
      314.3527   1986.5792    907.1139
      779.5857     56.7812     29.9330
     1844.5466   2077.9990    783.8363
      688.6301   1905.6547    144.7180
     1433.2150    359.7655   1832.9854
      188.4840   1077.7677   1776.8967
     1554.5398   2024.1964    597.2650
     2256.7817    467.5440   1236.7096
     2188.7607   1860.2749   2223.5725
     1989.2745    373.7212   2063.0178
      531.5638   1676.9897   1385.9929
      661.4986   1783.4960   1623.4631
       22.8039    297.8128   1714.2310
     1409.5624    807.7187   1746.6237
     1173.8110    717.1779    772.9863
      416.4041   2166.6284   1505.5029
      218.8394   1435.3818   1575.9016
     1385.3685   2031.9700   2008.7147
     1817.9587   1958.0238     89.1543
     1867.0911    197.1972    286.3847
      720.8260    288.9606    609.7342
       79.5472    980.0442    333.4101
      498.7409    246.1808    444.4554
     2120.6833   1253.7904   1278.2257
     1192.3390    942.2254   2030.1847
     1033.8116    323.8528   1006.6036
     1203.6007   1583.4198   1961.0192
      805.4425    327.3983   1650.9789
     1748.7206    138.2625    781.1248
     2099.6094   1867.9442   1984.8901
      369.4565   1313.8325   1354.3629
      518.2031    519.2679    672.8206
      570.4595      0.6890    877.6499
      654.1050   2011.8726    977.5619
     1756.7701    824.8896    676.2320
     1355.9785    251.0518   1185.1173
     1482.3495    535.1825    995.3151
     1143.6982   1035.0653    895.6929
      168.6971    540.0697   1458.8715
     1025.2373    484.6744   2252.5732
      559.4053    238.6561   1436.0773
      811.9227   1320.8026     35.2374
      868.3939   1494.3353   1527.2338
     1719.9485    849.0980    350.8957
      843.5093   2099.1843   1894.2717
     2153.7129    705.8951   1396.7167
     1742.7833   1399.9210    392.7708
      994.5651    385.6720    421.5923
     1101.7118   2227.4119    439.5561
     1689.2703    542.7527   1765.3798
     2092.1206   2012.9139    169.8962
     2209.7878   1192.5804    648.6282
      224.0705    175.9159   1864.1172
      183.7482    587.4267    700.7587
     1771.8862    935.5173     26.0243
     1020.2235   1290.2401   1473.2893
      591.5979    956.8922     16.1714
      646.3935    841.8353    325.4749
     1293.3264    589.0337    614.2318
     1617.0615   1132.6594   1807.4647
      455.0350   1684.0074    829.2178
     2118.0442   2144.0264   1764.5637
     1065.7418    848.6837   1291.3232
      913.3149    850.7307   1896.6123
     1938.3881    887.7775   1154.5713
      582.6638      1.9647   2013.2051
      789.1595   1603.8706     33.1929
       16.4980     40.9945    535.8327
      745.6434    699.7343   2070.6697
     1858.7860   1833.4268    959.6864
     1752.2780   1513.9304   1098.6276
      604.9121   1073.5740   1337.4072
      890.7303   1179.6359    317.4806
     1529.8260   1578.1879    861.8524
     1443.2782   1573.5223   1650.6948
     1012.5063   1786.0253   1445.2043
      713.2810    909.2964    734.3022
     1622.0278   1875.5830   1528.0397
      681.8938   1552.2076   1756.9449
      866.3735    590.6072    188.6610
      192.5257   1268.5143   2016.2771
     2136.5378     58.3455   1554.5963
      560.8228   1389.5881   1558.1106
      970.0051   1776.9967   2197.1646
     1549.8411    731.3393      6.2727
      864.5117   2146.0554    258.4610
     1483.6980    874.6705    187.3461
      154.3205    963.8912   2130.8135
      240.5388    379.4066    484.8514
      382.6349   1629.4263   1679.4358
     2184.9192   1599.4209   2001.8104
     1795.6104    633.2713   1216.0511
      550.9703   1800.6984   1062.9581
     1278.7986    498.6670   2062.5486
     1871.3364   2055.6116   1621.9376
       41.8938   1514.9602    426.8088
     1817.9250     86.3781   1637.6702
     2052.6167   1247.6501    380.3723
      137.2075      0.5037   1644.3085
      664.4120   1127.4409    881.1038
     1373.4673   1389.4846   2217.0278
     1720.6945    357.0739   1002.6893
      292.0367   1610.0287   1242.6456
     2125.6492    871.1366   1880.0793
      392.1138    768.9393    860.6916
      241.7859   1511.1130    738.5789
     1304.0050    443.7543     66.2304
     1739.5343   1520.0294   1662.0645
     1271.4362   1907.8027   2229.9983
     1927.9274    875.2252   1485.9703
     2155.8125   1756.6840    959.8990
      378.7047   1419.1071    456.1831
      229.2835    226.4792    905.5721
      977.0092    855.3857   1608.2195
     1898.6740    181.5439   1149.9995
     1919.0848   1747.4481   1521.6290
       54.5266    799.9550    132.0337
     2255.4590    289.6364   2073.5737
     1061.6401   1304.0815    879.8512
     1414.8690   1180.0780   2008.8845
     1052.1128   2055.6064   1248.9507
      204.5793    812.4327   1919.3387
      331.5089      2.9596    704.1536
     1651.8175   1597.8781   1404.0682
      231.0222   1720.7177   2208.4944
     1593.3330   1732.9711    431.2628
      389.0348    433.1037    947.7070
       14.4641    183.8272   1349.6718
      525.4225   1273.9344    604.6042
      454.1518    281.0466   1781.7469
     1401.7709     76.9209    691.3680
      519.0572    762.7452    595.1398
       54.4752   1698.8929    130.0164
      292.0931   1413.8882   1007.9189
      614.2330   1411.3477    343.2892
     2148.2957   1215.3773   1577.5233
      658.3401   1083.1058    430.4575
      332.3191     42.3257    451.5876
      655.3380    709.4320     40.3771
     1959.9904   1639.0066   1239.2034
     1420.0271    447.1695   1404.2540
     1586.1680   2201.6157   1532.9573
      416.8911      2.1500   1194.2961
     1949.3966     37.6894     47.6831
       32.8604   2213.9702   1164.0182
      855.6604   1462.0892   1924.1648
      685.3438   1051.8558   1620.0753
      969.1787   1894.3413    191.7307
      775.7625   1595.5992   1235.2794
     1888.8641   1735.0447   1827.6997
     1699.4519    890.9222   1641.6714
     1072.7386    122.0520   1229.2838
       35.5237   1338.6459   1784.7528
      637.7462   2191.1460    582.6434
     1875.0624    727.6774   1808.9773
     1934.6832    272.8356   1387.3868
     1508.1461   1063.2399    885.8662
     1190.8363   1251.7598    157.7449
      466.6232   1629.6997    174.7823
     1306.6759      7.6426    284.0992
        3.4485   1173.1381     53.7264
     2092.4302    545.7731     24.4305
     2151.3423    398.9628    324.5045
     1853.2308   1141.5109   1387.6440
     1520.6028   1090.9888    463.7675
      179.7092   1232.3290    527.4434
     2134.5593      2.3837    278.8116
      855.7678   1236.1697   1052.0837
      457.0563    684.9183   1094.4865
      280.7616   2153.3438   1885.4810
     1011.6837   1450.9211   1149.9238
      318.3890   1969.7433   1160.7360
      541.0460   1517.1283   1994.6515
     1045.7233   1148.9512   1205.7953
     2195.7524    697.3596    811.4303
      534.3873   2156.8203    315.6316
     1859.5771   1431.4873   1374.7419
     1412.2274    833.2648    480.0117
      769.6144    120.9331    357.0705
      606.2718    916.3269   1893.8295
      252.0089   2015.0566    569.3808
     1198.2146   2260.9700   1010.3468
      751.3139   1766.1348   1969.9729
      124.8161   1167.7251   1507.7720
     1114.8163    915.0966    466.1957
      966.3791   1158.8514   1756.6150
     1072.1306   1141.7389   2180.7544
      722.7228    579.3511   1024.9431
     2144.8237    915.9844   2196.6003
     1061.8782    548.0294   1332.2836
     1483.0192    622.7629   2009.1256
      702.6697    773.7371   1276.0730
      196.4031   2207.5415   1370.9250
      181.8673   1294.0092    266.3711
     1032.1132    491.3174   1681.4866
     1095.4037   1873.1724   1975.6229
      849.3676    773.2181    539.8550
     1243.0468   1120.9905   1378.1737
     1553.4832   1761.2190   1190.7639
      653.6437    251.8431   1967.1172
     2177.2954    723.3223   1081.2006
     1564.2429   1413.2672   1904.7719
     1172.8173   1467.6492    567.4570
      885.0892   1040.6716   1377.2241
     2205.5977   1500.3738   1058.5563
     1471.1836    756.6065    757.3810
     2220.9739    922.4663    643.4419
      695.3022   1314.8524   1346.5674
     2182.3115    269.3533     62.7934
      587.6207     38.2070   1724.0824
      426.6778   1901.5774   1383.9404
      753.2932    319.6246    140.3244
      483.0781    931.9957   1080.8284
      303.0090    338.4337   1237.1410
      392.0393    967.6275    420.7027
      780.8019   1060.2826    147.5397
     1852.6013    598.4530   1510.3723
     2092.3723   2158.5942   2159.3440
      765.3498    265.0667    858.7003
      938.1755     76.7900   1735.3230
       35.7309   2218.8767   1976.0759
     1747.0540    109.3796   2134.3804
      786.7649    532.8198   1457.7802
      326.5217    648.2699    403.4863
     2211.5806   1487.4028    766.9880
     1841.6937   1157.7694    727.4853
     1629.9513   2258.7095   1898.8260
      148.0923    640.5795   2176.7576
      122.8836    624.8628   1721.0447
      695.6391   2030.4246   1608.0386
     1239.6298    701.6581   1909.3650
     2104.2341   1795.4652    321.3734
     1263.7449   1676.1326      5.9373
     1200.6892   1010.0871   1755.9521
       71.7274   1300.9838    958.1282
      249.5093    315.4818   2246.9690
     2118.7605   2065.8477   1320.1267
      431.7150    736.5090   2064.7380
     1642.6294   1286.1207    814.9289
     1330.7623   1278.4592   1658.2509
      996.9924   1717.7446   1128.3833
     1271.2377   1905.6088   1089.4449
     1742.0079   2128.8589   1064.4410
     2058.4937    145.1545   1889.3860
     1560.8063   1865.2239    869.1073
     1190.7789   1676.9438    330.6498
      417.0598    754.5304   1705.5770
     1018.0508    144.4510    184.3128
     1003.2024    284.0991   1427.8065
     1026.4862    584.7840   1084.4666
     1165.1959    261.0210   1912.5967
     1198.8995    744.2405   1529.7438
      385.2703    117.9467   2119.5867
     2195.6870   1950.9563   1562.3284
     1325.0565   2069.6160    754.0586
     1685.0348    415.0141   1359.5061
     1422.1042   1342.4927    303.1209
     1573.5175    299.6062   1574.1605
      197.3747   1724.0133    974.4031
      239.0191    865.0828    589.7822
      889.6996   1147.2234    698.6544
     2171.2354    439.6749    644.9821
       40.6893    442.1201    890.6453
     1732.2150   1126.3572   1073.9767
      265.3965    272.3328   1493.7997
     1840.3811    623.7358   2066.6790
      507.1892    228.1869    155.4480
     2095.3967    608.7523   1665.1296
      685.1239   1232.3995   1887.5101
     1308.5422   2215.4028   1361.3054
       16.5450    681.1591    461.6958
      723.0018    753.8679   1609.9823
     1246.1177    988.6530    100.1318
      433.8990    738.0522   1379.7908
     1589.7887   1836.8484     80.0263
     1676.8474   2238.2563    164.5206
     1742.8398    588.9000    194.0754
      264.2094   1739.7789    579.9141
      903.6965    737.2515    842.6663
      460.2640   1121.5519   1787.1000
     1117.0094   1280.5693   1981.1602
     1310.7866    983.7601    678.5771
     1702.8387    287.1230   1917.6792
     1121.9504   1479.2561   1723.9008
     2150.9011   1504.1141    170.6775
     1390.4874    999.3558   1144.4646
      124.7289   2147.4133    265.2221
      400.4648    291.5122    708.5853
      891.8685     63.8771   1036.0513
     1195.5316   1175.8845    449.3695
       58.9375   1871.0725    401.1977
     1273.4321   1632.3661   1156.3336
     1933.7964   1295.7443   1010.1566
      817.1694    371.6500   1214.2455
     1130.7695   1954.3888    502.7492
     1756.6344   1187.4598    494.7697
      926.5884   1753.9823   1750.1484
     1718.2517   1140.9192    238.8751
      865.3400   1973.4965    507.1423
     1574.8506    387.7686   2167.6643
      169.1927   1744.9664   1440.9255
     1295.7225    746.7940   1051.6149
     1088.7583     13.0216   1487.4661
       42.8668   2190.6362    816.4760
     1935.9080   1576.2086    844.4818
     1101.6438   2171.9500     52.0887
     2249.5806   1870.0142   1221.8102
     1783.8572   1903.1016   1296.9004
      979.3179   1467.4562   2148.0073
      461.8832    501.7289   1556.9340
      395.7567   1112.1871    791.9677
     1161.9490   1819.3962    777.6202
      553.7646   2050.5342   1825.5880
     1143.7513   2160.6145   1884.8506
     1421.7175     45.1130   1761.0684
     1505.6565    697.4656   1541.8733
     1037.1533   2077.5808    744.1946
       97.9821   1398.1965   1282.0270
      517.6725   1199.1421   1065.9260
      948.9940    739.0005   2234.1497
     1253.0144   2088.8523   1625.1975
     1866.8749   2117.0332   1903.2740
     1243.0531   1784.3711   1744.2855
     1005.4869    882.9868    214.8894
      480.3323   1210.8445    213.8549
     1245.9497    688.5240    179.2502
      576.4712    253.8528   1050.2057
     1577.7310     80.8032    447.7996
     1014.6524   2014.9755   1617.8145
     1533.6421   1247.7678   1351.4747
     1332.5226    226.0420    882.2400
      151.4571    788.0008   1372.5859
      576.1066   1535.3527   1091.8921
      396.3933   1049.1954   1533.0205
      429.7833   2122.0647      6.7624
     1499.4968   2241.0115    947.2274
     1588.2694   1579.2087   2176.3110
     1552.9049   2094.6555    327.3592
      162.4824   2030.8119   2256.0112
     2182.7097   1483.6055   1442.8678
      254.2463   1093.1344   1185.2743
      756.5386     54.2368   1438.0192
     1097.6284    625.8582    384.0157
      408.9197   1790.0679   1945.8602
     1638.5067   1335.0868     91.0889
     1203.6256    476.5572    877.9719
     1284.5160    386.9018    335.7225
      332.7482   1929.1851   1648.8938
     1893.9215   1294.8051   1883.5092
     1001.5630   1658.5084    530.5787
     2189.5593    894.0306   1606.9396
     2069.4612   1014.9743    210.1303
      954.4474    455.7242   1958.7919
     1405.2979    362.6803    598.9443
     2155.5134   1359.3851   2136.1111
     1944.8193     76.8217    570.5377
      856.2712   1058.4590   2046.8120
     1884.6477   1551.4012   2105.5173
     1125.2916    211.6732    656.1700
     2233.1313   1004.6272   1229.6204
      699.2864   1953.4662   1298.4933
      313.9145    948.8010    145.2390
     1830.7661    622.5363    930.9157
     2116.4045    193.1483    783.0326
     1874.6820   1876.6603    476.2952
      190.0928    567.2271   1082.3594
      123.9852     81.8332   2220.8423
     2192.5764   1116.4496   1944.4751
      991.6214   1556.0841    807.0850
     1885.7166    995.2523   2037.8097
      337.7283   1861.4640    213.9913
     2222.0120   1732.4447    628.0645
      453.2083    527.9920     72.5213
      214.0307    451.5210   1955.6826
     1351.3423   1868.7760    313.0656
     2175.7844    622.1713   1980.2131
     1724.8101   1251.2390   2098.1670
     2110.5366   1559.6747   1758.4200
     1440.1725    657.3535   1247.2426
     1343.5830   1323.8424    674.2357
     1441.6705   2085.3589     52.6752
      756.1077   1384.9586    820.9265
     1747.6281   1731.8754    703.2190
     1198.0503    220.7686   1651.0776
     1860.3518   2170.1104    371.4367
      676.1596   2221.3867   1176.4012
     2152.7578    398.2297   1486.6482
     1622.0304    498.4310    735.0064
     1882.1453   1081.0935   1740.2303
     1642.5448    880.2045   1997.2983
      517.6974   1754.2356   2210.6108
     1811.5660   1850.3092   2090.5667
     1967.0360    395.3444    826.5194
     1163.4396    242.9028   2213.2712
      235.2936   1538.7155   1951.0691
     1895.1799    911.1658    869.3878
      790.8787   1809.4299    795.2635
      655.6166    555.6962   1805.7131
     2007.6174    738.5672    521.5732
     1755.8521   1652.9631    217.5014
     1538.7336   1087.3676   2212.9404
     1632.4359    924.6987   1341.7642
     1374.8105     32.8431   2043.9941
     1483.8510   2082.8806   1164.9961
     1037.6066   1513.0588    185.1362
     1814.8243    301.8216    612.7032
     1949.0038   1405.7965    683.1608
     1907.0856    471.1980    427.7693
      652.8227   1567.4438    622.6332
     1414.5044   1764.1631   2014.4006
     1561.9637   1385.3706   1136.9440
     1300.2324    757.9995   2203.4192
     1986.9531   2260.2627    992.1449
      354.8573   1339.5491   1793.9282
     1862.0739    300.4421     21.6883
     1321.6759    464.0211   1629.1237
      182.1473   1384.4308   2259.0386
     1975.8704   1691.4735     31.3667
     1448.4590     96.7479     31.3929
     2156.3513   1055.0284    911.3629
     1819.6456   2187.3215   1359.7965
     1963.8575   1307.1486     95.3479
      117.9768   1913.9885   1985.8726
     1353.2323   1567.9587   1424.6255
      467.0195   1165.9888   2128.7852
     1460.1169   1584.3143    235.9239
      599.7628   1974.2239   2093.0793
     1365.7740   1379.2949    972.6243
     1920.7446    376.7792   1789.0052
     1601.4276    613.1893    447.1443
      848.8375     27.8382    747.7394
     1583.5168   1503.7013    591.0500
      163.3643    181.3238    275.3082
     1999.3057    710.1191    245.3864
     2214.1460    234.5408   1078.3458
       84.0190   1730.2247   1743.1945
      826.2535   2072.2993   2172.4414
     1982.9326   1563.1901    425.1956
      847.1929   1414.4674    544.6463
     1644.0757    829.8227   1011.2368
     1253.3333   1630.6414    914.6881
      461.0760   1401.1305      9.1514
     2092.6738   2037.2361    959.2017
     1606.3752   1841.2524   1778.6876
     1707.1211   1273.7896   1584.3038
     1924.6151    995.3365    507.8682
      914.9785   1981.6272   1016.2110
      934.5828     72.2568   2037.2169
       81.7998   1891.7178    824.9163
     1327.0374   1836.0941   1482.8898
     1648.0684     87.7828   1218.4258
     2018.6653    438.6326   1116.5577
      768.3299    358.2861   2161.0767
     1559.4358    330.0015    181.7259
      163.8157    507.0328    195.9138
      584.4720    467.1491   1252.3688
     2099.9932   2056.0605    535.1165
      157.7031    922.1135    951.5577
      874.6182    877.5663   1096.7235
