      401.9590   2064.7051    581.6232
     1430.8239   1150.7806   1271.5621
     1250.5632   1691.2858    695.7993
     1559.7228    609.7534   1060.0150
      411.7320   2122.2893   1011.2498
      630.0108    279.4516    708.9208
     1232.9050   1689.6646    348.4904
      965.4471   1763.6222    516.9005
     1299.5924    100.4556    444.0524
     1703.4327   2098.0754   2072.5806
      423.6104   1780.6473    795.2931
      853.5311    202.9469    138.3167
     2185.1599   2075.9905    593.2427
      704.8613   2210.8875    188.6062
      733.4922    384.0276   1319.2565
      283.8142   1115.1260   1890.2722
     1618.2747   2205.4141    768.5965
     1493.2791    353.4644    883.9714
     2234.9617   1921.4542   2067.3625
     2055.3008    636.5901   2041.6202
      243.9468   1796.0867   1297.8823
      662.8799   1277.2079   1300.8926
      170.8944    167.0403   1859.8179
      974.4630    799.5532   1353.4060
     1047.4684    518.5673   1035.5255
      790.7806   1696.6350   1377.6238
       13.0492   1739.0085   1486.2435
     1039.8494   1938.2560   1421.8171
     1380.9675   1765.9707    114.2354
     1906.0256    172.8144    568.7502
      242.2493     66.0318    720.0820
      128.9612   1014.3990    355.7014
      484.3717    868.3458    733.8853
     1900.5690    801.8640    826.3967
     1674.1115    695.2548   2241.9109
      893.3925    240.3814    798.5009
     1370.3473   1253.6427   2249.7651
      995.2155     70.0989   1779.4417
     1621.5978      8.3846    354.4245
     2207.1157   1384.8365   1865.4932
      319.8123   1436.0430   1409.9202
      773.0272    680.0714    925.4467
      627.2096    140.2062    911.5040
      784.1180   1991.8221    710.2308
     1726.3079    700.5167    609.4442
     1198.4399     97.7103   1529.6790
     2204.0391    762.9839   1103.8962
     1244.9977    658.1827    855.7020
       28.4981    401.8221   1465.7887
      748.7698   1005.3672   2212.7048
      738.6019    190.1386   1515.5640
      869.4324   1444.3196    274.1106
      855.5889   1358.6498   1624.9041
     2083.4468    801.6068     46.0700
      870.6893   1984.4395   2038.4226
     2064.5593    368.7512   1240.2343
     1735.4996   1734.7860     88.5659
     1074.9012    757.9378     34.1053
     1050.3925   2112.0088    407.0326
     1492.1465     88.5438   2010.5597
     2226.0503   1847.8563    189.4354
     2058.8450   1379.4026    760.3625
      816.6825    276.5935   1829.0804
       64.6498    454.1965    670.3577
     1689.1196   1017.8187    129.0462
      604.0416    997.4307   1376.8914
      356.1406    895.5638    108.6440
     1082.6299    936.4591    420.9358
     1532.2582    512.3431    446.4324
     2083.5212   1176.4559   1717.7240
      148.7831   1463.6388    791.2040
     2071.1641   2133.2507   1909.6948
     1463.2626    927.6935   1072.2103
     1136.5442    985.1383   2032.5811
     1702.9680    859.8227   1273.1368
      736.0376    276.4195   2088.4922
      827.0685   1844.5157    206.7675
      192.3219    179.6152    244.5979
      771.7081    539.8763   2250.8711
     1807.3447   1992.3724    622.4094
     1837.9460   1667.5054    908.5704
      400.1053   1233.8867    938.9957
      869.6059   1329.9469    631.7881
     1621.5776   1841.3348   1119.3582
     1328.6733   1801.9521   1326.0157
      621.4936   2228.2271   1880.2991
      621.7345   1116.9423    779.7399
     1618.0574   1854.7642   1867.0862
      211.8121   1452.2266   1885.6680
     1390.5612    630.2253     84.0420
      849.4569   1089.0444   1952.4517
     2181.7314      6.0620   1188.6021
      497.0262   1082.6462   1672.3483
     1382.5802   1930.0376   2130.5618
     1720.1589    396.4802    168.6834
     1096.0574   1985.6553    132.5271
     1373.8076    943.1339    254.7691
      252.5143   1338.8696   2181.6331
       23.2080    531.7769    331.3709
      236.1302   1816.9738   1856.6019
     1934.2495   1881.8418   2156.4954
     1848.7137    631.2250   1149.2549
      826.2852   1829.6196   1076.9342
     1466.8165    369.2310   2240.4199
     1754.1985   2215.5923   1775.1635
       17.6103   1196.7312    553.4281
     1947.3864    423.9471   1853.7673
     1767.4747   1349.5895    175.6136
       44.1644    105.9045   1498.1324
      808.0172   1223.6483   1056.2993
     1523.1278    971.8178   2181.0510
     1401.3566    252.8574   1154.8586
       84.0811   1400.8365   1130.9347
     2139.8953    730.8649   1791.9459
      391.3438    695.3581   1236.3577
       35.2920   1752.1453    722.1214
     1303.4219    311.1959    173.9543
     1789.4899   1460.5522   1767.2406
     1311.2139   1858.5605   1748.7673
     1997.9354    897.1223   1285.4054
     2232.9829   2021.4403   1111.7506
      441.9698   1643.1581    253.8451
        8.5749    464.4495   1022.9861
     1039.4944    537.3363   1440.9951
     2084.5242    130.9203    836.2999
     1910.1869   1614.7317   1476.0314
       96.1156    668.4494    119.2065
     1877.8599    209.5192   2117.7625
     1699.9191   1400.4111    916.5650
     1586.9413   1572.8578   1551.9016
     1107.2008   2249.3738   1255.3926
      183.2631    840.3834   2133.5869
      134.0104     92.8415    976.9753
     1570.2482   1470.9641   1160.3875
       82.9060   1649.9287   2225.9116
     2002.2911   1926.9374    340.7262
      358.8351    316.1811    777.7303
      131.9464    224.4947   1244.0109
      693.1553   1495.7107    799.2049
      456.3640    796.9246   1568.3773
     1627.9391    225.2061    599.3815
      606.0405    982.6804    269.2961
      142.2232   1573.5438    222.9040
      202.8187   1964.3865    342.5522
      717.2806   1557.2844    523.3832
     2247.4304   1205.7544   1400.1416
      549.5732   1244.0956    451.8116
      675.8666     54.0084    430.3705
      681.4946    707.2865    227.6449
     2057.1755   1967.6041    826.3377
     1465.1261    449.1434   1423.3408
     1471.3436   2147.4109   1687.8771
      427.7612     75.1714   1528.2126
     1950.3894     12.3783    139.6063
      103.9828   2048.8674    794.0690
     1094.5494   1395.3575   2101.7698
      300.8796   1049.4557   1371.9751
     1102.7677   1515.1646     97.7633
      799.2154   1551.2688   1114.8414
     1962.2046   1793.4205   1837.7498
     1412.7257    951.2523   1844.0547
     1187.3474     83.6562    921.7324
      441.6776   1642.8124   2184.1807
      518.1852   1860.6227    451.8631
     1888.0017   1207.9890   2045.4272
     1643.3325     65.5104   1269.0763
     1536.7853   1542.6626    589.9477
     1154.0568   1326.2817    628.2878
      663.5620   1365.6534    106.8076
     1563.0229     52.5231     19.6474
       80.1675   1054.5658     76.7273
     2023.6307    816.8169    355.0838
     1915.5867    438.2730    371.7529
     1908.5634    901.8552   1586.4915
     1600.1401   1165.3369    435.8525
      386.0261   1484.2478    561.5334
     2198.9609     12.0896    298.5009
     1234.5295   1560.4558   1561.8500
      389.6553    473.1829   1593.7539
      454.4145   1887.6991   1576.4343
      963.4379   1670.2085   1753.0072
      582.5395   2027.9449   1297.7722
      685.4705   1376.3623   2013.3646
     1094.3419   1305.6295    897.9984
     1969.6879    464.9204    747.7162
      575.3480   1981.6147      1.4860
     1944.5631   1208.1260   1437.3378
     1255.5563    703.4459    557.8040
      956.8184    329.7222    399.4349
      767.6041    895.7576   1672.5643
      223.4729   1995.6422      3.7795
      972.8453   2246.6558    628.6976
      648.0474   1723.5148   1818.7240
       84.6890   1027.0791   1738.1798
      813.9629   1000.1068    469.4056
     1135.8475   1239.3123   1794.4075
     1232.8829   1231.7014   1511.4789
      601.3063    942.0215   1014.2599
     2129.2769   1099.8333   2078.9927
     1126.8881    412.9901    692.4559
     1571.1279    542.5703   1988.8108
     1109.1528   1167.7960   1210.6266
       69.7487   2095.2712   1453.1135
      321.0659   1304.1742    232.9262
      941.1519    693.6691   1924.3894
     1177.5416   2124.5513   1782.8234
      905.6351    652.1879    455.1411
     1529.8585    892.4875   1535.4579
     1563.8390   1872.1675   1518.1772
      273.0431    361.2381   2200.5044
     1798.6562    195.7234    997.6080
     1382.0287   1330.1099   1969.2488
     1444.2499   1253.6635    816.0184
      979.5634   1452.6482   1336.0109
     1992.1578   1357.6306   1137.2417
     1526.3855    839.8880    765.8109
     2155.5420    962.8930    805.8305
      516.3856   1486.9602   1670.2479
     2090.9893    390.8221     27.6954
      527.1443    504.9802   2024.3657
      473.4602   1549.8356   1195.0355
      521.5137    378.7810    115.3301
      881.7039    952.7292    915.5413
      517.5931    276.5621   1210.0527
      258.5351   1050.0210    717.3572
      979.9564   1147.3270    209.7340
     1792.6228    642.0208   1602.1925
     2069.4050   1542.5463   2186.8247
      710.4241    696.9553   1258.4318
     1087.3031    420.3290   1800.9696
      251.8963   2157.0640   1947.3850
     1634.7040    345.7699   1733.6771
     1276.8805    872.1615   1482.5170
      357.3859    760.6680    426.9223
     2154.4026   1706.3591   1118.8159
     1939.4832   1227.6265    399.6263
     1621.6704   1640.4967   2032.0364
       65.7052    644.8927   2017.6338
      126.5139    731.3036   1520.6268
      821.5892   2226.3516   1061.3944
     1203.8103    537.4559   2055.8743
     2048.5459   1509.0414    315.9219
     1360.3076   1439.3007    314.0440
     1643.9309   1130.6804   1744.8387
      111.3007   1139.2126    986.0783
       76.0364    453.2072   1796.5087
     1997.4111   2239.6975   1570.3452
      520.4982    788.6842   2185.6348
     2000.0928   1684.0236    558.0563
     1214.2739   1633.2606   2075.7075
     1307.8041   1617.1498   1030.5117
     1139.6516   1973.8699   1066.5226
     1897.2217   2116.7000   1222.8695
     2226.9045    128.4224   2147.2114
     1412.3798   2120.4138   1210.3724
     1669.5001   1873.7358    310.1819
      329.6048    705.8940   1884.8538
     1226.7789      6.0691    176.7797
      782.6931    570.9980   1782.5615
     1085.9447    935.9462    736.4756
     1065.3115     72.3878   2177.0784
      967.9171   1067.5653   1577.4678
      397.3826      6.4690   2233.8105
     2159.3726   1882.6090   1659.0808
     1260.5372   2009.8555    727.0675
     1746.6719     85.5374   1528.2112
     2145.6130   1306.0978     98.0145
     1344.0886    235.3687   1793.6810
      198.6523   1791.3728   1023.3332
      202.6294    891.8382    992.9729
     1285.4510   1097.9869    612.7678
     2221.8945    239.0470    523.8798
      224.3742    703.4285    798.3050
     1747.6740   1071.7920    861.9229
      474.7025    241.4199   1742.4191
     1838.9895    888.2537   1969.5782
      346.0512    367.1626    430.3759
     2029.2987    596.4977   1362.7842
      448.6971   1115.8773   2099.6948
      851.0245   2164.1794   1476.3442
