      370.9964   1780.6647    148.3537
     1336.7135   1355.4249   2151.1855
      701.4089   1984.5039   2001.3208
     2007.0438     35.1743   1188.7086
      242.6194   1856.7650    824.5343
      198.9046    109.2931    395.4344
     1492.6234   1605.0579   1030.4631
     1329.8766   1177.5349    330.5326
      703.5660    380.1239    103.8639
     1123.7583   1692.8257   1461.9164
      377.3266   2197.0762    512.9090
      700.1360   1609.2925    511.0578
     1837.7268   1781.6584    648.1570
      826.1688   2057.8901    679.2338
      150.6314    956.1806   1582.3733
      539.9700   1313.5159    962.9701
     1236.3740   1596.8213    443.3424
     2148.0249    298.3336   1005.5393
     1908.4895   1286.2441   1781.1978
      494.3388   1498.1361   1195.7188
     1409.3442   2180.3521   1510.6990
     1848.0938   1040.1459    825.5941
      246.4982    576.1157   1077.3229
      864.5504   1604.8937   1236.1909
      546.4308    829.4970   1269.6162
      662.7323   2036.3058   1116.8922
      512.7967   2051.6135   1575.2789
     1039.0118   1693.5050    907.5813
      110.5874   1544.1382    517.6974
     1938.4470    114.5929    652.8600
      904.0799     32.5361    961.7072
      539.1638   1337.8208    650.1071
      958.2225    154.5837    269.6834
     1081.5481    243.3127   1436.6418
     2203.7393   1465.2573   1631.2969
      984.5284    703.8372    679.7542
      684.7270   1580.8463   1895.3876
     1453.6423    966.8840   1708.5310
     1347.4098    297.8664    765.1392
     1796.1182   1790.6473   1743.9028
     1066.0449    527.4280    975.6129
      135.0897   1354.5940   1054.7965
     1887.2180    748.2308   1173.3563
     1745.3425   1899.2141   1364.1633
     1570.8552    442.0864    216.8992
      643.4649    194.4495   1831.8707
      865.4872   1180.9188   1116.1387
     2080.5266   1351.2628    833.6462
      474.5188   1377.7515   1688.7749
      997.7336   1286.9226   2009.5323
      556.4769    351.6401    919.5082
     1861.3652   1969.7286    340.3222
     1156.7515   1073.3126   1595.9626
     2089.8254   1166.1252    318.7143
     1407.8014   1684.8876   2249.1179
     1118.9951    181.7531   1048.3878
     1686.1510   2010.4302    932.2464
      335.8242    315.8653      1.4707
     1222.9143   1532.9487   1191.8511
      791.1211    348.8705   1180.6808
      852.2653   1510.7192    225.1869
     2166.0164   2234.9033    134.5251
     1067.8385    826.8303   1868.8367
      466.0041    367.9268   1340.7465
     2193.0015   1715.6793    791.2313
     1797.8236    684.9144   2104.0588
      403.5584   1268.1582     52.8407
     1835.0984     64.6090    272.0624
     1136.8058    380.8798    438.7054
     1782.8042    849.6808   1731.1718
     1400.5347   1801.5282   1798.5734
     2044.4075   2088.4109   1536.1079
     1900.1670    301.2809   2241.2288
     2248.4734   1019.6363   1870.0720
     1813.2246   1347.9968    643.1209
     1103.1836    195.3708   2064.4258
      955.9900   1435.3293    647.2702
      750.7792   1046.8140    139.7607
      786.3486   1119.0156   1920.4430
     1827.1724   1743.5822   1014.0889
     1167.1621   1131.2195    840.8210
      561.5063   1089.0699   1652.5901
     1036.4884   1227.6823    428.6690
      907.5513    855.9424   1385.7397
     1635.9293   1300.5994   1269.0930
       84.0585   1898.7965   1807.3425
     1976.9149    674.8718    203.9108
     2063.8706   1218.7003   1356.3040
      126.1357   1388.0076   1936.4894
      802.0243    215.3288   1543.7426
     1454.3829   1024.3708   2108.5142
      612.0295    126.8285    672.3909
      516.6376   2178.9709   2227.5806
     2117.5452   2052.7537   1995.0847
     2121.4502    666.2032    516.8981
      742.2183   1800.0873     19.5394
     1163.6190   2032.1957    790.3431
       51.2932    643.9489   1302.3042
      164.2606    119.5893   1499.9877
       95.2382   2210.1985   2017.7540
      984.3163   1926.4886   1726.7954
     1507.1665    314.3042   1694.4160
     1747.2505   2185.4434   1703.3474
     2082.7256    437.2309   1819.7460
     1757.9675   2062.0947   2068.6790
      713.9853   2221.4336    299.0877
     1474.7054    347.7099   1215.5355
     1933.2344   1475.7491    430.2159
      670.2812    503.4431   1991.5948
     1152.1533   1453.3748   1594.1962
     1234.2916     62.1464   1710.2229
     1573.9518    743.5227    848.0654
      313.6051   1825.4948   1503.8455
     1916.9790    514.7495   1469.6448
      226.2496    644.0026     62.4783
      329.3761   2185.2402    882.6834
     2232.8975    396.4023    268.3068
     2122.1008   1220.6812   2147.5088
     2096.7241   1694.5718   1312.8782
      385.9219   1104.1453    714.7460
     2222.8367   2051.3274    819.4219
     1406.2073   1983.8547    305.7180
      406.1350    715.6839   1595.5922
     2133.3621    907.8055   1007.7674
     2183.5051   1568.3318    286.8429
     1580.1350   1561.7881   1669.2056
       93.0499   1971.2773    479.3494
     1385.5581    589.8638   2084.2979
     1933.2584   1531.9482   2067.7727
     1866.9883    243.8705   1637.9896
      438.8450   1958.8219    610.4074
      322.5508    954.6599    944.2655
      478.0815     25.4931   1170.4912
     1392.4808    958.0068   1383.7855
      189.8765    992.9094   1258.1346
     1173.0826   2029.3956     85.0201
      333.6826    751.1483    410.3426
      623.7311    485.5310    417.6504
      621.0458    920.7826    699.0621
     1727.8593   1271.3702   2158.1592
     1490.2660    884.4638    155.0658
     1694.3967    683.3599    385.3611
      637.3314   1244.4032    389.9707
       41.3853   1801.8361     21.4882
       88.4443    995.2573    760.8942
     1520.1627   1291.1615   1882.0784
      189.4420   1190.9716    281.2775
      686.6022    787.9238     71.7155
     1216.1273    659.0637   1610.7875
     1525.6934   1338.8058    680.6780
     1124.6047   1662.1029   2009.9183
     1934.8126   1724.5754     97.2913
     1456.4832     56.6152   2124.0903
     1607.7842    128.7182    746.4367
      834.5681   2119.7925   1395.6483
