     1017.5214   2118.9968      7.7082
      938.2275   1495.1060   1384.1431
      787.9655   1709.5708    249.0982
     1368.1031   1278.4353   1598.1503
      551.8590   1617.8650    590.4286
      731.3149    657.2527    828.8906
     2040.8846   1508.2279   1023.3243
     1198.5479   1991.9176   1062.6285
     1253.3647    307.7708    659.7106
     1688.7175   2199.3333   2150.2314
      436.9308   1658.2239   1392.8701
      882.5331    112.1168    112.4712
     1550.0105   1951.7557    493.1075
      791.4483   2243.4634    586.2426
     1299.5073    744.5314   1257.5887
        9.7403   1179.6060   2008.5504
     1296.5514   1867.0371    537.5839
     1434.9202    340.7324   1286.8285
     2021.0524   1745.3220   2084.0017
     1939.1068    377.2080   2172.5432
      857.5299   1529.2987   1043.4354
      727.4286   1792.8092   1805.3136
       19.2736    830.7274   1937.7600
      742.9327   1194.2972   1968.1243
      988.4443    626.0293    797.5948
      247.7168   2053.4604   1512.0049
      264.6125   1524.7084    792.1478
     1600.0167   2170.0637   1690.2803
     2089.6726   2146.9597    109.8271
     1916.5638    107.4941    276.4183
      615.3715    764.7373    397.2388
        7.2994   1161.2006    537.9857
      550.5062     93.2724    540.7273
     1632.3679   1360.6400    786.9029
     1381.9916    759.5457   1628.1891
      663.9885    141.5575    795.3807
      980.3135   1882.0314   2216.4880
     1247.7823    492.7642   1646.1060
     1996.5969     50.0687    504.1395
     1835.8719   2239.4629   1957.8536
      182.2491   1386.6250   1518.8033
      410.5064    297.5613    421.5630
      532.9547    327.3204    679.9005
      556.2740   1847.5322    710.7597
     2027.7031     94.5591   1116.2101
     1441.5745    273.3134   1665.1666
     1090.4192    238.6792   1073.9515
     1171.4850   1356.0862    548.5774
       10.7999    621.6865   1523.3951
      837.8509   1129.7473   2186.0403
      678.1304    778.3019   1074.3804
      744.8064   1340.5941    157.5364
      456.4107   1288.3947   1671.4525
     1675.6628    758.5575    201.6962
      857.2708   2063.7539   1715.4775
     1655.1268    899.5558   1427.0675
     1792.2861   1097.6975    716.3470
     1195.5087    316.9250      9.7392
     1472.8748   2019.6454    703.4495
     1657.2069    815.3212   1637.9856
     2220.6648   2262.3962    366.8895
     2256.7488    662.4161    840.8813
       19.4240    162.0814   1809.2794
       42.3782    422.9723    885.1000
     2013.5458    676.3207    224.4666
      924.4106   1365.9185   1587.0575
     1256.2065    946.0785    287.4485
     1419.7069   1399.7623     57.0511
     1097.0364    524.6824    571.8192
     1288.2018   1025.5381   1559.6219
      737.8383   1466.9156    614.7028
     1967.0758   1905.1823   1869.5435
     1309.3315    975.2299   1158.1616
      243.1099   1265.1423   1984.0262
     1670.2859    305.7135   1429.6462
      330.2925    113.5291   1920.7670
      745.1058   1818.7426     53.0142
      433.3678    131.5346    896.9784
      892.0369    526.7862   2065.7449
     1532.1660   1777.3455    691.1050
     2143.3096   1330.3260    674.1992
      472.7224    947.0299   1090.8729
      750.7063   1846.2285    478.8347
     1742.9760    732.4636    469.5725
     1311.6023   1613.3146   1633.9160
      858.5458   2223.4211   1504.1344
      278.2119    794.2954    192.7338
     1229.0619   1598.0380   1369.2177
      627.4401   1699.3932   1515.6965
     1010.2797    497.9136     53.4301
      231.2592    995.2674   2043.4142
     2145.5889     31.5915   1643.5992
      286.2469   1538.2421   1053.5308
     1375.4398   1530.7632   2100.6125
     1762.6434    266.5088    121.5349
      860.2679   2085.2466    382.7216
     1322.5068    441.7935    197.5355
       82.0812   1016.5218   1765.1647
      187.4884    131.5286    341.5309
      188.2938   1767.2252   1837.5623
     1886.4053   1358.8411   2120.7439
     1995.3300    749.1036   1197.1167
      842.4028   1693.8328    648.6819
     1698.7588    731.8427   2124.6726
     1783.3958   2189.7722   1407.9996
       39.9196   1517.4879    858.8774
     1574.3267    596.9144   1762.3611
     1793.5577   1833.8418    625.8246
      212.0165    499.6297   1646.0713
      210.0507   1117.7205    965.3809
     1441.0278   1421.8209   1874.0284
     1583.6996     40.6880   1310.1473
       53.7571   1544.7891   1421.7247
     2156.5259    567.3479   2005.5438
      122.3306    333.5155    504.8847
       60.8024   1662.0900   1209.7316
     1328.8203    608.4348    677.6746
     1965.4927   1841.2428   1445.0112
     1384.1144   2081.9829   1840.7598
     2035.3138    638.8938   1615.4241
     1847.5585   1990.0618   1027.7848
      245.5876   1423.3469    353.3650
      274.0783    114.6167    561.4282
      868.9606    740.9002   1431.3745
     1851.7039     56.3995   1686.3562
     1601.2572   1833.2592   1334.0564
      154.4107    619.1365   1118.1384
     2039.0308    127.7714   1919.6475
     1403.3182   1298.9176    900.6051
     1929.5609    871.5881   1698.2799
      813.6895   2169.4229    813.7693
      154.1411    767.4177   1699.2849
      210.9151    180.9396    954.3156
     1820.3558   1595.5104    661.6558
      153.1476   1910.9713   2037.3729
     1389.3621   2007.8801    301.6057
       94.6465    333.5762   1095.6388
      216.7588    177.1628   1642.7832
      112.1058   1286.6775    803.9186
      381.2841    217.5944   1434.6012
     1335.6309    118.1857   1195.2328
      512.7271    856.7825    148.6586
      481.5806   1383.6884    598.5898
      494.5213   1163.9197    977.6699
      759.4785   1503.3871    355.5725
     2070.5925   1649.0785   1297.5491
      771.1335    746.5555    586.8618
       46.1951    255.3845    189.2604
      772.1865    913.8600     57.2701
     2009.3746   1566.1895   1545.8295
     1179.2070    724.1017   1748.9084
     1065.8248   1556.7965   1184.9645
      351.8089    173.6499   1173.0518
     2101.2480    110.8051    117.1336
      576.5736   2098.8394   1182.7164
      745.7727   1592.6722   2119.1277
      132.3306   1244.4292   1724.6914
      994.5322   1961.5736    898.2576
      856.5765   1825.7279   1986.6010
     2175.2136   1733.9015   1850.4525
     1026.7408    898.5419   1797.8579
      598.2939    564.7587    601.4460
       62.2995   1563.3591   1698.4553
      438.3950   2111.6123    319.9938
     1892.2118    622.9415   2110.8687
     1744.2284    581.7289   1487.3632
     2023.1896    627.5103    710.0273
     1815.5146   1489.0316    147.2246
      361.7365   2132.9673    557.9741
     1404.2777    203.0681    286.6897
      389.5783   1047.8051    118.8067
     1770.6313    549.2568    311.3864
     1920.5582    248.5015    672.7668
     1781.0607   1077.7856   1593.4220
     1452.7015    936.4442    163.4100
      258.6971   1296.7712   1084.9501
     2124.1748    264.8167    391.4947
      993.8154    431.1413    970.9205
      328.3559   1124.1787   1202.8148
      297.5750   1976.3910   1742.0822
     1201.2087   1641.8187    901.0571
      422.3041   1857.5771   1465.1345
      294.5876   1861.6702   2230.2212
     1052.4343    933.1051   1582.8954
     2253.7278    213.6401   1519.0265
      797.6700   2120.5544    122.0176
     2098.5005   1386.9861   1229.7576
     1042.6648   1036.9967    681.3558
      650.5711    433.4311    410.9696
      539.9097   1048.5176   1962.8148
      219.7019   2142.1323    339.7340
     1191.2041   2257.1604   1054.6932
      765.5804   2017.9312   2158.3276
        4.3762   1143.4431   1498.6816
      931.9171   1285.6525    417.9762
      820.2018    942.5308   1904.0825
     1393.0471   1295.5851   2117.4929
     1020.7406    385.9949    730.3211
     2031.9023   1049.1891   2207.7612
      937.1613    623.8293   1701.2501
     1499.8190    598.3303   2017.5177
      500.3855   1039.5980   1421.7710
       77.7984   2095.6899   1302.1847
      133.3622   1820.4121    184.2577
      384.6126    657.9486   1738.0850
     1155.1650   1806.9485   1522.8048
      917.5213   1275.7537    644.6566
     1818.3682   1231.3292   1424.5332
     1325.3715   1697.9536   1144.2550
      535.5891    582.2628   1368.8441
     2149.8159    848.9938   1422.5643
     2031.2849   1510.0153   1958.5043
     1703.7100   1040.1952    248.6578
      670.2093   1438.7612   1479.9883
     2072.0598   1897.5714   1149.2209
     1401.4987    793.3932    957.4958
     1926.4977    842.4744    576.4667
      382.6684   1284.7947   1419.2589
     2095.5029    582.2725      5.6097
      422.8709    455.5302   1568.2253
      274.4453   1680.4161   1609.9860
      623.9393    175.1682     70.8413
      669.8899   1189.2725   1518.2068
      140.6140    382.7918   1484.1794
      443.6146    693.9913    959.0314
      663.6349   1085.7775    239.5656
     1709.3821    760.9610   1878.1132
     1964.3215   1584.1102   2246.3530
      823.7000    494.5208    636.2255
     1035.1790     34.2342   1748.7649
      523.3600   2025.3257   1747.9475
     1627.3055    153.4457   2116.8665
      584.3883    829.3146   1521.2217
      145.7565    772.5707    661.2821
     2219.9377    807.3386   1146.8827
     2080.0640    329.4968   1356.3007
     1693.8257   1579.9806   1784.1534
      609.4731   1082.6082   2240.8999
      303.5450    682.3342   1469.4896
      768.3656   1977.9607   1386.1683
     1438.7836    369.0534   2070.3254
     2006.8942   2108.7263    325.0943
     1027.6284   1506.2721    240.9181
      883.5800   1104.2174   1689.6422
        9.9556    942.2036    946.6742
      121.2056    518.4965   2122.0466
     1928.3367   2149.5527   1194.8987
      274.5989    759.0245   2169.3528
     1854.2738   1034.2706    456.5389
     1655.4712   1297.9681   1705.6918
      585.6254   1849.0612   1248.9248
     1015.2060   1104.8328   1185.4661
     1814.8666   1906.1592   1275.2085
     1597.5590    367.0958   1866.1543
     1696.9464   1723.9016    439.4595
      949.3104   1500.7317    509.6974
      799.5620    854.2303   1670.7446
     1184.6283     86.3620    443.2239
     1254.2316    278.8563   1845.9694
      825.6656    538.0191   1497.2164
      722.0059     23.7496   2160.1438
     1398.0220    957.7989   1386.5525
      403.6671    275.4977   2233.3235
     2044.4587   2074.8787   1392.5101
     1720.3480   2096.4192    615.9233
     2150.8723    422.1153   1609.3293
     1436.2844   1732.4487    400.4163
      834.4992     36.7241   1906.5282
      637.0326   1133.7568   1193.2992
      554.3945    508.0703    857.4487
     1077.8468   1762.4744    658.2269
     2165.6858    514.0911    364.7350
      312.2235    287.7654    713.3402
     1861.3868   1445.1154    869.6059
      654.1165    376.6876   1576.7040
     2248.9060    941.6921   2150.0991
      953.4283    339.2842    415.6768
     2195.6399     98.4885   2123.0491
      248.9899   1599.0399   2037.9606
     1252.1025   1926.3878   1318.6844
      114.5816    870.6974    455.9496
      632.4897    638.1140   1682.8527
     1190.9102    737.4208    174.3474
      571.6863    548.7504   1093.6528
     1445.1235   1901.4360     67.8029
     1322.0325   2255.9275    271.8355
     1974.0652    376.5736    203.6616
      295.7851   1637.9425    485.6591
      855.9756    854.9828    847.6548
      311.0449    860.7834   1869.7551
     1253.3293   1786.9899   2164.4268
     1327.9761   1128.9366    579.4927
     1673.4363    413.1266   2136.3809
     1532.7677   1468.6859   1572.5687
     1841.8513   1196.3770     51.4730
     1833.0548    883.7135   1055.0548
       71.9410   2229.7146    140.8649
      281.5725    558.2444     71.0485
      914.6381     88.5275    384.0732
     1466.4359    915.6596    440.3498
      308.0826   2035.7952   1248.7542
     1436.2625   1550.9962    843.8972
     1683.8898    897.8445    640.2728
      798.9749    481.2376   1084.1923
      641.7532   2045.6555    577.5201
     2182.5806   1689.1451   1013.5031
      788.6296   1581.4714   1673.3789
     1444.9956    699.6259    238.1003
      970.0162   1925.6971    204.5724
     1763.2512    521.6812   1935.9366
       82.9187   1883.6029   1618.8995
      879.1298    885.9518   1171.7302
     1083.9646     51.7962   1271.5110
      242.1253   2238.8884    800.4012
     2210.6624   1866.7587   1369.9540
     1192.9629   2004.3336    113.5161
     2156.6409   1303.8877    951.3995
     1513.6083   2118.9648   1453.9796
     1166.8920   1439.6681   1771.3004
      744.1233    615.0324   1252.0291
      280.5962    504.5780    855.4155
     1301.3606   1629.3442    650.7660
      390.7653   2221.0681   1620.3036
     1173.6990   2259.8472   1935.4172
     1443.7982    108.4676   1918.5627
     1527.6140    457.0335   1558.2408
     1050.2594   2202.3735    575.7200
      487.0441   1401.5905    896.4817
        2.7743   1186.0538   1081.2666
     1184.3917   1440.4348   2261.1331
     1110.6262   2257.2119   1530.2789
     2071.9082   1927.4799   1661.0630
     1296.3018   2132.1096   1575.4094
     1253.9568   1204.9077     84.7412
     1055.0005    523.9544    308.6687
     1122.2482    735.5254    452.1289
      563.5764    365.0061   1299.4089
     1873.2802    309.7694    440.2495
     1052.6473   1776.9730   1047.6119
     1768.1223   1520.1052   1565.7463
     1229.2629    517.9457    909.4478
      326.3921    902.9933   1358.6392
      675.2129   1319.0916   1033.6670
      716.0675   1332.9861   1722.1322
      276.2913   2064.5503    113.1926
     1426.5980   1887.8834   1505.7886
     1715.1617   1842.9077   1946.3728
     2064.4329   1540.3577    272.9155
       39.5159   1861.5576   2246.1106
     1613.0216   1330.4203   1100.9957
       72.7313   1013.0487   1281.9324
      637.8563    264.4085   1064.2046
     1109.0226   1094.8915    461.1965
      478.1888   1755.7360   1750.6735
     1724.5583    958.8127     16.7543
     1199.3206    485.7682   1176.1189
     1090.3684    249.4506    227.3230
       44.5862   1982.2700   1830.6615
     1681.0870   1025.7722   1824.7537
     1234.7194   1804.8943    288.3174
     2159.0554    900.8474   1684.5537
     1936.4333    936.9665    831.7750
     1268.2712    185.0175   2071.4890
     1408.0336    575.3338   1095.8937
     2261.0781   1476.2871   1947.1340
     2122.6763    374.5456    610.1085
     1120.3218   1484.5006   2032.5986
     2131.4529   1420.5229   1751.4967
     1670.9677    211.9581    374.0033
     2140.7483   1349.7615   1507.2438
      767.8893   2204.2122   1240.8834
      495.9707   1289.9575    108.8522
     1815.8817    464.0623    729.1102
     2235.0818    150.8312    975.6369
     2004.1456   1845.8453    223.3253
       21.6833    441.2994   1286.2843
      546.0352    310.7435   2048.8228
     1841.9459   1099.1729   2063.2480
      856.9042   1927.6134   1120.1992
     1982.1837    416.7864   1859.1254
      157.0450   1632.1545      6.7096
     2198.8403   1981.8417    495.9696
      669.8967    576.3893    211.1824
      210.2601    614.5698   1901.9244
     1305.7830   2138.3342    518.5897
     2076.1282    789.2999   2123.9893
     1860.3002    883.7490   2030.6677
     2153.9470   1427.8595   2166.4512
      959.9267    692.9310   1036.0139
     1393.4437   1381.8634    411.3029
     1798.9774   2200.2219    401.8040
      513.3831   1367.5891   1207.0457
     1604.2994   1570.4630     11.2365
     1045.0721    691.2253   1942.1332
     1955.7847   2002.8561    532.0285
      424.7859   1720.8429    890.5111
     2028.8544    223.6263   1708.2400
     1893.1124    618.2495    990.9058
     2156.1118   1190.6669   1757.1508
     1087.6703    927.9424   2042.1801
      134.3787   2201.5598   1744.3159
     1280.2867   1890.1454   1715.5112
     2148.8335    580.8366   1093.9688
      963.9919    292.3416   2222.4097
      291.5565   1457.1583   1818.6649
     2104.9177   1147.7681   1329.5427
      667.9742   1967.9460    273.0468
      131.1444    906.3259   1520.6029
     1958.0504    544.0712    499.2909
     2183.9202   1651.1630     89.7310
     1583.2717   1004.4645   2049.4802
     1905.6298   1221.6796   1140.1600
     1311.5839    579.9023   2245.7180
     1523.4403   2261.6819    689.2604
      297.3482   1400.6045     76.8314
     1638.2048    272.9450    681.0834
     2169.6492   1104.5264    771.8218
     1676.7972    480.5647    537.7498
        0.6871   2012.4830    236.8678
     1865.3002   1983.9277   2067.9873
     1099.0748   1416.6505    967.3120
      637.0981    812.4916   2112.4592
     2258.2874   2192.6335    843.6146
       77.3318   1275.7987   1307.0641
     1551.5732    451.6535    313.0305
     1043.5070    671.4202   1261.1337
        2.9225   1691.5072   2068.9688
     2193.8640   1183.7089     25.2106
     1424.3378    134.1160     30.6649
     2050.3770   1006.0203   1111.7725
     2245.3252   2088.1963   1559.8075
     1546.0273   1556.7850    582.2115
        6.9013   2119.3284   2191.4272
     1012.2070   2036.3206   1499.6387
      423.9954   1197.9652   2146.6494
     1355.6119   1648.9730     87.7673
      670.6127   1947.7759   1587.4055
     1439.1680   1353.5502    654.9465
     1760.4133    316.3266   1682.1993
     1418.1882    432.4564    778.6760
     1292.2170    586.8447    409.0981
     1468.8383   1788.8290    966.9590
      287.2388     92.8256    109.7206
     1906.1923    810.5339     22.4778
     1745.6627     19.7318   1068.7460
      124.2094   1381.7236   2149.7441
     1233.1885   2066.7070   2114.9758
     2260.0168   1648.9130    567.8874
      649.6180   1274.0574    752.8217
     1753.2668    733.4017   1269.5396
      354.1392   2244.4512   1324.6364
      527.8561   1868.7627    101.0322
     1897.9127   2011.3030    781.7375
     1790.0104   2034.4839   1779.9238
     1574.4257   1558.4275   1095.3843
     1853.8213   1321.2792    642.6904
      351.2628   1765.2115   1212.7766
      660.2167    549.8060   2049.7742
      335.9349   1643.6155    209.9375
     1045.6702   2058.7737   1235.1022
     1615.1351    108.5724   1566.4701
     1316.0079    491.9804   1418.0725
      653.9338    221.7223   1825.1272
     1519.6736    351.7589     81.9794
       90.2263    995.9086    107.6393
      870.5900    171.9664   1133.8646
     1498.1442   2038.2314    980.4700
      204.1859    876.0952   1103.7356
      811.7756   1002.3685   1400.2634
     2126.4885   2178.4636    645.5382
     1939.5404   1649.3640   1794.9240
      270.4433   1109.8942   1532.6274
      796.9836    670.8939   2247.8535
      842.7301   1762.9342   1524.9419
      474.3337    411.5214    132.7872
      380.0568    374.6540   1023.1547
     1920.3020    782.9988   1456.1029
     1524.2479   1720.0721   2092.7390
     1346.9364   1452.8003   1095.0520
     1605.5229   1286.6860    198.4687
      808.2654    429.1154   1846.6216
      757.5147    236.3639    569.2211
     2063.6279    434.8976    865.2031
        9.3841    106.2171   1196.1888
      846.2101   1733.4583   1229.0753
     1905.0990   1678.0385   1140.9801
      268.9557   1502.0848   1312.7698
     1787.4597    518.3500     86.7636
      132.6540   1428.4630    582.1309
     2153.5552    874.9349    700.9927
     1532.2285   1045.8772   1630.7825
      163.8729    230.9747   1296.2426
      757.9214    365.6168    861.0806
     1390.3610     47.2282   1702.2810
     1516.8821    669.5060   1366.9399
      583.7533    864.3600    649.9858
     1557.8287    633.7690    811.8775
      779.1857   1924.6515    784.1660
     1849.9725    388.2764   1014.9807
     1690.6294    188.7016    920.0149
     2072.0317   2163.0867   1849.5558
      484.7755   2077.2732   2145.1602
      738.4612    228.0128   1376.8634
      152.1005   1018.3635    697.8959
     1215.0260   1264.4960   1925.9951
     2072.7771   1509.4062    520.4648
       47.7576   1399.2917    122.7461
     1019.1879    915.2336    333.1080
      931.9329   1974.2474    594.8857
     1673.1753    106.6542   1819.2844
     1915.9176    418.8300   1508.6168
       55.1345   1586.9481    298.9218
     1573.5955   1706.8256   1578.0706
      406.6697    892.7600   1641.4155
     1247.7479   2160.0796   1351.9451
     1507.6445   2233.4624    426.5331
     1954.9363   1736.9861    468.1876
     1856.6261   1686.8606    227.1580
      314.5502    351.3941   1835.7863
     1763.2178   1790.0599   2248.5173
     1918.8036    178.1560    941.7845
     2071.9514   1263.8160   1964.9109
     1016.6960    966.4104     74.7832
      561.0376     38.9496   1959.8040
      341.1294    511.9010    579.6957
      852.4907   1576.7164     70.9785
     2182.6543   1761.6475    355.2479
     1160.3110   1401.4689   1503.4048
     1111.1925   2063.0576   1747.1903
     1050.8519   1817.2721   1324.8013
      330.5180    754.4825    467.9996
     1267.1438   1014.8026   1799.9863
     1814.0424   2028.4685     55.8193
      253.8281   1014.2486    329.6207
      985.1226     82.3726   2120.4966
     2241.8843    118.6419    564.1052
     1015.1085   1667.1560   2129.9014
     1650.8048   2083.3652   1174.3749
     1689.6179   1627.1787    883.5660
     1391.0128   1157.9159    313.1888
      345.8326    471.2475   2081.3835
      213.2648    783.2233    904.5032
      684.5641   1261.1660    444.5544
     1049.2480   1509.2953    728.5036
      657.2073   2218.5940   1697.3856
      498.3648   1334.6660   1936.0095
     1246.2994    914.5294      1.3825
     1536.5934   1114.9336    754.5242
     1837.6227    584.7473   1717.3606
     1493.1693   1044.5226   1020.0145
      983.4984   1624.9283   1861.1953
      878.5126   1684.6531    874.0153
      157.0517   1861.4418    444.8065
     1081.4883   2232.8281    222.4697
      422.1655    714.7214    735.4636
     1185.2058   1605.8114    467.1025
     1666.8455   2180.4612    860.5965
     1093.3278   1690.6814    104.7531
      193.8251   1746.5995    988.2477
      921.8835   1116.0107    231.1405
      150.4366    100.6795   2172.4089
      679.0232   1335.8920   2169.2734
      300.0058    436.1573   1283.4519
     1135.9399   1212.2533   1681.1737
      419.0812   1883.5688    508.2582
      849.2172    391.6592    190.8104
     1621.2209   2098.1721   1919.7540
     1662.1836   1914.6691    842.3903
     2113.3975     64.2500   1369.3772
     1929.9215   1763.6378    900.1746
      436.5758    585.0504    314.2719
      574.5698     94.5467   1198.6514
     2130.9502    888.4627    104.3673
     1674.1857   1334.6882   2230.4756
       92.7934    721.5406   1319.8761
      994.1589    819.3842    626.4478
      380.1374   2196.1919   1009.5121
     1911.1185   1426.2544   1349.7654
     1958.7819   2111.3562   1604.1444
     1528.9331    850.2474   1176.5140
       11.7107   1060.4298    301.3281
     1874.2744    498.7315   1250.5193
     1429.1686    204.4044    546.0358
       37.4612    713.5006   2241.1572
      701.7551   2261.9197    997.5220
     1796.4259   1267.0807    319.3432
      453.5967    700.4041   1985.8701
       34.5296    516.4147    157.1539
      112.5559   2169.8291    571.3094
      837.4708    609.2618    403.9029
     1426.0750   1907.0004   2019.9186
      231.8831   2145.9336   2148.1230
     1324.0828    525.0320   1859.5505
       75.7188    510.2895    652.8457
     1729.2871   1117.8608    956.1642
     1202.3262   1297.7419    773.4896
     1425.2478   1168.8865   1204.4242
     1861.0132    209.5252   1236.1925
     1451.5574   1180.5557   1824.6769
      546.1974   1116.3490    590.8013
     1562.9968    602.6671     50.1729
     1848.8713   2252.4006    122.2871
     1083.0319    458.5848   1472.1556
        6.9429    414.4338   1829.9374
      204.6782   1782.0521   1388.9603
      519.3998   1601.6390   1981.8339
     2026.9078   1083.2219    218.8002
      904.6380    847.2674   2116.2358
      369.7369    693.3359   1221.2427
      584.6605   1559.5488    112.0120
      385.9601   2136.4014   1914.3879
     1101.0187    929.0742   1328.2258
     1472.9768   1645.5298   1354.2892
     1646.5109   1445.4905   1350.6956
      470.6509    197.8863   1685.0076
      614.5474    931.9631    881.7998
     1983.7904    685.8416   1886.8730
     1809.2939    691.3361    763.2285
     1019.6196   1154.8093   1450.0850
      194.5017   1213.2314    213.1854
     1300.1815   1846.6724    820.2750
     1477.8553     66.0115   1010.1808
     1660.7708   1338.4241    503.1299
      533.1372    475.3064   1832.2783
     1555.1775   1533.6931    275.8377
      628.3535   1040.4128   1701.6570
     1823.9379    244.8331   1945.3723
     2091.3638    585.7300   1354.2667
     1058.1897   2224.6636    849.8959
      743.1492   1458.3318   1933.7872
      364.1327   1867.6890    289.3367
      340.7022    964.6213    578.0433
      433.4070   1435.6185   2154.6514
     1436.0482    885.9791    725.9257
     1781.2589   1669.8131   1359.8838
      931.2491   1335.4215   1810.4192
      516.9283   2076.9844   1450.1462
     1651.0488    898.5333    876.2719
     2034.4784   1069.9750   1549.9124
      677.5927    207.2688    313.0479
     1670.1379   1106.4137   1233.4862
     1288.5461   1495.7490    262.7615
     1062.4711    953.3356    966.1047
     1244.6429   1176.7732   1376.0419
      825.3170    141.4699   1642.9814
      971.5258    176.0680    650.2543
     2014.8337   2181.8018   2141.8491
     1795.7247   1462.0118   1120.7993
     2249.6638   1359.3290    383.6537
     1140.4830   1883.6351   1939.6033
      494.3016    631.2867     12.2742
     1829.5822   1354.4113   1867.4751
     1018.7263    254.9769   1948.5951
      448.5606    133.2100    251.1701
     1108.3682   2022.8870    410.2736
     1785.0127   1940.0374    368.8101
      500.5189   2202.0820    749.3391
     1600.0887   2090.0776    207.2884
      587.5916     51.0120   1481.3671
     1152.1395    466.0417   2065.2195
      402.7683   1862.0013   1996.4528
      797.6414   1069.1664    738.7640
     1456.9579   1912.5479   1182.2190
      971.0740   1305.5458     39.5058
      984.7239   1826.8568   1719.3439
       71.1708   1977.8248    700.3847
      393.0710   1475.1063   1564.7614
      268.9648   1776.2600    700.9534
     1444.1721    454.9474    532.9495
     1184.6797    253.8018   1617.5695
     1612.4368   1792.0126    194.9890
     1242.5933   1638.2509   1891.9016
      344.7533   1114.3536   1810.3779
      940.8203    396.8289   1256.2457
     2151.5415   1973.1849   2024.1997
      789.8093   1062.2983   1008.0846
     2091.7949    999.7923   1922.9871
      184.6003   1143.8794   2198.6838
      492.2296   1473.1216    335.9505
     1724.0045     91.9075    583.4963
      666.6536   2241.4705    331.8716
     1173.9869     28.3025   2252.7786
     1159.9907    697.5928   1469.1613
     1951.5428   1164.8751    905.5048
      513.5162   1615.8698   1094.7581
     1367.0497    334.2526   1036.3297
     1434.6134    208.1262    826.4454
      680.4459   1817.1343   1003.5532
     1273.4430    766.1376   2029.1840
     2110.6431    165.9313    784.6191
     2199.3752   1708.5170   1571.2296
     1793.2186   1788.1919   1675.4297
      431.7602   1679.3923   2213.7383
     1409.1903   2154.9465   1193.0664
      682.4438   1532.4376   1248.7771
     1600.1426   1488.2614   2002.2273
     2019.9248   1102.9757    590.1660
     2086.0786    786.5345    960.2524
      266.6598   1220.2314    527.2634
     1582.4740   1122.0228    494.5001
      903.6371   1301.8326   1096.4253
     1273.5564   1047.8363    815.6934
     1089.1061    713.3826   2197.9038
      572.9148    863.8970   1297.3699
     1481.2427    826.8767   2221.5132
     2209.0188    655.2368   1769.5492
     1344.4042   1039.1134   2051.3831
     2183.0874    312.8658      5.1923
      172.8993    314.7567   2253.7622
     1146.2074   2004.0265    726.1858
     2032.6454   1281.1274    386.5804
      693.9326    406.1902   2261.9873
       51.4334   1450.9292   1098.8153
     1518.8250   1111.6232     13.3463
      645.9046   1813.0516   2082.6841
      566.3211   2170.1396    109.6921
      599.0679    842.0117   1834.6278
     1432.0652   2190.0613   2078.3125
      177.6110   2037.1343    958.5875
      979.0258    182.2027   1443.6750
      369.9551    972.3597    850.7343
      787.3071    855.4580    295.9105
       76.7162   2217.6755   1957.8583
     2070.6379   1919.5157      4.9887
      905.8783   1428.5898   2108.4487
     1916.1389   1337.7639   1623.8446
      252.2972    366.7264    232.5989
     1688.8839   1776.2670   1099.7164
     1869.3973    159.6684   2160.4927
      364.6039   1224.6565    785.6516
      941.7082   2196.0408   1071.9432
     1174.8190    729.2388   1034.2269
       19.1379    748.1504    261.8290
     2175.3984   2145.1003   1118.6068
      830.0301   1418.6173    825.4041
     2184.8765    708.0789    521.2892
      430.4289   1218.1113    339.7950
      946.0026    740.8087    167.3666
      784.9371    274.5142   2065.6577
       42.4290   1908.8787   1107.6776
      163.5756    556.5536    376.6445
      954.4981    320.1393   1671.9808
     1174.5449    207.1632    875.3984
      773.8242    682.9587   1889.9427
     1259.3544    860.0185    593.8432
     2040.1218   2177.3623    935.2064
     1358.8019    142.4675   1472.6915
     1439.2587    810.7861   1881.9258
     1669.8695    664.7489   1023.9616
     1598.8285     66.4025    205.8132
      686.4319   2032.6281   1924.8102
     1419.4288   2142.9512     50.7238
     1827.8673   1508.4229    392.5460
      445.7991    913.8284   2125.9995
     2062.1692   1817.2909    679.8671
     1918.9248   1119.1385   1826.0046
     2104.7178    924.8543    408.8918
     1561.7065   1918.6971   1740.0389
     1633.8844    472.7943   1211.2576
      984.6459   1781.9774    395.5821
     2131.3699   1944.7587    905.1725
      572.5763   1722.2714    347.0958
      404.7772   1921.6611   1035.8143
      820.2006   1245.4104   1329.3167
     1333.7455   2161.0977    882.7402
      416.4227     33.6442   2167.6963
     1219.0858    347.7122    423.8198
      971.3060   2092.5740   1969.9285
     2025.7850   1354.9448    117.3251
     1006.6621   1193.8243   1973.1838
     1114.2700   1327.8872   1238.4302
     1872.8281   1007.2471   1334.8036
      966.3237   1205.2366    876.8042
     1621.7770    223.3601   1162.5369
     1177.8951    267.9841   1325.2244
      116.7885     12.0080   1453.0828
      642.7237   1600.5652    835.1771
     1195.3617   1193.9974   1010.0406
     1571.9625   1196.8016   1449.5365
     2082.8176    337.4233   1104.3541
     1599.4348    416.4664    950.7244
     1711.4518   1967.9065   1506.2222
      572.6050   2067.9062    911.5840
      820.2405   1016.8708    505.3659
      537.4796   1532.3093   1742.7860
     1140.1182   1298.9148    255.2337
     1529.9108    693.5044    534.5687
      336.4785   1991.6836    768.8903
      910.5262    177.5023    885.0989
     2154.1006    324.9389   2036.9642
     1627.1559   1231.4011   1986.4498
     1911.8379    112.3151   1459.3340
       77.7186    209.2129    756.4637
     1165.4446    774.8420    798.4998
      169.1075   2223.5317   1090.6532
     1049.1073   1593.2743   1595.3905
     1381.1206   1393.0394   1350.6632
     1887.8193     10.9392    743.2115
     1077.2937    475.5246   1835.5094
     1885.8643    867.5419    292.1974
      497.0405    987.8602    369.7689
      147.6325    270.3212   1999.9796
     2060.7112   1579.4065    773.5518
     1612.3409   1977.2583   2172.3518
     1493.3945   1704.5148   1819.8542
     1787.9944   1620.3997   2052.3540
       32.3435   1743.2507    791.0468
     1258.1071     27.7065    704.5941
     1154.0919   1135.3992   2171.9421
