      889.9485   1927.8553    124.5669
     1043.7174   1300.5797   1326.8595
      306.1785   1128.0453    348.9841
     1067.7911   1289.0295   1647.6346
      919.1245   2012.5073    458.0419
      276.7042    597.4014    856.9929
     1555.1055   1490.1094    994.0983
     1350.1152   1903.7032   1096.7684
     1675.4911    446.5790   1047.2728
     1331.0240   1870.6996   2258.8914
      576.5281   1393.4553   1541.8490
      791.6728    550.2574    361.4232
     1150.2654   1312.1213    468.3948
     1047.3928   2057.0662    746.7878
     1664.3190    975.0999   1095.2063
      114.7203   1285.6006   2074.3308
     1094.5654   1540.8083   1205.7837
      982.9412     31.9588   1360.2881
     2096.9775   1836.4595   2053.1313
     2036.8075    312.4240   2029.3503
      840.6919   2122.6687    833.6992
      730.1748   2008.3424   1790.5616
      531.2180   1340.3636   2147.0154
      946.4820    866.5568   2078.9934
     1517.1024    913.8995    712.8765
      290.5720   2215.4561   1385.3804
      508.1695   1524.3413    693.6409
     1476.9093   2149.9973   1680.2030
     2050.1619   1957.8820     56.6986
     2098.9944    180.7609    215.7401
      475.0008    634.8510    538.6075
      222.6338   1475.7933    805.2993
      402.2925    415.0680    676.9287
     1768.8328   1637.6520    525.0695
     1169.0510    721.6703   1743.8046
      570.0810    247.3326    477.7675
     1227.2739   2162.2046   2159.9856
      978.1307    376.7133   1407.5902
     1650.4535    159.9274    590.9058
     1517.4581   2018.8823   1955.5775
      287.8753   1417.8680   1767.9952
      764.9047    475.7818    630.1249
      375.0233    491.8938   1161.5232
       80.5078   1834.4036    791.0167
     1963.5651     93.6975   1565.4902
     1710.9500    290.9531   1685.1183
      955.0934    423.0026    985.8284
     1441.0807   1329.8572    123.4455
      242.0848    295.1214   1420.0057
     1090.9927   1172.4136   2081.7046
      526.0992    905.2634    735.9246
     1028.5752   1427.9644     74.5004
      389.9903   1114.5251   1208.1735
     1939.4299   1048.6757    175.7915
      689.6754   2256.9517   1931.0889
     1800.0688   1014.8126   1427.1522
     1560.6644   1154.5231    631.5573
     1501.2708     44.2289     46.0128
     1554.7083   1994.3071    162.0894
     1881.9600    556.0221   1236.7572
     2010.8313   2082.2046    532.1566
     1963.1938    805.2678   1147.4650
      144.4230     86.7638   1620.7338
      325.1270    937.3741    549.1525
     2227.2100    440.3647    246.0049
     1302.0256   1155.2831   1394.9808
     1475.9335    990.6277     44.2549
     1729.3506   1720.5784    246.3319
     1149.7319    246.3434    907.7510
     1286.8298    669.9388   1481.3717
     1321.4803   1324.9490    746.3901
     1769.9044   1822.3973   2200.5383
     1484.0000   1205.5496   1200.6132
      300.2953   1698.8806   2216.7583
     1402.3632    226.5708   1060.3014
      547.4866    270.1240   1907.4375
      928.6482   1397.6010    296.7182
      481.3668    101.1866    784.0283
      756.9758    422.5133   2047.6533
     1535.4756   1624.5508    771.9620
     1852.0060   1621.5409    886.8497
     1090.4677    896.9194   1036.6636
      574.5425   2083.2283    791.8920
     1520.9526    702.0213      0.1425
     1622.7462   1279.2369   1444.6520
      847.7693   2013.9697   1256.9653
      221.1812    744.4798     80.7784
      901.4699   1697.3201   1451.6776
      835.0242   1450.2500   1622.4347
     1036.7501    400.2419    103.2406
      264.2320   1642.0344   1551.3340
     2025.0745    107.9661   1213.7616
       89.3738   1572.7913   1104.9949
     1089.8087   1545.7054   1987.6312
     1904.7560    320.5782     26.1797
     1030.1044   1554.5721    544.8132
     1131.3213    174.9102    345.9277
       84.5164   1203.7377   1676.0109
      169.8996    105.2693     44.3283
      488.8631   1894.2440   1960.3397
     1985.0868   1113.7495   2140.1179
     1753.2866    769.0811    885.2267
     1096.3853   1554.6481    874.2294
     1546.3616    374.8973   2232.3044
     1937.1490   2112.7991   1093.0667
      217.0259   1298.2643    566.5075
     1141.4344    444.1166   1807.9336
     1445.0134   2042.6097    888.0285
      549.3399    594.7648   1887.4441
      200.7497   1078.2131    713.7656
     1541.0327   1472.6469   1883.7955
     1242.3701     50.7469   1505.6431
      293.9139   1853.2429   1032.7358
     2198.3850    514.8572   1946.7493
      219.6228    326.6121    317.8107
        8.1053   1894.4468   1153.0295
     1302.6973    624.5460    534.0928
     1660.3660   1903.4982   1533.8810
     1024.8615   2161.0522   1934.0344
     2136.0461    969.7939   1559.2861
     1938.2665   1824.1350   1073.6156
      387.3188   1210.2969     85.0681
      194.6850     68.3994    332.5647
      756.2639    960.4011    890.6429
     1690.2896     47.7459   1828.1393
     1372.6140   1966.2053   1468.7965
       17.8849    753.3354    976.6851
     2204.5662     19.2001   2019.9799
     1351.5853    893.2701   1179.7147
     1592.3330   1035.5198   1965.8597
      636.1097   2052.8674    237.9050
      183.6322    981.0754   2193.7195
       49.9805    276.4679    529.4529
     2071.8757   1512.9677    670.5325
      262.7146   2187.4602   2076.3945
     1144.5667   1730.0170     57.2279
      182.0010    300.9857    805.5928
      264.4404    214.0590   1888.1818
      510.4798   1489.8051    977.4367
      439.6015    264.8891   1615.7046
     1211.5573    343.0345   1265.8237
      960.2393    317.9400    361.9767
      979.7607   1259.0195    774.3865
      686.0532   1278.2263    831.8940
      972.5316   1007.8706    351.7954
     2204.0837   1274.6942    859.6370
     1035.8267    755.8245    529.3795
      231.0383    460.9646     18.2445
      848.4565    791.7523    159.0368
     1987.1481   1577.6465   1526.9679
     1545.8362    503.3847   1306.2588
     1215.1360   1701.6000   1649.8424
      489.6456    171.6009   1329.4331
     2035.6201    738.5704    145.5151
      807.4178   1786.8678   1074.3881
      915.6553   1679.7421   2160.7747
       41.9243   1994.4152   1836.0656
     1268.3843   2235.0042    899.8785
     1048.4558   1951.2484   2140.1548
     1948.9683   2111.5303   1938.8363
     1179.5431   1000.6502   1842.5569
      162.3608    540.1271    524.3356
       15.4441   1481.6968   1458.7891
      107.6898   2143.3860    578.9946
     2105.1113    734.7946   1828.1798
     1750.3942    709.8772   1431.8307
     2237.3806    492.1520    806.8489
     1810.9512   1193.2462    430.8268
      611.5676   1796.4661     60.6641
     1340.2848     42.4505    598.4946
      566.6462    683.3721    213.6355
     1478.3636   1112.4720    376.9147
     2011.3845    290.0218    652.0165
     1838.6879   1132.3325   1659.8832
     1063.7343    617.3196    254.5986
      632.7635   1013.9841   1209.1427
     1924.4196    461.3416    316.9976
      893.8434    591.0715   1262.2283
      534.9327   1129.9552   1494.7285
      328.5311   1931.5527   1701.2037
     1269.6522   1327.2306   1032.1472
      653.7991   2236.2024   1462.0458
      667.9352   1665.1130   1915.9005
     1060.6733    871.5247   1371.0479
     2142.9910    432.2546   1313.0026
      868.1289   1660.4843    283.4042
     2216.6941   1543.2251    892.3807
      990.4938    981.8325    623.3084
      711.3621    818.4506    480.7068
      486.6089   1056.5994   2139.7075
      320.8718   1733.3425    559.7215
     1070.2388   1788.5798   1071.5957
      509.3308   2106.5588   2184.7861
      319.0431   1316.8784   1390.4426
      590.5062   1275.8264    346.9117
      683.8958   1384.9769   1859.9951
     1731.5256   1354.6030   2014.6396
     1260.9843    581.1460   1143.6555
     2209.3494   1057.5853   1985.9042
     1204.6957    463.3291   1541.0509
     1335.6130    840.7629   2042.9009
      150.6592    839.5833   1760.6940
       68.7427   2180.4500   1112.2529
      206.7333   1519.3420    289.4580
      373.2918    835.2633   1981.5575
     1334.1489   1611.5051    954.8241
      732.3012   1129.7770    545.7654
     1725.1725   1567.9327   1166.6162
     1631.0004   1863.3191   1046.8379
      304.5663    758.2792   1191.7539
     1884.3689    851.0733   1678.7158
     1741.3975   1663.0046   1944.4429
     1718.4197   1258.7939     45.6906
      890.5007   1939.7557   1528.7610
     2048.3467   1832.0300   1386.9569
     1226.4888    829.6591    758.9365
     1949.9738    560.3994    623.1425
      619.1198   1308.2877   1144.1874
     1689.9408    244.6743    215.2795
      400.4417    540.7135   1446.4539
      369.6134   1858.6348   1377.9207
      730.3284    321.7920    133.3074
      816.3914   1437.9025   1350.8407
      118.8594    450.9740   1707.4958
      439.1422    963.2055   1006.7380
      718.5095   1204.6245     82.5762
     1841.9418    488.3230   1560.6594
     1997.9962   1397.1499   2138.8711
      800.4398    240.9933    840.4189
     1438.0271     19.1025   1978.3060
      600.8561   1971.4949   1518.9230
     1699.3123     96.8456   2153.7766
      294.5318    496.5533   1952.7336
      111.0569    774.3978    698.7571
     2230.9080   1296.9835   1179.7605
     1632.8707    192.7806   1227.8167
     1980.6073   1487.5377   1858.8569
      240.0208   1120.9470   1895.8896
      716.7007    481.5621   1711.7654
      695.6750   2260.2542   1065.9250
     1430.0785    236.5858   1748.8455
     2220.7976   2187.8716    272.1729
     1149.6877   1797.9567    735.8894
      618.9686    856.5241   1709.7964
      148.4918   1040.5765   1079.2427
      105.2357    268.6343   2050.2319
     1481.2910   2104.7712   1288.6526
      378.4059    711.0770   1685.7385
     1780.7888   1358.6066    644.6849
     1763.2015   1441.4534   1671.7362
      669.8585   1671.0798   1292.9686
      862.6762    787.2402   1111.3944
     1845.4320   2096.2126   1415.5355
     1709.2534    385.6956   1921.1975
     1724.6212   2019.8251    440.8195
     1416.9473   1101.6853    911.8502
      877.7698   1015.7955   1769.4711
     1255.2959    316.5936    599.2540
     1099.0015    148.4845   1703.3599
      796.3593    683.1690   1525.7778
      817.0970     82.3660   2197.1099
     1279.1023    990.4697   1582.3401
      519.5457    147.9961   2147.4644
     2228.7529   2253.5991   1435.8842
     1855.8629   2213.1458    164.0380
     2105.7959    607.4929   1550.6733
     1464.3207   1721.2654    162.8992
      745.5206    227.0694   1608.9176
      464.2786   1156.3805   1746.0977
      698.0142    524.4606    879.7251
     1261.0256   1048.1718    554.7718
     2200.3228    334.1136     13.1922
      315.3672     19.9538    580.9563
     2058.0469    867.9547    700.3186
      939.7849    636.9506   1782.8292
     2078.8613    662.2280   2141.9456
      778.7290     46.5649    217.8523
     1967.1095     55.6172   2197.8069
      150.9192   1648.5060   1816.6190
     1427.4005   1478.2073   1275.0029
       63.7693    867.2913    335.3029
      473.2524    876.6840   1400.0614
      834.2828    562.6125      4.2641
       72.4665    474.1012   1083.0259
     1443.1781   2005.3027    574.5895
     1163.0406   2112.5259    492.7973
     1703.4596    404.0991    529.6212
       42.9501   1172.7667    222.4249
      497.3062   1250.0459    578.2687
      759.7216   1110.5742   2016.3702
     1257.6252   1785.5305   1932.8501
     1509.8325    927.6944   1444.3778
     1806.7284    680.1207   2198.6094
     1521.7703   1143.9364   1695.9617
     2196.5825    950.6688     33.6123
     2043.3899   1099.5542   1169.8196
      555.9425   1938.3506    554.1111
      512.7153    445.8930    209.9657
      457.3237     92.1543    233.8251
     1309.7404    820.0676    317.5149
      584.9730   1760.2729    885.8398
     1680.7708   1231.4352    969.4588
     1494.7222    705.4796    847.3671
      751.2747    195.4466   1197.8668
      662.4405   2257.7737    484.5026
     2058.9966   1833.8519    786.2465
      878.6173   1069.5881   1525.0890
     1713.1001    664.3695    452.0021
      611.4876   1717.5536    363.5596
     1654.8737    706.5892   1927.1139
      197.6025   2234.8879    829.3943
     1188.9149   1098.9521    883.4799
     1248.5868     80.9438   1198.5186
      307.6386   1982.2979    759.4537
     1859.5289   1795.1702   1651.5066
     1156.5399   2095.1316    162.7439
     2214.2949    996.9788    917.7468
     1198.8298   1746.1941   1374.8904
     1296.6383   1275.5229   1827.6465
      688.0839    420.2888   1397.4478
      256.0732    203.1208   1068.7455
     1391.4326   1703.1599    456.1326
      413.7719   2191.3254   1064.7400
      756.5938   2007.1982   2115.5605
     1379.2081    589.3185   1821.7897
     1434.4641    245.6412   1459.8928
     1155.4369   1852.9550    341.6046
      591.3479   1982.7130   1114.0178
      395.9866   1253.5594    827.8171
     1328.2819   1527.1678   2158.1519
     1172.6604   2046.8057   1705.6394
     2038.2432   2012.9845   1666.3660
     1570.9868   1621.8350   1493.6449
      925.2219   1069.2151     41.3642
     1324.6179    462.1843    280.6286
     1207.4087   1165.3174    191.3350
      582.8842    686.1399   1170.3887
     1844.9158     94.8932    413.3955
      907.8723   1741.1649   1768.0668
     1201.6503   1475.6993   1524.2189
      992.8171    128.7766   1047.9545
      196.5832    959.4373   1360.0514
      770.5623   1454.7628    550.2502
      827.2590   1380.1804   2150.4426
      351.0602   2045.1219    410.5144
     1698.1504   1921.1046   1784.6362
     1528.0861   1770.1862   2113.9138
     2233.9741   1509.2769     81.7911
      218.5130   1441.6577   2249.0229
     1915.4344   1352.5895    970.8693
      247.3707   1329.3768   1073.2697
      517.6596    313.7259    986.5910
      810.5448   1553.3693    914.7077
      107.0866   2006.7112   1427.6747
     1138.2137    862.5870     52.2706
     1509.7142    660.3261   1128.9227
      945.0908     96.2002    572.7518
      208.5569   1893.5289   2056.7332
     1565.7849    502.8813   1660.3203
     1276.1929   1546.7167    254.5801
     2091.0996   1202.2209   1788.4407
     2113.2957   1347.1426    449.7614
      933.2544    279.9018   1859.8787
     1296.6511    534.7872    854.2363
     2196.3093   1746.0334   1705.5830
     2140.4736     36.3648    586.4908
     1408.7819   1200.9354   2123.3032
     2232.9060   1479.3441   1755.6731
     1459.9153    237.8139    359.0462
     1877.2157   1295.9280   1321.5859
     1062.6156   2068.3313   1057.0994
      342.1846   1766.3600    208.4955
     1958.1035     12.9083    828.7524
     2187.6909    160.9892    894.5901
     1991.7723   1850.9531    378.2938
       38.7141    180.3901   1222.9773
      454.5859    504.6193   2175.5923
     1749.9424    980.6489   2170.0513
      814.4819   1806.9917    728.6061
     1910.2197    523.3505   1813.1013
       29.7032   1819.7654    182.1694
     2231.9958   1868.4111    548.7739
      284.9904    644.0702    294.5927
      112.0278    682.4438   2081.6384
     1659.6831   2160.5701    736.8146
     2169.1157    275.4787   1621.0586
     1889.7936    860.8468   1955.3301
     2233.9919   1597.6573   2058.9182
      864.0224    729.0360    723.1512
     1403.1447   1466.0088    557.7725
     1517.8217   2217.6982    312.8034
      423.9932   1573.3885   1270.9983
     2107.0496   1610.1592    334.6892
     1132.3942    576.9691   2099.1514
     1745.0236   1855.6039    734.2864
       73.3977   1551.3962    540.5793
     1838.5614    299.3369   1393.5422
     1731.6926    182.3358    873.1442
     2122.2695   1273.0078   1491.2026
      946.5632   1312.8483   1919.2719
      465.0577   2174.5166   1798.3910
     1452.8485   1730.2012   1730.5876
     1993.5829    594.7399    972.3376
     1104.1205    206.8459   2049.3889
      578.8905   1706.8652   1649.5823
     1999.9618   1545.0538   1210.3783
      533.8771   1487.7874    192.1053
      132.3517    656.0637   1427.3226
     2147.0388    704.0980    440.0907
     1990.0574   1682.2856     94.3878
     1573.8683    849.0605   1675.1409
     1954.1497   1127.2831    808.1002
     1347.6475    354.5266   2025.4197
     1681.2594   2221.7253   1084.8428
      485.9589    977.6917    272.3231
     1469.3810    290.6098    807.1894
     1788.3602    967.4093    517.5571
     1707.8485    928.8805    254.8127
      228.4114   2052.1111    192.7455
     1752.7676   2077.5894   2121.5042
      938.3216   1181.8738   1084.0121
      734.2286    721.7975   1989.7253
     2188.7913   2104.7627    858.0453
      118.4627   1756.6034   1329.4390
     1629.2820    552.6843    211.3068
     1014.8384    460.9174    692.2920
      606.7578   1591.5587   2158.8433
     2154.1016   1079.8773    504.5399
     1196.0005    166.8398     81.9261
     2228.1289    860.0835   1225.4034
     2159.1541   2254.7437   1707.5641
     1947.5250   1380.3789    189.7096
        3.6905   2092.0466   2229.6189
     1119.2161   2043.7617   1343.6084
      345.4513   1530.6497   2004.5472
     1689.1040   1550.0662     14.1866
      920.4241   2206.0400   1631.6635
     1605.0405   1449.8223    335.4818
     1630.9954     41.7115   1484.9213
     1904.2418    296.7703   1053.1113
