      875.9619   1881.6865    724.4888
     1234.3058   1295.2380   1333.3672
      295.1240   1273.5688    446.3385
     1271.5258   1120.3328   1933.1149
      839.3978   2255.7566    695.8381
      195.1479    334.8919   1255.8025
     1316.0559   1405.5911    901.2534
     1445.4066   2024.1483   1210.8156
     1454.8342    413.0764   1019.4323
     1553.1854   2088.8064   2127.4604
      719.6834   1592.8102   1446.0463
      854.9431    619.3582    102.1683
     1023.2183   1137.1072    179.2743
     1247.7889   1855.0582    755.5524
     2050.9236    739.8250   1119.9719
      148.7544   1415.2263   1927.7040
     1162.3665   1480.8555   1829.2776
     1163.6582    236.1819   1466.3031
     2255.9429   1804.3403   1728.7517
     2160.6741    348.5118   1896.8174
      735.6133   2085.3562   1080.5494
      577.7520   1904.5955   1978.6138
      354.1201   1168.9830   1858.0641
      944.5800    804.7017   2127.1975
     1444.5121    751.5469    518.9546
      382.4626   2065.1721   1476.1169
      357.7226   1946.8217    768.6047
     1476.1965   2096.5835   1846.8734
     2111.7236   1838.7469    217.4875
     2126.3330     61.7381     36.6656
      303.4063    921.0864    492.7093
      319.2605   1451.5249    727.9018
      275.6898    589.7195    505.8332
     1285.3499   1585.6508    629.3340
     1284.4633    936.7513   1700.6802
      675.6418    285.2394    626.4268
     1273.5013   2175.0676   2176.8511
      954.9449    839.5002   1840.5032
     1769.7677     10.3940    513.0150
     1873.5948   1942.3489   1975.0359
      294.5023   1466.9680   1669.4845
      614.3056    448.2492    319.8342
      450.5426    468.2902   1051.0359
       59.5993   1948.0260    673.6510
     1936.8213    180.3241   1365.7106
     2149.4561     46.6112   1646.7222
     1020.8801    284.5418   1189.4697
     1384.4362   1187.6115    212.6672
      382.3613    379.1988   1486.0629
     1808.6069   1381.2859   2129.9592
      668.3181    967.3984    702.8791
     1155.3176   1459.0137     43.7493
      285.5663    939.1282   1143.6617
     1609.6187    958.5754    469.3058
      791.2300   2240.0088   1814.1263
     1753.0386   1020.8980   1500.0366
     1617.8174   1390.1577    882.8057
     1420.0409    284.0889     70.2953
     1795.3313   2027.8927     59.9904
     1674.0195    463.3387   1243.3451
     2188.7410   2241.9629    483.2032
     1754.7118    677.1056    997.1348
       89.7659    353.0237   1615.0919
      218.0998    904.1121    853.5356
     2229.3887    615.3950    340.6600
     1457.6804   1050.1157   1380.5785
     1398.7130    804.8312    286.6404
     1126.1661   1950.7980    478.1089
      960.0198    363.5683    798.4468
     1207.1503    643.4681   1469.4425
     1468.2734   1186.1212    685.7423
     1844.2067   2243.5935   2164.8716
     1659.5223   1326.5808   1321.0120
      382.6555   1523.9839   2126.1274
     1159.3876    562.3575   1163.5005
      492.7107     77.9242   1532.5975
      537.4283   1168.1653    552.4633
      101.7903     78.4416   1042.7401
      639.7815    801.3846   2114.8901
     1855.5055   1696.6343    890.2618
     2192.5901   1660.8531   1049.1187
     1061.0795   1092.5094    853.2415
      407.8287   2123.0066    972.9830
     1408.6575    440.1165    389.6234
     1710.5366   1243.1251   1754.6084
      720.8732   1840.6256   1376.4023
       69.4314   1049.9255     90.3358
     1013.5707   1682.0007   1575.1729
     1131.2921   1208.0210   1643.7952
     1107.9070    371.7905     34.8458
      412.7492   1789.8995   1313.2327
     2095.6230    111.0552   1141.9401
      346.6909   1235.4202   1273.9030
     1340.8282   1402.3407   2042.2935
     1892.6360    172.0962    234.7790
      632.2818   1669.7335   1143.5632
      923.4788    308.6799    528.2199
       95.1734   1232.3092   1611.9720
      191.8847     41.6388     15.5123
      856.4686   1976.3966   2014.5081
     2047.4503   1132.4396   2190.9526
     1481.0791    623.3217    848.1223
     1178.8999   1666.7545   1024.0231
     1750.1229    536.6599   1989.7809
     2181.8887   2203.7659    754.9666
      101.3929   1439.2643    600.5095
     1051.7568    526.5776   1781.4088
     1479.8243   1946.8427    834.1629
      718.6022    402.3862   2048.1038
       10.6798   1100.7606    752.5088
     1438.9788   1346.0862   1481.8522
     1359.5814    398.7845   1620.3158
      213.4960   1749.4027    702.8115
     2004.7046    569.6855   2111.6013
      330.1044    442.2976    199.0884
      109.9831   1533.3851   1175.7689
     1187.4310    492.3537    550.5562
     1759.9607   2070.4963   1734.1466
     1167.6836   1987.5507   1990.9865
     2125.4790    943.4971   1701.8447
     2025.9753   1899.4166    858.7233
      313.0154   1552.7694    187.1176
      202.8736    151.8866    332.9084
      913.3485    897.4924    843.1454
     1582.9778     54.7030   1996.1934
     1615.6217   2256.0872   1479.7551
      240.6919    987.4763   1411.0836
     2247.3040    110.0733   2006.7659
     1663.3546    820.3599   1322.0542
     1842.5443    951.5656   1728.8265
      536.6066   2078.1956    555.0347
      217.0398   1022.3960   2128.6526
       63.8520    208.5979    623.0764
     2153.9797   1670.8772    759.0513
      111.4301   2231.8496   1777.8523
      714.4099   1995.8042     77.5738
      373.9112    163.7606    768.5152
      294.2625    194.2069   1687.5140
      429.9620   1494.7704   1193.5302
      646.1925    398.5453   1324.3931
     1359.2715    346.2019   1280.3209
      598.2886    525.3292    585.3947
      814.1972   1272.9664    727.7271
      552.0627   1328.8156    905.1188
      607.5273    725.0642    244.5683
     1996.0159   1417.8207    965.2507
     1105.5006    816.8519    538.4446
      187.2467    652.5877     34.0031
      645.5410   1063.0425      7.4614
     1779.0881   2089.5791   1278.6066
     1536.6281    333.0476   2045.2145
     1219.6797   1717.4197   2117.3142
      705.8641    190.5938   1670.4324
     1903.5757    490.2265    189.3690
      834.9916   1429.8757    964.6820
      903.2126   1676.9752   2156.4346
      351.0893   1770.9524   1882.8173
     1061.1312   2126.4387    847.5963
      980.5262   2232.8069   2160.6775
     2125.1682   2067.7375   1860.0249
     1142.2874    727.8843   1980.9558
      205.6991    837.6584    252.0604
      442.6007   1223.3887   1551.5276
      391.2217   2210.3320    286.2778
     2215.6353    672.6992   1878.4995
     2011.8885    790.2852   1434.2050
     2063.1208    500.6079    894.4589
     2132.2102    863.2410    344.3629
      514.5885   1975.2395    303.2641
     1230.3262    219.0477    273.0987
      356.7210   1180.0518    139.5392
     1453.1178   1361.3256    439.3098
     1913.0930    100.1617    746.3437
     1890.2999   1263.1349   1386.3552
     1129.3076    734.2307    268.7611
      977.7640    748.4387   1574.4138
     2219.9373    545.0664     29.1461
      886.6185    700.9358   1266.2488
        6.6112   1265.9240   1253.7351
      390.1182   2137.3669   1739.6808
     1526.9606   1203.3900   1089.5795
      708.8405   2160.2488   1524.5903
      520.2969   1545.2552   1811.2692
     1105.2345    960.5878   1410.6034
     2232.0110    230.8784   1394.3347
      634.4615   1693.6132    247.5130
     1792.3500   1212.5284   1085.3586
     1107.1201   1314.9016    355.7144
      588.2588   1015.8692    285.7249
      383.8833   1222.3883   2143.8557
      286.0108   1827.5370    446.9862
     1179.7756   1484.7399   1517.1698
      520.7881   2231.6987   1967.2601
      647.2175   1311.6786   1213.8240
      457.4026   1612.0721    451.8916
      646.8398   1579.1785   2196.0032
     1818.7826   1528.9471   1827.7511
     1294.8834    948.0026    869.8246
     2180.3879    999.5392   1948.6782
     1631.9851    283.1026   1439.9449
     1212.2023    872.1998   2235.7000
       75.6631    822.9161   2077.5737
       18.0057   2064.4446    955.5659
      431.3971   1735.5114     49.7158
      499.1088    621.7589   1873.2252
     1172.3547   1951.3746   1143.0255
      834.4457   1267.9344    406.3346
     1526.8184   1671.9576    939.4751
     1897.8267   2135.2432    931.4653
      480.0630    686.0828   1187.4012
     1996.1019   1288.0918   1626.3334
     1955.2094   1760.4141   2218.8889
     1902.4100   1260.1179     94.3348
     1240.6057   2018.6998   1697.4529
     1698.9274   1859.8303   1050.9363
     1187.0287   1326.9650    630.8801
     1562.3446    412.8716    717.2697
      707.3787   1307.6415   1621.8040
     1693.8105    299.9643    500.5409
      572.1798    750.9879   1405.1299
      279.9617   2073.0283   1190.8768
      764.3542    179.1103    383.9152
     1052.2759   1353.1941   1036.2559
      525.6522    304.4885   1881.0522
       93.7479    596.7244   1012.4319
      951.7108   1506.7428    199.7649
     1959.2607    669.5081   1745.9142
     2027.2505   1485.4739   2027.2833
      850.0598     48.8201   1012.6758
     1421.9663     37.0434   1707.6616
      557.0454   1923.7163   1682.3468
     1699.2512    243.9370   2238.5835
      246.7978    347.7414   1910.4232
       28.8689    752.2358    577.5381
     2066.5193   1495.4065   1271.3953
     1412.8088     20.7121    958.1885
     2175.3000   1524.5472   1768.9036
      475.7148    869.1920   1644.7698
      709.7654    525.7560   1625.0660
     1097.4518   2249.8120   1211.9226
     1321.1283    246.9841   1853.4305
     2049.9646   2111.5974    245.2811
      973.6083   1540.1852    725.8579
      812.0443    607.3141   1881.9486
       41.0489    967.1017   1082.8801
       44.2097    301.6360   2253.8669
     1527.0240   1929.7728   1479.7452
      218.9413    674.7628   1291.5369
     1760.6888   1247.8818    502.7224
     1576.7773   1484.7653   1973.2129
      999.8869   1654.8257   1276.2925
     1062.4082    880.3188   1070.8656
     1613.6703   2139.6760   1037.5419
     1637.7035    262.3639   1747.9846
     1956.1364   2078.2314    561.0315
     1554.3090    928.1827   1076.3542
      971.9586   1300.7101   1431.2992
      882.5090    783.6812    399.2307
     1024.6019    250.3656   1718.7885
      831.3163   1005.6008   1532.0466
      704.1776     80.6283   2137.9792
     1317.3324    706.6104   1784.5897
      430.0444    301.4424   2165.2639
     2091.1230   2028.2584   1148.7100
     1756.0052   1919.9678    389.7404
     1986.7965    506.9102   1325.1537
     1205.4462   1697.7062    321.6214
      813.0009    160.1050   1413.7871
      194.0909    901.5165   1716.6730
      614.9783    825.9468    539.2936
     1313.9226   1053.8475    442.0470
     2212.8137    316.7928    293.6728
      460.2702    239.6008    441.3394
     1868.1742    704.0551    663.3984
      915.7143   1066.4540   2129.8303
     1946.8759   1176.9379   1929.5710
     1007.6142    108.9832    164.1146
     1992.4166    298.2635   2188.4670
       15.5076   1597.6079   1509.3987
     1280.0925   1774.2937   1420.7335
       24.1934   1113.4581    426.0424
      546.6768   1066.1510   1291.3356
      836.2178    303.3715     55.6851
        7.9530    480.0889    616.4969
     1688.9557   1532.9481    589.0002
      994.2282   2096.5503    209.3244
     1613.6626    123.4354    234.4554
       42.9384   1443.6681    274.4320
      307.7024   1160.8926    797.7225
      925.0380   1150.7028   1827.7142
     1285.2029   2097.5596   1443.4277
     1883.6919   1004.0118   1274.1222
     1884.2938    199.1499   1950.2402
     1539.6305    990.0370   1664.0549
     2080.2983   1096.7719    244.2833
     2170.9014   1099.1477   1445.0153
      554.4349   2216.6006    800.0470
      530.3787    551.2101     25.5766
      504.5729    212.2107    185.5486
     1002.9847   1089.2710    538.4223
       21.8846   1410.7385    903.0650
     2124.7747   1174.1139   1015.1470
     1562.9052    877.4933    797.0126
      915.6171    456.5243   1415.0048
      774.8301   2165.3735    383.4559
     1907.8918   1677.7579    316.7689
      893.6696   1109.8120   1211.8809
     2011.2090    488.5058    499.3226
      639.5308   1589.1625    779.1193
     1655.9742    747.4777   1732.7831
      252.4473   2201.1626    632.2350
     1292.2343   1021.6233   1118.2578
     1133.7372    160.6975    965.9759
      185.3427   1867.3448    998.9390
     1714.7526   1788.2880   1689.8811
     1218.8142   1933.9224    132.5975
     1914.5471    955.6759    867.3376
     1357.1399   1637.0688   1638.2675
      895.1536   1480.1733   1748.5458
      348.7552    567.8461    831.2016
      480.7654    161.3065   1096.4336
     1515.3433   2004.1016    491.8440
      534.1490   2226.8872   1249.9836
     1005.0587   1715.1497   1914.5803
     1495.7861    626.3220   1969.3740
     1438.2644      7.2231   1279.6908
     1477.5060   2024.1859    221.6548
      537.2194   1860.0692   1038.1238
      500.2634    876.0467    846.0941
     1490.4030   1291.4613   2211.7556
      930.7590   2003.6505   1750.4967
     1984.5984   2089.2805   1503.2878
     1345.2351   1548.5151   1221.5448
      769.4289   1320.7372     65.4648
     1029.8975    408.2555    264.3586
     1514.5342    982.0110     27.8916
      702.2504    859.0580   1132.3665
     2040.1469    221.2782    469.4644
      735.9873   1756.4221   1807.4474
     1449.5581   1292.2582   1760.6379
      935.4169    580.3279    992.4788
      264.3556    605.0756   1584.5530
      575.2787   1344.7965    220.3475
      633.6946   1281.9937   2008.4739
      663.5831   1983.4318    793.4036
     2014.4252   1766.7314   1832.6302
     1728.2719   1685.2928   2079.7368
     2044.8567   1413.8396    371.4900
      150.0911   1351.8185   2242.0850
     1684.8690   1518.2832   1122.6104
      250.3236   1249.5934   1043.5065
      758.1718    339.8122   1104.4948
      726.5485   1510.9696    502.8132
      383.5643   1747.9948   1649.2627
      827.7761    860.6376    141.6707
     1526.4137    663.9949   1514.1172
      627.1025    325.9850    900.1541
      378.7701   1958.9672   2119.7505
     1893.1415    368.0275   1616.8474
      942.6690   1817.2424    166.1274
     2221.5535   1256.8448   2047.6329
     2010.5082   1408.4868    631.2322
      925.1609    214.1334   1981.2993
     1425.3016    650.0164   1206.0859
     2137.8223   1840.3488   1327.8624
     2162.2605    198.2881    886.3419
     1469.1372    922.7772   1957.1118
     1921.4418   1758.7931   1231.2067
     1055.1708     32.1342    473.5891
     1606.9301   1524.7614   1622.0865
      929.5004   2030.9579   1305.3051
      178.1039   1941.1991    124.5286
     1614.0250    198.1499    925.7820
     2185.2244    401.1077   1132.3436
     1501.9663   1708.4242    430.9345
      213.0714     66.7572   1383.0463
      346.8006    835.9255   1928.3301
     1626.4650    764.6270   2171.6990
      896.2507   1811.6195   1063.6251
     1887.5005    801.5308   2040.0817
       98.6342   2150.8201    338.4606
     2043.3014   1530.8529     70.3898
      417.8244    908.9722     85.4613
      182.5702    586.5369   2009.7799
     1721.0837   1821.4117    650.0920
     2148.6941    547.5067   1552.2504
     1706.3517   1089.6423   2089.1250
     2208.3438   1753.2800   2064.5542
      624.2592    632.9241    924.3978
      934.1315   1672.3838    500.2339
     1319.3041   2181.9878    345.0763
      341.6223   1652.1097    938.8378
     1653.4845   1549.7966     81.9471
     1095.0853    453.6389   2029.3105
     1296.2161   2241.6460    662.0071
       16.3817   1708.6940    424.2619
     1714.4302    138.9109   1204.3668
     1315.2809    301.8249    821.8187
     1864.9012   1586.6886   1532.0256
     1243.0918   1142.4308   2223.9517
       30.3993   2044.9170   1594.7886
     1461.4917   1834.1322   1829.7894
     2186.3833    797.8555    823.0721
     1296.3593    180.7732   2142.9016
      460.9865   1479.3041   1461.0616
     1682.2963   1734.6906   1326.4630
      763.0022   1905.1176    482.1133
      185.4405    346.8238    862.0700
     2092.6580    863.4896      8.0458
     1513.6481   1827.5969     21.6053
     1811.7272    639.4990   1543.0070
     1694.2034   1159.9769    832.5665
     1278.6283    558.0833   2203.6643
     1626.7894   2186.5312    738.6326
      880.0829    674.1995    683.1718
     1398.8446    179.0047    513.7903
     1891.5256    784.5753    328.4942
     1674.3711    612.9901    403.4745
      507.4539   2207.2737     14.3608
     2087.4771   2064.5830   2193.3452
      630.3004   1098.1455    974.1860
      667.0824    993.7309   1861.6124
     1991.0930   1670.9438    543.6127
      117.0399   1842.1216   1408.3989
     1810.4254    904.0707    117.5648
     1208.8224    635.8851    850.6540
      950.1367   1362.0990   2039.0658
     2003.2943   1139.3370    691.2676
     1647.3483    511.0866    100.7225
     2239.4983    808.8754   1318.5984
     2230.6062   2175.6306   1359.5972
     2015.3232    917.7062    546.8044
      113.9678   2034.7515   2066.6643
     1005.7904   2245.8401   1492.5020
      107.7254   1673.1036   2257.0061
     1378.1189   1515.4712    167.4543
     1058.9059   2224.2710   1810.8881
     1654.9901   1184.3522    222.8440
     1844.3779     79.9150   1699.1982
     1801.9552    394.0381    997.7273
