      917.6174   2257.2061    133.5811
      821.0867   1535.8290   1186.2852
      813.8743   1803.4697    118.1331
     1173.1294   1061.7136   1654.9685
      612.4923   1829.5568    683.6207
      615.6636    599.5824   1011.4677
     1861.2933   1580.7118   1127.0073
     1208.9379   1982.1113   1195.9308
     1468.8535    291.7964    862.3904
     1470.8094   2082.9121   2206.5291
      558.4676   1532.5282   1515.1737
      902.1550    291.7521    187.1688
     1195.7008   2103.2566    409.9385
     1018.5461   2237.6274    764.1991
     1370.6021    910.5458   1226.7010
       12.5314   1230.6735   2064.2852
     1150.1532   1821.5869    790.7200
     1248.0247    192.8512   1405.5442
     2085.5366   1892.7609   2176.5618
     2090.8733    376.3427   2030.8495
      979.6302   1883.5582   1158.1151
      636.5933   1845.5682   1734.9838
       10.8777   1037.7267   2045.1836
      738.5807   1248.5127   2158.7373
     1186.2350    821.3607    633.0486
      141.0158   2197.8323   1561.7601
      294.0871   1579.9572    866.9615
     1401.8154   2247.6763   1758.1388
     2064.9446   2125.3008     69.5826
     1927.6913    167.2276    295.8829
      690.5324    897.3198    534.5865
        2.8118   1275.0624    679.2920
      512.7601    142.0417    678.3704
     1626.6870   1559.7789    773.7599
     1277.9833    763.3617   1726.2933
      669.0077    323.2028    700.2827
      786.6191   2009.0645   2067.7671
     1379.5526    386.9343   1426.4789
     1986.2555      1.5511    469.9860
     1614.8507   2025.6603   2039.8485
      270.6515   1449.7792   1387.7181
      463.1537    313.2715    312.6617
      452.7512    331.4580    827.7119
      390.9782   2009.9790    819.8815
     2056.5146    200.8997   1236.1818
     1611.6805    117.5016   1660.7083
     1072.8898    114.7942   1132.3221
     1086.6013   1287.3342    657.2115
       75.2704    733.3965   1503.7295
     1143.9304   1118.2887   2237.0134
      572.4349    865.7050    952.4848
      914.5093   1376.9974    400.6779
      184.1959   1329.2307   1564.6833
     1599.5077    870.0939    203.3059
      793.1655   2257.3569   1655.2560
     1510.4869    810.4938   1355.4438
     1587.5818   1393.0299    662.1909
     1293.2717    271.1489     17.6882
     1388.6271   2010.7307    581.9739
     1676.8815    685.5792   1496.6714
     2185.6885   2247.3784    572.8003
     2212.6521    556.0845    978.0427
       61.6942    157.7007   1881.2375
       14.8088    502.1880    723.2609
     2258.6855    692.3476    302.5707
      752.1187   1357.7344   1283.2234
     1328.3245   1243.5033    551.3865
     1453.2386   1612.6038    354.0515
      904.3587    362.2068    703.6122
     1303.1780    801.8514   1487.3542
      931.5706   1363.7759    790.1488
     1844.4004   1948.1884   1986.9282
     1379.8149   1109.7777   1128.5254
      309.0701   1480.3099   2022.6237
     1565.0532    234.1892   1417.6938
      268.5630    184.3716   1982.2166
      619.6545   1868.7445     43.8127
      388.7478    135.1845    956.2971
      931.8060    418.2824   2018.1064
     1610.8372   1754.1862    645.6392
     2063.3506   1514.5303    987.1299
      585.4562   1020.5222   1123.2935
      592.4130   2000.8536    764.4493
     1478.5934    926.7573    361.1650
     1587.3188   1607.4746   1458.8785
      682.2740   2260.7256   1387.1196
      381.9529    791.5612     59.9402
     1250.9661   1798.0724   1258.1388
      746.0474   1699.7953   1532.6796
     1151.6005    428.8333     76.8779
      108.8680   1363.0983   1911.2056
     2023.1132    120.8620   1494.3832
      239.8383   1646.9529   1061.5610
     1086.1749   1501.2739   1913.9271
     1729.3071    410.6938      3.9099
      740.3555   1991.8167    588.6959
     1301.8013    295.2330    305.3462
       31.7700   1288.7676   1711.6624
       24.7715    123.0598    422.1001
      280.1644   1705.5140   1974.3239
     1788.7550   1238.6893   2254.1814
     1884.7438    936.6923   1182.8890
      687.4056   1418.5171    803.0181
     1529.8168    757.1926   2213.5825
     1923.4641   2260.4902   1351.9706
        1.7745   1633.8624   1029.0596
     1571.5264    361.0254   1785.5632
     1774.8168   1882.3817    572.9431
      225.1503    766.0701   1884.7257
      212.0407   1116.8053   1191.2611
     1381.3292   1507.6154   1743.7434
     1527.1371     35.7508   1258.5217
      189.4284   1805.5840   1243.7037
     2183.6006    565.1190   2044.1110
      177.8807    449.0190    544.4464
        2.8159   1781.1145   1362.7667
     1342.3793    570.7610    450.1505
     1900.6838   1889.1189   1536.8599
     1068.3081   2258.5010   1649.9146
     2055.3066    910.4717   1614.9930
     1749.3563   1999.5492   1165.2935
      320.4482   1188.9431    495.7527
      199.0402    250.6960    565.4095
      923.0262    909.2549   1266.5928
     1933.2454     35.6871   1762.4598
     1597.0673   2047.0465   1336.7346
        3.8533    813.0024   1111.3315
     2176.6216    147.9856   2023.7600
     1238.8218   1024.3236    962.2550
     1677.2250   1025.1890   1787.3566
      671.0006   2034.5093    956.6213
      176.6869   1100.1765   1676.7803
       20.9938    175.0193    771.2710
     1979.8547   1655.4167    811.5209
      154.2907   2055.4055   2051.3606
     1095.9646   1772.8296     70.5919
      272.5976    353.7920   1060.1190
      227.5544    165.8439   1664.7959
      332.8137   1348.6179    915.7878
      628.4337    339.6645   1340.7526
     1290.7303     32.2167   1239.7863
      737.2530    572.2701    385.2732
      528.1402   1546.6923    638.6967
      562.1076   1303.2633    956.0803
      862.2652   1603.2992    485.6519
     2043.4792   1818.7378   1402.9631
      982.8003    807.9981    655.7183
       58.6060    340.1973    386.5868
      621.0220    954.1529    193.2842
     2005.4811   1726.6863   1679.0828
     1106.2826    629.7089   1610.8687
     1207.3796   1733.8096   1463.2623
      397.2831    214.8152   1211.0192
     2128.4780    371.3021     11.4817
      481.0342   2124.0703   1310.7456
      645.8547   1733.6564   2119.1873
       14.9794   1679.8610   1882.0023
     1030.3274   2116.6028   1110.1847
      939.5829   1979.3140   1919.4116
     2166.0657   2111.5664   2088.1550
      747.3160    923.5044   1884.4685
      454.0091    553.0775    696.6591
      127.6385   1621.2782   1472.3350
      303.0655   2259.1157    418.4199
     1986.0081    771.2745   1817.9579
     1818.9751    764.2227   1340.6001
     2034.1056    738.0120    778.8408
     1927.7621   1157.8840    226.3000
      502.4579   2132.4185    412.0641
     1439.0042    178.0962    410.9037
      535.8871   1226.7920    445.7505
     1684.9918    852.7496    411.4505
     1936.4242    354.8636    601.5624
     1750.8596    913.9214   1487.2242
     1341.0948    724.2917    298.7221
      397.5586   1247.7319   1169.3978
     2110.9104    553.5401    269.1224
      901.3714    468.2971   1253.1687
      209.5639   1272.4369   1338.0271
      284.2379   1941.4592   1831.4175
     1463.8788   1550.9236   1110.6112
      271.1004   1961.5188   1619.8379
      430.6700   1571.3735   2231.9478
      867.4977    930.1684   1673.3986
     2254.5127    216.4961   1390.8569
      711.5328   2015.2288    168.5662
     1991.4542   1478.2256   1291.8427
     1007.2322    868.9337   1076.2169
      623.2900    595.8288    537.3423
      529.1040   1019.7513   2055.6265
      294.6521   1965.0729    409.8455
     1232.9727   2141.8193   1034.1163
      382.6261   1967.7145   2258.3801
       71.1414   1157.3516   1464.5681
      717.8307   1109.0614    439.6871
      585.3916   1222.1072   1783.6458
     1363.3628   1238.5549   2109.8682
     1072.7389    646.4636   1020.4763
     2072.4666   1174.4008   2007.3362
      955.7080    771.8334   1468.6716
     1271.8037    581.4806   2018.2040
      109.2012    881.6426   1733.4857
       60.5146   2262.7668   1302.6742
      146.7823   1725.2388    231.3786
      195.0488   1007.2142   1890.8494
     1201.8857   1954.5841   1577.4930
      983.4981   1128.8489    770.3083
     1819.9883   1322.0115   1371.9189
     1398.0210   1746.9623   1093.6890
      516.7103    565.6689   1347.3044
     1969.9830    748.5899   1497.1392
     2138.4961   1705.8351   2064.0527
     1477.3373   1107.4995    198.2654
      843.5801   1745.0043   1343.9250
     1943.4552   2067.6941   1235.8412
     1296.1786    777.7776    927.5793
     1850.5312    723.5241    545.7869
      490.5018   1381.8508   1345.4050
     1924.6508    382.2119     85.9934
      396.1967    542.2840   1532.7933
      157.6780   1842.6812   1482.1875
      528.5261    237.9746    104.3336
      826.8552   1507.6975   1411.1257
      173.9328    645.3499   1683.4917
      381.6949    906.1032   1048.2389
      730.7574   1286.9248    321.7457
     1618.7866    559.9233   2077.3228
     1984.7037   1583.8312   2115.3159
      715.2623    724.3634    878.8582
     1070.4443     63.2764   1934.2800
      447.5708   1853.6606   1669.2502
     1778.8700    231.9125   2160.6953
      479.9326    659.8732   1881.3849
        9.5736    722.4230    875.0028
     2074.6362   1344.2853   1153.2565
     2154.6760    427.4167   1321.8270
     1776.5244   1710.8108   1789.9637
      346.2127   1133.1998   2152.6655
      394.3912    723.0866   1676.7135
      570.1204   1904.7006   1321.6017
     1435.1552    277.0499   2096.1191
     2121.0308   2245.0654    277.9288
     1060.0900   1733.9552    528.8587
      671.6489   1127.5353   1582.4523
        9.2063   1068.4246   1106.5231
      135.0064    620.5462   2042.2810
     1933.2275   2245.8640   1112.4408
      168.8951    797.4545   2216.1394
     1616.3668   1008.9680    617.8969
     1649.9579   1161.4398   1620.0618
      374.3894   1831.2313   1394.3738
      766.6282    848.2344   1083.2477
     1802.8073   2061.8997   1398.7174
     1666.5671    306.7413   1991.6705
     1755.3706   2071.9995    357.8820
     1255.6670   1399.7128    650.3989
      558.9445    981.1186   1817.5387
     1306.8782    357.8282    518.4734
     1214.2705    153.7264   1710.6890
      720.5789    776.7845   1368.0370
      384.1401      9.8764   2082.4636
     1245.5576   1008.8979   1387.6342
      356.1896    370.3834   1997.7976
     2043.1221   1965.1616   1648.8329
     1592.4818   2131.7659    573.4867
     2002.0723    534.7997   1658.5504
     1262.3800   1667.1239    451.8205
      697.4265    146.3209   1889.7194
      628.4483    952.8266   1315.2766
      702.2661    404.5763    924.9267
      813.7856   1420.5740    615.4669
     2250.8997    410.3344    155.5804
      259.5785    168.4150    757.2337
     1965.3374   1263.7604    750.1232
      727.4239    406.8569   1644.7479
     1986.6515    799.3780   2239.2202
     1090.7212    360.8650    280.8429
     2147.9634      4.0667   2197.1228
      107.1917   1733.5480   2067.3418
     1341.6168   1958.6434   1372.6514
      126.6317    899.1419    304.3634
      620.6481    903.3448   1605.9045
     1101.1884    767.6924    221.6922
      413.3217    657.9700   1126.6550
     1282.0873   1938.4956     41.9768
     1124.4055   2226.2654    209.4030
     1716.2935    375.0804    400.4868
      180.8125   1510.2548    337.1273
      813.0446    924.8914    746.0465
      355.8684    932.0277   1706.1538
     1033.3436   1897.6035   2110.8181
     1160.0037   1269.1919    883.8018
     1873.0441    435.9721   2099.6443
     1306.2767   1528.3778   1517.2300
     1835.7549    970.0635    105.2209
     1682.7157    910.7946   1224.8699
       52.0464   2121.6326    424.7200
      150.0354    267.4377    145.1582
      623.3466     81.6560    469.8750
     1278.6791   1038.0437    478.9999
      281.7192   2238.2346   1317.1782
     1506.6698   1668.6693    913.9741
     1561.3209    793.9341    583.8600
      732.4085    352.8193   1150.9579
      745.8458   2260.9424    702.3165
     2054.8767   1897.2711   1185.5673
      781.4294   1494.8981   1609.2754
     1544.7664    645.0514    370.8777
      704.1186   2049.5515    376.9701
     1783.6292    585.9368   1943.3853
      197.6919   2001.8789   1326.9213
      798.5344   1067.1725   1185.1346
     1038.1373    268.9676   1317.6361
      233.6096   2205.0342    888.4854
     2144.8098   1846.6050   1783.3612
     1025.6860   2001.6658     35.8796
     2150.5005   1346.5381    869.5919
     1408.1943   2178.1516   1391.5333
     1106.7008   1479.0732   1585.4908
      574.7615    791.3863   1180.8964
      210.1562    624.5199   1020.5907
     1465.9186   1798.0151    478.5717
      347.7859   2259.3684   1621.7566
      929.0459   2166.0283   1815.9135
     1485.9430    468.3224   1943.7749
     1531.7128    468.2209   1568.7415
     1038.5804   2204.1348    538.3973
      495.3384   1488.1071    862.8095
      190.5957   1188.0872    977.7239
     1160.0115   1675.8680   2099.4580
     1288.9388   2151.5840   1596.9047
     1824.1177   1935.9633   1779.5137
     1472.6031   2021.4325   1530.2302
     1199.0532   1189.2235    157.1662
     1225.0923    634.7790     93.8670
     1123.1469    863.4479    413.5612
      678.0211    555.9430   1207.1810
     1894.1388    386.0228    301.4483
     1068.4059   1853.1443   1373.3011
     1474.5505   1432.7279   1402.0773
     1381.9081    457.8109    721.0768
      235.2805    870.8923   1553.8944
      498.4930   1700.1326    791.3157
      681.0800   1378.5582   1941.7721
      221.1878   2139.2063     47.3374
     1616.8390   1803.6838   1675.9066
     1618.1205   1827.3260   1910.1010
     2222.3413   1616.4193    219.3522
      167.2874   1924.4951   2262.6829
     1666.9332   1419.4684   1053.3844
      211.2816   1369.7417   1140.2634
      632.4583     56.6303   1018.6771
      902.1722   1215.0645    568.9169
       54.5696   1974.4362   1649.5194
     1366.1918   1078.7209     10.9630
     1213.9917    770.8398   1128.9706
      857.2496    330.8571    419.1118
        1.3567   2025.9252   1844.5138
     1512.3352    885.8458   1823.1602
      915.6559   1987.8038    236.5862
     2254.9333   1126.3212   1834.5455
     1988.3976    886.5955    579.3659
      983.5466    146.5957   1760.6809
     1362.2252    610.2445   1158.2019
     2220.1616   1682.7788   1642.3461
     2114.8225    363.4023    357.9250
     1290.6306   1310.3151   1869.7225
     2104.2930   1578.0994   1811.6564
     1694.4077    161.0028    326.9956
     2169.3599   1563.7054   1451.7922
     1020.1855   2259.3721   1288.8522
      434.7678   1762.9587     96.1086
     2009.5319    395.3764   1109.4193
     2190.4045    297.9392    934.1740
     1970.2968   2101.2300    267.6902
      131.2159    546.9249   1414.5206
      559.1474    370.0234   1911.7126
     1893.9561   1064.9315   2151.8914
      854.0112   2018.1187   1041.6749
     1755.8630    456.9576   1757.9031
      137.5038   1557.5765    105.1037
     2079.3555   1718.8585    345.2560
      547.2539    674.3246     15.3070
        6.3469    706.2852   1855.8706
     1405.5348   2234.5325    623.2523
     1987.5618    530.9207   1888.8771
     1850.8844    861.6642   2046.1039
     2112.1003   1401.6505   2061.5496
      925.7391    804.4688    897.7376
     1219.1481   1464.2976    422.0881
     1548.3358   2226.0530    357.8725
      376.7538   1488.0656   1071.7062
     2018.4816   1608.1873    142.1343
     1000.2030    673.5004   2050.7681
     1984.3984   1903.5424    433.4701
      310.5359   1801.7454    813.6482
     2247.7610    474.2242   1622.7693
     2000.5718    542.0934    905.4649
     1971.3898   1304.2222   1748.7720
      933.7339   1186.1226   1924.3455
      206.7229   2225.6318   1967.5150
     1397.0797   1769.7821   1568.3507
     2215.3909    635.9023   1236.7190
     1010.2581    248.8037   2113.4656
      346.8141   1673.8728   1777.5107
     1849.8793   1511.1166   1707.0641
      519.3553   2100.6738    198.0147
        5.2361    842.4697   1347.4163
     1959.5652    540.0417    441.0077
     2218.1143   1685.1882      5.5397
     1644.8267    957.4566   2226.7361
     1775.5979   1112.2500    859.7134
     1226.5018    353.2827   2079.7468
     1419.6270   2224.7898    976.0106
      206.7277   1283.6246    339.7466
     1591.2667    337.4684    584.6156
     1950.6635   1051.3596    709.6938
     1745.7201    530.0831    553.4851
      309.1177   1889.9022    209.0546
     1953.3230   2101.5740   2067.9722
      839.9264   1230.6646   1050.9733
      689.0322    825.6639   2260.6497
     2235.3477   2243.7673    971.6749
      146.9986   1587.2264   1250.0941
     1495.2434    422.9385    375.4514
      848.5421    596.0649   1012.3329
      189.6737   1552.4929   2169.7180
     2218.3145   1252.1024     27.5478
     1369.6735     67.9152      1.8294
     1951.4209   1183.0964   1228.8469
     2169.2234   2148.1104   1667.3478
     1595.9335   1576.4191    544.0629
      110.6921   2254.6169   2143.0513
      985.3304   2048.2314   1364.0054
      487.4707   1255.1484   1990.8097
     1402.3512   1574.5900    139.0143
      926.2940   1869.8698   1559.3441
     1431.2031   1435.8983    491.3996
     1903.2194    325.5396   1582.6066
     1763.6370    387.5383    747.0530
      891.0939    765.3418    406.8820
     1611.3905   1957.6023    724.0833
       99.1929     47.7986     93.6760
     1917.6589    593.9323      5.8977
     1706.4648     33.4465    950.4671
        9.0505   1532.7434   2056.2773
     1260.6721   1888.3428   2102.2354
     2156.8379   1758.0104    772.8406
      480.3998   1176.8433    767.6740
     2046.4393    723.4567   1058.3477
      304.4283   2098.6638   1457.3866
      519.8053   1893.6379    291.6158
     1892.8727   2012.6327    736.9302
     1812.4272   2134.2629   1703.6874
     1661.6327   1662.5046   1104.2736
     1859.2981   1424.0516    583.0916
      400.5083   1764.9259   1173.6672
      378.9667    581.6908   2085.6638
      569.1710   1680.6252    339.4656
     1213.6421   2112.3579   1350.1949
     1825.8915     95.9782   1590.9990
     1446.4226    667.1781   1604.9738
      843.7947    601.7239   1925.7623
     1561.8284    207.0321      0.2247
      229.8055    953.1093     92.7447
      604.1211    176.1380   1196.5560
     1470.0966   2104.4814    820.9468
      401.2242   1025.1566   1245.0864
      426.8611   1307.1826   1534.1901
     2138.5930   2250.2112    791.0198
     1920.7817   1787.6693   2223.0386
      304.1342   1121.6591   1494.7823
      776.7582    761.5181   2034.3215
      710.0944   1903.2920   1496.7568
      333.3703    122.4202    166.8350
      414.5124    505.3969    959.0176
     1917.3521    582.1692   1186.7144
     1650.1910   1575.2224   2127.9807
     1176.1658   1238.0455   1136.3594
     1429.0181   1318.9080     77.2159
      685.8505    523.5995   1819.1335
      680.7244    544.8209    760.1548
     1871.4232    579.6788    765.4902
      192.1960    161.6871   1229.0654
      780.7609   1932.4910   1258.7515
     2077.5518   2067.7671   1416.5887
      395.2638   1612.4431   1317.9531
     1663.9669    611.2134     56.2943
      115.0036   1468.9943    970.6068
     2207.4214    718.3647    625.1438
     1580.4076    875.4844   1627.0477
      191.6191    360.6130   1511.6980
      923.9546    597.8607    772.1894
     1254.1837    115.1967   2053.2700
     1449.5753    623.6652   1400.8618
      497.8954   1033.0333    580.9326
     1755.2712    690.6190   1026.2314
      805.5906   1899.0824    825.7322
     1767.1580    398.7050   1235.4094
     1685.1033    245.1420    901.6882
     2073.0046   1931.5546   1969.6608
      280.4684   1888.2759   2083.4773
      706.8507    508.0325   1445.0427
        0.3923   1154.0254    863.4883
     1132.7971   1174.0055   2011.2686
     2224.4302   1455.5575    468.9299
       60.7614   1355.1382    195.4377
     1065.4708   1071.5599    389.1855
      869.2294   2075.3794    756.7244
     1743.6912    167.5153   1811.4521
     1746.8729    482.8823   1426.6881
      156.2104   1423.8394    582.7171
     1777.9094   1678.6158   1559.1082
      397.0442   1118.0232   1858.6469
     1413.0449   2104.9292   1165.7322
     1312.8179   2258.5625    400.4623
     1972.4825   1799.3497    659.7829
     1874.7993   1664.6464    438.2822
      243.1991    387.4613   1717.1213
     1700.4470   1765.7589   2239.3887
     2072.3560    133.5937   1008.5170
     2138.7688   1344.2247   1871.5121
      846.1533    994.4011    298.6745
      325.7052     53.6581   1823.3817
      415.8856    340.1691    597.7173
      786.3611   1438.2664    168.3623
     2143.9961   2010.1074    328.7556
      926.1995   1355.8037   1541.9183
      962.1659   2066.1267   1565.6505
     1031.8165   1689.3700   1242.7522
      289.9575    707.7953    362.9443
     1094.5647    844.6683   1681.2773
     1722.3368   2194.8684     13.8786
      417.7030    866.5945    245.3125
      754.1760      3.2925   2092.2085
     2214.3770    325.1729    593.2708
      975.9528   1583.8275   2140.3374
     1594.1010   2097.8201   1020.4248
     1812.9301   1836.9733   1044.5874
     1410.1051   1062.9036    636.7889
      274.2379    545.2979   1873.6892
       18.0559    935.4079    896.8792
      619.9272   1658.6097    143.8614
     1299.7448   1680.0839    886.5954
      716.3952   2191.1277   1833.1765
      520.5430   1630.4817   1899.6053
     1062.3721    987.5391    163.1536
     1245.5555   1128.9803    758.3654
     1726.1980    755.0113   1825.7476
     1348.8599   1223.6571   1308.3413
      821.2550   1733.0814   1726.4498
     1169.1417   1869.8335   1008.1751
        8.0145   1656.6016    457.2934
      948.6450   2179.6431    333.4958
      291.6703    985.3810    662.4957
     1033.4724   1491.0144    579.6526
     1808.6259   2068.9377    954.2579
     1128.7898   1559.8324     23.9468
       85.0208   1810.3024    896.9091
      767.9727   1216.4556    122.6934
      205.3589    244.4301   2187.1050
      810.8757   1420.1403   2151.9390
      325.2538    507.2830   1255.9961
      798.0802   1288.9979   1722.0375
      312.4621   2109.2532    601.0744
      710.8640    204.1294    256.9813
     1782.4905   2161.0037   1936.0540
     1754.7339   1825.3934    823.9434
     2205.8591      7.4416   1494.6377
     1969.9719   1905.6042    904.6496
      459.5304    508.1479    408.3655
      500.2963    176.1472   1417.1334
     2061.7649    823.3546    202.7171
     1566.7159   1345.6520   2156.4014
      175.5128    957.7473   1363.2861
     1100.8771   1047.3134    616.5723
      411.2955   2260.9236   1138.9015
     1970.8651   1633.4817   1469.9269
     2021.5255   2095.9099   1825.8041
     1550.7477   1078.5076   1255.2891
       17.1582   1016.0437      6.0426
     2100.5642    319.2698   1560.9894
     1445.5625    209.5527    660.1069
      208.7580    985.1793   2117.2756
      621.6678   2194.2036   1172.1489
     1709.6515   1063.4666    272.5442
      329.3162    791.0595   2079.2417
       66.4689    576.3148     64.7651
       79.2557   2046.6522    606.3377
      799.7097    705.8048    612.2521
     1403.2812   1948.2228   1956.8571
      371.0524   2071.1582   1986.0892
     1150.1632    729.1961   1904.5392
      204.6254    611.9527    728.5743
     1451.7267   1267.4121    760.9026
     1380.7939   1241.3383    945.9695
     1496.9133   1318.8011   1151.6600
     1861.4166    214.8308   1085.9856
     1254.1825   1062.4199   1858.9678
      303.3271    914.9633    439.7957
     1478.4749    644.7800    151.7819
     1812.8505   2255.8313    213.2554
      888.1356    539.1889   1692.7606
        2.3902    498.8976   1849.2131
       17.6102   2048.8491   1421.3401
      550.8611   1660.8667   1676.6674
     2024.7668   1188.7238     31.7279
      972.1859    923.5901   2195.2607
      377.3015    811.8920   1291.2734
      777.5361   1619.3555    295.7399
      437.6006   2102.2371   1750.3820
      815.9103    983.2559   1459.2377
     1435.9791   1663.9774   1329.0680
     1710.3386   1243.5844   1206.1469
      401.8536    239.6104   1801.5349
      489.2162    954.9758    781.2963
     2259.3364    843.6389   1999.7548
     1707.1086    703.0507    745.5027
      945.7329   1130.5216   1620.1680
      272.9587   1363.2479    115.7066
      969.5780   1919.7931    668.5726
     1280.2406    128.2959   1031.7505
     1819.1462   1618.6428    646.5134
      466.8533    461.2950   1733.6837
     1666.7423   1711.1476    353.2290
      773.3435   1600.3845   2003.3275
     1897.4136    313.4047   1817.3601
     2164.2354    577.2864   1462.1785
     1253.4473   2191.7825    774.5205
      761.6520   1828.2910   1942.6040
      517.2616   1950.8800    528.0118
      114.3995    768.7451    506.3170
      355.2440   1359.8844   2183.2720
     1469.6136    942.5812   1006.8250
     1647.1949   1470.7097   1257.2791
     1194.1185   1564.8004   1755.7018
      625.5209   2102.0757   1633.5620
     1519.8907   1100.8964    843.0540
     1958.7598    999.1979   1428.3885
      424.6905    150.1473    471.9715
     1751.7792   1092.5295   1399.9962
     1255.6233   1837.4265    591.5186
     1166.4541    995.0626   1158.8920
     1330.9006   1419.1749   1225.1780
      698.3993    174.8293   1486.4022
      830.1285    161.8327    791.7561
     1915.7979   2258.5867   2232.0435
     1895.5352   1450.0304    814.6219
     2076.9541   1389.9208    591.8704
     1177.0291   1903.6274   1887.3719
      420.4743    544.5137    191.6453
     1575.3782   1387.7974   1773.3444
      841.2057    320.0742   1845.8424
      514.2411     73.1969    265.6478
      931.5234   2000.4547    469.5204
     1894.9486   2020.8363     15.7592
      549.6652   2158.1738    616.0803
     1495.5598   1894.3363     50.0107
      641.0869    235.8567   1690.7455
     1086.2775    296.7565   1871.3516
      171.2524   1754.0691   1709.3235
      724.1260   1096.2843    670.7088
     1658.8267   1759.3718   1295.5303
      954.6823   1317.4041     16.7519
     1003.0786   1800.9177   1762.7518
       70.7959   2224.0999    763.0084
      398.8818   1479.3956   1656.4321
      256.1667   1603.9817    666.4354
     1523.9106    568.6397    605.0293
      868.2420    347.0657   1435.8149
     1480.4181   1815.7225    254.6210
     1188.7253   1760.9668   1675.5735
      114.9783   1497.7306   1668.3081
      935.5827    559.7423   1440.0948
     2247.5806   2020.5504   2258.7869
      830.2106   1025.5089    943.5591
     1848.1399   1216.3777   1954.7115
      109.9672   1376.4343   2192.1479
      366.0725   1490.5980    483.5869
     1586.9924     95.1080    552.2381
      724.2881   2254.9446    311.6596
     1018.6241     18.9306   2172.7957
     1262.2163    437.1790   1598.5065
     1769.2262    920.8918    728.9070
      474.5350   1885.8638   1001.7215
     1399.7506    403.0383   1059.9078
     1568.9757     70.0571    786.8732
      472.2948   2141.2996    981.7413
     1185.0072    954.9084   2072.5654
     2096.5586    360.7261    764.3529
     2188.5679   1856.4004   1541.0259
     1602.8406   2030.2649   1802.6462
      442.9511   1759.6515   2127.7996
     1515.9113   1893.8403   1177.8308
      712.7279   1615.1974    986.3307
     1446.4460   1454.7285   1969.2253
     1806.3656   1044.7433    519.7393
     2025.2769   1196.3925    985.9303
      145.5103   1056.7739    447.5384
     1435.0946   1340.2112    298.1660
      949.2821   1631.0879   1043.8937
     1014.4649   1114.3909   1012.9167
      779.2778    552.3872   2147.7756
      426.7766    953.5052   1479.5546
     1076.0343    520.5047   2157.3010
     2151.5183    694.4092   1676.1244
      974.2921    898.8101   1962.8513
     2201.6243    177.9068    198.6676
      201.2824    460.3572   2174.0547
     1118.3071   1922.3104    427.1373
     2127.0740   1232.7585    346.5872
      688.0969    278.3322   2259.8521
        7.9692   1463.4559   1197.3206
     1310.1809   1207.9078    330.4841
      561.7940   1942.9760   2097.5210
      627.3156   2090.5686      3.2027
      554.2096    795.5521   2058.3025
     1264.7211   2129.1560   2087.4690
       76.6975   1592.9368    797.3275
     1067.3927    193.7628   1513.1921
      596.8317    768.4950    718.1194
      919.6193    989.8629    525.8583
        2.9289   2218.7056   1890.5579
     2062.8159   1830.9602    156.0696
     1035.0707   1358.8505   2063.0593
     1925.8796   1399.2710   1535.4241
      252.6329    226.8448    347.6601
     1812.4167   1573.2340   1348.7557
     2244.0903    193.2373   2227.5168
       91.2004   1067.4233    659.0911
      836.6586   2255.7449   1114.0242
     1089.7623    599.0071   1229.4586
        1.9021    828.2621    116.6903
     2127.3491   2258.6296   1242.3798
      991.8345   1368.0251    993.2100
     2243.9546    548.2920    471.6523
      570.8457   1392.8660     69.8462
      701.2272    801.4265    303.2673
      569.9592     97.4301   2181.0950
       24.1110   2043.1830   1194.2308
      218.8803    481.6774    299.4735
      885.0544     86.5198   1963.7272
     1232.5061    325.6812    911.3170
      599.7216    568.7092   2045.5575
     1365.6355    821.3883    527.1711
     2097.7371   2091.9539   1086.5743
     1432.4639     80.0533   1515.2478
     1329.7592    845.2654   1930.5653
     1612.9415    354.9462   1067.9923
     1586.2089     50.7182    122.4502
      808.7145   1988.7981   1711.5781
     1343.0768   2130.3665    146.5843
     1665.6061   1279.0077    223.3770
      445.1182    968.0570   2254.7673
     2058.1604   2055.3630    590.2991
     1761.8055   1297.3090   1790.7317
     1993.7069   1055.6920    396.1456
     1373.3818   1998.1586   1736.4794
     1534.2887    448.7612   1273.3883
      845.4625   1795.3643    544.3042
     2011.0239   2119.6938    906.5415
      717.9572   1828.1472    365.1545
      237.5888   1877.0004   1029.2955
      755.0668   1418.8381   1000.8817
     1164.5491   2051.1958    629.8787
      342.5656    105.0477   2230.5803
     1203.6792    596.8889    621.3338
      578.8412   2160.0769   2054.5977
     2169.1382   1452.7798      5.6192
      708.1676   1161.4158   1963.1146
      951.9841   1276.6250   1234.3906
     2071.6626   1249.1108   1409.2330
      756.5417   1226.5938    840.4119
     1416.2650    249.6973   1237.7820
     1125.0645    448.7412   1057.2555
       35.4730     72.2720   1687.5795
      635.6334   1808.3176    933.2179
     1058.8727   1089.9723   1311.7053
     1555.2014   1219.0972   1434.8372
     2245.9292    437.0349   1145.1143
     1590.0414    489.5418    841.6584
     1680.7817   2262.0671   1442.8398
      611.6548   2213.1245    849.3641
      410.5314   1355.9685    648.3717
      590.1342   1414.0558   1695.4491
     1120.0510   1266.8524    445.9958
     1375.0326    687.4568    731.6669
      180.2958   1983.0588    787.7268
      863.6788    168.7454   1009.3728
     2118.3677    324.2173   1809.4105
     1454.4758   1104.2620   1935.6160
     1789.7700    194.2842   1376.2562
      166.0139     20.7400    586.2286
     1114.7028    697.7340    813.4305
       65.1820   2048.0061    960.5729
      986.5793   1670.9061   1536.1564
     1242.0345   1428.9337   1017.5984
     2027.7115    157.9005    666.9341
     1076.0544    520.0303   1864.9762
     1903.5231    851.9833    350.4127
      493.6500    786.3022    479.1392
      126.0705    350.3837   1939.2970
     2025.3154   1726.7092   1039.3345
     1541.4014   1824.8931   2111.8569
     1531.2932   1633.9648   1850.7513
     1699.4686   1549.0446   1912.4568
       83.8509   1781.3053    665.7040
     1314.6881    115.9012    829.8672
     1203.1527   1344.8197   2240.5178
     1311.4445   1479.7509    822.1398
     1204.6671     73.6600    597.0278
      468.2757   1124.0979   1632.9374
     1862.7050   1803.6305   1272.1564
      828.6251    157.3899   1284.5931
     1083.0021    936.1439    831.5807
      387.3366   1163.7694     93.7458
      434.4670   1745.3035    523.2298
      171.0871   2127.2256   1763.5651
     1716.6283   1213.0781    661.1537
      942.0535   1133.3881   2140.7246
     1488.6617    992.2340   1468.3029
      418.3302   2169.3330     19.2553
      859.5861    238.7103   1615.3677
      246.5595    383.3648    756.3611
      854.1584   1789.9935   2186.3499
     1025.2340   1583.3521    336.7928
     1200.0298   1652.1499    207.8299
     1229.9875   1708.9392   1918.0172
     1762.8737    754.6276   2204.8335
     1743.3468     29.8883   2087.0649
     1105.0109   2046.4495   1760.4755
     1111.3796     33.3781    945.3247
     1592.8405   2071.0415    198.7283
     1334.3734    789.6664   2147.0654
     1927.0732    619.2033    217.5000
     2086.9932    761.0189    436.2548
     1446.1736   1187.1185   1732.7064
     1682.1943   1101.8046   2023.4266
     1052.8369   1288.5494   1774.7366
        6.6453   1222.5455   1248.2006
     1259.1442   1416.8857    199.2246
      498.7712   2010.0237   1510.8148
      494.1379   1173.9432   1374.7415
     2034.8651   2258.6057   1954.5389
     1649.6499    846.4469   2003.1147
      544.9128    681.9703    271.7032
      342.4861   1095.3417    294.0295
     2124.8420   1641.2313   1227.8687
     1583.7086   1290.0640   1959.6672
      916.3621   1609.9990    114.1006
       39.9800    298.4212   1705.3480
     1182.4938   2183.2539      4.7944
     1270.8817   1976.8358    805.3157
      797.2711    188.4399    552.5101
      850.6697    155.4621   2261.5632
     1789.9160    203.1717    112.6911
     1823.5365    615.1839   1624.4219
     1316.8964    337.7037   1848.1252
      637.3361    181.9230    862.9075
     1527.8773   2262.4819   2120.2737
      977.3042   1711.0516   1955.6974
     1191.3464   1650.9076   1080.1058
     1545.0610    687.9071    889.8242
     1586.0481   1668.7863     95.1059
     1589.9197   1855.8662    967.8572
      324.6919    375.3810     88.6241
     2154.6235    918.1389   1793.6957
      911.2482    801.7789    170.0568
     1005.4687   1788.9043    293.6600
     1132.9459    756.6553   2194.0574
      272.9938   1193.6523    703.0605
      187.3608    917.5528   1084.8448
     1426.3540   2166.5178   1963.0093
     1848.3008   1571.4027     14.3844
      356.0865   1693.1909    325.5793
      927.7010    500.8130    298.4128
       87.8456   1855.9102   1849.8003
      202.5203    715.7763    175.8421
     1611.4730   1152.0828   1031.9985
     2107.6221    133.4364   1733.1674
     1327.6190    557.6732   1799.6964
     2169.4001    954.1160    702.5181
     1135.1393    172.8288    426.5280
     1832.4542   1109.0990   1055.5254
     1583.4517   1174.0377      8.3424
      859.2824   2221.6274    907.2115
      246.6097    150.9935   1452.1503
     1421.4026     65.4512    220.4771
     1048.5261    387.8295   1644.6821
      497.3556    187.1703   2008.4243
      178.8420   1171.2996     18.9352
     1677.6992    479.9480    224.5191
      373.8016   2242.0308    739.0476
      400.4219   1319.4598    294.4621
     1203.7452    911.6868     54.4819
     1418.5560   1830.2358    763.9547
      409.3599    890.8047   1922.6284
     1021.6795   1515.0083   1387.1278
     1523.9658    142.3520   1060.3285
       11.8716    223.1250   1139.6771
     1180.6844    281.6048    681.3540
     1181.2875    546.1732    313.0023
       17.2952   1827.1923   1112.5627
     1094.7958   1564.7488    883.6011
      823.2958   2133.7158   1269.8903
      725.2377   1640.8918    742.3704
      938.0675    133.6706    352.4402
      846.6791   2113.4880      0.6718
     1409.0604   2030.7792    330.4915
     1697.4053    181.1293   1187.9896
      622.1389    342.2544    473.3752
     1693.8026    918.1099    983.1727
      438.6308    313.1863   2179.2979
     1032.8285   1037.0092   1817.6838
     1403.4410   1504.8322   2211.5964
      436.4075   1442.5858   1862.9678
     1780.8242    215.8140    547.1878
      130.7923    829.7102    709.3781
        7.2264    381.4953   2133.4824
     2256.3059   1863.5814    149.0493
     1614.5543   2261.0637   1859.1776
     2122.5906   1428.4604   1632.7817
     1901.8461    793.1995    923.0288
     2160.7942   1916.0343    962.4133
      318.4724   2133.8936    241.2166
     1894.2174    167.7619   1969.8998
     1188.3973   1635.3317    676.4669
     1788.5626   1765.0771   2047.2445
     1793.0548    151.7696    741.6241
     2014.8406    990.3745    909.5685
     1920.7637   1477.9244   1917.9633
      525.8295    331.0390   1047.4725
      280.7614   2079.4121   1075.0718
     1696.5566    315.3076   1560.9471
     2146.4102   1519.9624    746.6392
     1978.0042   1744.7906   1913.5070
      541.2567   1225.4573   2194.8833
      284.0110   1304.9165   1763.0366
     1015.9828   2127.6094   2043.6904
     1954.3320   2160.2434   1556.3158
      419.9002    285.8591   1596.1018
     1457.3242    687.7422   1992.6886
     1210.9409   2192.7212   1868.2266
     1755.7271    648.6401    348.2059
     1441.4176    154.1211   1899.6978
      886.0123    728.8538   2211.4321
      863.2520    697.2568   1221.4106
     1962.7651   1367.6190   2185.5073
     2091.4880    940.9393   1126.4089
     1333.6561   1174.0088   1510.8977
     2137.5378   1187.8936   1588.4436
      680.1940   1570.5809   2226.8831
     1594.2609   2165.1550   1629.3209
      921.7242    757.3779   1784.4797
      639.0435   1269.4208    632.0210
     1768.8011   1416.5240   2078.9370
     1280.5443   1843.7272    265.3534
      900.6266   1557.0216    868.2187
     1383.2870   1789.3352   1787.2738
      609.2620   2024.5592   1879.8447
     1648.7911    644.1426   1236.1665
      579.7712    479.0105   2255.0469
      534.0543    754.1171   1466.8304
     1140.0554   2002.8157    219.4715
     1827.5568    888.6237   1680.3346
      905.5813   1194.0452   1424.2373
     1330.3040    937.9356    768.9736
      309.1231    603.2698     11.8333
     1424.9915   1692.2632   2055.6016
      668.4691   1667.9296    522.5576
     2146.1555   1059.7305    206.9603
     1104.0671    801.1111   1317.6333
      816.0773   1794.0950   1080.1543
     1262.3121    447.4821   1252.6884
     2055.4565    953.5487   1991.7726
     1930.4772   1366.4011    150.7544
     1515.6473    427.0542     17.1534
     2094.9368   1164.7946    581.9457
      546.1656   1738.2914   1463.5073
     2185.3384   1855.8263    561.1655
     2137.8716   1436.4535    233.7827
     2059.4338    789.6774   1307.8413
      620.3947   1070.9766    896.9202
      766.6006    711.8796   1593.1329
     1188.5215   2262.3865   1460.1608
     2078.2307    985.3683   2249.1206
     1247.1378    627.9984   1381.4297
     1565.5023   1476.3279    224.6413
      268.2528   1023.0863    878.2758
     1402.6699   1625.6794    650.2114
      582.5592    581.5634   1637.0414
      288.9666   1882.7466    617.0574
     1966.9253   1445.6763    376.5293
     1664.6091   1241.6707    453.4894
      302.5972    614.5301    536.5491
     1926.7859     83.0056    886.9412
      981.1385    586.3098    111.8980
      758.2024   2093.0396   1478.9005
     1956.3298    330.6380   1357.5311
     2002.8046    212.2348   2153.5967
      631.9382   1746.4580   1188.3855
     2068.0549    196.3218    452.1931
      209.3854   1709.2815    465.5529
     1311.2921   1714.1072   2258.2646
     2001.7400   1094.4009   1769.9683
      258.4812    806.1778    890.2159
     2050.3689    553.0314    623.7144
     1374.2123   1946.3053   1005.3135
       13.8192   1285.5936   1035.8052
        7.9171   2133.7634    147.5067
      180.5250   1542.0481   1833.3160
     1831.4094   1722.2123    178.1149
     1248.6681   1432.0333   2048.0967
      535.5457   1498.0779   2053.1348
      125.5385   2262.1250    297.7243
      664.0789     32.5941     95.5034
      116.0949    420.9700    932.1015
     1995.9408    692.9229   2035.8075
     1943.7712    558.7914   1408.5951
      651.9415   1056.6105   2242.6868
      158.5112    371.5818   1255.2041
     1705.3235   2158.5303    750.0497
      653.0076    751.1191   1777.9005
      141.4948    179.0691    967.2387
      903.7826   2259.4028   1466.1019
     1049.4674    657.7291    468.5327
     1088.0243    181.0794     66.9714
     1550.0044    295.2069    207.0879
     2153.9685   1046.4103   1314.7776
     1696.5020   1398.8254   1532.5791
     1802.2039    481.6508    980.9112
     1868.5166   1151.1548   1592.9724
       44.5082   1232.3258    465.0468
     1894.9829   1915.1432    248.7718
      885.6805    496.4105    546.0998
     1277.6945    973.9689    237.1085
        5.0232    987.3734   1556.7161
     1694.9999   1988.8972   2245.4272
     1125.1283    477.0566    786.3948
      754.5995    613.1561    144.8325
     1223.7020   1581.6694   1302.6620
     1864.1129   1253.5070    423.7491
     1519.9678   1845.5698   1423.5703
     1864.8556   1361.1793   1037.5786
     2190.8608   2003.4985    762.4789
     1385.7682    972.6846   1659.3209
      951.2399   1667.3424    704.8928
     1738.3375   2216.1233   1212.9036
      621.0138   1226.2644   1148.4259
      858.3025   1041.8237     85.9123
     1691.4473   1887.3759    190.3441
     1583.0233   1565.8922   1658.0828
     1551.9064    878.0590    815.7750
      815.6188   2198.4434    522.7406
      360.5715   1558.4098    177.9889
     1066.2878    211.1317    859.1666
     1848.8202   2074.6440    535.1802
      381.7079    359.5021   1399.0841
       72.8711   1110.0693    226.1854
     1783.5706    777.4552    156.7424
      775.2995   1099.3370   1776.2411
      554.8098     46.1261   1675.7332
     1934.0929    307.0814    892.5038
      233.0501   1744.6606   2259.4509
      706.4825   1165.6722   1369.7880
     1775.5520   1608.5706    934.6326
      709.7874   1553.3110   1802.2329
     1682.6544   1951.7888   1556.3689
     1507.8571    784.1707   1133.0847
      662.8453    424.2640    217.0425
      566.7382   1460.5698    298.5963
      637.6929   1434.4607    498.6760
      482.0108   2229.9622   1465.2574
      681.1459   1332.9171   1498.8927
      229.9234   1213.9546   1969.1849
     1196.0948   1365.1741   1405.5629
     1582.0652    612.5312   1764.4817
     1055.4431    963.3305   1495.1012
     1051.9225   1405.4442    208.8834
     2073.8311   1612.9540    572.9960
      371.5741    771.4528    658.9999
     1902.1373   2239.9150    711.0554
      712.6761    334.7669   2048.0410
     1406.6649    849.4609    107.2710
     1104.1021   1228.1101   1515.3981
      154.3255   2251.6484   1100.7362
     1077.5651   1469.7039   1163.6106
     1554.6603    548.3978   1063.0056
      883.1080   1402.1339   1912.6824
      504.1275   1661.7693   1029.0370
     1412.9078    249.0996   1626.5157
      927.1733    388.1552    920.0671
      981.4977   1200.7111    241.4374
      150.7842   1368.5625    789.3193
     1210.1451    269.1262   1157.1134
     1464.1815   1353.4119   1588.0970
     2136.1531    594.1464     22.4434
     1775.0361      1.2841    487.4648
     1856.9567   1003.8782   1886.9926
      944.0044    309.7993   1136.1807
     1301.2307    560.4492    928.9341
     1496.1409   1441.0553    913.4684
      585.2419   1452.6340   1137.7371
      424.5180   1133.1979   1008.2903
      518.1742   1014.8112    373.5789
      517.8666      2.9511   1882.4730
      384.8579   1985.1031   1207.7495
      445.6686    713.2208    873.1500
     1802.8259   1527.3063    227.4676
      978.0710   1812.5220    909.9584
      135.4373   2009.6688    242.9490
       56.6702   1885.2330    395.5816
     1438.3889    969.7087   2096.0437
      458.1630   1845.2971   1900.1884
     1222.5516    142.3621    206.7880
     1356.0505    562.8487   2202.8071
      620.7845   1598.5806   1315.0095
     2253.1060   1374.3677   1432.8953
     1607.8038   1928.9896    434.4032
      787.2829    983.2506   2080.7129
      610.4933   1992.5045   1140.3374
     2026.3231    152.1048     96.5418
      893.0424    383.7026   2262.7590
       27.7746   1913.0988   2071.9731
      292.0534    693.7977   1434.7784
     1363.7115    462.4281    176.6041
     1106.8224    448.0063   1410.6287
      579.4310   1191.0552    202.6864
      986.8208    145.9928    605.7731
      330.6526   1669.4354   1520.3322
     1686.3304   1431.4921     59.4357
     1700.8300   1446.1158    407.1137
     1245.4879   1316.4564   1650.2651
      172.3578    702.7544   1237.2542
     1505.3916   1130.5835    444.1689
     2231.1565    753.4013   2172.6565
     1094.1531    433.9796    521.7407
     1066.5609   2040.8821    893.6068
     2202.3013    970.6222    468.6706
     1706.2913   1317.9717    872.7249
      944.9404   1533.4071   1733.0632
