      768.5559   1899.4846    271.1409
     1026.2388   1040.3239   1590.4065
      147.6555   1627.9280   1213.2072
      985.6157   1276.2100   1208.5237
       80.2690   1937.5172    339.9641
      685.0012    342.2870   2049.6504
     1453.3286   1147.1611   2018.3522
     2258.7991   2047.1057   1756.2037
     1188.2311    463.5553    481.0199
     2233.2461   1685.3185   1923.8411
      679.6331   1686.1561   1509.8184
      458.9354    925.3692    186.3248
     1205.9564    985.6025   1237.3174
     1326.5145   2112.9905    899.6246
     1578.6140   1261.4204    751.1624
     1003.8842   1363.4084   1810.8926
     1723.7131    745.8023   1616.3965
      199.6082    788.7002   1119.0204
     1248.9176   2232.3152    626.1085
     1899.1899    817.6904   1834.6581
     1070.9982   1671.0597    306.1579
      825.5824   1838.3134   2113.9368
       80.3894   1337.1320   2200.3623
     1312.5259    716.7218   1925.6544
       95.8877    875.7923     81.9943
      549.6736   2223.0215   1696.8875
      429.9109   2064.0913    442.9579
     1978.6515   1773.6017   2160.1570
     1106.9176   1880.3804    573.5440
     1806.0300    261.4968    145.2429
      928.0321    511.5796   2034.1759
      389.1551    588.9554    453.3445
      485.0864    404.1635    807.6113
        1.5117   1472.3713    191.7006
      180.2905    897.1830   1790.2963
      669.7079   1050.9105    384.2086
     1512.8137   1823.2224   1701.1970
      451.3037   1063.6345   1736.8995
     1975.7343    858.5128     55.9388
     2231.6819    169.3022   1972.8961
      353.6116   2034.0085   2204.2058
     1687.2262    862.6446   1322.7734
      564.9827     98.9124   1302.3314
      447.6417   1446.9668    758.4432
     2038.8696    586.7929   1042.9072
     1615.0774    406.9721   1620.5568
      301.6375     97.1409   1718.6893
     1702.1108    982.6207     50.2217
      281.2031    381.6432   1991.0312
     1214.1379   1414.0386   1537.0150
      931.7438   1499.3831   1435.3402
     1407.4624   1999.5466   1387.8647
      853.0880    601.3426   1056.4622
     1856.2542   1508.6976    663.7292
     1091.3726   2037.2316   2115.8735
     1707.8231    366.6628   1238.8021
     1005.1716   2132.1287    207.1890
     1940.7760   1479.2694    326.7837
     1432.2506   1807.6732    757.6021
     1845.3363     18.5770   1332.3051
     1043.1151    768.6222    655.7482
      533.2021    556.6468   1250.7814
     1237.7689    514.0063   2159.5657
      265.1850   1176.9038    188.4889
     2021.5092    298.5613    321.5583
     1631.5867    764.4333   2054.1143
     1824.2729    957.8978    482.4689
      728.5806   1348.1206    436.6769
      378.7898    758.4639    812.9099
      925.2012    370.6350   1306.3524
     1559.6569   1143.3925    297.0589
     1875.3362   2257.1155   1786.9238
     2020.5488   1480.4679   1845.9004
      304.5804   1831.9133   1410.1134
     1994.4342    894.3438    871.5620
      587.9883   1554.6633   1796.0605
      406.5093   1361.5782   1045.8379
      161.8068    193.3789    669.7366
       71.8848   1076.1351   1575.2216
     2167.3396   2028.0112   2232.5059
      940.9529   1357.5997     85.9953
     1515.0609    462.0711    815.2701
     1248.2600   1820.2877   1792.3652
     2007.5547    657.7766    630.3030
     2260.7068    586.8541   1918.9332
      803.4761   2229.9500   1406.2571
      387.6708   1030.5220    490.4373
     2152.2031   1670.8917   1404.0903
       54.3011   1989.7947   1452.7899
      350.1119    118.0248    381.1077
     1718.8933   1931.6110   2048.9919
     1245.1418    145.4063      7.9132
      684.3670    748.8923    849.9666
      933.4178   1662.8096   1771.6411
     1028.2958    150.7657    316.0834
      516.0780   1823.3679    134.6297
      603.5186    143.2072    641.4329
      548.3848   1445.2654    245.7880
       45.7257    756.3786    832.8658
      341.8557    741.7968   1999.2485
     2007.7747    591.9095   1588.0399
       78.2173   1291.9221    487.9007
     1227.2540    936.4468    334.2903
     2060.6746   1163.1343   1914.2012
     2189.2300   2042.7056    567.8134
      606.6010   1177.2253    729.8282
     1317.6383    446.9597   1177.2925
     2110.1570   2155.1113   1468.0276
      593.5289    485.5485   1573.6322
      319.6599   1703.2865    830.2100
      526.4960   2089.7034   2043.6875
     1027.3585    971.8545   1002.0825
      656.1899   1145.5148     70.6280
     1456.3865     24.2738   1441.3788
      488.0325    258.4776   1048.7948
      317.0338   2227.5679   1249.0608
      392.0758    332.1998     24.2520
     1465.9209   1510.2975   1913.5350
     1119.9393   1241.1750   2087.5330
     2046.0745   2095.0479    929.4727
     1954.4772   1778.6433    254.1832
      213.0128   1695.0389   1659.7729
      394.1111   1578.8107     22.7609
     1227.6521   1701.0581    975.8352
      822.7426    106.6984   1020.6441
     1964.3978   1758.4896   1759.9500
       57.2237    528.3804   2256.2437
     2132.9487    147.4884   2255.1479
     2165.4487    279.6289    898.4775
     2068.8877    675.9528   1298.9730
      298.7976   1586.4657    340.2650
      196.9720   2027.9637   1954.4431
     1126.9274    671.7408    922.5156
     1848.5175   1202.3744    338.4933
     1004.6184   2255.3586   1704.8778
     1882.7551   2111.4844      8.7707
      823.2076    391.0445    843.2753
      274.2779   1107.3796    864.0444
      355.8947   1235.7772   2011.0406
       52.4631    466.1392   1470.3129
     1460.5601    900.2274   1093.5879
      991.6935    737.4307    364.7635
      628.4062   1588.1307    628.8636
      992.7692   1613.2202    753.4842
      166.2582   1765.5588     65.0606
     2098.3303    956.8884    449.6831
     1156.6040   1256.1166    370.5115
     1364.0033    145.2061   1114.1497
     1624.1534   1394.1215     83.3093
     1697.1632   1396.4005   1020.6563
     2014.8842   1414.3759   1408.7876
     1548.3712   1602.4161   1380.3464
     1172.6349    153.6397   1362.1050
     2216.8203    107.9547    401.3678
       16.4692    998.9778   1143.9452
     2181.8787    872.4974   2119.2178
      318.1037    629.1093   1568.8734
      783.3165   1989.6141   1122.0780
     1168.1390   1682.6653   1340.0323
     1375.0303   2103.8594   1808.5411
     1591.7667    132.6746   2094.9358
      616.5005    343.8078    333.8753
      806.8670     31.7942   2202.4016
      973.5732   1243.8217    901.4963
     1377.0341   1171.6027   1513.8120
     2192.8306    134.6069   1608.4471
      658.9791   1094.7421   1033.8323
      986.2586    273.1021     17.1435
     1379.7183   1773.8890     22.9995
     1777.8969    460.2975    511.6775
      688.1724   1842.3879    808.1370
     1580.7565   1187.5942   1248.1853
     2111.4109   1272.0354   1086.2848
     2250.3022   1774.1449    868.8147
      697.2878    813.2516     60.3648
     1616.3867    140.6504   1702.5214
     1625.4552     15.1042    127.9477
     1593.1853    968.9806    770.0475
      983.4109   1079.9366    599.1564
      505.9366   1702.4723   1113.6180
     1977.3511   1154.0372    665.1694
      307.2914   1564.3125   1988.2559
       10.4682    722.2498   1505.2434
      789.1490   1664.0270    139.4371
     2076.5901    348.7144   1263.9860
     1342.0566   1493.5073    145.7350
     1839.9999    208.1790   1051.4172
     1351.0183    847.9805    715.4905
     1010.2168    771.9676   1579.7925
     1010.7922   1953.9329   1577.0278
      211.6282   2013.8737    708.5547
     1398.1820   2115.6318   2165.8323
     1718.4788   2021.6694   1588.0841
      343.8618   1056.1160   1156.6670
      834.5551   1493.8364    988.1696
     1195.2792    709.6325   1304.3777
      998.5649    687.9631   1824.2721
     1491.3505    728.2438    144.5419
     1810.4257   1125.0020   1655.8412
     1606.6763      4.9243    479.6469
     1862.7046     86.5640    632.9804
      813.1786    922.9524   1955.5172
      821.5283   2062.3477    546.2039
     1498.5890   1995.5859    399.2433
      411.2364    627.4594   2248.5483
     1829.8765   1798.7352    766.1216
     1233.6934   1396.9584    729.6613
     1296.8862   1139.4148    874.9985
     1581.8031   2071.8647   1162.9780
      675.5574   1085.3186   1355.5625
     1833.7620   1802.7808   1151.3250
     2027.5791   1463.8258   2125.9797
     2177.7830   1121.4797     62.2054
     1446.7457   1607.5442    505.3254
     1728.4204   1218.1191   2112.7122
     1007.6755    272.9637    618.4261
     2174.5640     37.5267   1214.0074
      477.4464   1817.0725   1889.8921
     1521.1986    384.8556    334.5059
      624.0657   1430.6600   1299.9364
       50.0918   2005.2854   1054.5940
     1597.1274    654.0541   1094.9242
      737.2739   1513.0289   2065.1206
     1607.6505    515.6519   1897.1615
     1691.5964   1346.2285   1760.8076
      656.0796   1966.0583   1532.0377
     1863.5952    395.9961   2086.2456
     1366.5388   1055.1313   2254.6606
      153.9700     26.3501    972.1476
     1556.3441     12.2591    806.3461
      242.1060   1394.9751   1712.2789
     1307.0778    217.4480   1785.8827
      322.2014     84.7943   2133.1624
      173.5099    559.9046    666.9828
     2260.2014   1062.0630    657.4657
     1837.5280    596.7155    148.0682
     2197.7124   1659.0605    536.2836
     1018.6713    915.2388   2260.3589
     1546.3403    958.2078   1808.7769
      450.2205   2140.1309    798.6307
     1642.8104    713.6791    450.1227
     2065.9675   2120.4668    312.1258
      644.2642   1267.1571   1648.3239
     1424.8076    548.6205   1426.6022
       10.2736   1356.5250    762.9669
     1112.3762    407.3912   1615.8251
     1854.4152   1581.9218   1568.5760
      244.4373    380.3232   1251.6964
      906.5849   2102.2258    809.4425
     2029.6907    985.5709   1436.4020
     1754.5562   1590.2765   2018.7140
     1831.9015    450.8772    798.4579
     1751.0665   1807.3020    453.3376
     1474.2571    484.3859   2255.1973
     1675.9895   1913.0148    113.7719
     2248.5212    552.0817    384.2186
     1131.3779   1645.6890   2008.5724
