      827.9196   2041.2578    695.6365
     1074.5573   1111.0511   1454.6871
      316.7215   1115.5604    465.3075
      904.3953   1148.4415   2176.7917
      636.3195   2159.7019    538.3992
      290.9384    277.6011   1300.4943
     1121.6973   1385.0613    941.0660
     1645.6001   2011.9139   1517.2686
     1456.2538    377.7388   1037.7943
     1681.9362   2065.1680   2203.0967
      788.9357   1496.2845   1447.6212
      726.3888    681.4965      4.8436
     1068.6907   1237.9374    277.2880
     1220.6135   1923.7729    669.8704
     2066.5232    576.2142   1138.3302
       99.1671   1422.5846   1920.7092
     1024.0345   1414.6417   1542.2864
      954.7706    264.3116   1549.2118
     2104.5911   2024.0609   1616.1818
     2202.6348    657.5501   2060.8540
      760.8436   2007.7852   1117.0094
      465.0997   1974.8735   2054.2708
      373.9903   1132.5596   2049.2454
      983.3068    590.4644   2184.2751
     1449.1989    641.8585    507.6625
      350.0587   2213.5447   1288.2963
      336.2633   1960.5809    640.8736
     1622.8583   2073.7327   1900.2605
     2241.6401   1744.3395    412.7024
     2017.6437     85.4131    196.8855
      280.5704    752.2497    732.7244
      503.0780   1417.4851    423.5402
      436.5630    445.7336    380.3152
     1327.3060   1384.2104    391.4784
     1477.0906    502.5228   1764.3206
      854.6184     96.8956    356.6977
     1424.5209   2230.9182   2103.6377
     1095.4375    827.8323   2023.5829
     1835.9469    176.8506    521.5328
     2018.9430   1986.2021   2215.6802
      335.2480   1656.7188   1763.3826
      857.8968    360.5509    390.3537
      582.7314    337.7639   1001.0960
       16.4610   1909.3309    760.6138
     2099.2825    257.2184   1445.3186
     2200.2026    279.0434   1860.5480
     1017.4440    306.0857   1282.3230
     1342.2831   1145.3687    176.6645
      225.3447    398.7993   1540.4062
     1660.9419   1598.7051   2162.3369
      676.6884   1015.7776    784.6733
     1175.8857   1652.1813    174.8607
      323.3577    796.3193   1408.7637
     1541.5361    910.6036    435.3728
      726.2383   2226.0632   2039.4230
     1768.3879   1100.6586   1401.1161
     1478.9110   1388.6451    887.1899
     1627.4641    392.6500     87.1121
     1876.2629   2159.1379    362.5908
     1846.9806    497.4901   1289.0400
     2135.3049   2043.2869    436.9284
     1630.4777    579.5103   1024.9536
      404.2694    311.9798   1866.4712
       78.5282    981.3083    706.9586
     2207.9580    630.5722    378.4580
     1479.5142   1094.3298   1478.2988
     1566.0859    713.2823    235.2978
     1044.6417   2031.7693    400.3918
      947.2305    385.9218    694.3886
      837.8943    630.5219   1384.2063
     1584.6116   1080.8649    685.7311
     1845.8916   2174.3037   2047.7748
     1767.1165   1380.5972   1476.1948
       58.0928   1685.1572   1940.5765
     1367.2704    283.2196   1296.1840
      565.4695    193.9972   1429.2250
      589.1127   1247.3759    657.9973
      170.0058    453.5474    917.9370
      549.5497    772.4536   1880.9948
     1652.7474   1913.1613    935.0964
     2133.7153   1672.3220    968.4992
     1282.8779    960.0876   1001.3447
      438.0436   1961.2850   1072.0806
     1379.3604    388.7360    301.4785
     1677.7374   1548.8480   1651.2881
      585.1185   2062.2581   1435.8076
      243.3394   1315.0155    255.3385
      999.0720   1940.3608   1711.1943
     1112.5629   1027.6525   1865.6423
     1089.0913    520.7067    202.1494
      622.5121   1795.4896   1241.2006
     2225.4729    141.2853    940.4956
      389.5857   1169.5940   1163.3878
     1227.3152   1380.5565   1722.4034
     1722.3976    170.2539    263.4112
      892.0292   1569.3480    979.4711
     1142.5183    249.7729    465.4315
      100.9520   1330.4767   1595.3934
      144.8337     63.4351     46.1803
      787.6484   1895.8154   1985.1453
     2048.9612    848.3457   2220.6477
     1300.6415    508.6669    745.4091
     1135.2216   1542.0778    719.6851
     1938.3379    577.8585   2179.1921
     2118.2815   2131.1458    693.5975
      115.3129   1288.5193    611.5258
     1172.3462    528.3430   1938.9852
     1328.2935   2073.7959    946.9575
      665.7708    498.8433   1980.0568
       72.7647   1337.5847   1013.7713
     1592.1310   1425.8422   1289.4752
     1169.0242    520.1038   1212.9318
      368.1939   1720.4242    450.7058
     1760.7614    799.8163   2086.9197
      397.0248    223.0842    164.0330
      170.4174   1418.2097   1304.7722
     1159.2043    566.8998    476.8801
     1847.6954   1882.2566   1815.9913
     1089.5000   1762.5032   1928.6748
     2115.4944    914.9997   1586.2079
     1946.3009   1888.4457    898.5727
      189.0398   1720.6230    249.7519
      205.4142    236.7648    447.0002
      754.8994   1111.6670   1072.5983
     1502.9821    260.5378   2012.2941
     1532.8679   2250.0115   1469.8699
      325.2642   1120.9712   1471.1890
     2139.0735    360.3560   2097.9021
     1642.9580    824.7054   1195.5657
     1764.7836    964.8965   1673.0867
      345.6310   2188.6152    407.5261
       15.0155   1124.3317   1958.7159
      183.9850    226.6968    783.6236
     2121.3101   1482.3021    707.1115
      152.7359   2164.1177   1710.0310
      758.6115   2043.8530     16.5937
      403.8466    409.7307    764.7676
      446.4170     57.4012   1657.7806
      444.7343   1553.5348   1135.7789
      625.2286    462.7387   1627.3462
     1491.4037    471.9413   1444.4086
      657.5699    344.0434    576.4615
     1060.9690   1099.9059   1047.5231
      605.9017   1310.0206    966.7242
      637.0330    671.1134    373.1582
     1795.8198   1175.5397    875.3095
     1085.9061    901.6910    727.1092
      199.7489    468.0674    160.4993
      790.5551    957.0463    116.5621
     1807.1410   2144.2478   1253.2826
     1587.8489    585.3553   2129.5078
     1304.7244   1626.3457   2127.8774
      787.5035      6.4087   1588.4561
     1998.4741    421.7043    326.4188
     1077.5723   1306.2107   1249.5303
      999.0945   1732.5198   2192.5066
      297.8794   1929.2382   1813.6508
     1006.0631   2162.7568    878.4995
      994.2409   2162.5964   2104.5864
     2168.4507   2196.2717   1857.1486
     1280.1031    665.6366   2214.1453
      257.0438    994.3887    182.1932
      330.3927   1310.6216   1747.7045
      251.9913   2068.0500     62.7129
     2252.6912    864.6841   1822.8633
     1842.3131    800.3475   1422.7134
     2196.1538    746.7597    794.2497
     2193.8398    869.7701    216.8293
      524.6115   1938.0809    278.7204
     1424.1039    187.2059    525.7656
      603.0417   1192.8463    222.4920
     1574.6394   1307.8051     25.5085
     1642.7495    197.1721   1284.9431
     2015.1608   1439.3917   1080.7543
     1310.1527    820.5439    240.8103
     1023.6805    698.3113   1692.1917
     2169.9971    322.5455    134.7706
      722.9380    390.6995   1358.0784
       51.5218   1165.9298   1324.5828
      350.9377   2055.4912   1526.1161
     1747.8345   1193.8806   1154.7782
      263.9476   1853.2944   1234.8998
      445.9573   1634.4419   1436.2241
     1118.3713    744.2925   1408.4736
     2238.4138     68.9467   1646.2107
      944.0941   1758.1996    236.6944
     1730.6531    879.5247    897.6863
     1243.9402   1327.3085     55.6850
      747.8598   1007.4188    438.4594
      502.5443   1037.9594   2261.2881
      589.3644   1880.2437    617.1673
      858.0943   1700.8202   1653.5581
      374.2848   2220.8621   1926.8917
      726.8584   1460.6379   1162.1769
      669.9878   1608.1827    383.3052
      757.0435   1576.1453   2072.7878
     2063.0383   1416.1497   1721.5132
     1409.9414    880.0601    734.1913
     2001.4279    977.2217   1931.5524
     1775.6660    221.1029   1616.1653
     1370.0334    829.4247   1903.5455
      228.7157    822.2082   1994.7253
      340.3242   2222.4468    829.3860
      690.7221   1781.5316     46.8021
      343.6808    585.7811   2147.0535
     1158.8505   1902.8767   1139.6196
      800.6543   1331.9935    398.7103
     1432.6622   1716.2300    725.2828
     1823.3394   2224.9258   1003.4167
      472.2581    522.4854   1317.6373
     2046.4193   1168.8707   1634.4061
     1755.5287   1870.0813   2074.1086
     1900.7875   1333.0791    108.1037
     1281.9135   1830.2335   1740.1787
     1629.2947   1837.0914   1233.4236
     1152.8801   1229.3932    692.1660
     1781.3116    241.6103    887.4813
      516.2787   1454.6193   2001.0601
     1636.4500    466.7048    406.2222
      872.7297    993.4189   1771.7186
      138.6269   2176.9326   1091.4490
      851.9251     69.3859     66.2293
     1330.1973   1433.9598   1167.0891
      638.8118    148.4904   1864.9686
      228.4875    604.1110   1275.2313
     1026.6531   1468.0974    458.0451
     2032.2283    693.7764   1812.2806
     1966.5621   1619.6249   2178.1675
      729.6961    171.1243    799.0552
     1469.5065    188.6422   1612.8744
      593.8270   1832.2727   1632.4727
     1653.5748    104.9134   2217.4939
      470.1373      6.1480   2163.0171
      170.9908    815.0788    457.3082
     1844.7454   1555.6646   1272.3356
     1414.9137     73.7906   1029.9570
     2166.5684   1685.4529   1699.6230
      315.8750    910.1653   1742.8679
      662.2057    762.3300   1555.7356
     1100.5504   2257.4763   1142.2053
     1229.9030    319.3919   1735.1796
     1973.9589   1877.7450    235.8664
      986.8379   1813.1128    852.8700
      850.3209    378.1265   1761.0851
      109.1342   1002.6769   1024.8219
       93.6497    128.5752   2049.5591
     1924.7231   2259.6680   1492.5417
      110.7024    760.0555   1547.7739
     1512.1736   1398.7089    618.8465
     1747.7261   1374.1538   1970.4188
     1179.7137   1594.4833   1314.2894
     1066.8094    826.7947   1135.1799
     1461.7142   2086.8979   1209.2842
     1752.4897    474.7871   1894.7444
     1879.7039   2182.3257    653.6047
     1500.0862   1050.7308   1045.6492
      820.8474   1194.8036   1538.6587
     1036.8811    957.8988    431.7528
     1061.7833     50.6283   1855.1510
      588.7648   1031.8253   1381.3848
      637.9119    277.2258   2135.6216
     1324.9717    901.2725   1579.8658
      311.5016    290.2458   2156.5908
     2117.3096   2104.9688   1035.2992
     1631.4769   1766.1775    229.7781
     2118.6543    647.4271   1441.5875
     1186.6140   1689.4574    471.8199
      893.1013     10.2059   1320.2043
       90.2047   1073.3087   1620.7347
      510.1734    655.5925    662.4520
     1302.5219   1058.4955    489.2589
     2124.6133     81.9456    498.1134
      472.0484    134.8125    577.5200
     1908.4178    605.7268    862.2913
      722.0561    938.4561   2050.2561
     2040.7043   1290.6097   1955.0814
     1178.7994    210.8055    134.4734
     1897.6385    232.2626   2191.8950
      171.7334   1581.4358   1547.7717
     1423.2699   1786.2668   1454.4272
       31.8140   1124.1324    380.8919
      547.6694   1059.1379   1667.1942
      943.1107    324.7437     77.0718
      231.7148    552.4098    553.1934
     1768.6841   1704.7192    708.7976
     1200.0292   2254.9634    393.9255
     1449.8378    143.0647    192.3781
       24.7337   1454.1962    288.7231
      491.0334    903.2672    532.6351
      978.9046   1212.5886   1899.6584
     1140.4117   1976.8805   1468.2141
     1915.1383    802.2004   1181.5282
     1957.7130    171.9473   1808.2208
     1453.6578   1423.4869   1495.3007
     2233.0647   1144.3695     71.6214
     2058.0190   1105.7004   1180.2441
      625.2759   2137.2087    875.2665
      543.6887    486.1267     86.7397
      621.7961    267.4142    245.2734
      903.8962   1143.4591    717.6403
      171.4327   1562.6663    946.4540
     2103.7393   1214.5117    927.0237
     1835.6793    823.6582    379.1627
     1179.6505    485.2440   1527.4373
      541.3705   2216.4924    204.9798
     1990.3265   1589.2089    444.1322
      898.1815    988.9336   1290.7219
     2240.5820    417.5956    534.3848
      553.5948   1558.8318    735.9489
     1566.7322    796.0314   1488.2919
      125.3655   2211.0664    641.4920
     1307.6025   1156.2281   1257.6049
     1039.3442    366.0428    967.2666
      361.0475   1712.7620    864.2906
     1574.8829   1832.0122   1689.9238
     1300.1874   2130.4568    107.2564
     1828.2791    978.0327    592.2906
     1222.7999   1590.1768   1619.0352
      707.2930   1434.3948   1728.1338
      507.9400    650.9157    996.2945
      394.9593    151.6160   1062.0879
     1335.0365   2021.9607    420.4855
      611.9525   2244.0935   1187.9762
     1034.0436   1495.3862   1907.5443
     1622.6425    775.4656   1818.1964
     1276.8214      6.2249   1364.0991
     1630.0079   2053.2566    233.9991
      899.4327   1737.7931   1249.8798
      371.8922   1008.9625    796.8430
     1320.7987   1299.0668   2017.6279
      589.0306   2051.8926   1777.4178
     1853.3696   2142.3430   1750.2617
     1452.4240   1659.9562   1036.9081
      916.6120   1499.4503     91.1285
      873.2255    672.4097    246.5089
     1565.0751   1002.3610    100.8193
      643.7148    831.8327   1151.5958
     1883.8645    436.7337    596.1786
      588.0590   1756.4259   1900.7827
     1362.2332   1096.9413   1778.5535
      841.2341    566.7082   1141.5486
      381.1379    589.4916   1781.7557
      529.1656   1533.3195    152.2007
      685.9144   1336.5186   2203.9456
      673.5480   1767.6155    898.5837
     1933.6892   1571.4668   1889.8300
     1459.1951   1866.7635   2012.5424
     2074.9265   1247.2762    417.4738
      205.6917   1297.8171   2213.9133
     1806.8464   1747.6837   1056.9581
      311.0874   1298.3113    801.4297
      846.3307    171.8762   1107.8236
      854.2443   1434.9592    744.8659
      144.9941   1867.9248   1588.2084
     1044.9529    846.0574    125.9921
     1373.2507    667.0145   1326.6232
      745.4975    553.6552    807.4049
      318.1550   1697.2576   2078.6836
     1964.2220    421.5288   1747.5640
     1007.0822   1999.1812    107.2716
     2215.0552   1426.0510   2196.1230
     1782.4622   1446.8619    879.5135
      923.4141    238.8713   2027.4851
     1339.3661    691.2269   1029.2921
     2218.4270   1746.7766   1318.1620
     2162.7700    455.6069    847.4666
     1521.7075   1143.8584   1974.5571
     1990.0310   1857.2126   1210.9921
      973.9321      5.1136    612.2437
     1469.3436   1559.8026   1888.3040
      831.8472   1943.5552   1447.6492
       46.2892   1835.0574      0.0524
     1679.7367     10.0347    774.1280
     2235.9976    354.8299   1249.7250
     1516.6001   1720.9850    481.3887
       43.4750     93.9340   1395.6521
      333.8564    809.6903   2259.0083
     1488.6647    860.1443   2170.2122
     1156.0223   1655.1396   1033.1801
     1829.7826   1111.5581   2108.3027
       12.1769   2221.8511    300.4605
     2049.3762   1551.5208    151.9108
      295.6173    696.4359    284.1912
      134.6008    538.3532   1875.6946
     1751.1952   1932.7874    489.6888
     2260.2212    465.6696   1653.7479
     1588.5265   1299.2457   1722.1218
     2116.8325   1917.3512   1935.3405
      862.2717    765.4473    949.2299
      852.9875   1695.8147    628.7907
     1550.0509   2233.1316    399.6992
      118.9651   1576.7701    635.0076
     1672.5609   1467.0420    345.5811
      830.6539    677.3580   1923.5428
     1331.9844   2250.7241    692.7586
      168.0450   1954.4962    374.6291
     1936.7354    314.5415   1095.0649
     1189.2039    186.4640    786.5903
     2110.0024   1406.5341   1436.3918
     1233.8395   1031.8695   2192.3760
      114.7552   2095.5669   1435.7849
     1197.3518   2007.8011   2019.4937
     2043.4329    955.0421    950.3795
     1265.5907    177.3758   2054.4709
      449.3372   1368.9943   1435.1740
     1911.4269   1762.4010   1468.7513
      778.2223   1981.4484    299.0267
       80.7345    705.2283   1074.4458
     2242.0012    592.5947     54.5908
     1359.2478   1844.4579     58.0952
     1692.3998    467.0999   1590.0624
     1801.5402   1341.7993    548.3766
     1326.1982    417.6502   2252.5098
     1553.4419   2007.0579    638.2324
      839.2328    744.6670    552.9634
     1547.1370    376.9821    712.1193
     2027.9218    687.9261    595.2524
     1660.7321    678.1987    686.3701
      380.0609   1804.5000     41.2537
     2184.3989   2202.4136   2259.7021
      346.1146    883.9373   1077.7571
      712.1539   1237.7605   1905.0374
     2029.6163   1834.4028    582.9177
       43.5707   1889.6256   1054.7375
     1896.9907   1009.6548    126.7430
     1087.0511    636.0737    855.8889
     1032.2787   1360.3229   2138.3748
     2105.8308   1147.4546    671.8768
     1922.7051    634.5205    183.1251
     2217.3369    849.9731   1294.9062
     2082.4829   2103.0371   1331.5465
     2070.4075    917.4437    460.3076
      133.0441   2077.4397   2053.3401
     1117.3065   2245.0447   1555.8220
      197.5714   1567.8733   2260.0327
     1422.9940   1519.8250    133.3797
     1395.5560   2174.3281   1809.3368
     1710.8912   1141.8937    348.6751
     1633.9519     79.3745   1825.4900
     2028.2677    213.9521    784.0965
