      909.8956   2262.5828    181.0902
      825.7355   1517.2023   1155.2983
      663.2009   1745.6569    203.7067
     1228.6373   1007.9231   1629.3898
      661.9801   1874.7930    627.9691
      581.6756    591.5511   1019.4687
     1879.7354   1496.8571   1246.5100
     1388.0253   1944.4023   1212.4584
     1506.3180    345.2410    940.0568
     1416.7415   2165.8367   2261.4189
      559.5336   1516.4346   1583.4229
      820.2988    318.1104    176.0118
     1133.2903   2038.5247    406.2558
     1051.5907   2253.7451    765.4767
     1480.2133    984.0726   1242.9884
        0.7303   1298.0599   2137.1943
     1177.4497   1800.7042    776.1223
     1297.1328    194.3414   1479.0288
     2069.4648   1911.2717   2191.5681
     2178.5635    311.5480   1999.7335
     1041.7450   1842.8464   1140.9602
      664.0978   1900.5962   1663.6571
       24.3604   1068.0818   2084.6484
      832.6954   1183.3650   2110.5142
     1241.9209    826.2183    660.6671
      125.1752   2172.6265   1499.0643
      306.0423   1669.7477    830.4271
     1445.4067   2211.0950   1808.4170
     2075.1091   2123.2109    137.0748
     1885.7742    108.9466    311.2451
      716.4592    939.3244    530.3323
       47.8817   1355.4042    706.8484
      436.9135    187.2084    674.8914
     1778.8313   1539.9045    777.3138
     1289.2179    796.7272   1716.1287
      760.3196    409.0046    738.3013
      806.2885   2014.7440   2119.8706
     1423.0516    388.6345   1379.3792
     2008.8756      9.7835    577.3835
     1656.9609   2062.8567   1995.0631
      320.9338   1394.2576   1341.3235
      513.7309    270.4621    337.5825
      503.6475    377.7898    943.1852
      284.4085   2078.0547    788.1066
     2045.3368    191.1669   1228.9751
     1611.8546     61.4605   1688.7445
     1018.5427     74.1908   1215.3469
     1065.7092   1235.1614    595.2762
       99.9512    657.6664   1480.0195
     1119.2499   1057.9783   2246.4468
      717.1392    782.3796    899.8540
      918.7645   1332.9609    433.6573
      185.8840   1332.9204   1497.4026
     1683.7240    830.1876    170.3735
      859.7314   2249.8193   1702.2845
     1586.0557    814.5084   1409.3702
     1677.1775   1347.4513    685.1959
     1366.0930    332.3538     43.0772
     1452.8876   2017.1781    588.7301
     1750.6768    759.8502   1555.0833
     2212.8164   2146.4160    593.2961
     2149.2109    517.6174    988.1477
       53.0144    194.5289   1876.0762
       22.4024    538.7457    627.0747
     2214.2729    769.2624    335.1709
      695.3081   1321.5634   1192.5867
     1276.4418   1169.8967    543.3035
     1468.4946   1585.8197    450.6296
      971.4864    265.3409    698.1693
     1401.2965    876.9532   1537.5394
     1010.9417   1304.4766    841.2701
     1798.5477   1945.6072   2159.3091
     1384.4510   1152.6925   1064.6350
      370.3750   1507.5061   2020.4375
     1596.3475    229.4886   1414.3859
      259.5658    187.8338   1934.1970
      760.5944   1855.9686     26.2255
      418.4803    166.8184    934.9708
      973.9276    331.2464   2021.7062
     1615.3820   1659.4020    714.7446
     1993.4708   1469.0343   1057.0428
      728.0638    978.6060   1125.1086
      486.4690   1974.7664    728.2999
     1504.8484    872.7698    338.6942
     1594.1266   1537.3107   1463.8497
      749.6057   2252.5310   1418.6478
      293.0999    681.2327    150.5309
     1211.7954   1778.7244   1254.9725
      733.5397   1670.7709   1570.3514
     1134.2529    385.5121    103.5869
       28.8672   1415.7051   1897.0038
     2054.3040    184.5281   1539.2551
      235.3085   1665.6064   1039.9402
     1098.0205   1455.4518   1930.5856
     1873.9624    398.5935     63.9970
      793.9760   2048.1013    617.2232
     1278.8542    325.2994    286.9933
      105.3948   1277.7017   1716.1161
       50.1174    134.6194    332.4742
      278.9138   1718.0265   2033.0612
     1811.5596   1213.0045   2218.5015
     1934.2666    812.7099   1136.7212
      761.3154   1474.7845    728.4374
     1524.6298    690.6636   2226.4875
     1935.2808   2253.6648   1358.3646
        3.5168   1510.7255   1066.8475
     1574.9899    365.7581   1784.0654
     1726.9608   1778.1986    561.8458
      250.0609    770.7805   1895.0770
      229.2759   1140.2917   1081.3370
     1379.9244   1515.6006   1753.1322
     1426.6766     27.7901   1415.4165
      233.8404   1786.7848   1253.7070
     2169.3948    546.4935   2056.7236
      176.1956    397.4026    646.5001
       13.6722   1826.6963   1322.5632
     1191.3868    681.2938    463.5107
     1894.9082   1885.7600   1566.2412
     1121.4116   2194.2974   1681.3342
     2033.1311    968.2096   1522.1729
     1823.5913   1908.5984   1348.2762
      399.5975   1114.7672    401.3892
      151.8820    248.5548    514.6028
      910.0724    886.7705   1278.5790
     1865.0813     63.8053   1816.2545
     1583.6035   2023.2886   1374.6288
       74.6297    772.6714   1080.9777
     2152.0950     95.5075   2029.4382
     1222.8315    998.6245    942.4029
     1632.8400   1030.7695   1841.6211
      675.0627   2041.7377    831.0733
      141.4864   1053.5835   1702.2720
       46.4157    206.6368    739.1591
     2007.4994   1643.5895    844.4091
      188.8980   2031.6001   2072.2236
     1184.6212   1763.2054     10.9079
      263.3196    358.1069   1052.0084
      193.5301    128.6004   1704.5026
      392.9761   1441.5569    978.2153
      587.0001    384.7212   1330.5640
     1236.3141     49.3949   1279.7410
      742.6816    638.1657    396.8288
      507.1467   1526.3944    594.6510
      555.5930   1262.3829    917.0391
      871.8130   1582.4482    522.1825
     2047.5350   1808.5471   1393.4244
     1025.2936    738.6669    648.8691
       82.7489    371.1270    360.2711
      680.3625    974.2048    135.4446
     1990.6382   1732.7430   1763.3131
     1168.0167    599.8582   1634.0507
     1237.0874   1653.3446   1536.4106
      479.6738    274.3512   1151.6970
     2095.2178    428.3354     41.2334
      546.3851   2130.8079   1280.3494
      835.7955   1771.1083   2076.9534
        2.7033   1627.4807   1946.2950
      981.9308   2088.3586   1108.1746
      951.9260   1957.4908   1902.0128
     2172.8467   2096.6958   2015.0383
      886.6705    902.7518   1901.7748
      443.7846    432.9800    736.4415
      237.9741   1582.8057   1447.5612
      281.9595   2093.8618    399.1469
     1962.6967    830.1063   1784.7030
     1861.1373    798.0838   1349.7032
     2066.2336    664.9535    774.4397
     1871.2214   1162.2911    301.0439
      493.8813   2181.5249    381.2824
     1338.3916    137.4364    419.2927
      616.3219   1159.9423    495.2714
     1641.0017    926.1420    540.3206
     1952.5005    394.8030    610.3530
     1760.8535    979.5010   1451.0231
     1261.7797    802.1098    256.6948
      435.3803   1289.7556   1145.9779
     2053.0762    418.4282    381.8929
      979.9284    365.8223   1285.9496
      260.3754   1189.4453   1306.4709
      291.0927   1946.6383   1856.9805
     1495.2699   1548.3879   1091.5089
      229.9077   1971.5205   1564.4677
      479.1996   1537.9869   2238.4011
      830.7487    885.5602   1671.5830
     2241.5151    224.1540   1347.9022
      794.3702   1989.3365    222.2401
     2052.3767   1462.2036   1410.7852
     1038.9766    900.1467   1032.8523
      561.2031    549.8760    582.5968
      484.6057   1080.3628   2022.2144
      380.6238   1916.3356    322.7124
     1210.8613   2120.3955   1116.9554
      367.1098   2130.2942   2170.2817
       35.0542   1175.0051   1419.4310
      776.1422   1104.2501    334.4063
      492.4676   1256.2791   1863.3746
     1342.2123   1213.4512   2073.9380
     1063.7556    670.2184   1090.7094
     2082.6482   1137.2983   2116.9304
      965.7379    765.9042   1468.9014
     1256.5531    529.3604   1968.2766
      117.6632    810.2264   1689.2571
       86.2825   2252.6538   1309.9232
        7.4712   1770.1597    292.4978
       69.4456    970.7748   1912.5999
     1219.7825   1884.6221   1528.7404
      935.4156   1082.8060    730.1495
     1911.1143   1284.1608   1295.0823
     1454.4701   1765.7937   1113.7965
      524.8664    592.3219   1306.0120
     1967.1636    764.3034   1544.5411
     2074.6577   1706.9470   2065.4978
     1541.9357   1045.5531    205.5319
      897.1511   1681.8944   1292.1505
     2048.5073   2038.0708   1273.5339
     1280.8043    766.1861   1063.2469
     1879.9554    727.6038    654.0500
      548.1124   1394.6421   1385.2899
     1978.8435    234.3061    158.1209
      446.7795    432.1559   1538.9301
      128.4540   1764.9194   1483.8271
      568.5770    276.8495    132.4810
      875.3979   1443.1351   1339.7042
      255.1807    610.5557   1640.9640
      496.4181    902.0338   1045.7578
      737.7696   1319.0520    265.7051
     1674.4714    696.2473   2005.5704
     1930.0138   1498.6234   2077.1597
      802.7817    569.4872    918.4130
     1257.2412    149.0616   1989.4700
      426.0948   1870.2207   1643.2894
     1748.3563    283.7909   2196.4556
      504.8869    652.3609   1911.8573
       20.2257    668.3522    812.6122
     2130.0039   1373.1448   1229.6527
     2084.3904    413.0897   1289.0956
     1781.5840   1673.0295   1842.6566
      296.5229   1060.1914   2130.0930
      438.8069    700.2681   1704.2905
      601.0316   1842.0073   1302.7268
     1593.3267    257.0428   2040.2710
     2115.0845   2225.0447    382.7935
     1076.2557   1660.9213    613.0901
      642.6418   1105.0759   1529.6387
       68.4783    999.1598   1136.7111
      129.6627    634.8403   2031.1533
     1906.4552   2251.0251   1135.1139
      144.2455    656.1610   2243.0796
     1664.5424   1098.6322    698.4569
     1659.8419   1153.1334   1630.3434
      350.0339   1814.8605   1425.1915
      849.4794    753.8166   1096.9431
     1851.8130   2111.6091   1491.2054
     1794.4575    381.8743   1988.3250
     1705.7418   2151.6558    307.2401
     1254.6481   1357.3320    703.0996
      535.0280   1040.4220   1758.6334
     1227.8875    450.2672    480.5958
     1266.3146    180.5356   1749.2974
      739.9815    735.1793   1389.4189
      458.7492     50.8963   2014.8134
     1306.7437   1030.6895   1403.5063
      373.6447    377.2323   1968.1187
     2031.5905   1980.4354   1696.9351
     1620.7386   2171.4958    606.9616
     1948.5126    473.5414   1606.5333
     1260.5189   1647.1578    428.7899
      842.6951    134.6691   1921.6742
      633.3264    944.6498   1330.6606
      710.9904    376.5022   1002.9295
      967.6879   1432.9364    635.1338
     2185.7756    328.0516    198.2220
      246.1968     91.8724    708.9233
     2105.8228   1202.4114    820.6147
      686.9307    375.4216   1575.9375
     1977.1338    727.7157   2107.8271
     1012.7759    390.3678    298.0382
     2179.7739      3.0740   2240.2903
       93.6489   1666.2305   2138.4321
     1385.2330   1795.8444   1414.3297
      183.2132    904.5396    261.3684
      602.8630    851.8223   1606.0000
     1046.5662    726.3395    261.5652
      372.5506    705.3392   1100.7026
     1309.9657   1999.0645    151.0695
     1115.4938   2262.1833    378.4071
     1674.2577    267.4583    493.2471
      158.1016   1530.7609    319.0473
      861.0637    880.6671    718.1037
      333.8310    919.2318   1684.8621
     1063.0206   1870.1292   2102.8247
     1250.0171   1258.0360    904.2287
     1960.3473    478.3890   2112.2305
     1382.7598   1477.7314   1520.4896
     1891.9247    906.8019    138.1901
     1690.8939    897.8409   1234.5062
       36.8950   2075.7693    406.5188
      130.9463    318.8329    113.6529
      584.2694    108.8599    513.5669
     1306.3439    980.1683    455.3397
      300.3637   2218.9556   1316.2223
     1618.6338   1677.8882    951.9549
     1639.6022    689.9115    657.6611
      759.2310    320.7862   1222.6962
      834.7052   2261.6057    676.5204
     2094.2510   1861.3048   1157.5128
      780.1690   1466.1566   1587.9551
     1379.3105    592.7363    344.8453
      684.3978   2011.6561    431.3963
     1841.0221    610.6519   1929.6473
      180.4843   2021.9070   1318.3220
      941.3694   1088.9276   1139.7639
     1076.9598    187.3978   1411.5425
      270.7996   2260.3691    921.0319
     2139.8516   1855.1670   1878.4482
     1136.4440   2011.6161      6.6346
     2140.4500   1328.5865    989.9162
     1374.6860   2059.1140   1418.8794
     1173.1080   1477.1615   1660.9586
      630.5135    754.7556   1183.0685
      151.9480    565.3140   1070.2605
     1501.7954   1791.9857    543.3524
      348.7662   2257.5037   1561.9786
     1028.6101   2170.5806   1864.7898
     1592.7729    478.5031   1991.0094
     1558.6725    449.5858   1586.2655
     1009.8809   2144.7412    571.9063
      542.7902   1480.6193    826.9040
      285.9963   1234.7864    859.7811
     1151.3074   1623.9227   2082.1443
     1278.2596   2066.0139   1608.9316
     1817.9735   1912.0262   1794.1674
     1452.4369   1939.0485   1622.1438
     1182.8922   1170.6456    186.7121
     1301.6040    607.9385     82.6953
     1100.4543    877.3092    444.9430
      731.9379    544.2778   1187.1488
     1857.2131    320.4854    369.9518
     1040.6444   1798.3477   1437.3260
     1449.9705   1405.9517   1307.5750
     1366.6985    468.6933    789.8393
      268.6060    835.9559   1483.4822
      524.8914   1754.2218    767.5742
      699.7993   1283.1107   1904.8807
      186.1422   2135.0918     59.0160
     1626.8538   1826.5337   1741.8033
     1635.7977   1818.4404   1981.1453
     2189.0488   1547.4769    262.4567
      150.2592   1882.6537   2253.9194
     1740.9211   1455.2866   1004.5977
      191.6149   1375.3370   1103.1366
      648.5525    143.3981   1000.4774
      819.0219   1224.5106    594.3453
       54.6771   1890.8379   1694.5989
     1359.5663   1036.2665      9.0749
     1346.7365    799.1520   1312.8724
      818.4758    328.7449    402.4630
       58.6130   2023.1580   1867.7395
     1506.2172    816.5481   1793.0696
      970.3665   1842.2770     35.0629
     2147.1643   1157.9043   1862.2097
     2019.3269    868.1033    542.0786
     1041.6036    123.5616   1813.2211
     1354.2820    589.3304   1214.8221
     2255.9692   1700.2208   1728.4978
     2092.5444    211.9493    392.1169
     1284.6310   1350.2909   1872.8784
     2034.6469   1545.1356   1897.5498
     1660.5664    124.2413    324.9030
     2241.6418   1601.6791   1456.6302
      971.4758   2171.6663   1331.8479
      539.9534   1774.8026     26.0089
     2037.8029    358.8967   1052.4285
     2170.3394    256.4197    911.5459
     1941.0592   2080.7375    357.8864
       49.2291    458.0860   1382.1819
      599.2741    448.9474   1961.4448
     1917.6377    969.8719   2177.4158
      818.7062   1995.7909    999.4517
     1791.4885    434.2776   1780.2377
       79.3019   1605.8489     94.8931
     2087.9907   1695.0760    457.1029
      458.9641    650.5369      2.4163
        6.3339    755.4542   1870.1622
     1397.5675   2227.3521    674.4036
     2087.4104    637.8016   1727.2838
     1845.6073    862.2920   1978.7848
     2169.3926   1508.6758   2126.2915
      952.0623    722.7748    877.7312
     1348.3976   1394.4891    478.8117
     1511.2347   2206.8643    412.7262
      327.7261   1556.2950   1201.4728
     2048.9077   1558.8927     56.5832
     1007.0700    564.0538   2059.8572
     1932.3262   1837.7743    455.2157
      198.6549   1857.3859    856.1556
     2260.7812    536.1407   1610.3962
     1932.2238    572.9317    973.8734
     2161.5952   1361.1199   1742.8748
      979.6904   1136.8102   1910.3556
      220.2346   2224.7368   1929.7117
     1470.7823   1694.2698   1595.8643
     2241.9624    606.6608   1213.8273
     1166.3767    245.8565   2185.7502
      382.6425   1704.1427   1844.0341
     1894.5613   1529.8977   1701.2562
      568.5505   2011.0162     46.0036
       33.2523    797.0387   1308.4603
     1816.6876    549.3585    481.2476
     2197.2375   1750.1006     43.0146
     1763.1238    793.7230   2212.0737
     1807.7427   1042.7867    895.3184
     1381.6251    316.8684   2091.6865
     1461.6384   2234.4626    984.9603
      212.3787   1300.4380    386.3504
     1514.4856    309.9601    696.4995
     1938.6829   1057.8872    726.4326
     1660.4064    478.5304    596.8196
      346.5538   1919.8392     82.2253
     1990.2311   2103.7068   2185.3545
      753.0250   1176.6125   1013.4871
      662.2663    770.4661   2260.6934
     2250.5386   2252.8003    961.1707
       95.3728   1596.9015   1264.2521
     1459.5443    359.7310    441.9704
      921.1263    486.1856   1092.7119
      259.3323   1508.3912   2237.1938
     2213.1516   1171.9824     72.2653
     1280.9877     89.7582     41.7459
     2045.6042   1164.5308   1158.8101
     2244.8547   2111.2866   1655.2726
     1676.8337   1546.7148    549.8181
       80.8069   2243.6113   2098.5400
      948.4916   1940.7904   1329.3357
      341.4103   1274.7251   2025.4308
     1312.5063   1622.6890    212.4867
      899.3494   1858.8783   1602.3811
     1571.5057   1365.9379    472.8874
     1932.5004    264.4129   1709.0146
     1754.2809    331.3362    719.7981
      893.7217    791.5934    487.4673
     1696.1443   1972.9082    692.9774
       98.4110    112.3998    108.4610
     1906.9158    630.2954     62.5563
     1723.5428     38.1163   1024.4388
      162.7771   1470.5750   2057.4751
     1307.4827   1942.0709   2158.4009
     2125.6255   1778.3152    756.4973
      446.3175   1168.8239    700.6062
     2134.1414    741.8843    986.3840
      386.3768   2064.4822   1460.0419
      566.9863   1962.6021    249.3732
     1755.7629   2019.3132    891.0818
     1771.2219   2153.4519   1700.7317
     1715.4324   1634.2030   1170.9901
     1899.5251   1467.9355    591.1719
      442.0584   1751.7322   1139.6654
      320.7625    552.6550   2096.7561
      445.4373   1731.9391    237.8576
     1171.5759   2022.4371   1318.3894
     1830.5085     90.4326   1541.2804
     1546.4779    702.1631   1593.0898
      809.3125    474.1227   1867.9095
     1553.4036    185.8370     13.0380
      274.2474    856.2037     38.6348
      655.6512    108.4667   1215.2773
     1526.0026   2096.6702    819.8818
      426.0555   1024.3801   1240.1322
      420.1286   1222.7869   1488.7637
     2102.4475   2256.4795    795.8178
     1928.8864   1738.9530   2257.8828
      228.0694   1090.7904   1502.9399
      777.9837    690.8351   1991.3301
      789.6437   1826.7849   1426.1516
      330.7743     92.2505     66.2704
      361.8460    546.3159    945.2248
     2005.9227    603.5057   1193.3209
     1576.3016   1567.2859   2210.4617
     1146.1168   1196.2118   1102.8629
     1422.9740   1229.2312    114.3990
      673.6792    591.1545   1755.8756
      606.2778    590.6262    791.8465
     1873.2512    532.4434    758.5020
      288.7947    144.0481   1147.1965
      800.0670   1828.6393   1159.9924
     2067.6323   2062.4343   1482.5690
      469.6913   1612.4208   1363.1793
     1686.5583    589.0010    113.0796
      178.2342   1497.3770    892.8121
     2194.6917    747.6880    569.5466
     1606.9257    927.2301   1632.3812
      234.8865    404.5548   1512.6370
      981.9239    520.4758    726.5542
     1442.1862     86.5094   2103.8665
     1545.5540    584.6338   1372.5115
      496.6818    957.0205    575.1630
     1750.3141    652.3730   1099.7637
      799.2518   1835.9088    821.3087
     1854.4331    431.2268   1205.0162
     1703.9465    212.2196    894.8594
     1995.3173   1974.3646   1987.4418
      389.0198   1895.8496   2116.6807
      796.0256    493.0670   1417.3182
       55.6814   1128.9642    755.3316
     1209.7362   1136.2639   1851.4153
     2251.3999   1444.8920    488.5978
        2.7531   1324.8324    296.5338
     1123.1714   1097.8307    376.2030
      941.8256   2070.5305    799.8522
     1715.8005    226.6438   1821.1650
     1729.1067    528.4121   1546.4431
      223.6319   1445.0192    559.8984
     1759.2114   1688.8997   1598.7910
      288.0844   1032.8339   1897.4241
     1412.0171   2198.4131   1204.1609
     1288.4673   2195.0588    480.6095
     1926.4382   1891.2491    708.2625
     1842.1804   1630.7632    406.0902
      189.8472    383.6611   1742.4230
     1650.8400   1780.6577   2234.1292
     2046.3152    104.9240   1000.2925
     2108.5837   1336.0963   1998.2874
      930.8163    941.1362    303.1723
      398.3593     47.4272   1797.3666
      380.3749    348.2457    516.5029
      844.0228   1432.6989     66.3492
     2120.4131   1952.2184    343.5283
      978.8576   1375.4321   1551.8116
     1050.5706   2028.4729   1532.7119
     1043.5997   1603.4358   1154.4363
      409.7757    726.1390    327.1514
     1044.1886    812.2908   1664.5575
     1696.1841   2073.4243     75.3334
      496.4437    811.8627    164.1467
      841.1202      0.4654   2142.8818
     2193.3188    352.1309    547.8676
      973.1334   1418.3550   2127.3066
     1625.7821   2082.2131   1103.0403
     1740.3967   1830.9810   1092.7599
     1426.5204    967.9787    635.6403
      305.8451    562.2397   1845.7437
       22.8731    897.6619    858.6176
      601.3564   1536.0159    157.8906
     1372.0276   1736.3861    884.7958
      821.9179   2154.2771   1934.6486
      676.9413   1662.9745   1926.3143
     1109.4469    934.6720    190.6649
     1259.8186   1110.0962    761.2379
     1716.9602    817.4007   1804.0055
     1284.6245   1242.5516   1281.9060
      826.6859   1691.9954   1763.0527
     1243.1156   1872.0319   1021.3958
       52.6974   1667.5986    497.6683
      925.1683   2130.9399    354.5040
      270.3894   1012.6504    666.8163
     1155.4146   1474.5442    553.7070
     1889.0643   2012.1278   1108.6360
     1114.8765   1477.5519     27.3910
       50.2425   1679.6555    889.0436
      766.4296   1201.7749     70.8341
       85.0947    194.8031   2133.5022
      750.5771   1400.4248   2133.8303
      236.0291    488.5068   1263.5693
      845.5366   1292.1833   1712.3649
      361.5472   2177.2605    599.3777
      703.0370    153.5791    305.2931
     1828.5795   2115.3032   1905.0042
     1792.8047   1781.5365    843.9140
     2157.7092     18.7130   1434.7134
     1987.9020   1894.8118    949.5498
      497.6833    520.4775    388.0025
      466.9315    104.5584   1318.6593
     2062.7039    790.6602    118.2256
     1558.2635   1206.5450   2209.8979
      200.8157    962.0405   1316.6052
     1127.1445   1006.2096    627.5316
      441.2718   2245.5369   1091.7710
     1973.3837   1636.3580   1516.6973
     2055.3518   2144.8950   1833.6937
     1519.7083   1207.0731   1264.2218
       95.6593   1007.1046     13.1268
     2130.2688    382.3299   1537.0179
     1325.3446    294.7981    594.0757
      172.3143    856.6293   2115.9434
      667.2764   2177.8345   1045.3560
     1734.3519    983.3456    321.4553
      379.1535    789.9561   2071.2878
       65.9264    529.1978    161.7435
      177.6225   2064.0200    590.9047
      788.0062    646.4189    683.2489
     1452.1365   1923.2888   1963.4432
      421.6813   2088.2876   1936.0505
     1156.4379    677.9374   1843.7362
      251.6991    585.4189    765.0693
     1455.7649   1231.9528    645.2670
     1460.5964   1284.0146    876.8500
     1540.5726   1326.9316   1068.3025
     1866.7273    238.8054   1068.8394
     1374.5132    986.7711   1873.1359
      325.9520    871.2076    458.2880
     1522.1052    669.4184    202.3780
     1876.1036   2166.4072    168.2815
      956.2925    512.9771   1676.7274
       34.8219    533.1038   1833.7533
        3.3042   1984.3141   1457.3297
      574.9546   1702.0432   1727.8475
     1995.0909   1116.8972     95.1214
     1029.1914    820.4926   2226.8691
      437.1682    817.3322   1287.1606
      817.1545   1531.6101    296.3935
      445.8017   2073.3857   1686.9740
      806.9510    942.0236   1475.0836
     1517.1185   1648.9830   1302.8723
     1780.0594   1283.7882   1126.0476
      378.5918    274.8906   1734.3809
      433.8714    948.8489    787.8395
     2228.4763    777.6849   2104.8938
     1747.6819    692.0551    880.3792
      993.5106   1071.8519   1697.5118
      180.3830   1372.1105    153.6588
     1052.8986   1929.1404    673.5286
     1272.8011    145.7410   1064.5621
     1924.3267   1681.3461    637.6501
      491.0244    444.6535   1764.4271
     1643.5758   1729.1364    361.1167
      879.5955   1569.7921   1969.1569
     2004.0510    468.9374   1876.7035
     2138.0051    595.5483   1447.3647
     1269.0803   2258.2517    875.5240
      752.5432   1865.8302   1884.9116
      470.7351   1995.5590    502.4622
      152.1031    734.4139    527.3638
      393.7615   1327.3658   2231.0476
     1464.7346    906.9670   1044.6146
     1663.3806   1428.8339   1261.5010
     1185.4756   1633.8344   1831.9889
      660.3455   2170.6421   1654.5867
     1510.6664   1069.1807    855.5803
     1945.3033   1010.0446   1306.2571
      352.3240    102.1899    484.5582
     1721.9093   1130.8688   1280.2523
     1262.2163   1873.2577    570.3788
     1251.0197    990.5648   1170.5439
     1325.9557   1370.6583   1094.4655
      629.0067    200.4413   1442.0336
      857.4569    161.0843    840.5753
     1797.4756   2167.6221   2174.2297
     1964.0901   1420.0425    826.8313
     2098.2798   1329.8475    636.7432
     1187.7415   2016.5649   1972.3103
      449.0972    513.0612    158.4961
     1546.7092   1389.8685   1812.5953
      939.6531    297.4897   1762.0835
      472.9733     78.1815    262.5302
      924.5848   1941.3719    445.0502
     1943.4806   1941.3335    110.2941
      596.7924   2159.1467    617.8531
     1410.0642   1808.7023     67.9395
      701.4008    295.3365   1787.0663
     1169.2788    324.9938   1952.9844
      229.6734   1766.7806   1695.8566
      684.0092   1082.1846    698.7318
     1777.0902   1680.2117   1388.5457
     1010.3214   1249.8192     20.4459
     1057.0895   1719.6293   1674.1172
       65.6837   2247.6350    747.3174
      352.6471   1383.1824   1637.5392
      321.7814   1647.4204    608.7169
     1449.1224    545.2696    565.7775
      925.5563    333.8930   1511.0765
     1428.9962   1784.7793    306.9061
     1304.6803   1773.2111   1712.8121
      110.2532   1503.4987   1615.9459
     1012.1505    560.3713   1463.5684
     2251.0608   2062.4417   2233.5178
      846.5262    983.8381    933.9196
     1877.9556   1257.2789   2028.1884
      188.7695   1254.3726   2192.2490
      390.2128   1540.2544    375.5274
     1517.5532    121.6774    566.4272
      660.5069   2209.8352    231.0762
     1057.4175     28.1006   2262.2471
     1329.7802    393.0318   1608.6156
     1770.6588    901.9338    714.2635
      397.7614   1867.1028    942.2223
     1398.6201    368.3955   1142.4691
     1535.5808     88.5365    807.8580
      477.3948   2075.3079    945.3886
     1245.4182   1021.9971   2057.2520
     2127.2588    462.4001    765.7316
     2147.7271   1811.6604   1582.0541
     1581.6432   2034.2650   1792.2667
      505.9940   1703.7275   2074.9424
     1595.7062   1861.7216   1235.0917
      719.7762   1641.6652    871.9711
     1466.5137   1383.5416   2026.8491
     1856.5538   1041.5492    519.8884
     2241.3818   1102.7177    986.0264
      176.1808   1043.2483    469.6809
     1488.8141   1409.1041    250.5796
     1125.3508   1667.9305    951.9011
     1035.7939   1116.9209    916.4456
      800.6096    476.8912   2097.6350
      448.7164   1004.1375   1484.3616
     1166.6637    469.0580   2169.5530
     2182.5728    778.8571   1586.9496
     1034.4185    772.7723   2027.2037
     2144.4512     86.3076    195.1568
      299.0481    298.7066   2158.3188
     1093.1736   1789.2216    442.4980
     2107.5247   1178.3411    312.1499
      697.5978    308.0864   2229.2664
       60.3957   1401.0183   1325.3575
     1383.9515   1230.8077    343.6652
      640.7415   1903.2291   2093.4285
      742.9496   2136.2429     49.4532
      591.2211    828.4800   2035.2344
     1229.3656   2197.0684   2150.4285
      107.4989   1583.3492    689.5411
     1073.7938    166.7196   1618.3940
      631.4138    826.3531    709.7916
      936.8898   1028.7727    500.1319
       16.0504   2248.8616   1857.9984
     2040.4475   1723.8574    203.3062
     1096.6899   1253.5831   2046.0835
     1996.9119   1335.6641   1596.3756
      273.5684    217.3231    295.9514
     1827.0973   1452.2595   1457.5242
     2173.3247    234.9498   2228.5547
       48.8744    939.3024    626.1696
      827.9145   2239.5654   1166.0168
     1120.5486    809.4469   1241.2266
       40.8902    818.5619    107.5317
     2140.1553   2224.0547   1211.5011
      927.3550   1301.5116   1066.8065
     2257.8044    561.4062    393.3551
      601.8010   1344.0356     80.9559
      735.3806    847.7482    318.4299
      663.4000     46.7979   2081.7498
       19.0710   2015.1315   1187.4600
      280.4063    445.3104    301.3023
     1041.5923     97.0048   2044.4187
     1258.7819    345.3239    958.6858
      603.8314    603.7465   2110.8652
     1407.3103    775.7518    504.1079
     2132.9763   2090.7100   1041.7537
     1348.3967      4.6854   1621.2478
     1270.9004    810.1316   1969.3485
     1637.3892    278.0206   1182.5109
     1562.7960     11.2408    151.2144
      857.1313   2040.3153   1723.6593
     1339.1755   2233.0151    229.5344
     1637.2592   1237.4674    250.2929
      502.4239    920.2457   2232.1929
     2013.6683   2045.6124    558.4871
     1803.1456   1184.6986   1798.8339
     1983.4943    972.3342    331.4350
     1324.1288   1981.7584   1807.2737
     1702.1731    403.8098   1374.9557
      878.4346   1799.7985    604.2334
     1944.9636   2150.6055    910.6378
      735.6085   1794.8279    417.4895
      174.3926   1879.2681   1089.9312
      695.3697   1422.1985    987.5472
     1206.6018   2089.6277    661.8082
      254.8168     61.3270   2132.8655
     1207.3356    577.6328    670.5230
      568.9519   2109.2983   2083.6426
     2246.1145   1427.5378     62.3266
      708.2275   1051.3015   1940.6967
      983.4733   1251.2773   1333.2377
     2053.6716   1189.0248   1426.1036
      784.4126   1251.9000    812.9679
     1428.5835    182.0637   1240.3501
     1165.1683    485.7132   1137.4193
        3.7849     84.3312   1616.1141
      625.0016   1849.0923    959.0692
     1088.4447   1061.9858   1315.8076
     1663.2981   1287.3279   1430.0414
     2253.8013    371.6833   1122.6035
     1593.4001    516.7504    829.4982
     1656.9180   2242.0027   1453.5286
      666.7063   2259.3333    833.7183
      425.9982   1306.3174    508.0598
      599.5237   1272.3755   1675.4683
     1147.5941   1321.8912    398.5384
     1418.2596    684.4145    736.4061
       42.7820   2007.9747    760.1998
      879.4456    213.3732   1063.9786
     2158.6875    338.0069   1764.3510
     1484.0226   1063.8396   2063.6609
     1800.3086    162.2503   1271.6654
      155.5043     14.1860    494.0243
     1188.9834    709.3887    873.3512
      131.8454   2062.5522    948.7478
      931.7393   1615.2440   1531.6160
     1144.9956   1422.4708    989.7184
     2065.6343    209.6171    702.0949
     1037.1283    482.2164   1860.6666
     1809.7495    821.7519    471.2679
      576.6043    755.7941    480.5489
      129.1554    395.5213   1969.5162
     2096.3159   1672.5485   1026.0958
     1442.4655   1729.1208   2115.3926
     1598.6122   1571.2233   1947.7200
     1777.5923   1431.4408   1905.1268
      119.5156   1808.1927    666.8202
     1356.1069    191.8671    821.5959
     1238.3009   1255.5789   2250.5173
     1359.6025   1520.1135    869.9588
     1207.3656     82.3218    649.5562
      364.7457   1162.1422   1700.9230
     1932.1699   1740.1986   1211.4824
      875.9219    159.1576   1365.3491
     1060.7916    904.5946    823.9147
      462.2846   1123.1580     21.9186
      497.4272   1756.5155    497.5594
      218.9444   2144.5857   1713.4000
     1873.8843   1243.5978    706.0719
     1001.8926   1026.0715   2088.3811
     1527.9989   1059.0347   1446.8818
      539.6900   2237.4724      7.9002
      805.9387    176.7272   1607.8350
      275.7776    304.9877    813.9714
      954.1170   1632.5167   2179.0171
     1035.0457   1555.1632    370.5712
     1064.5417   1621.2552    169.5898
     1232.1667   1796.2401   1961.5011
     1744.2465    548.7818   2169.8733
     1798.5431    112.6272   2052.9128
     1105.3425   1920.4324   1768.2649
     1077.3107     12.8803   1011.3100
     1512.2714   2052.3479    179.3788
     1395.6842    847.3111   2145.3882
     1886.6558    492.2234    257.3177
     1993.8969    706.2822    370.5036
     1459.2520   1200.2965   1841.8096
     1742.5525   1052.0243   2072.0828
     1081.0808   1291.8000   1747.5709
        3.2908   1204.8174   1181.9647
     1255.3312   1409.9136    218.6220
      616.9626   2005.4733   1458.3892
      569.8983   1171.0510   1332.8137
     1967.1558   2257.9050   2031.4677
     1571.1320    868.8707   1998.4808
      643.9733    660.5339    205.6128
      388.4642    984.3160    202.2119
     2114.9692   1607.6448   1253.0619
     1655.4902   1216.8732   1965.9199
      838.5027   1644.6683    102.8762
       49.9024    296.1431   1578.9669
     1137.5698   2161.6780    177.5386
     1327.0750   1966.3710    793.0605
      782.6124    176.0980    593.9835
      885.9939    220.8623   2188.3315
     1768.9969    103.0787     55.3081
     1854.2087    645.0328   1704.3069
     1362.8207    381.7466   1863.8572
      636.5916    214.5846    786.8504
     1605.9138   2225.8984   2170.5059
     1008.1385   1736.6287   1907.1514
     1267.7563   1616.4691   1099.8505
     1524.1797    711.2434    948.8648
     1549.6810   1642.1515    162.5024
     1565.6727   1896.8956    945.7408
      345.1687    313.7601    120.7273
     2148.1816    935.8017   1755.5751
      863.4573    805.4228    134.8328
      887.7869   1754.9847    294.2199
     1227.0150    667.5003   2142.2747
      217.4697   1216.6395    606.9374
      269.5254    897.9637   1114.9740
     1423.9631   2120.9438   2027.4413
     1828.3390   1489.4523     18.1509
      222.7604   1754.8433    197.2669
      870.6694    564.5963    181.5514
      130.8305   1809.8262   1919.2272
      174.8950    676.6791    326.5551
     1623.2729   1101.0739   1069.8962
     2101.8801    120.7804   1764.3566
     1382.0636    588.5437   1749.6622
     2097.3733    909.1626    737.7318
     1147.3777    242.7450    447.4088
     1850.8562   1051.6217   1102.7130
     1760.2880   1055.4534     92.4061
      868.2933   2230.5603    926.4010
      186.6238    155.9835   1445.6053
     1469.7754    206.9751    223.2401
     1141.8907    382.4678   1680.8159
      519.6399    239.2667   1926.3911
      237.6788   1123.4711    106.5496
     1648.2096    469.2185    333.5691
      465.1045   2244.3752    797.9919
      376.8978   1277.4847    201.4644
     1229.5668    840.1021     21.4701
     1509.1969   1832.6373    753.4476
      455.7661    894.7751   1884.2889
     1085.0576   1581.7048   1394.3173
     1500.7395    157.1052   1039.8452
       33.0441    142.4701   1120.0939
     1163.0151    363.1340    748.0414
     1182.3691    538.8000    264.9927
       24.6520   1735.6193   1120.9835
     1143.2382   1520.8394    784.9940
      750.1453   2035.8221   1256.3077
      675.4487   1643.2207    619.7043
      950.8007    144.2766    334.7114
      939.7603   2075.9143     37.0587
     1357.4429   1994.3684    367.8984
     1618.0383     26.0502   1220.0293
      606.4135    320.4770    569.4954
     1700.9547    884.2698   1008.3804
      480.8614    197.7681   2173.5496
     1096.6677    933.4220   1867.3440
     1413.9122   1422.1777   2250.5759
      475.4813   1482.7529   1815.4928
     1903.2295    192.4188    542.4932
      223.3318    799.1756    715.4903
       37.6274    425.8407   2187.1609
     2210.7629   1931.5571    148.4743
     1638.2445   2262.4922   1900.3171
     2124.2590   1551.9087   1653.1403
     1919.0613    827.7330    896.4673
     2244.3735   1893.5415    959.7844
      399.3725   2131.2319    181.1777
     1971.1121    239.1682   1921.1301
     1330.8270   1646.9397    652.7075
     1773.1024   1632.6656   2100.7739
     1739.5859    125.9020    659.7587
     2049.4597   1015.5765    929.4421
     1959.4247   1328.0691   1830.0654
      443.6856    479.1256   1143.5983
      317.4993   2038.5382   1083.3492
     1723.7258    263.8896   1601.3118
     2185.6084   1489.5798    828.2548
     1879.3798   1805.4388   1994.9733
      586.5979   1242.5490   2111.7095
      266.6060   1338.4355   1852.6985
     1017.3564   2110.4492   2091.6111
     2000.7875   2238.9534   1637.1519
      395.8102    206.2145   1530.3762
     1442.2072    659.0173   1957.2333
     1248.0895   2205.0513   1893.7327
     1593.6678    661.7091    433.6600
     1470.5701    163.5319   1868.0165
      862.8535    653.1140   2208.2473
      933.9603    642.8488   1286.3806
     2024.5630   1328.2867   2239.1196
     2127.9619    929.4694   1109.0068
     1394.2327   1246.7083   1475.3813
     2220.9795   1134.2677   1629.0813
      701.0760   1619.9675   2178.2898
     1542.4863   2127.2007   1590.7659
      901.0554    694.6451   1810.9484
      579.9185   1327.3577    680.2802
     1690.4142   1421.1639   2124.1265
     1194.6874   1822.2493    252.8404
      923.9193   1495.9714    928.6516
     1481.1838   1704.6863   1838.1608
      632.6011   2061.5637   1847.6630
     1732.9143    630.3403   1301.8993
      493.5330    424.5149   2195.5859
      470.5281    771.2899   1472.1429
     1032.9523   1951.1671    224.5105
     1830.0746    969.7292   1670.0551
      893.1016   1144.7106   1509.0326
     1350.0272    862.8896    847.2048
      260.4118    487.7068     27.7826
     1343.6892   1598.1586   1980.8898
      620.4052   1575.4376    380.6090
     2170.5051    970.5875    194.6319
     1195.1130    780.3596   1485.0280
      878.3271   1692.1223   1017.4395
     1166.8137    593.7880   1326.5145
     2104.8984    924.5060   1995.0151
     1852.3059   1294.3700    147.8118
     1588.5320    421.2291     17.7248
     2131.6902   1098.4194    591.1072
      557.2507   1783.1935   1503.5333
     2185.8777   1891.1523    556.8130
     2058.9207   1340.2372    187.3298
     2087.4126    798.9541   1315.2817
      632.7954   1019.3226    901.0005
      800.5674    647.9189   1584.9285
     1177.2200   2226.1543   1451.9442
     2137.3396    945.1679   2225.6165
     1355.5511    619.3985   1482.5890
     1683.8418   1515.2407    279.1538
      232.8232   1003.3139    893.9379
     1457.3700   1477.6682    670.7949
      600.9504    599.6194   1529.6724
      326.1736   1872.5472    620.1066
     2033.1261   1460.7814    425.9818
     1714.4794   1187.6708    489.3095
      287.2434    533.9100    503.1187
     1893.2045     96.5477    815.9258
     1073.0144    625.1403     66.9427
      836.5040   2059.9971   1502.0586
     1904.0364    325.9659   1412.6177
     1972.2201    267.4263   2140.7756
      657.1097   1663.6136   1141.5659
     2196.9719    106.5313    555.2692
      269.5271   1741.4620    419.6650
     1320.1948   1600.6146   2243.0103
     2009.7356   1121.1001   1675.5731
      224.8135    751.5646    932.4269
     2062.3611    572.4166    540.8167
     1386.0072   2029.7797   1007.9651
       86.4670   1308.3712    909.4493
        6.7906   2153.8765    211.3697
      224.8732   1555.3711   1828.5331
     1786.1853   1691.4266    147.9886
     1252.4722   1427.7820   2107.3013
      583.7321   1459.8053   2027.5824
      241.9816   2254.4424    260.4192
      724.2192    106.4634     55.9811
       90.6780    447.9919    864.9342
     2068.7598    684.1668   1923.0583
     1933.7921    581.4671   1408.5240
      697.4720   1053.7269   2193.9275
      158.4102    276.2953   1247.8561
     1707.8958   2211.1196    819.1588
      665.6122    823.0018   1812.8541
      131.6178    205.2264    944.4177
      961.9331   2240.2192   1535.8306
      972.3032    586.5917    431.0284
     1002.6309    214.7667    130.0430
     1700.4316    280.5839    187.6343
     2185.2917   1019.6249   1311.3610
     1753.8516   1356.7693   1668.6865
     1753.6892    411.8935    981.6591
     1841.0608   1176.9834   1525.1162
       14.3454   1215.4867    480.1372
     1820.0376   1915.5620    281.0844
      781.5724    487.5479    541.1171
     1320.4547   1030.8146    223.9827
       43.0992    938.0031   1514.2068
     1534.3853   1985.4543   2197.6978
     1121.5197    521.0446    915.4471
      685.0394    507.4503     56.4672
     1302.7427   1574.2283   1320.0964
     1977.9586   1232.4451    478.9219
     1613.7307   1812.4004   1457.5028
     1920.1710   1230.3993    963.5961
     2103.5728   2018.9858    794.9645
     1432.5985   1081.9912   1650.9894
      937.2910   1656.2863    780.1689
     1768.2526   2128.9653   1273.0817
      570.0435   1129.8823   1122.9214
      900.6605   1026.2678     70.4083
     1625.2113   1874.6929    167.9862
     1636.0774   1537.5723   1696.7000
     1562.7385    860.1774    785.0090
      749.0163   2237.2390    448.7172
      359.1503   1513.3695    165.4179
     1079.3551    177.8699    872.9400
     1782.7009   2019.4709    485.0459
      364.9650    302.9457   1336.5085
       79.2219   1117.7545    279.0207
     1785.8918    682.9257    301.3428
      773.2097   1095.1323   1750.4987
      574.5381    143.4967   1665.7983
     1953.4159    344.1447    857.1586
      321.0178   1714.3146   2259.4407
      801.4057   1138.6182   1286.2712
     1867.0680   1661.1263   1028.5823
      696.0766   1477.3734   1799.8918
     1703.6062   1976.0260   1583.8381
     1518.9072    743.9037   1180.7535
      680.2070    445.5689    298.7935
      517.4095   1377.0549    317.1500
      691.6797   1385.9640    476.1931
      553.7266   2236.4734   1487.2723
      745.4968   1307.4553   1454.8160
      124.6297   1195.7933   1933.3165
     1188.1257   1379.6677   1427.5369
     1623.2312    591.2943   1785.0237
     1056.2584    951.4267   1490.0034
     1025.3429   1388.6956    212.6070
     2115.7864   1585.8704    645.2010
      399.1137    703.1794    619.6977
     1869.1191   2146.0740    691.1341
      720.8514    260.0939   2031.7535
     1439.4509    849.9669    117.5380
     1142.6221   1175.0410   1504.7668
      161.7138   2203.7742   1119.9624
     1100.2650   1407.7638   1234.1331
     1585.8290    494.8549   1111.1060
      888.8181   1346.1072   1934.5503
      495.9418   1628.6278    956.6777
     1474.8770    222.0948   1634.3649
      939.4506    370.0380    911.4153
      950.4085   1198.7898    260.3126
      354.0953   1403.8452    736.7791
     1221.6866    330.4564   1286.0345
     1526.6647   1320.6123   1606.2032
     2108.3345    578.0237    210.7523
     1776.6118      5.3699    471.5140
     1943.4436   1057.2015   1918.9766
     1083.4465    267.7321   1089.6362
     1356.2842    566.8340    991.2551
     1573.4335   1473.6355    872.7962
      556.0955   1481.3787   1172.0508
      419.0697   1100.1764    957.3485
      546.4468    945.4423    345.1879
      637.0455     40.4352   1839.9861
      405.6202   1970.1111   1258.7672
      453.8521    746.9075    852.4535
     1913.5023   1524.7296    244.4700
     1014.6386   1888.2621    919.2961
      166.4725   1980.3970    213.2200
      131.8691   1882.4689    452.3937
     1605.4537    938.9207   2238.7551
      504.5133   1883.3695   1896.3083
     1188.4370    133.1464    224.1517
     1409.1870    512.2297   2163.3398
      688.2518   1578.6533   1363.6578
     2212.9121   1345.4541   1519.1736
     1580.4275   1975.6975    399.0398
      833.3116    886.3699   2114.9128
      582.0876   1957.7750   1127.3132
     1971.3221     77.1226     22.2038
      946.8918    438.9735   2256.2927
        0.3871   1884.0958   2078.3398
      335.8040    590.3635   1434.9011
     1455.8519    450.3554    219.1812
     1154.6765    403.5159   1467.5090
      569.9758   1154.2952    235.5667
     1011.3478    103.7677    558.0093
      377.5518   1621.5204   1607.1072
     1641.8469   1376.1757     83.3121
     1782.9512   1376.8557    382.6034
     1286.0337   1272.3264   1667.9935
      234.2403    705.5482   1267.7382
     1520.7915   1103.6115    447.4933
     2147.5254    642.2793   2247.8704
      972.5236    388.0707    534.5286
     1138.4886   2074.2854    918.1321
     2195.9849    973.8678    433.4719
     1697.2823   1248.1429    878.6691
      961.4673   1515.4371   1747.6915
