      860.7938   2141.1106    238.0740
     1083.9619   1249.6154   1197.3475
      491.9249   1563.4319    269.3689
     1228.9808   1042.8622   1705.4413
      887.0432   1952.4740    654.8143
      543.0550    721.6958    883.6213
     1750.2644   1461.2076    997.6040
     1425.3407   1907.1312   1227.9939
     1703.0028    406.4347    952.5332
     1340.1465   2103.1597   2174.2319
      626.3107   1398.0634   1473.3875
      853.9618    439.0411    236.2992
     1104.2566   1740.5037    448.3467
     1057.3646   2144.0901    603.9103
     1736.3540    939.6694   1202.3773
      107.4118   1439.1248   2102.9104
     1112.6580   1478.1947    997.5940
      863.4813    169.8659   1376.3170
     2174.5425   1761.7654   1965.3932
     2022.1128    251.3500   2034.9254
     1075.0530   2255.8062    873.3718
      705.7427   1947.6328   1796.0408
       96.8983   1201.3322   2259.1389
      597.2318   1049.6558   1992.3348
     1437.4631    909.6079    619.1153
      155.5188   2248.0007   1328.9117
      319.1068   1619.4750    846.3889
     1372.6475   2142.4619   1752.4973
     2113.0654   2027.8954     18.5926
     2000.4210    124.5644    242.6381
      710.6273    627.7719    661.8750
      196.4837   1299.8080    791.3311
      377.1759    237.8467    687.2673
     1770.4243   1534.9540    674.8962
     1209.6340    787.4220   1666.9314
      735.8509    218.8891    607.6134
      955.7383   2123.5635   2206.2954
     1029.2653    400.8645   1370.9629
     1649.0608    328.3156    602.9776
     1578.7781   2182.1379   1939.5935
      222.6940   1399.6445   1553.9020
      715.2634    438.4173    503.8807
      495.5428    394.0660   1175.8140
      177.0204   1835.2534    872.2759
     1860.3240     78.7549   1336.5856
     1472.3828    222.8640   1852.0155
      892.1484    552.5947   1104.5977
     1378.6567   1312.7245    178.9589
      207.1652    495.2094   1287.5966
     1279.3390   1094.4160   2232.4160
      794.8937    752.0345    953.0906
     1224.0283   1512.1664    295.9097
      161.6913   1145.9763   1411.2872
     2004.1088    979.8439     97.7280
      728.5245   2259.3748   1771.6608
     1635.9869   1014.7095   1471.9417
     1586.1095   1338.5928    593.1193
     1359.5602    402.0718     70.8669
     1603.3823   2074.5051    273.8925
     1841.9425    641.2058   1537.0093
     1910.4479   2258.8708    714.4710
     1852.8143    699.2821   1106.2008
      109.1000     39.7518   1580.1249
      110.8348    740.7133    571.8225
     2156.3333    606.4346    431.0565
     1055.4513   1048.1290   1300.3596
     1441.3120    961.5873    169.7999
     1716.4224   1506.6008    251.4468
     1148.2214    136.3805    506.9552
     1400.2906    782.0222   1512.5343
     1271.0244   1290.7814    798.3432
     1600.9330   2008.7802   2259.0305
     1340.0538   1179.6029   1283.4825
      350.5948   1694.8400   2118.5427
     1596.5658    283.1216   1349.3301
      547.0581     63.8605   1906.1594
      780.4980   1586.4359     56.7651
      629.6028     45.6169    837.7089
      892.3578    372.8073   2153.3765
     1461.2589   1700.2838    682.1363
     2018.8752   1401.6561    880.3820
      791.6558   1115.6367   1213.5277
      615.3521   2015.8473    774.6132
     1414.5704    728.6108    282.8466
     1511.7184   1192.0377   1554.1387
      696.5682   2224.0017   1277.6843
      404.1508    472.2440    181.1035
     1225.8480   1691.8350   1273.6436
      855.3171   1322.4528   1704.3901
     1062.9857    342.5828    118.0756
       55.8218   1542.5507   1715.0444
     2041.4877    169.8305   1128.1538
      225.8126   1451.4271   1075.6403
     1276.6572   1525.9056   1705.5859
     1732.2937    452.9727     19.8972
      883.2461   1741.7490    528.2731
     1222.6837    222.5428    267.7219
       51.6490   1214.3081   1777.7582
      183.4191     70.0098      3.0562
      303.1283   1874.3733   1888.4365
     2058.6123   1134.2648   2108.3171
     1784.9664    708.2981    863.7404
      829.3517   1503.3374    708.4700
     1503.6854    669.3711   2255.1626
     2061.4824   2139.8733   1201.4158
       93.9984   1123.2552    882.8182
     1405.0518    470.3347   1918.0530
     1570.7913   1921.7000    540.7577
      513.9635    526.0278   1742.6827
      199.1899   1183.8164   1136.7358
     1370.6250   1381.8430   1935.4584
     1404.7916     70.6552   1553.2399
      219.2515   2032.1998   1081.3042
     2127.1689    510.0909   2192.0471
      178.7489    453.5180    588.1757
       76.3832   1755.4951   1113.5742
     1316.0118    659.6544    495.3489
     1838.8495   1892.3142   1653.3561
      955.4568   2134.4697   1833.1609
     1998.3055    891.1343   1677.2513
     1712.8446   2024.4124   1221.3593
      364.5958   1083.0527    227.5573
       32.3738    194.6846    284.2414
      968.7272    845.4385   1134.4203
     1794.1154    107.0096   1935.3558
     1666.9886   2139.5305   1499.0723
       36.3718    672.6788   1100.0472
     2249.4705     73.3047   2067.7654
     1067.8206    864.5354    870.8225
     1631.9337    984.8061   1933.1123
      770.3026   2132.9319    494.2774
      116.6706   1183.4807   2013.6305
       13.8724    129.1684    698.2487
     2068.2407   1512.8519    607.7225
      192.8105   2141.1372   2001.5212
     1331.9769   2056.3269    161.3326
      155.9345    330.2680    785.1503
      346.9783    179.2337   1605.0074
      564.7692   1674.9905    951.2297
      391.3134    427.0319   1490.4480
     1305.8113    339.4176   1298.6766
     1076.9464    560.2776    335.3094
      707.6068   1547.2041    511.4006
      643.7972   1221.3928    988.9954
      982.0121   1495.4896    427.9464
     2240.4922   1336.0709    978.0251
     1087.7103    760.9079    490.9062
        9.1248    488.9363    154.0871
      831.6865    964.3956      8.4975
     1956.8606   1605.6115   1613.4735
     1591.1003    559.9697   1465.1414
     1338.0762   1787.9774   1747.9244
      343.2918    229.0584   1335.5425
     2014.4391    310.9128     64.1037
      751.7703   1987.1892   1275.2313
     1012.4028   1717.7900   2187.1355
       69.6431   1918.4086   1792.5665
     1181.6290   2175.1001   1105.0975
      934.7476   1939.0839   2033.9481
     2002.2070   2193.2161   1958.3849
      860.9951    886.4369   2058.9397
      447.3147    588.0485    624.2933
       35.2465   1522.5919   1454.0304
      181.8196   2242.1096    271.2609
     2125.4829    724.2131   1880.1029
     1618.0927    783.9655   1369.8756
     2188.1785    460.1668    699.5153
     1986.6632   1220.8995    303.8974
      597.2787   2044.0808      5.1702
     1404.7405     13.1120    304.9600
      659.9372    862.8105    237.4118
     1554.5885    943.6312    382.6314
     1971.3685    476.4143    564.3632
     1748.1422    995.9025   1683.8323
      938.7025    832.3004    257.8134
      609.9250   1099.3287   1373.2350
     2032.4261    339.1308    302.0396
     1011.4651    671.9700   1309.1443
      400.9075   1311.5236   1396.2471
      224.2651   2132.2705   1730.0494
     1325.8889   1542.9352    818.6592
      464.3489   2227.2617   1402.8873
      672.8120   1493.0021   2069.7168
      786.3866    980.0880   1756.2950
     2193.6846    482.2224   1213.9637
      963.0543   1737.9980    237.7448
     2154.4617   1653.3684    968.6279
      936.2763   1012.6523    705.2289
      463.1122    844.2106    651.4807
      403.4267    845.4929   2210.6816
      414.8243   1774.4878    356.1455
      962.9520   1943.4202   1145.3975
      435.9938   2229.1506   2144.3921
        1.5829   1088.1912   1572.8407
      823.8120   1261.3011    497.4259
      447.0757   1489.3055   1961.6615
     1524.6134   1169.8966   2113.7375
     1157.6078    454.5172   1148.6528
     2239.6331    922.3378   1866.4371
     1238.4275    553.7733   1422.5852
     1339.4969    558.4962   2151.8530
       24.0087    847.8146   1558.9025
       24.0037   2232.2419   1124.5302
      139.7904   1744.0895    369.5272
      193.7334    880.6212   2092.0288
     1200.2311   1887.3333   1075.8031
      788.7692   1222.0264    752.1572
     1799.1222   1471.4128   1280.9880
     1371.6469   1637.5013   1070.2122
      274.7050    727.0419   1284.0625
     1890.8376    869.8882   1407.7991
     1850.3353   1682.7452   2040.5385
     1739.9669   1000.2673    230.0154
      802.7603   1800.8962   1539.0260
     2090.4321   1823.8749   1192.7432
     1246.1162    732.7741    727.1745
     1899.6505    712.2332    459.9024
      743.6506   1368.3411   1206.8003
     1762.0228    296.0530    217.0897
      535.5999    586.0856   1363.0221
      277.8280   1855.6560   1325.4098
      788.0427    236.4147    105.9584
      980.6466   1474.0176   1241.9939
       44.9477    519.3336   1712.8940
      389.5402   1042.0762    934.6280
      750.5038   1255.0917     45.9024
     1650.2573    766.6620   1656.2614
     1939.8278   1412.9904   2080.4409
      864.9709    425.9120    805.1240
     1408.9717     58.7602   2031.7146
      394.2787   1957.3093   1656.4535
     1843.8258    156.4488   2246.2734
      438.7049    624.4824   1962.2786
       29.4501    667.0226    794.6721
     2222.3643   1115.7452   1142.4982
     2028.4368    280.6264   1338.9634
     1917.0282   1342.1809   1781.9164
      399.5289    877.6213   1918.9626
      667.9923    409.4008   1536.2374
      447.4624   2046.2368   1201.7610
     1686.1537    276.8217   2045.1287
     2223.5435   2244.2441    129.0581
     1068.8899   1586.0997    707.1555
      622.6667   1179.9742   1610.0682
      112.1435    928.2296   1280.1509
       17.6272    374.9285   2032.9222
     1661.9255   2244.2026   1188.2576
      157.4723    741.2913   1878.7504
     1810.6809   1319.0154    806.2241
     1809.9120   1209.5150   1976.6444
      438.5244   1608.3287   1470.2483
     1046.3492    568.1207    942.0665
     1893.3140   2082.5872   1401.0471
     1901.0344    485.4712   2075.1262
     1787.0109   1930.2988    369.6321
     1320.0289   1280.4487   1006.1555
      640.7106    755.1122   1862.8064
     1176.7430    382.0214    502.1044
     1198.6824     34.5335   1741.8365
      656.9160    727.0908   1564.8715
      659.1155    202.5696   2126.6091
     1327.3982   1009.4398   1464.4465
      460.3341    290.3360   2246.7363
     2148.9084   2252.5479   1377.6504
     1766.5098   2259.9741    485.4308
     2127.4312    663.5183   1626.8374
     1436.9113   1806.5950      8.9927
      737.6149    229.2758   1876.6208
      387.0357   1030.3774   1331.3904
      663.0020    526.8081    948.3400
     1222.4615   1271.1846    446.6913
     2221.8069    213.0842      8.3004
      223.8122    165.1759    462.3813
     2203.8523    971.1912    796.0839
      922.8950    316.1904   1654.8754
     2012.3737    773.6191   2137.8611
      974.5308     90.8229    187.4553
     2044.8331     12.4259   2208.1282
      145.1351   1621.9635   1943.7559
     1304.2482   1742.5917   1484.9453
      116.2093    760.8247    330.3173
      530.1274    860.6578   1419.6528
      943.9047    628.1592     77.5329
      366.8322    586.8442   1064.9673
     1349.4196   2036.8378    417.5323
     1174.1447   2211.9668    310.1999
     1794.9901    491.2017    406.4191
        9.8205   1558.5031    201.4341
      706.5844    924.2394    771.5242
      706.9985   1242.9059   1892.9473
     1131.5430   1954.0349   2205.8455
     1508.2766   1157.2736   1030.4789
     1775.0675    704.6833   2244.2153
     1344.3381   1391.2729   1536.5052
     2202.1819   1122.2432    173.5315
     1986.9238   1018.3123   1135.7350
      393.4327   2019.8560    454.2005
      586.1889    302.0219    258.6234
      517.0480    179.9140    519.2361
     1266.0178    914.9359    402.1741
      401.3922   2158.3708    890.7814
     1522.3235   1377.5400    825.7236
     1516.6461    661.6986    774.3813
      864.5699    279.3526   1145.1388
      849.9999   2195.4729    723.2832
     2213.6716   1764.8118    743.7227
      870.9753   1272.5321   1421.0875
     1494.7426    523.1414    557.2742
      781.8434   1913.6475    295.6333
     1708.5846    782.8711   2043.2289
       62.0954   2157.9973    846.1566
     1086.4652   1195.2329    872.4310
     1225.8510     50.3072   1326.8929
      278.2380   2230.9148    668.5534
     1995.4266   1721.4364   1816.9868
     1171.8221   2252.6748     48.7967
     1993.3792   1129.4561    916.3063
     1364.3451   1963.8083   1504.6644
     1174.8423   1280.9636   1791.6821
      753.7507    719.8571   1331.1232
      129.9057    469.5376    977.9541
     1381.6089   1736.6613    416.4779
      307.4472   2259.6560   1127.8126
      755.7816   2202.7871   2029.4154
     1629.8689    523.9593   1997.5894
     1425.6628    325.9082   1575.5710
     1025.0264   1984.9242    427.9972
      438.8652   1897.5665    936.5015
      539.0887   1172.1241    755.9019
     1240.3134   1616.8054   2255.4690
     1172.7812   1939.8505   1691.8918
     2056.8999   1960.4000   1778.8531
     1598.3301   1889.3586   1428.6337
     1025.1558   1098.7692     71.5451
     1216.2213    574.0284    111.0472
     1206.9968   1100.4301    239.6950
      624.3685    691.8127   1128.8275
     1842.9636    218.2601    459.3218
     1076.0520   1720.2974   1615.7739
     1097.5662   1483.7668   1455.2483
     1230.7816    164.1912    742.0782
      292.4381    903.3697   1521.8699
      531.5439   1658.0908    643.7386
      901.5151   1169.3429   2109.6841
      215.1432   1965.3848    234.8305
     1709.3645   1842.0840   1831.2240
     1615.7142   1815.1860   2072.3323
     2135.9753   1326.3059     15.8458
       68.2338   1667.2590   2248.1516
     1781.2972   1222.1693   1073.5411
      147.4974   1363.8683   1278.9248
      655.1152    284.5182    976.4285
      612.2981   1467.8097    858.6587
       34.9015   2002.4252   1560.8922
     1185.9592    831.6182    152.3047
     1415.5564    615.0289   1254.2434
      997.3953    210.8141    697.3499
      135.8758   1856.7206   2062.2302
     1392.5504    592.7229   1690.9387
     1235.0354   1795.7739    186.5988
     2056.7668   1118.2546   1792.8677
     2128.7871   1101.1774    480.5111
     1011.8169    192.3015   1877.8424
     1479.1041    375.3038   1082.5911
     2220.5166   1750.5612   1665.3065
     2070.8113     50.5821    484.5023
     1369.3473   1413.3088   2164.9248
     2103.5215   1517.9552   1831.3091
     1550.6196    259.6187    339.8452
     2173.5127   1296.9678   1354.9200
      927.0392   2189.8933   1102.5161
      328.4437   1854.8553     56.3960
     2104.2930     48.9922    890.2176
     2189.2700    313.4841    968.8132
     1968.6589   2025.2367    510.4066
       16.7021    239.4631   1236.2844
      488.8828    353.1257   1943.6521
     1796.4614   1001.8121   2191.5618
      737.6362   1839.3987   1019.4658
     1870.1093    655.7896   1840.7408
       16.0426   1862.2285    156.6498
     2194.7979   1832.7964    498.6492
      596.1208    615.3546    261.9987
       29.7037    671.4364   2095.0500
     1524.1530   2043.3445    788.1176
     2102.2190    432.8295   1875.5629
     1941.1165    942.0737   1919.8368
     2118.6448   1571.8221   2105.5439
      936.1797    734.4175    729.5563
     1493.2820   1461.1285    402.0209
     1497.4738   2218.2717     82.0710
      485.1466   1464.4861   1129.1384
     1957.8093   1467.6024    151.4009
     1097.4541    532.5952   2108.1394
     1764.3221   2060.5610    674.6132
      262.2368   1683.7053    606.6672
     2244.8308    479.0783   1470.3521
     1846.0634    112.0534    966.5697
     2161.7759   1357.7382   1624.7382
      950.1820   1127.8051   1854.6497
      478.6481   2196.3696   1668.1539
     1576.2957   1737.6031   1632.8071
     2107.7407    590.6836    948.3209
     1176.6406    302.3703   2068.7146
      357.7949   1612.8287   1722.2616
     2073.5435   1633.3422   1348.6809
      829.2424   1891.9640     36.3742
        8.2976    723.2594   1366.5010
     2015.3621    719.7017    185.4270
     2054.4788   1721.6265     42.6048
     1472.1117    719.9551   1918.9944
     1755.9490    969.6749    916.7585
     1439.3724    285.8089   2101.4104
     1441.7491   2130.2576   1057.7052
      608.3317   1154.1459    268.5346
     1430.7451    320.6384    825.4030
     1948.4862   1054.6891    700.9276
     1646.7010    696.8964    453.5522
      347.6461   2118.4490     67.4751
     1845.6732   2118.1189   2197.0815
      882.0837   1316.4861    956.4828
      665.5884    747.5560   2198.8235
     2144.6929   2120.6587    674.7292
       53.1235   1748.3625   1384.5791
     1561.8033    502.3737    204.6953
     1102.5643    314.5350    925.3347
      525.6155   1584.8379   2257.3015
     2167.1614    891.6459    291.6133
     1300.1500    173.8304      6.6964
     2094.4348   1028.0353   1362.3445
     2241.9897   2209.7039   1804.1466
     1728.0823   1269.3365    284.1255
      118.3909   2085.3271   2245.1921
      940.1452   2204.7375   1383.3496
      405.9996   1150.4927   1882.2303
     1646.8379   1376.8789     23.6403
      929.2482   2011.8514   1622.8877
     1463.8308   1183.8943    348.4569
     1682.7974    220.6136   1582.9994
     1950.5565    409.2848    840.1719
      961.6369    480.0872    565.3312
     1518.3290   2187.4958    510.8370
      204.0233    380.8282     19.9874
     1883.2330    525.9956    162.4009
     1607.1127    138.1147    975.5397
      309.1103   1415.7510   2206.5823
     1307.2649   1732.2793   2060.6172
     2232.9023   2066.0806    332.2744
      343.4144   1133.9792    620.4943
     1979.5552    692.2027    718.6646
      236.9830   2071.7888   1429.6165
      547.2769   1816.2284    151.5668
     1725.7158   2131.3809    948.2853
     1846.4169   2132.2703   1719.7991
     1670.3575   1709.4927   1166.8828
     1871.1219   1474.2570    451.2259
      250.2743   1578.3817   1322.8422
      242.8580    460.9740   2015.3416
      291.1026   1611.3936    158.8767
      879.4086   1727.7911   1256.8945
     1889.5282    124.0126   1663.5334
     1650.2495    483.1415   1738.8679
      667.8406    517.4415   2029.6620
     1586.2573    200.9750     57.9944
      155.5595    943.5550    126.4306
      544.2142     93.6476   1127.6622
     1605.0889   1909.3774   1001.6965
      474.0256   1193.6317   1161.0833
      527.0094    959.2424   1714.7576
     1978.9521   2136.8625    961.8074
     1763.2285   1810.5458   2260.0115
      373.9208   1138.9161   1612.8237
      856.7568    667.2018   2041.8898
      500.6935   1916.0813   1443.4065
      541.3295     68.5270     95.0833
      385.7943    397.7956    900.4996
     2058.3584    792.4144   1223.2385
     1770.1193   1566.5038   1819.5803
     1205.0120   1008.5059   1052.4191
     1581.5221   1144.0797     86.2484
      781.4716    537.6096   1781.8176
      588.9594    406.4483    724.7745
     1726.3412    545.0963    664.7723
       91.1801    122.6645    970.1244
      537.8229   1784.6854   1218.1713
     2194.8701   1956.7838    934.5106
      873.7189   1539.9608   1529.0413
     1672.4196    746.0527    202.6328
      405.2860   1338.3986    914.2461
     2160.3765    831.1390    575.8704
     1547.1285   1217.9119   1811.9528
      163.6387    277.1658   1497.4608
     1222.2103    496.0941    717.9822
     1633.6161      7.0820   1721.4990
     1702.6702    529.4950   1234.5085
      601.9343   1055.4487    515.9764
     1588.3776    660.2306   1047.9312
      791.2803   1744.1395    769.0545
     1932.6133    413.7284   1115.8658
     1649.1692     58.2072    708.5326
     1984.1260   1927.0485   2064.2981
      397.0504   1947.5685   2104.9924
      798.4933    437.5131   1317.6334
       82.1378   1071.1688    567.7139
     1149.2358   1230.9930   2050.4463
     2166.3611   1269.0822    711.8665
      136.0183   1351.4830    534.9056
     1012.4401   1300.1204    246.3721
      918.4553   2029.9110    899.2772
     1863.4009    353.5557   1798.3966
     1846.8063    366.6848   1470.4380
      341.9739   1289.9987    337.0505
     1726.1921   1586.4998   1535.8940
      194.9480    988.9265   1787.3126
     1188.7894   2033.4468   1291.5514
     1306.2473   2165.3899    647.9106
     1999.2374   1918.4637    784.3811
     2075.3870   1637.5530    372.6771
      303.1685     84.4877   1855.0209
     1577.1121   1572.3268   2118.7268
     1759.0956    250.5171   1170.2894
     2161.2837   1330.8314   1976.6113
      843.4853   1039.6851    276.2787
      693.9299     35.4026   1536.9249
      424.8242    400.3247    462.3466
     1014.6300   1534.9724    167.5136
     2034.1808   1860.9972    275.3211
     1069.2897    852.1874   1498.3705
     1146.2700   2173.0347   1548.3683
     1267.4713   1430.7363   1235.8213
      388.3651    822.4145    206.0325
     1115.8032    958.8979   1962.3280
     1759.7227   2257.5388    201.0886
      842.3329    644.4584    406.5375
      953.5123    118.3225   2160.6501
     2261.5171    290.5522    505.7372
      952.5549   1430.6921   2239.6045
     1434.3417   2157.5977   1370.1400
     1596.5309   1602.1157    881.5903
     1315.6927   1037.0707    855.1985
      215.1709    624.5340   1511.1096
       45.2252    920.4758   1002.6430
      516.7277   1327.0502     91.9532
     1352.5933   1849.6567    865.0233
      673.4837   1949.9009   2062.5725
      712.3384   1543.4724   1777.1782
      836.3815    904.0970    517.9161
     1162.6548   1002.6853    650.3230
     1465.1527    947.6187   1697.5718
     1118.5254   1248.5673   1494.6230
      897.4810   1782.7312   1783.5580
     1033.3850   1704.9832   1039.4189
       35.1672   1565.5991    527.5779
     1073.5537   2005.8313    170.5722
      203.2394    901.1181    731.9582
     1281.4648   1506.1165    565.7418
     1857.5876   1873.7170   1050.2332
     1441.1277   1587.0265    153.0716
       63.1339   1519.6427    791.2474
      563.7686   1015.1161     51.1330
      234.8519    207.1363   2043.3358
      839.4896   1670.1714   1992.8784
      230.5459    283.8893   1105.6708
      903.5364   1405.8848   1982.2705
      426.0823   2248.0217    348.2533
      939.1765     44.5336    458.2273
     1789.0443   2026.9304   1965.9553
     1722.0647   1811.0367    767.0329
     2166.5222    194.1028   1522.7092
     1914.5642   1657.2500    855.0577
      564.0936    777.3000    448.6367
      403.5537    139.8797    902.2172
     2205.4253    749.1248     61.8679
     1522.2653    925.3228   2189.1890
      262.3281    815.1274    968.6069
     1017.9299   1081.9937    439.2211
      532.5934   2201.1389    614.9212
     2213.2378   1513.3466   1161.9877
     2077.3606   2174.7144   1586.2678
     1744.6577   1290.8240   1658.5228
      128.1965   1138.3998    342.2242
     2071.8896    174.0186   1810.0125
     1414.4578     43.5292    838.2189
      352.9022    714.8596   1694.0920
      673.2851   2134.3735   1013.3049
     1923.7483    941.5724    430.5680
      475.1881    580.8071   2223.8484
      192.8190    660.8553     56.9322
      119.4799   2002.9122    593.0572
      915.9651    265.4940    399.2152
     1436.3214   1957.3313   1932.3798
      466.7231   2046.1069   1881.2805
     1142.3247    681.9354   1913.5417
      274.5078    617.6290    803.1442
     1388.9196   1136.4982    617.2153
     1618.1520   1112.0186    787.3000
     1627.0341   1212.4871   1300.1522
     1802.8439    227.1115    774.7706
     1351.0850   1047.1578   1932.8346
      347.6549    649.4655    382.5444
     1366.0798    441.4528    358.7146
     1991.5243   2128.7937    264.8993
      956.9667    802.5704   1785.5028
       65.8439    249.9065   1755.8799
       42.6566   1994.3700   1226.3920
      586.9125   1699.5566   1606.3550
     1877.5222   1253.0900     47.4218
     1076.9471    801.2629   2192.1211
      408.7397    880.2028   1139.6373
      774.4696   1433.3141    291.8014
      674.8521   2041.0404   1559.0796
      794.4336    936.9818   1439.4899
     1482.6722   1614.4800   1332.1414
     1982.8308   1345.4086   1152.9042
      567.6826    242.1471   1687.2394
      657.5413    964.4113   1052.4543
     2232.3672    956.1212   2183.5300
     1512.0627    882.1407    925.8489
      963.6989   1083.4691   1579.5547
      138.0591   1321.6111    193.4130
     1079.7356   1832.0834    795.8240
     1045.7805    163.3309   1195.0415
     1900.4731   1751.7202    559.8527
      261.2455    409.8605   1734.8197
     1648.2385   1655.9446    476.6863
     1163.7192   1482.6615   2046.4053
     2055.8865    411.8932   1613.8903
     2000.7869    577.4367   1349.6199
     1237.0322   2065.9678    878.0513
      552.1150   1735.4487   1884.5691
      620.6110   1904.2976    505.9130
      176.0177    469.9411    329.1558
      571.8954   1262.6971   2113.0247
     1202.1833    729.5474   1092.5826
     1587.3700   1400.6732   1470.1821
     1496.8907   1653.3715   1908.7625
     1028.6211   1874.6033   1402.7058
     1461.5739    976.2844   1218.2177
     1869.8817   1159.7329   1317.5818
      332.1090    202.9476    218.8190
     1917.8058   1365.7892   1489.0157
     1247.3632   1884.6492    640.1435
     1246.7850    834.9225   1300.7943
     1548.2050   1419.9410   1133.5377
      624.7871    225.1734   1348.2368
      843.9756    136.7634    919.7191
     1647.9103   2257.8865   2148.9019
     1946.6746   1267.6586    573.1428
     2190.5068   1356.7632    369.4670
     1181.6976   2007.2268   1930.9084
      686.3187    503.7045     38.8747
     1511.1813   1460.3464   1724.9431
      993.4958    424.2450   1892.3691
      697.4002     71.1102    337.5583
      709.7564   1681.0861    310.6457
     1826.7327   2016.1240    154.1567
      540.5289   2054.5261    256.5819
     1595.8429   1810.2766    235.2321
      946.3864     70.2006   1609.4307
     1240.1648    297.0555   1749.6865
      231.5073   1763.0221   1568.5968
      562.4781   1340.0830    497.6476
     1826.3341   1857.2111   1365.2931
     1189.8341   1345.3879     40.0503
     1037.3563   1495.1478   1771.7800
       72.9909   2250.6187    483.5422
      501.0341   1411.6873   1703.1439
      353.3706   1455.9851    660.9150
     1365.6558    560.2658    959.8503
     1145.4457    222.3832   1530.3870
     1834.0216   1709.5771    277.4682
     1113.3898   1749.5094   1929.7140
      259.8435   1353.3055   1823.8491
      894.7067    643.3142   1566.5867
     2210.9766   2068.1040   2040.7351
      897.1266   1084.2263    995.5327
     1946.3479   1131.3510   1566.3710
      357.6179   1135.1676   2212.7410
      317.7127   1509.2632    413.8245
     1429.9338    191.0640    570.2788
      754.0375   2232.8628     10.5802
     1177.4020      6.6285   2024.5338
     1103.7407    498.4904   1662.8785
     1735.8608    888.6700    641.6996
      329.9860   1685.6198   1089.3937
     1474.3539    121.9308   1187.7100
     1253.6154    174.0229   1028.0946
      374.8716   1905.2427    709.9822
     1305.4749    825.8817   2094.2048
     2045.4055    242.8394    701.2466
     2057.9333   1873.6642   1473.7803
     1556.4170   1978.7627   1694.1527
      695.1354   1748.6691   2157.9907
     1930.1904   1633.8585   1108.3711
      680.3500   1629.2445   1345.6110
     1636.8115   1348.4899   2007.9406
     1715.8082   1121.8707    515.1973
     2018.7980    839.8704    945.5901
      352.6362    945.2570    422.0192
     1805.7526   1567.3273     38.2337
      812.9318   1574.2489    997.6281
     1020.3718   1320.0050    655.8006
