      835.2379   2238.5520    902.7776
     1184.4172   1000.9891   1658.0734
      267.9729   1275.0835    551.8015
      942.2116   1145.5321   2094.0098
      674.5129   2115.0964    588.4988
      182.3416    410.0088   1480.6040
     1048.1210   1412.9709   1203.4993
     1711.0989   1798.8286   1367.1561
     1157.0983    229.5008   1051.9083
     1939.0984   2097.1489   2159.2651
      675.0043   1432.3682   1380.6895
      565.6978    922.2053     80.2012
     1013.9927   1120.7500    193.6070
     1296.9016   1947.1691    826.2546
     1960.6971    642.4405    765.7133
      246.0969   1305.7438   1895.6973
     1206.2887   1569.6068   1663.5284
      760.3196    274.1222   1481.3328
     2235.1477   2122.4382   1582.4125
     2220.6587    400.7666   1995.1591
      894.0518   2258.4727   1196.4617
      497.9790   2173.6284   2032.6415
      307.2395    875.7693   2196.7329
      965.9676    503.2935   2221.0110
     1060.1124    743.2397    275.6274
      428.3538   2163.6990   1386.0581
      537.0308   1934.5066    804.5147
     1697.1425   1942.9546   2043.8728
     2059.7209   1805.3804    282.4370
     2243.1257    100.3081    258.0818
      498.9924    990.3449    609.0663
      801.9656   1424.6484    666.3670
      237.7387    207.2791    502.5785
     1228.4977   1355.3528    399.8143
     1391.7559    499.2426   1542.7847
      735.0388    107.1301    234.6705
     1366.7539   2083.3728   1999.3964
     1090.3857    700.0360   2061.3945
     1797.6354    171.0052    440.2548
     2203.1636   1648.1215   1973.8522
      137.1825   1629.3591   1634.0206
      883.9553    397.8061    252.8956
      900.0637    287.7647    871.7017
      218.4736   1997.9580    743.1503
     1890.7467    383.9470    958.5955
     2013.6478    216.9125   1853.9225
      780.1597    373.4080   1153.2708
     1366.2943   1129.5775    365.9773
       76.2827    202.6959   1829.9525
     1548.8842   1375.2035   2191.4207
      536.6919   1205.3823    835.9937
     1256.6062   1435.9752    150.9046
      110.2770    693.2631   1170.6183
     1602.1066   1179.7986    160.4345
      781.5705   2250.6150   1939.2500
     1682.8739    833.2530   1429.0905
     1145.8158   1370.8431    789.2046
     1714.3054    336.5306     58.7426
     2062.1184   2108.5940    338.2906
     1931.9739    569.8178   1526.3638
     2221.1050   1914.7882    696.5397
     1564.1168    307.7825   1214.1765
      317.3342    241.6555   1878.0847
       48.2067   1173.0056    776.7247
     2186.8716    307.2411    405.2290
     1543.5511   1143.0747   1406.8013
     1453.0630    753.5110     68.7005
     1238.4270   2218.6685    667.9503
      962.0289    492.8126    536.6998
      628.9357    820.6895   1418.6842
     1618.8424   1129.1196    525.7162
     1836.6650   2224.9565   1932.2687
     1771.5762   1167.4926   1555.3208
      266.1008   1701.7747   1964.4738
     1664.1194    588.5983   1259.5066
      584.0873    153.0188   1226.1233
      711.2253   1696.2267    907.0633
      243.5232    539.3477    964.7401
      588.1920    772.7772   2088.5034
     1826.6552   1838.1617   1057.8632
     1763.2192   1296.6635    691.1732
      929.2183    795.2341    968.5342
      651.4998   1928.5776   1144.3785
     1488.4425    256.5576    163.3427
     1838.2303   1464.8632   1734.6110
      782.3798   2209.7483   1433.4224
      377.6662   1612.6084    354.5262
     1129.1550   1968.3647   1875.8518
      837.6595    888.7756   1985.3605
     1239.2393    531.1867    185.7889
      434.6434   1802.6158   1554.8605
     2154.6201    224.1104   1056.6371
      396.1402   1004.6887   1139.6758
     1095.8358   1245.9769   1813.2803
     1648.5913     21.0974    260.6122
      964.9234   1620.2469    907.8071
     1240.7677    332.0279    449.8478
      153.1957   1355.8215   1542.9058
      188.7194    179.3739     71.4399
      848.9297   1973.8855   2235.7314
     2105.0728    914.2445   2023.2651
     1350.1360    584.3312    484.8635
      863.4563   1695.6039    478.9586
     1971.9410    472.5025   2085.8711
     2072.0444   2159.0164    719.7558
       15.7941   1432.4785    444.2668
     1212.1632    258.5045   1723.5105
     1677.6434   2037.2365   1196.6514
      658.9147    276.0984   1904.9666
       71.7590   1385.8588   1298.3199
     1609.8851   1420.2228   1265.5414
     1004.7712    828.2125   1363.6381
      223.9817   1417.0011    793.9164
     1875.2975    885.6698   2253.5557
      394.5827    294.4212    265.3881
      269.8866   1572.4612   1109.8729
      832.5342    708.5648    487.7995
     1711.3718   1777.6926   1678.6379
     1043.6277   1721.0033   2228.5015
     1993.1812    936.5649   1563.7289
     1987.6960   1797.0280    843.7148
      258.7767   1859.0542    165.7120
      171.2699    638.0609    451.4134
      791.4839   1425.6952   1015.5223
     1527.9564    412.0327   1829.7786
     1719.6368   2078.3469   1477.1343
       88.6158   1102.9890   1761.0326
     2150.3027     57.3892   2086.5713
     1452.5670    746.9840    994.5572
     1824.7349    836.2730   1737.7654
      228.6590   2214.7258    310.7241
      195.8156   1123.0452   2106.3406
       26.5446    424.3631   1137.5081
     2202.1062   1525.2976    765.1590
       26.2545   1880.2577   1773.5437
      858.2263   1903.0446    259.6181
      206.7104    307.1634    896.3414
      300.4055     23.8290   1650.3379
      439.2603   1928.1819   1317.6616
      559.3113     79.5658   1705.1138
     1591.8569    323.7641   1571.4718
      706.7629    295.3279    456.1209
     1047.5586   1017.7437    844.5311
      475.2222   1489.8744    892.8958
      294.8923    929.9473    261.2208
     2015.0225   1026.4937    750.3657
     1073.2275    728.8824    724.2154
      415.1277    623.2317    139.6462
      742.9498   1176.8695    386.3401
     1504.4474   1762.0789   1087.3575
     1591.7296    627.6000   2156.5156
     1210.3264   1696.8862   1937.4265
      431.9889    288.2593   1520.9938
     1991.0027     61.4827    200.7899
     1053.0127   1179.2850   1068.7279
     1462.1166   1658.4717   2123.0391
      523.7106   2022.7769   1776.7363
     1044.5608   1984.6803   1033.7061
     1091.9320   2159.8604   2089.7427
     2188.3262   2173.8188   1850.4624
     1381.4144    410.1009   2181.1313
       94.9631    726.9454    194.7773
      381.6328   1088.6028   1696.3225
      397.6137   2182.3633    102.9872
     2251.2153    639.5677   1423.5020
     2168.7271    786.8038   1680.3269
     1908.1852    827.9318    556.3997
     2156.2578    524.0631    224.3354
      623.1406   2123.8757    284.5091
     1504.4725    314.1221    483.9029
      534.0434   1385.5312    252.7828
     1503.4470   1010.7885      6.1600
     1990.6049     10.8314   1006.0969
     2258.1672   1535.4781   1041.7759
     1141.0276    898.7628     15.1604
     1187.1943    474.6723   1974.9921
     2202.9729    319.4626     24.0499
      683.9471    539.7717   1387.6085
       39.9260   1033.7643   1437.9012
      679.2686   1940.0847   1540.4242
     1700.9122    983.9937   1195.5531
      111.8002   1657.8740   1284.5948
      380.6748   1521.4224   1373.9161
     1210.6660   1111.6052   1357.3339
     2192.3076    160.4242   1608.5421
     1069.8002   1657.3960    288.8638
     1954.1040   1042.0581    985.5549
     1312.2185   1186.1241     66.2993
      810.4766   1026.2452    582.7183
      437.0520   1266.7675   2225.5105
      625.7603   1819.2086    443.5877
      947.6198   1680.8694   1834.4379
      223.6690   2091.1543   1795.2830
      649.3052   1664.5823   1245.3462
      820.3727   1423.0587    356.2935
      692.1831   1411.1932   2220.2373
     2252.6504   1390.2177   1823.3529
     1427.5988    811.2912    629.6055
     2037.4926   1099.4581   1790.5222
     1592.8187     53.9021   1423.9272
     1623.9530    619.7992   1679.4318
       99.9691    612.9270   2110.1538
      384.5410   2249.2991    806.1704
      736.9179   1666.5243    126.4591
      613.1495    520.1231   2156.3203
      984.4443   1990.2062   1322.4374
      548.4926   1292.1863    539.2305
     1771.8328   1644.4272    766.8566
     1796.3750   2167.8435    866.6362
      365.9964    747.6425   1269.6895
     2078.4065   1210.7168   1536.6681
     1896.3152   1707.9327   2194.5730
     1791.2229   1456.4022     58.9584
     1429.4991   1993.8992   1462.4276
     1415.9646   1740.3545   1389.4092
     1422.5234   1265.4249    747.4868
     1781.9365    146.2560   1099.7361
      442.6715   1441.7135   1647.0991
     1628.2711    618.2856    310.5421
      891.2148    991.6564   1607.8735
       41.5797   2222.4058    907.2878
      943.5895     96.3177     31.1785
     1313.5602   1417.0503   1289.1161
      959.2816     87.8055   1623.6901
      223.5450    740.1479   1596.5350
      683.8791   1171.0308     83.3120
     2070.2715    687.7613   2189.5823
     1962.8221   1498.1787   1989.1160
      600.6041    200.4948    716.2745
     1298.0020    275.7375   1439.4934
      867.6498   1649.4978   1522.9006
     1868.1665    118.4294   2246.9763
      471.2371    175.9681   2243.5322
      242.7499    904.0331    531.4539
     1850.7662   1232.7975   1214.9651
     1476.4229     46.1496   1141.9077
     2029.6904   1714.5531   1732.2111
      393.3675    926.3615   1475.0308
      887.8655    530.8624   1928.6476
     1141.0448   2218.9014   1260.0784
     1396.0321     37.0610   1634.4617
     2242.5212   2141.8555    117.3475
     1228.6754   1692.5460    884.2018
      835.8448    658.5157   1610.8588
      106.5721   1015.6597   1062.1039
      172.6936     20.5550   2045.4301
     1922.4067   2223.4910   1299.7289
      344.7226    758.7342   1898.5789
     1634.0776   1809.0446    554.7023
     1556.5911   1515.3973   1572.3424
     1133.7900   1658.3860   1439.6433
     1226.8152    883.3317   1020.5652
     1305.2382   2072.8652   1097.0000
     1728.7035     65.3424   1734.3751
     1562.2717   2214.0229    563.2661
     1510.7086    998.1336    958.3068
      614.5797   1129.8295   1556.7821
     1018.0579    930.5158    487.5745
     1123.4415     22.0948   1802.6589
      887.0990   1121.6688   1298.4435
      914.5898    235.4629   1967.8988
     1223.0223    756.0012   1533.4982
      292.6510    430.7571   2079.4141
     2234.9678   2215.0938   1269.8599
     1633.3154   1781.6367     95.4848
     2146.2195    451.2358   1659.9283
     1043.0874   1609.2704    671.1876
     1047.3801    167.0581   1348.8873
       67.7803    799.4721   1943.3870
      457.5046    636.6948    713.4966
     1226.7751   1040.0116    600.3649
     2080.0740     46.6252    529.6388
      478.3455      8.1921    506.7934
     1605.0563    600.4857    663.4931
      442.3398   1049.7159   2014.0850
     1833.1189   1171.9370   2148.7852
     1109.6217    281.9647     97.2688
     1692.2751    218.3209   2039.8910
      379.0646   1224.0413   1399.2847
     1344.8826   1266.8264   1570.3250
       10.5819   1133.8915    426.5563
      582.0930    830.8158   1812.6655
      725.2345    588.2627    204.3933
      170.7786    484.4922    697.2944
     1579.1714   2010.3859    882.1990
      976.1361   2188.6936    264.0227
     1284.9397     45.5684    421.2025
      238.9572   1387.0052    194.4311
      342.5054   1155.0344    222.1354
      791.1749   1113.6740   1810.8162
     1232.6515   1784.4719   1175.8601
     1786.3550    770.7261   1017.0200
     1894.8805    236.2220   1508.4401
     1066.5051   1285.8914   1521.9902
     2248.1360   1020.7252     97.4518
     2124.2104   1152.5223   1214.2052
      806.2589   1953.0125    825.4857
      743.5260    274.1382     42.3999
      456.0518    464.9817    438.2310
      834.1400   1152.0244    850.7589
      225.1826   1271.4015   1064.6436
     2081.4626   1290.3607    956.0286
     1637.3137    902.6795    314.3619
     1066.3818    486.2192   1588.5105
      684.9677   2197.4038     11.5549
     1768.4231   1666.8624    345.2428
      781.2361    704.6414   1223.7352
     2222.1108    192.0305    711.2607
      528.4525   1598.2351    623.6456
     1415.1464    904.7385   1295.2877
      155.0300   2221.6077    573.9495
     1365.6643   1211.7251   1166.6537
     1180.9647    442.4966    820.4142
      291.1245   2086.3958   1053.5294
     1489.3605   1751.2526   1835.3024
     1307.2284   2215.9182    113.1288
     1694.5535    912.4626    728.7241
     1324.9165   1825.2716   1643.2194
      623.6479   1751.7123   1744.1265
      418.9348    452.6957   1292.5225
      283.8214    148.0132   1081.7549
     1126.0250   1919.7589    384.0933
      602.0677   2181.7744   1067.6609
      838.7786   1389.9293   1675.3762
     1752.2031    653.6386   1941.6931
     1029.1671    512.9519   1299.6473
     1518.3944   2045.8152     55.2692
      925.6440   1750.5568   1128.0862
      337.8401    995.5460    846.4595
     1187.6293    978.1903   1905.0348
      776.5239   1876.5555   1951.5276
     1955.2460   2217.4766   1566.0790
     1433.8563   1511.1782   1010.4770
      996.7540   1379.3650     68.9880
      582.3481    794.2162    371.3637
     1803.3491    651.4966     93.0847
      743.1086    982.8679   1084.9814
     2018.7611    287.4838    635.5372
      769.1000   1684.9845   2116.6128
     1469.2664    981.3204   1694.8894
      589.6135    559.3311   1075.5774
      439.1142    558.1152   1567.4095
      403.6478   1575.0121     30.9086
      926.4127   1456.5698   1983.0613
      377.8799   1802.0267   1013.9544
     1989.5098   1940.2128   1612.5198
     1753.3997   1648.8232   1982.7129
     2072.2849   1542.3522     58.3689
      434.8193   1501.1636   1987.2723
     1927.6509   1533.5121   1052.1208
      318.2474   1718.6326    751.9904
     1085.5360     20.1080    916.4358
      992.4098   1175.7753    505.3990
      175.4449   1876.6433   1528.0841
      848.7467    849.2911     13.4069
     1339.7922    614.6750   1220.6106
      507.9010    306.6804    991.3959
      484.3140   1807.0250   2082.7407
     1875.2698    331.5751   1264.0758
     1109.3092   2032.9868     57.5657
     2181.5161   1226.8811   2098.6599
     1614.9331   1256.0176    994.9188
      894.0531    326.1542   1683.8572
     1616.1288    535.5072    956.5141
     2023.7739   1934.8378   1278.5939
     2156.4253    582.0468    534.4344
     1393.9150   1187.5054   2006.8365
     2053.7942   1660.0237   1329.3667
     1057.0135    160.9732    572.9085
     1400.9514   1418.9182   1813.0669
     1002.3616   1921.8203   1614.5240
       35.9753   1778.1161     41.3018
     1420.3330     67.9984    861.0435
     1984.2786    602.5163   1167.3533
     1523.3524   1476.3395    584.0175
      173.2492    177.2796   1339.1672
      568.0950    541.4887   1833.7811
     1327.1194    672.5507   1808.3656
     1520.2200   1686.4023    768.1248
     1651.0968    943.5253   1964.0356
       24.6420   1957.4464    346.3839
     1913.6671   1991.6952    113.6544
      164.9668    466.9935     80.6308
      151.2860    528.4810   1733.3940
     1903.9652   2035.1580    572.1718
     2050.2007    624.5743   1882.6014
     1720.3315   1196.5903   1821.8616
     1971.6765   1991.5101   1866.8892
      678.4326    791.6569    827.1596
     1052.3707   1856.7949    702.0010
     1730.7456   2047.1213    353.5472
      107.4753   1706.0656    457.0140
     1451.9108   1592.2449    270.9376
     1002.8340    809.4933   1785.3601
     1396.9153   1962.4811    556.9542
      378.7674   1964.9000    442.0239
     2147.6714    551.3107    938.1066
     1404.9990    366.8384    797.8690
     2135.7495   1480.9169   1511.6266
     1397.2416    842.0675   2036.8395
      130.6502   1996.0983   1250.1536
     1261.1879   1898.9161   2155.8228
     1990.4705    869.9183   1322.2596
     1173.1794    164.5115   2070.3381
      635.6697   1240.9778   1201.6957
     1860.5658   1474.5310   1402.6947
      921.1906   2104.8430    588.6949
       43.4873    743.7114    845.2247
     2074.0413    915.8040    263.5421
     1489.4733   1903.2932    305.1163
     1824.8220    408.8086   1712.5826
     1805.1466   1379.7753    388.3757
     1602.1324     15.1933   2183.9573
     1288.0264   1658.9468    531.8454
      702.7948    478.7901    846.2950
     1648.1682    227.0014    819.9409
     1824.7269    439.2222    549.5564
     1297.8521    861.3395    335.0283
      555.5258   1913.6576     91.6673
     2199.7314   2017.8909   2117.4304
      371.6257    788.3852    979.0466
      648.1310   1313.0612   1953.1508
     2021.8480   1695.1541    509.7818
      118.9099   1813.3834    918.6323
     2040.6588   1237.7358    178.3031
      977.1642    519.8299   1038.9287
     1244.5006   1395.5306   2149.1355
     2038.1676   1308.3995    588.4588
     1889.0878    395.3561    258.6172
     2122.4651    902.1097   1040.7599
     2119.4524   1933.5525   1037.4042
     2217.1782    851.3718    572.8618
      213.7319   1954.6462   2096.8184
     1176.9834   2146.9944   1552.2777
      168.0439   1451.2557   2191.0188
     1278.0708   1798.6304    138.3142
     1623.7860   2033.6469   1774.1414
     1879.6647   1071.6549    414.9177
     1431.2593    125.5463   1964.1833
     1838.0737     59.3215    686.1853
