      766.0637   2139.6057    807.0439
     1139.0737   1033.3657   1489.1979
      408.5278   1213.2981    533.9792
      995.8942   1174.0037   2209.2756
      672.2763   1906.4144    557.5912
      233.9481    298.9755   1487.6865
     1073.0793   1556.4847   1150.0040
     1769.2042   1980.9303   1373.9757
     1340.0745    203.0253   1027.0150
     1939.8790   1970.4927   2192.7705
      834.0377   1444.0781   1500.9469
      545.0020    784.8251    106.1855
     1101.5043   1125.0596    178.6604
     1302.4716   1893.1598    847.9785
     1980.6523    707.9039    909.3772
       60.3743   1262.5145   1894.5303
     1078.5001   1456.7502   1704.4216
      947.0052    284.1519   1531.3350
     2121.3628   2035.6851   1479.9810
     2247.2522    498.8409   2099.2390
      761.0760   2118.8718   1111.8087
      530.8475   2046.5977   1964.7129
      533.6195    899.0146   2046.2054
      880.6046    489.7087   2251.5310
     1182.4868    650.6602    368.5065
      497.0495   2192.8284   1330.6436
      459.3584   2002.6945    720.2636
     1545.1671   2006.6609   2083.6970
     2047.3005   1832.1696    321.8648
     2224.2356     86.4899    240.3965
      362.8272    853.6160    696.3430
      672.2360   1502.4684    585.3199
      185.8106    170.1144    573.3328
     1253.3176   1295.5896    384.8332
     1473.2223    485.5715   1513.6910
      771.2312    138.5997    355.2036
     1373.8097   2236.5115   1981.4546
     1084.1084    805.5625   2146.5002
     1762.5353    270.1830    505.8204
     2223.1790   1750.7855   1957.7667
      241.1119   1603.0328   1763.7628
      992.6798    395.2664    311.5786
      845.3787    301.3197    880.4999
       67.4313   1915.4851    701.4844
     1914.7554    406.5861   1084.7068
     2201.4570    253.8625   2010.1597
      903.1447    430.6759   1212.2186
     1427.5680   1105.0820    282.5998
       42.3460    182.4686   1718.8256
     1575.0079   1411.7599   2154.5374
      572.6044   1220.4192    790.9860
     1189.8948   1440.6678    160.1848
       91.0007    757.8797   1206.5925
     1672.5448   1203.4373    296.0562
      820.8516   2149.9773   2000.0481
     1844.7577    950.5287   1380.5712
     1285.2599   1412.5710    948.1636
     1635.2375    495.0437     27.9705
     1960.0168   2124.1125    203.1558
     1934.5131    630.4586   1505.9478
     2072.8840   2031.2583    529.4493
     1517.5179    389.4251   1167.1633
      328.2557    305.8786   1861.9484
      156.0907   1141.5732    673.3043
     2072.6033    310.9140    430.5460
     1476.1399   1114.9246   1542.6674
     1390.5532    685.0666    143.4455
     1208.1210   2183.7256    778.9144
     1027.1205    460.3400    611.2004
      684.6629    810.8486   1482.5979
     1566.3145   1154.7882    541.1740
     1829.5602   2158.1497   1927.3704
     1815.6096   1262.8829   1565.0955
      276.2073   1819.6281   1973.4807
     1377.3730    629.4026   1185.1593
      695.4361    137.0334   1221.3989
      752.9013   1593.0242    825.3218
      236.5792    581.4626   1094.1403
      735.0762    725.3943   2149.1218
     1781.0818   1848.1229   1088.0383
     1673.2939   1336.4705    741.7178
      937.5283    836.4028    805.9907
      478.6672   1897.2914    979.9232
     1376.3375    344.2310    293.3970
     2030.5997   1607.8993   1695.7584
      796.5391   2131.6794   1475.5038
      362.4579   1450.5864    414.4622
     1048.3567   1972.9595   1953.6106
      924.6124    940.8054   1973.6930
     1135.1895    553.0276     60.2104
      559.3483   1955.9514   1467.4060
     2124.5542    278.1155   1009.5643
      349.5798   1152.1548   1213.3947
     1295.0330   1190.2108   1709.9703
     1695.1869    218.0049     55.5899
     1028.4124   1561.0134    862.6783
     1190.6516    166.3315    477.1316
       40.8165   1469.4315   1643.4523
      166.6239    220.4313    140.2942
      856.2852   1985.8927   2230.9114
     2247.0193    892.7531   2067.0488
     1378.0242    607.7765    607.8151
      879.7239   1756.2765    462.3748
     1953.6388    402.0137   2226.8159
     2120.8347   2151.6528    838.1658
       60.8814   1380.8705    465.4915
     1266.5743    322.3054   1635.1779
     1629.3163   2098.4172   1111.0311
      713.9504    382.2980   1984.1403
      122.6614   1306.1448   1290.1139
     1571.2383   1377.3490   1307.0027
     1082.6351    735.8194   1394.8152
      327.4940   1454.4105    691.6417
     1803.4506    754.9485   2187.5715
      409.0916    230.7845    291.8004
      248.4851   1511.7173   1193.3552
      867.1775    729.8450    568.0604
     1812.3987   1824.3767   1929.1884
     1090.9611   1687.4348   2202.4277
     2157.1831   1058.5270   1474.6322
     2059.4106   1760.8341    853.4034
      272.8615   1723.4819    258.9987
       85.8937    408.2896    410.3742
      806.9160   1335.9110   1071.9753
     1471.2224    334.9573   1840.4900
     1521.3826   2198.1934   1387.7603
      200.7686   1115.3120   1598.6499
     2114.6887    174.4317   2231.4082
     1421.3583    893.6099   1264.5072
     1824.5469    994.5187   1703.0518
      235.3866   2208.0269    284.7832
      190.0534   1046.7716   2136.1448
      100.9131    297.6505   1104.2847
     2099.0950   1460.2594    773.0887
       60.4793   2047.6187   1771.0862
      846.8607   1950.5758    284.1009
      376.0739    280.4467    854.2877
      350.0949     17.1978   1681.0865
      539.3140   1780.1754   1223.9569
      610.8892    167.3836   1769.6162
     1740.5336    459.5555   1301.9265
      753.3519    340.9392    506.8120
     1180.3541   1143.7173    825.7436
      468.9770   1442.6041    924.2545
      419.0755    953.3298    314.6393
     1849.9065   1060.8180    787.2752
     1204.7272    823.0966    695.8916
      342.8483    547.5964    273.5871
      762.7097    953.2800    362.7829
     1477.4041   1849.9717   1232.0647
     1692.1631    438.1708   1981.7100
     1110.5872   1694.0452   1965.2887
      576.9185    175.1075   1485.1068
     1813.3826     94.9060    280.6120
     1111.9531   1283.7734   1156.7290
     1360.9421   1576.8522   2124.6836
      368.1735   1972.7968   1735.6724
     1034.9753   2154.4470   1021.6033
     1116.2494   2187.1860   2174.3303
     2133.8828   2244.1694   1922.4639
     1355.2806    462.8122   2146.8052
       53.4177    944.6598    128.4808
      369.6314   1151.7279   1853.8340
      417.9899   2230.6677     57.3145
     2203.7375    790.0231   1429.9817
     2023.0330    816.6064   1678.2369
     2093.7888    900.9287    719.6398
     2238.2139    743.6258    281.1640
      605.8075   2095.5042    272.5544
     1367.4237    293.3991    574.6052
      773.4657   1460.4332    232.6448
     1631.3846   1036.1387     33.5887
     1951.3174     63.5075   1093.3527
     2220.9656   1481.0946   1056.1755
     1163.4828    949.1931    340.2725
     1160.4487    501.6871   1934.9657
     2203.9712    490.1599    206.1131
      668.8370    437.4164   1385.2909
      181.7227    989.9357   1354.8314
      624.0373   2124.6223   1703.0889
     1684.7120   1113.9099   1255.3149
      278.7952   1681.6078   1483.2262
      533.3088   1541.0011   1499.1440
     1197.6404   1037.3154   1210.6362
     2182.7048     26.1528   1519.1139
     1039.2932   1662.5095    210.3945
     1704.6104    923.0193    994.1666
     1318.0940   1233.8832     17.2260
      680.6640    900.3755    675.9439
      464.1573   1099.9594   2233.0974
      567.6544   1659.3962    355.4542
      900.2281   1751.1317   1656.7897
      260.7352   2198.4888   1969.1403
      565.0490   1494.1631   1175.1887
      935.1189   1246.3049    407.4007
      668.7200   1382.4587   2139.4541
     2091.3853   1402.0778   1928.5679
     1503.0391    882.3146    728.4952
     2080.0332   1100.7902   1774.8667
     1691.8529    228.9364   1431.6162
     1564.7714    652.8608   1726.0695
      231.5216    675.3086   1978.5952
      307.5303   2249.1848    795.3475
      652.0762   1795.2170     80.5981
      555.3114    496.2344   2246.3115
      968.3851   1897.0961   1230.9092
      690.4951   1190.7722    555.2759
     1823.5652   1612.3875    868.8329
     1831.4186   2122.2097    969.9678
      466.6324    682.5764   1382.8817
     2085.2144   1334.5452   1497.6080
     1954.6049   1660.5105   2108.8955
     1795.7798   1421.4001    125.0351
     1225.5592   2036.5812   1760.0903
     1560.1150   1746.8734   1542.0924
     1377.3193   1379.2466    684.0998
     1753.4678    163.9126    929.3741
      456.8425   1396.9731   1774.4739
     1596.8322    484.0892    483.4518
      899.0603    823.8358   1628.3820
      124.1274   2233.4043    982.2780
      919.9215     20.0581    138.7250
     1387.5819   1582.3362   1296.6676
      850.9630     48.4972   1711.0739
      195.9732    646.1444   1479.1000
      750.2883   1243.5841     84.5364
     2042.5011    697.1207   1968.3325
     1861.4352   1309.3363   2072.5129
      638.7571    149.0034    716.4918
     1321.5632    219.3861   1352.3569
      767.5401   1755.3845   1385.0752
     1900.5784     19.9507   2187.8125
      544.8892    226.9397   2066.5632
      105.0130    758.9832    524.9249
     1868.8563   1325.3053   1301.8085
     1589.5004     90.0579   1186.0710
     2260.8513   1736.2484   1584.6594
      429.0066   1002.8777   1458.4806
      812.9176    633.9319   1923.1389
     1258.0100   2201.8879   1212.6233
     1372.1321     31.6184   1599.9377
     2241.8892   2059.1924    115.1332
     1228.9087   1801.3331   1109.0651
      808.7015    526.7022   1674.8339
      163.5570    971.8878    933.8560
      126.3854     40.6946   2190.7710
     1831.9553   2215.6616   1325.9956
      339.2830    837.4614   1717.6625
     1556.3906   1743.7544    679.7355
     1708.7544   1594.8820   1832.0532
     1130.0444   1648.9911   1421.4371
     1281.8972    869.3742    997.2119
     1378.9171   2062.8618   1013.5563
     1717.0460    222.2330   1724.6161
     1611.6538   2243.8843    563.1738
     1476.4637   1103.6777    888.3481
      634.5955   1092.9071   1627.1798
      977.8885    987.0989    572.7950
     1096.3394     86.3334   1792.1249
      921.0717   1203.1013   1398.9526
      896.9161    152.9204   2131.2012
     1334.5317    769.9926   1477.0203
      264.9798    349.9327   2187.3398
     2212.1934   2164.7217   1239.7028
     1654.0988   1676.0304     77.6267
     2201.2698    511.0299   1499.4197
     1095.4121   1488.9448    637.3524
     1042.2312    142.3419   1279.0164
      107.9245    946.4648   1804.4066
      415.2801    592.3841    885.6816
     1302.5681   1070.4180    600.5654
     2099.5518     56.0917    489.7116
      434.5237     51.0330    489.3140
     1738.7029    642.8824    680.1792
      797.7137   1001.0345   2240.4321
     2006.9672   1003.0731   2121.8982
     1163.0698    220.1938     88.1063
     1925.0388    209.7317   1946.1244
      365.3677   1370.3805   1492.9313
     1438.8987   1443.7957   1544.6136
      176.9465   1035.9974    393.5436
      688.3542    888.1156   1823.4592
      755.3004    447.8179    256.5844
      191.7735    488.2475    719.1554
     1632.3557   1936.0557    875.3490
     1229.5835   2174.9709    308.6100
     1495.8170     62.5421    310.3357
      229.0875   1396.8607    179.4921
      489.1462   1223.2043    229.9010
      943.6945   1178.0652   1690.9825
     1269.1836   1968.5464   1404.8943
     1672.9838    655.9874   1113.7484
     2001.5110    210.5852   1644.3027
     1182.6617   1357.4717   1439.8413
     2254.6233   1230.6147    221.8031
     2148.2495   1154.8278   1215.4213
      785.6393   1872.4784    844.6893
      684.7435    228.6371     76.2523
      429.3787    419.3393    524.8759
      910.8627   1092.9701    962.8108
      138.2721   1278.3118    942.4454
     2024.9824   1271.1544    999.8659
     1911.1167    820.5085    286.5902
     1159.1923    561.4625   1643.0271
      682.8632   2205.8030      4.2700
     1811.1482   1608.1223    318.0961
      891.2509    891.3663   1283.6731
     2213.1499    224.9218    741.1678
      523.2913   1693.6405    710.2173
     1639.5876    770.3701   1483.8195
       51.7923   2125.5715    546.7296
     1411.5964   1220.9575   1142.9702
     1163.1511    458.1787    953.0315
      277.2877   2022.9333   1070.2656
     1469.3412   1836.2085   1822.5911
     1358.3278   2232.1892     38.6817
     1742.7762    945.0642    578.8725
     1238.3390   1703.1234   1685.6073
      530.1192   1698.4884   1737.3616
      331.9221    447.6414   1307.0171
      343.8221    165.8399   1178.5233
     1172.6024   1839.8639    591.3400
      516.0996   2222.2471   1055.5918
      788.0569   1459.0510   1809.5225
     1723.9163    786.1668   1938.1910
     1182.4712    432.2606   1308.1993
     1673.7681   2162.6074     49.1948
      830.4742   1695.8422   1103.3658
      472.4508   1118.0809    979.3633
     1226.4565   1030.5389   1942.5475
      765.0867   1924.6180   1820.6890
     1888.5559   2196.7068   1621.5354
     1484.8063   1515.0778   1039.3468
      925.0248   1443.2043      8.8704
      601.1229    665.1928    419.6340
     1682.7185    780.2811    164.4090
      667.2331   1044.5984   1199.7334
     1874.3824    383.3770    742.3847
      816.1377   1694.3633   2050.7942
     1490.2667    968.8407   1747.2286
      637.7392    618.6768   1134.2051
      531.3044    497.5325   1655.8864
      433.4132   1573.1030     87.4483
      985.0562   1365.2135   2005.1388
      317.9309   1707.0621    996.9276
     1894.6913   1853.6929   1632.3595
     1672.8293   1665.3335   2053.9180
     2073.8569   1483.7557    179.3783
      340.0155   1389.6423   2053.2949
     1694.0719   1604.2137   1192.5297
      106.1156   1651.2539    804.3196
     1072.3418    159.6802    984.6649
      867.7676   1278.3484    751.2510
      189.4678   1989.7097   1507.5840
      943.6097    742.4022    271.7518
     1081.8644    692.5923   1100.0378
      604.3275    390.2396    996.9460
      494.4338   1754.4493   2095.4895
     1985.8599    255.7361   1360.6479
     1133.7285   1957.2465    128.0103
     2177.1147   1258.9658   2183.9377
     1756.4084   1303.6819   1028.2748
      937.9949    358.1064   1834.3916
     1483.5747    671.1161    917.1466
     2117.4438   1806.0409   1367.2271
     2142.4004    518.1852    625.7418
     1494.7306   1194.9490   2037.5001
     2001.8387   1672.1062   1107.0956
      911.7761     67.9546    628.5872
     1399.8615   1558.6028   1854.0132
     1021.0232   1920.0035   1497.5875
       37.6862   1773.9482     34.2617
     1516.2843     15.7065    851.9619
     2135.6245    518.8497   1218.1183
     1595.7518   1509.1282    485.0129
        4.6223    192.2081   1351.5308
      522.1938    600.8734   1937.2034
     1462.2252    729.7228   1978.0120
     1261.5869   1656.1959    805.4958
     1768.2684   1041.8450   2023.6018
       67.4943   1903.6593    350.8940
     1799.8527   1848.7922    105.5788
      197.3280    667.0606     30.7155
       96.0568    453.7861   1786.6580
     1815.8241   1990.5565    690.4811
     1990.2745    436.4810   1793.2937
     1573.3828   1305.0638   1750.2755
     2083.1401   1959.4587   1792.9899
      681.0865    822.4025    965.6948
     1032.4974   1789.6781    914.9290
     1663.3455   1894.0356    441.6600
      131.3085   1697.5117    522.5185
     1485.0820   1455.1588    218.6327
     1199.9862    741.9341   1807.3260
     1404.2198   2012.5698    475.4594
      378.5067   1920.4912    476.4178
     2244.3220    554.4662    893.5716
     1182.0132    273.1384    752.3611
     2159.5801   1512.0918   1290.3794
     1387.2950    916.2895   2225.9792
      207.9717   2170.0674   1326.5199
     1307.8898   1883.4159   2120.2900
     1939.1270    783.9814   1206.5486
     1248.1810    194.0959   2056.6572
      600.2015   1283.6119   1348.4966
     1844.1538   1644.0280   1436.9139
      954.6855   2065.1165    549.9468
       40.3350    795.5162    802.9216
     2053.3293    760.2133     61.3698
     1452.1116   2021.1318    139.1401
     1742.0096    467.7511   1626.2179
     1869.6886   1364.3060    504.7173
     1531.0098    172.3434   2134.4368
     1252.1644   1645.3368    402.1134
      635.5854    523.1921    689.1647
     1592.9022    416.9211    847.7032
     1957.2166    626.1716    468.7162
     1515.2152    838.1459    436.4377
      414.1578   1973.5713    121.6713
     2233.6548   2013.7816   2086.7927
      443.9525    809.4211   1110.0674
      684.2928   1147.5712   1965.1976
     1949.3948   1771.6829    579.9409
       29.2535   1801.7876   1096.6095
     1945.7526   1185.5842    131.9499
      837.5051    622.0407    903.6166
     1238.5062   1373.6522   1957.3386
     2075.1704   1200.5868    618.7525
     1825.6257    511.9890    216.4743
     2140.2002    918.7432   1063.7283
     2028.8885   1940.8967   1112.5721
     2189.1206    924.0701    470.0400
      222.6940   1943.1769   2199.4380
     1110.8508   2220.0393   1477.5042
       60.0603   1536.1736   2196.4346
     1396.2059   1765.7551    140.6919
     1677.3654   2032.0494   1664.4606
     1982.9391   1118.2161    385.4270
     1572.6799     37.5943   1860.2096
     1894.4468     69.2336    700.9706
