      792.0471   2128.4465    899.7751
     1205.5383   1040.4106   1637.5472
      330.2017   1185.5934    593.7096
     1068.3741   1209.4393   2178.2002
      634.1058   2012.9600    549.2535
      213.6671    351.5673   1514.2015
      976.4933   1374.1073   1213.6702
     1712.1084   1883.6613   1379.2297
     1220.7396    280.5329   1120.1418
     1989.1055   2071.1382   2187.6689
      820.8474   1415.6018   1429.8315
      509.8744    989.4926     48.7182
     1035.3665   1131.9438    275.2865
     1316.8910   2030.1737    826.8866
     1929.5018    718.7812    886.2543
      129.9704   1167.1097   1903.1321
     1134.7826   1471.2094   1622.8057
      929.1778    260.2525   1517.0968
     2245.4265   2046.9545   1461.7902
     2209.8203    512.5928   2057.6843
      706.8375   2245.2915   1118.2666
      512.7456   2126.7563   2093.7693
      351.7688    829.1808   2139.3838
      959.4026    525.2380   2228.0127
     1092.0018    647.7746    306.9472
      500.3434   2118.8511   1419.0039
      419.6658   1935.4056    746.1577
     1648.5752   1990.6328   2072.7488
     2000.6462   1731.2592    224.6756
     2206.8928    176.8123    282.5975
      395.5264    918.6896    660.6855
      758.4935   1501.7621    645.8469
      282.5601    218.8977    501.9147
     1285.5415   1363.0620    487.0505
     1404.9994    485.3304   1511.4403
      699.9930      8.5471    273.3986
     1343.3754   2108.5754   1890.3656
     1029.6427    829.5259   2155.4016
     1817.8654    283.1839    480.9026
     2149.4587   1687.2780   2042.8816
      245.4734   1628.8959   1692.2682
      934.8867    424.6331    233.4391
      745.8196    320.6519    907.6000
      127.0536   2005.9614    822.4556
     1806.9874    458.2441    871.8211
     2108.7144    243.6638   1857.3184
      781.2385    361.9438   1207.3422
     1337.9397   1213.5084    287.3940
      240.4513    131.8398   1926.5565
     1622.0442   1301.3865   2230.6870
      652.1146   1224.3967    761.9645
     1191.0060   1510.4449    105.8954
      121.8414    752.1016   1189.0580
     1665.8667   1216.7277    276.6215
      748.8350   2063.0073   1999.6699
     1815.7407    940.4523   1506.4293
     1177.9252   1389.1532    834.1645
     1595.6864    478.6065    126.0949
     2032.9496   2110.7209    263.8537
     1902.7963    689.9083   1472.8091
     2219.6731   1949.8160    573.2026
     1571.9998    389.3659   1092.7330
      398.2250    377.5987   1842.4189
       25.4375   1120.7438    732.9593
     2134.5757    409.6500    440.0159
     1434.7356   1085.2979   1474.9070
     1386.3340    650.5950    219.1340
     1262.8210   2242.8738    680.2490
      979.5754    451.2520    602.1049
      625.0496    732.0286   1532.8162
     1572.0931   1071.8926    541.9716
     1820.0316   2218.0593   1910.0814
     1776.9677   1196.0853   1531.2626
      243.8354   1811.8723   1934.3412
     1484.1976    586.2350   1263.1282
      555.4818    192.3384   1230.1541
      687.0745   1636.7833    871.5245
      151.8533    514.4451   1034.0504
      700.6272    753.8145   2161.8040
     1848.3417   1839.8846   1010.2406
     1723.9824   1249.2312    688.2625
      904.7673    829.7710    921.2499
      610.0712   1921.1576   1108.9891
     1500.7101    360.9843    326.9062
     1936.9939   1425.6804   1671.9124
      808.9460   2245.0315   1456.3534
      307.9570   1394.0243    430.4076
     1063.8834   1923.3119   1871.8510
      848.0099    977.4058   1977.8969
     1214.2931    632.0093      3.4569
      454.2138   1765.1930   1561.0131
     2100.9795    246.3826   1010.9695
      368.6277   1151.3336   1160.1796
     1222.0537   1316.8884   1784.5195
     1637.2488    145.0472    187.8237
      990.4305   1534.9481    920.8669
     1150.3110    207.1019    416.5618
       90.5049   1416.6169   1618.7205
      204.0960    229.9488    119.5507
      903.1255   2004.1151   2229.2151
     2213.5718    953.1974   2105.3921
     1327.6581    513.3157    477.8413
      836.0016   1752.0360    533.7662
     1930.4042    418.9549   2187.9165
     2078.6221   2218.6631    752.5392
       27.7194   1444.8760    503.2210
     1296.3776    255.7528   1632.6129
     1703.8606   2152.9080   1160.7085
      710.8389    307.7393   1845.4333
       83.2018   1370.9117   1297.2600
     1614.8070   1412.3992   1341.5555
     1041.7605    782.9122   1359.7393
      208.9977   1438.9176    788.1810
     1843.3511    876.2850   2186.4487
      496.3416    199.2451    216.1364
      259.4787   1536.2111   1210.2483
      837.7775    632.1317    443.8869
     1754.4486   1855.0583   1734.1183
     1135.3668   1783.8247   2162.1084
     2074.2290   1013.7596   1460.5417
     2073.5464   1819.6434    838.7855
      282.1121   1673.1077    247.4030
      161.6382    488.0037    349.8471
      741.3654   1364.5015    995.4770
     1484.7209    427.2253   1798.8881
     1677.2628   2144.5962   1470.9940
       95.9587   1104.5450   1580.6736
     2221.3206    176.9503   2122.3337
     1525.4249    808.4727   1142.5144
     1911.9775    974.9523   1739.7070
      225.7186   2213.5469    309.7043
      297.0244   1127.2377   2173.2749
        9.8953    329.0431   1223.6390
     2131.3503   1556.3864    747.4473
       41.9946   1998.3599   1713.0079
      851.8246   1953.1637    345.2836
      198.0048    234.7198    849.7266
      336.1903     39.6684   1594.0292
      374.8232   1837.8123   1234.2217
      541.7695     84.7617   1799.4576
     1800.2321    442.0063   1458.6206
      678.9061    355.1970    499.5183
     1221.9196   1122.6854    805.9494
      452.1273   1458.5858    995.2722
      354.1472    964.9919    351.5334
     1952.5079   1049.8105    720.8698
     1158.4089    668.6828    717.1676
      486.8559    742.4591    163.8337
      763.7223   1076.1783    265.8195
     1502.1105   1718.0098   1179.8114
     1698.4437    544.4833   2113.7244
     1134.3217   1608.3058   1944.9603
      579.6908    196.4809   1514.1232
     1900.7427    129.8878    270.3599
     1109.8026   1199.4116   1110.1144
     1487.0309   1561.5245   2221.9053
      466.6153   1953.6884   1768.5099
     1048.8838   2020.0648    942.1070
     1114.6348   2217.1892   2095.8308
     2171.4678   2247.7993   1897.1434
     1405.3557    466.4995   2157.2366
      178.7964    889.4111    143.4024
      431.5150   1071.6620   1755.5791
      412.7271   2208.2056     92.0801
     2229.1921    696.1058   1417.9829
     2055.5840    777.3947   1774.0952
     1979.8772    826.5598    504.5800
     2135.3359    655.8379    247.8828
      469.0736   2061.6099    324.7112
     1441.5309    202.3585    544.5447
      642.4835   1402.6755    194.2204
     1603.9355    999.9199     74.0690
     1993.7104     17.4811   1063.2437
     2247.0059   1560.4021   1043.2620
     1203.6597    929.8781    178.0072
     1191.0845    482.8594   1940.9126
     2182.2629    351.2625     52.7129
      628.5145    450.4045   1469.1826
      136.2884    956.1227   1370.3787
      697.8600   2070.0559   1653.2487
     1703.3160   1060.9437   1245.0988
      188.4493   1721.4067   1480.5701
      478.3810   1561.8308   1410.0868
     1220.4395   1003.5121   1324.4521
     2255.2971    135.4436   1633.2703
     1005.1248   1692.8685    223.7887
     1806.4054   1037.9532    971.8812
     1299.4316   1214.1592     16.0526
      709.1599    926.0049    596.8663
      424.5579   1370.0081   2237.4136
      559.9307   1727.1183    378.4152
      964.2029   1707.4429   1666.9042
      258.4383   2138.9695   1910.5228
      664.5064   1603.5344   1202.6481
      932.1649   1395.9856    328.2917
      688.4253   1474.0258   2118.4607
     2237.2585   1398.2716   1882.7500
     1456.6385    814.6890    729.7568
     2042.5397   1217.3463   1831.1716
     1599.3129    149.3465   1404.1180
     1481.2263    709.1611   1715.7820
       92.9792    735.1835   2053.6882
      312.5382   2209.8613    732.6129
      710.1185   1738.6871    126.7324
      457.2603    483.1770   2184.8679
      940.3787   1972.9480   1265.3737
      568.1753   1268.3699    444.1051
     1755.2048   1641.5948    758.5797
     1897.3325   2069.1699    861.7005
      400.4203    749.2773   1380.8110
     2092.4277   1332.6466   1450.4121
     1937.4763   1663.1099   2169.4658
     1805.0214   1496.6660     58.2104
     1440.0035   1985.2559   1630.8854
     1438.4437   1698.5804   1466.3671
     1428.3870   1328.0590    766.5683
     1748.5017     93.2798   1015.7379
      530.4996   1371.2318   1597.2003
     1618.1763    690.9706    353.4527
      892.3662    897.2491   1514.7468
       34.0495   2219.4814    941.0251
     1033.9486     18.8575    144.4842
     1233.1052   1414.7585   1337.9858
      845.2277      5.1398   1734.6638
      153.7537    786.1871   1578.6016
      726.7836   1200.7887     17.1728
     1969.0602    646.9488   1994.8031
     1807.7236   1424.6106   2020.4546
      646.4359    130.7552    666.6548
     1285.8228    203.1326   1366.2599
      773.0486   1756.4786   1423.6862
     1818.8809     31.9283   2260.3469
      476.7713    170.4762   2133.0530
      204.8615    746.7074    501.6293
     1903.4127   1312.9130   1208.8672
     1444.6874     74.3606   1142.8434
     2043.5239   1760.7676   1657.0455
      433.2331    992.2331   1446.0168
      879.0374    598.6317   1911.0662
     1230.9910   2186.5259   1191.7865
     1421.2432      4.7137   1535.4678
     2242.1189   2191.8008     90.7883
     1210.0175   1751.7861   1140.9905
      820.9811    541.4975   1647.9326
      136.8347    970.9562   1001.3879
      176.8390     13.5782   2193.0071
     1960.2401   2176.9587   1319.4213
      396.6974    772.7891   1789.2178
     1619.4264   1821.7430    587.7012
     1666.8771   1579.8976   1711.1494
     1043.9607   1651.9805   1399.6997
     1288.7512    864.2087    988.7006
     1411.8916   2031.6549   1104.2252
     1682.1683    194.0288   1675.1854
     1657.0054   2247.5962    489.4878
     1534.1041   1048.6029    920.7308
      702.4013   1104.4070   1496.3990
     1056.0739    880.0569    586.9170
     1126.8555     28.7319   1774.3795
      887.0457   1045.0850   1206.0137
      811.8967    130.5861   2007.4852
     1248.1554    751.6096   1555.1222
      238.0514    409.0338   2051.0015
     2242.9443   2257.0044   1208.5765
     1575.1600   1739.3815    119.4573
     2222.7651    413.9091   1471.3684
     1018.7933   1477.2170    589.3629
      931.4076     87.3113   1212.2640
      162.9798    930.9175   1860.9714
      383.8416    531.0349    787.7744
     1301.9753   1107.4912    533.3769
     1983.6266     39.6822    500.8743
      513.5421     32.3548    455.3501
     1615.8445    520.5414    664.5267
      601.7513   1004.9768   2095.2551
     1962.1527   1166.1823   2109.8718
     1231.3081    285.3252    150.7224
     1851.4099    248.5783   1974.3716
      324.6150   1235.2034   1412.7734
     1453.1163   1343.1943   1594.5911
      145.1234   1137.5482    381.1089
      646.8958    878.2425   1775.1445
      658.6485    514.5255    137.9187
      157.9489    474.2007    674.8145
     1604.3895   2074.6123    850.9833
     1108.2485   2209.0308    428.6834
     1409.1530      6.1008    330.6978
      207.0259   1392.4304    151.6145
      412.4894   1187.0432    227.9119
      981.0997   1168.9302   1782.5339
     1221.4507   1991.8594   1383.6632
     1757.7247    625.0509   1115.4631
     2028.3069    190.1103   1413.0590
     1091.7499   1261.0459   1490.5800
     2227.3701   1088.6406    159.0481
     2165.0928   1107.3844   1168.4922
      732.0034   1905.8101    796.1282
      847.0794    252.6629     41.5801
      451.7676    478.9406    492.2286
      850.5877   1104.7762    894.8156
      143.5549   1302.2593   1028.5117
     2009.4686   1324.2382    981.2381
     1819.6060    966.4319    229.3033
     1092.5428    494.2777   1656.5060
      782.4802   2245.3250     11.7991
     1789.3447   1652.0183    367.6867
      797.2197    746.1685   1249.1488
     2238.4819    206.7446    719.5076
      492.0230   1523.6177    670.7230
     1561.2633    836.5847   1453.4712
      108.6295   2186.9319    539.4941
     1406.2239   1233.0173   1181.1580
     1085.0122    434.7780    914.1280
      357.7717   2035.0009   1043.4375
     1412.2922   1787.7372   1917.9800
     1305.0681   2255.5466     21.4184
     1705.8561    843.8773    621.2969
     1236.1278   1770.4214   1699.7074
      555.7525   1612.9380   1826.8771
      288.1347    423.2717   1274.8522
      344.6175    159.7192   1091.7809
     1142.6365   1918.8169    498.2413
      516.6581   2249.4104    912.1578
      798.4603   1450.4006   1687.3684
     1722.1899    787.5019   1958.6390
     1075.2772    467.9081   1400.0577
     1548.4099   2146.3401     10.6838
      914.9993   1735.3506   1092.3734
      452.4675   1131.5563    877.1492
     1220.3278    942.4957   1955.9313
      705.3582   1842.2778   1806.1500
     1973.9395   2256.2651   1643.0973
     1433.4768   1493.6470   1042.4578
      874.3187   1475.5166     38.8742
      525.4209    771.6451    449.8168
     1751.7740    699.9063    128.3584
      619.7056    974.1283   1092.0854
     2001.8459    413.9580    672.5660
      857.3127   1743.4734   2053.8523
     1541.5090    924.0944   1766.6688
      596.9039    579.3679   1113.3367
      384.7214    520.9901   1569.2749
      463.2451   1613.7368     26.8511
      936.3820   1450.6670   1947.0032
      376.8217   1719.7914    929.4714
     1955.3833   1984.3018   1534.3898
     1667.5267   1681.1777   2010.2057
     2158.5259   1503.4976     94.7216
      329.0138   1417.8441   1913.8623
     1728.7201   1577.3297   1066.0543
      217.2323   1774.6223    718.9158
     1017.6221    156.9852    963.2056
      987.6057   1210.6920    571.3835
      255.7240   2013.1832   1541.4233
      874.7365    761.3043    210.5246
     1164.4373    582.1846   1177.8285
      456.3474    369.6279    952.9560
      523.2190   1824.5709   2103.8286
     1842.2113    333.5871   1188.9302
     1126.7469   1997.6331    173.7822
     2242.5752   1293.0330   2133.8098
     1709.6151   1281.8947    986.5243
     1028.7522    301.8628   1881.9250
     1408.3120    522.5183    923.9488
     2116.7766   1848.3645   1343.0923
     2166.2800    615.7645    660.0584
     1414.4010   1167.4817   1863.4196
     2018.7008   1618.4362   1184.7144
      981.6248    138.6255    684.4689
     1449.2734   1511.7523   1839.5988
      943.4999   2005.2758   1626.5112
       28.6054   1756.6422     71.0328
     1457.1173     44.6626    919.6730
     2051.8906    554.2241   1210.5466
     1533.5789   1514.0918    566.0559
      118.4659    106.7506   1371.1653
      521.6185    581.9703   1910.6315
     1444.7997    717.1586   1983.7197
     1270.7222   1675.4692    841.3486
     1600.1786   1056.3660   2041.7228
      103.0180   1951.8398    238.7002
     1847.9545   1917.0840    104.9141
      206.0506    605.0627     91.8796
      175.5609    584.0448   1800.4108
     1911.2733   1999.2076    491.5166
     2045.1478    459.0104   1697.2500
     1690.0420   1254.8716   1800.6844
     1915.8416   1833.1421   1969.8903
      537.1564    819.2781    870.1653
     1031.4366   1813.5409    749.2087
     1712.3553   2003.4436    374.5925
       99.1725   1681.0087    484.9123
     1510.5449   1452.4731    234.1539
     1067.2091    810.2549   1771.5955
     1378.5597   2032.9186    516.6834
      301.3438   1921.0629    493.7133
     2181.1907    500.8754    943.7963
     1227.9619    298.4894    745.9096
     2181.2808   1614.8016   1396.3241
     1371.8430    910.5553   2176.2178
      262.3860   2208.2290   1281.0981
     1360.1189   1930.0779   2153.9036
     1911.7810    832.9193   1210.5039
     1320.3688    209.0247   2010.4110
      594.8961   1348.4468   1236.0383
     1851.5846   1590.5981   1389.6040
      866.5807   2143.0325    639.4428
      161.5385    752.4616    806.1732
     2126.9224    818.9355     52.3285
     1443.4473   1989.3707    256.5363
     1737.3879    484.9872   1824.7394
     1892.5527   1397.2542    372.1331
     1580.7151    213.6328   2102.6602
     1305.8782   1640.7852    525.8308
      730.9364    606.5992    790.1747
     1587.0724    264.7407    868.3297
     1871.2942    570.9820    419.6892
     1441.4885    912.6622    373.1204
      457.0240   1899.5209     71.8651
     2244.1221   2011.8110   2110.1372
      387.4796    779.8054   1071.6110
      675.6107   1275.2352   1905.8894
     2098.7861   1719.1942    530.4056
      126.4629   1887.8746   1192.8809
     1914.3188   1181.8594    123.7485
      923.8854    553.2225   1038.0458
     1269.2595   1426.3417   2071.4399
     1968.5841   1353.8594    644.5137
     1924.2225    482.6735    204.4395
     2089.5862    897.4915    964.3583
     2132.1992   1960.3372   1051.9539
     2230.3677    913.5649    398.8943
      213.5349   1962.9788   2214.9839
     1071.5886   2237.2661   1515.8134
      227.0931   1587.2651   2107.9287
     1298.4633   1773.8738    246.9324
     1611.0878   2097.5090   1743.5187
     1965.0287   1128.2991    432.4890
     1505.9529     41.5804   1846.7438
     1885.5348    112.1056    785.3347
