      929.8594   2262.7246    177.7121
     1088.2267   1403.5198    988.4260
      620.7247   1491.7677    209.9381
     1293.4891   1102.1100   1601.2130
      694.6583   1933.3971    530.6862
      420.2983    595.5828   1000.7007
     1855.9539   1456.1560   1176.0244
     1436.4142   1988.8777   1110.3862
     1573.9275    463.8331    972.0823
     1412.2445   2172.6763   2230.3062
      656.1779   1436.6396   1665.6897
      900.9066    268.4236    135.0192
     1123.2916   1840.2710    369.4925
     1203.0232   2227.0115    733.0438
     1560.7765    861.1465   1273.8477
       37.0641   1393.4827   2201.3215
     1163.0677   1665.8468    994.2200
      910.4149    311.8784   1417.9042
     2160.9109   1877.6547   2214.7864
     2142.5803    328.0323   2050.9937
      945.1688   1995.1091   1058.0630
      849.4095   2015.8704   1708.2263
       41.0073   1109.8323   2242.6257
      719.6865   1068.2562   2233.6992
     1276.7776    801.3907    774.9240
      113.4687   2204.1907   1525.2173
      295.6794   1596.3569    827.2462
     1467.1228   2258.0562   1731.2803
     2176.0959   2120.9861     71.8410
     1984.9811     49.6664    164.1298
      675.9684    707.3378    505.0169
      150.8945   1423.5348    792.7864
      495.0223    272.7017    722.3355
     1786.2133   1424.2952    895.8184
     1204.2926    839.9406   1603.2954
      753.8638    199.0214    695.0914
      938.0432   2060.5261   2207.7571
     1194.4797    400.9874   1379.0995
     1846.3942    111.5435    603.7317
     1521.4106   2104.4236   1962.5492
      557.7946   1472.7340   1410.6360
      602.4823    423.5705    275.3962
      581.1940    383.3790   1067.0757
      165.1277   1859.6188    942.4849
     1845.4700    212.3433   1163.1726
     1670.1200    196.8927   1608.5399
     1048.5472    239.6635   1213.0476
     1210.4760   1215.3157    479.3285
      127.2956    523.7470   1381.9844
     1155.4922   1003.4716   2101.0603
      710.7704    776.7401   1024.1732
     1152.8545   1499.1224    419.1010
      155.3215   1270.7177   1380.5026
     1817.3696    796.0733    114.4995
      788.9211   2226.9016   1838.3551
     1714.8811    959.0826   1477.5140
     1703.7377   1418.4230    592.0311
     1448.7954    445.5200    157.4162
     1539.5991   2111.2278    412.1550
     1671.4773    638.4483   1443.6840
     2041.4462   2232.6194    737.3562
     2123.0659    647.5180   1056.6476
      106.7951    178.6390   1655.1073
       26.7774    638.3939    648.9967
     2201.5801    687.5780    364.1741
      932.1392   1168.3374   1226.0701
     1388.3854   1115.2188    261.7153
     1451.5660   1500.1606    340.4227
     1089.0071    149.7021    587.3962
     1561.1118    773.7157   1673.1815
     1277.1582   1438.9198    808.2645
     1671.1050   1980.2670   2154.8994
     1318.8639   1201.3204   1390.0811
      455.9465   1629.7410   2053.2319
     1622.1116    247.0624   1319.6865
      415.1756     83.5322   1955.7551
      753.5952   1665.8120     86.5587
      350.3457    136.4998    965.3954
      818.6627    297.7513   2107.8845
     1500.8027   1633.5765    701.0266
     2011.2017   1328.3458    995.4114
      700.4086    998.6569   1161.2637
      573.2475   2020.3933    707.0865
     1550.3501    815.8315    349.6967
     1536.6554   1327.4907   1583.1390
      677.9308   2215.3042   1376.4205
      325.1562    495.3523    201.2110
     1181.8881   1714.4066   1265.1493
      894.4333   1565.5201   1663.1484
     1112.5228    404.6827    148.9805
       94.3144   1393.7775   1613.3416
     2054.6479     61.4399   1241.3008
      135.1574   1609.0692   1018.0787
     1252.7460   1292.3234   1913.3546
     1695.6324    377.4095     45.9652
      904.0013   1772.6035    548.9880
     1408.9576    245.6065    331.6314
      152.6757   1191.5190   1724.1598
      138.8120    117.0598    135.6651
      288.0381   1762.1965   1881.5687
     1774.7863   1202.7673   2021.4240
     1853.2036    644.9492    986.9781
      904.1137   1533.2001    839.5066
     1428.3370    645.1533   2247.3674
     1916.8459   1979.9065   1271.4042
       53.0632   1189.9595    903.3287
     1471.6754    261.2408   1803.2904
     1553.7223   1879.9972    584.1196
      562.7266    862.8518   1807.2010
      259.5888   1078.1736   1159.8523
     1482.3092   1228.4186   1833.5718
     1447.6279    128.3015   1479.6063
      319.3722   1886.7814   1196.1920
     2174.5659    550.4399   2167.4839
      165.4916    466.6781    701.2951
        7.6334   1760.9989   1202.9745
     1313.7639    687.8187    523.2040
     1804.9374   1801.7180   1577.9978
     1071.6204   2234.2908   1785.1334
     2148.9468    889.8564   1542.1722
     1615.1832   2001.6530   1360.0737
      343.2440    978.8368    406.4508
      126.6229    132.0407    465.3241
      932.7755    782.2915   1195.1694
     1954.6803    126.1999   1938.3895
     1633.0774   2193.7485   1538.3054
      114.8871    709.9638   1165.6407
     2210.3240    135.1125   1922.9092
     1193.0151    972.1326    971.0621
     1625.2262    979.1872   1934.1949
      706.3853   2211.3638    619.4048
        1.2870   1308.4066   1928.3954
        0.7540    212.4159    746.0205
     2032.3380   1655.4470    700.0776
      321.4244   2090.6082   2022.2338
     1243.9387   1915.4473     60.8091
       85.7692    327.8133    992.0892
      362.7465    171.6752   1569.4215
      534.1837   1569.2627    796.2900
      481.1693    429.6649   1477.2814
     1188.5818    120.9393   1363.0043
      812.3509    338.9397    372.3498
      640.9804   1413.2188    472.2945
      635.5970   1271.7900    951.5964
      891.7310   1493.1221    548.3837
     2201.0498   1517.3458    921.1869
     1067.5359    778.0242    559.7673
      163.8432    325.6073    282.5087
      793.1188    874.0596    125.1067
     2023.3510   1662.9728   1612.0145
     1363.9155    626.6550   1514.6000
     1294.8032   1764.4486   1545.2719
      465.5820    250.9084   1271.0330
     1984.7936    356.8840     67.3154
      531.8658   2007.4583   1046.7996
     1000.8987   1805.1888   2168.1072
       61.5973   1808.1167   1728.0309
     1016.9030   2193.9365    941.8063
     1017.4789   1947.6104   1905.5994
     2041.6931   2109.6099   1869.3102
      914.8701    983.3135   2161.5850
      460.8221    549.1379    686.7996
      259.4180   1527.6578   1530.4921
      234.6541   2214.6128    312.5598
     2052.2795    803.1654   1826.2727
     1900.0856    665.0004   1247.2534
     2034.4496    665.6047    795.4084
     1891.4136   1145.7358    297.6455
      528.8425   2072.2378    230.0838
     1319.1981     56.3057    475.0320
      635.3823    969.6299    385.4946
     1515.6931    961.8013    543.8198
     2001.5004    493.2103    508.4194
     1974.7144   1014.1845   1607.4789
     1143.5597    743.5560    264.4485
      653.9929   1239.4784   1271.1597
     2159.6355    445.9866    253.4642
      992.6521    518.7733   1222.9666
      398.8899   1297.4325   1297.4436
      234.0293   1996.2986   1794.5203
     1391.7708   1495.8599   1019.6806
      348.8459   2184.8306   1650.8025
      639.9624   1512.9365   2199.0171
      777.2288    952.0111   1755.5479
     2261.4832    237.0170   1221.4480
      812.9929   1823.2457    284.4386
     2117.9568   1548.4471   1153.9098
      982.5149    841.9554    810.2352
      602.1770    722.1041    799.3558
      505.1345    866.9540   2229.0847
      203.0128   1804.1166    402.2346
     1084.6067   2185.8943   1248.0663
      508.5366   2167.0803   2162.1812
      117.5018   1009.2296   1504.0570
      802.0580   1205.1172    471.9467
      516.5079   1363.7292   1984.6840
     1405.6641   1073.0695   2078.9214
     1158.5048    698.2402   1133.3510
     2164.4441    973.1229   2077.4712
     1108.4178    666.3376   1416.0652
     1383.3335    511.5438   2026.1833
       48.5998    880.7719   1774.1609
       18.3414   2201.0168   1321.2607
       24.2451   1801.6844    171.4649
      146.6099   1072.6882   1977.3506
     1180.9209   1968.1671   1391.8082
      917.2087   1117.9185    706.7559
     1978.3070   1299.7352   1321.4701
     1415.0569   1729.4703   1098.0276
      398.3362    663.2178   1499.0441
     1898.3623    720.7715   1562.7162
     1994.4634   1690.9644   2063.9055
     1653.4092   1009.9255    177.5629
      959.9668   1822.6952   1267.5166
     1980.3865   1765.2240   1192.0076
     1144.9275    604.6509    791.2632
     1831.2207    686.1317    618.9109
      785.9078   1428.5474   1166.3201
     1901.0012    489.4193    241.1115
      676.5876    607.5293   1513.2791
      139.5670   1744.6086   1391.4948
      605.6397    251.6260     31.2640
     1010.1129   1435.8604   1267.9506
       27.6248    642.9649   1765.3625
      255.5621    885.2473    975.8271
      718.2487   1279.9594    262.6594
     1546.2098    714.5982   1950.0063
     1823.3732   1489.3527   2033.4449
      944.3007    402.2749    841.8118
     1438.8745    110.9906   2037.1918
      489.8200   1982.9330   1693.7003
     1876.7288    158.1458   2213.7788
      625.6023    806.1191   2012.5389
        5.7493    801.0481    846.6733
     2224.6172   1278.1705   1147.9471
     1953.3159    307.2639   1395.4974
     1860.0259   1601.7080   1813.4783
      448.5853   1069.8064   2077.6118
      532.5574    603.7657   1741.2080
      546.4875   2000.1733   1364.9526
     1627.7161    244.6518   2111.6829
     2217.0012   2238.0522    288.0564
     1129.9437   1598.9436    679.8531
      803.5666   1218.3522   1713.0857
       87.4692    988.6338   1282.2258
      125.4688    522.3434   2060.8699
     1825.1494   2210.8132   1154.8668
      255.1379    709.2733   2204.1421
     1877.8843   1240.5651    712.5805
     1815.3734   1241.6017   1737.8472
      465.2943   1731.0249   1429.3414
      919.9470    638.9926    972.5222
     1807.3871   2028.4218   1510.6425
     1870.7200    358.4153   2050.3809
     1722.4100   1911.6238    259.7625
     1373.6821   1177.5858    706.4250
      726.2818   1049.9550   1973.8644
     1239.4418    469.6642    358.2059
     1247.7692    152.2147   1762.1293
      889.1749    844.1862   1494.6755
      683.3736     74.0324   2076.0432
     1385.6615    920.5633   1477.5325
      331.9449    180.0084   2229.6194
     2047.4507   2134.1497   1492.7678
     1768.6111   2243.1562    335.5651
     2033.7281    563.6838   1640.5718
     1262.2289   1670.7467    250.0743
      730.9715    222.1148   1866.0841
      480.9789    987.5090   1354.8645
      885.2865    354.7326   1076.2496
     1068.3795   1366.0795    688.3714
     2177.8396    205.8280    276.9511
      260.8030    203.3159    744.4253
     2171.1726   1057.3938    671.1201
      724.2883    352.2711   1653.0385
     2025.9189    738.6789   2134.9297
     1061.1401    229.6383    352.2704
     2166.5173    146.8423   2248.6677
        8.2958   1703.8368   2002.1840
     1463.1729   1815.2351   1317.6426
      205.0189    754.7399    268.9681
      628.3939    873.6533   1534.7869
      946.4028    596.7551    138.8291
      475.4724    576.0162   1269.7437
     1311.1370   2021.2531    270.1810
     1145.7491   2249.6726    345.0623
     1783.2178    372.2163    546.6158
      157.9361   1529.9214    379.9001
      795.4760    918.5592    586.8721
      564.3318   1160.9979   1804.4301
     1214.0525   2036.9226   2095.2666
     1387.9044   1192.9087    951.3077
     1902.7634    551.6094   2224.0435
     1298.9858   1378.1976   1665.5676
     2020.8063    988.1259     32.6386
     1803.5465    886.9068   1105.1614
       74.1125   2028.9987    407.2701
      406.3237    270.7791    228.1551
      617.7935    225.4967    482.4083
     1277.4189    938.9753    454.8211
      349.3925   2125.4753   1095.5669
     1545.2693   1405.6251    772.1294
     1531.1704    716.7169    640.8692
      745.9308    185.0212   1237.5635
      921.7786   2258.6841    707.3658
     2147.8450   1790.3584    917.2331
      853.1276   1370.7498   1461.3038
     1505.0524    429.5589    521.3860
      780.5463   2106.6821    313.9209
     1827.5996    734.1624   1980.6711
       98.2100   2090.9202   1026.3340
      950.8105    984.1144   1033.6842
      914.4648     53.4747   1400.9402
      163.3818   2243.4558    847.2009
     2117.5056   1807.6495   1858.9247
     1169.2881   2187.7463     82.8809
     2074.6204   1079.2936    896.6650
     1421.9948   2054.0386   1544.8804
     1011.7098   1327.8777   1694.3408
      692.9832    751.5583   1306.5767
      121.5042    590.6610    956.7873
     1488.2972   1842.1804    321.0905
      387.8271   2213.6560   1371.4401
     1005.5661   2218.9741   1990.9760
     1624.0449    436.8250   1976.7753
     1282.8248    324.2250   1596.7031
      959.4795   2062.0615    540.4844
      513.6805   1816.5496    821.0479
      308.0071   1136.2947    906.3066
     1232.7211   1683.8171   2173.0002
     1194.1227   2044.0701   1668.5322
     1866.4237   1870.5287   1811.2590
     1545.0300   1851.3506   1594.3904
      967.5404   1204.4611     75.9170
     1198.1019    610.0647      0.6678
     1154.2654   1039.9585    208.4475
      726.0929    553.8983   1140.6200
     1926.4144    207.6543    385.3321
     1035.3870   1697.9642   1476.1321
     1177.3302   1475.6715   1490.8812
     1186.7202    262.5696    793.5504
      361.3408    896.9644   1591.4473
      450.5462   1705.1761    605.9128
      783.3096   1265.1122   2094.2893
      138.0094   2032.2660    139.5794
     1615.4552   1724.2657   1795.9828
     1774.0160   1801.5470   2014.9401
     2167.9727   1509.6216    250.9585
      240.0918   1776.5441   2211.7244
     1587.6630   1316.5037   1090.6561
      199.9687   1370.9961   1041.4154
      678.7852    170.1683    915.2078
      734.2346   1365.8823    726.9574
       41.6235   1942.1453   1520.3064
     1356.3890    889.4644     86.6418
     1359.5415    665.3653   1294.5420
      933.9805    344.7047    594.6200
       57.6653   1962.2325   2001.8755
     1372.6649    640.5198   1800.3242
     1026.7866   1741.6456    155.8927
     2163.9282   1095.2963   1862.3149
     2023.4717    939.5168    300.8989
     1017.0426    207.3401   1931.9727
     1367.3398    497.4408   1095.5247
     2254.4165   1628.5978   1581.4982
     2130.2156    145.2497    530.3079
     1324.1050   1415.1709   2128.1670
     2132.2251   1553.8391   1857.6713
     1687.1266    163.4254    199.6772
     2185.1321   1459.6606   1377.5734
      824.4001   2246.9165   1110.6340
      483.6565   1746.5989     43.9543
     2093.3972    261.9256    970.3591
     2180.5815    481.5515    840.7827
     2008.0787   2174.5735    486.2298
      206.8365    231.7531   1404.7816
      518.1924    343.4437   2050.5676
     1802.0840    960.3756   2150.3494
      739.7405   1847.2072    978.4471
     1736.1816    575.5896   1760.0376
        3.9659   1613.1335     32.7499
     2167.0168   1675.6383    477.3891
      487.9369    626.7643     95.2736
       12.8510    743.1481   2000.6829
     1461.5127   2088.1199    709.9308
     1996.7369    544.8882   1936.5182
     1925.4186   1046.0135   1898.6938
     2060.6277   1484.6080   2170.8115
      868.7877    648.9948    684.8784
     1273.6251   1357.1357    245.1466
     1440.3859   2243.0354    209.2704
      484.1746   1409.7255   1098.0524
     1970.1670   1399.5146    140.2334
      918.8054    555.6105   2138.6873
     1859.7231   1905.8928    482.8958
      258.0074   1857.0547    674.7231
     2250.4619    405.2935   1609.7085
     2005.4686    422.2365   1150.7030
     2199.8042   1183.0219   1598.5302
      950.6686   1138.5599   1958.5463
      131.0589   2219.7715   1850.2180
     1461.7633   1565.2883   1671.4330
     2252.4495    493.3511   1188.7485
     1095.0216    358.7421   2124.9971
      426.7078   1583.0637   1760.6482
     1954.3502   1414.0549   1596.1146
      703.8832   1932.4863     64.8212
       90.1102    706.4808   1532.8344
     1951.6292    697.5920    378.1911
     2005.9698   1711.3284     81.0621
     1672.7644    605.1940   2173.0273
     1752.4404   1101.3260    962.2827
     1344.8806    354.9337   2203.2234
     1374.7345   2201.6189    940.0096
      505.2548   1191.5841    404.7655
     1655.5146    279.0329    772.3624
     1909.8047    994.2772    619.0071
     1707.0670    597.0601    440.3434
      388.4333   1972.3632     49.0418
     1929.9563   2164.9341   2198.7317
      884.7540   1276.9529    962.1889
      741.7981    731.8088   2223.7720
     2172.8547   2044.8837    886.7129
      144.2865   1479.7228   1269.2848
     1649.3245    370.7653    299.7505
     1143.0381    443.6382   1013.9515
      367.1494   1468.6981   2247.3738
     2117.8848   1205.4246    186.2162
     1197.5836    179.6264    131.4523
     2130.4226   1131.8368   1349.3113
     2240.1340   2050.7046   1740.6598
     1819.5599   1423.4799    337.6514
      181.0833   2158.9617   2195.3750
      765.5496   2005.8223   1232.5410
      266.1030   1314.7573   1944.7899
     1451.2888   1467.0215     74.3957
     1007.4201   1828.7898   1689.2269
     1619.2340   1271.3060    241.1445
     1928.7141    190.0725   1643.9629
     1887.1311    397.5898    908.8387
      962.1514    538.8394    392.1675
     1725.8936   2093.4333    645.7729
       80.5939    349.6469     19.3611
     2056.6780    706.1228    158.4763
     1618.6469    226.7412   1034.7465
      170.4544   1542.2819   2048.5676
     1488.6582   1836.4441   1979.5829
     2141.7285   1940.4406    601.5543
      357.1957   1151.9714    631.3416
     1931.1211    893.8874    897.1593
      318.0325   1968.4877   1441.7789
      507.9515   1824.1899    307.5690
     1588.2518   2225.8381   1051.2820
     1854.4978   2193.0813   1676.0898
     1611.4010   1585.4432   1203.3032
     1956.8878   1437.7323    557.5167
      374.1714   1581.7776   1237.2722
      334.6836    401.7611   2200.9792
      216.7319   1634.6169    179.8696
     1214.6881   1901.1600   1090.3915
     1823.3516     94.8333   1404.5789
     1537.0565    428.8041   1627.3441
      707.4171    480.7693   1951.8381
     1471.3265    187.5216     39.1781
      264.5020    960.0923     19.5989
      547.6310     65.5192   1129.9574
     1502.3060   1898.6707    869.8041
      497.3798   1120.5774   1080.9626
      593.8860   1199.9280   1528.8829
     1792.2734   2109.5491    886.0383
     1730.3735   1701.5797   2246.7783
      346.0760   1157.7880   1513.4974
      861.4839    793.4070   1994.2268
      760.6096   1888.4197   1459.9475
      432.7874      6.8930    103.5564
      356.2220    379.4950    908.4417
     2176.7527    785.3943   1327.9836
     1599.9248   1602.3680   2058.0359
     1160.2731   1168.8760   1140.9984
     1540.6421   1173.3837     16.4826
      771.8402    639.5955   1753.7783
      683.2050    490.9379    828.0473
     1709.6736    546.2605    764.8619
       19.9009     58.7752   1059.3009
      651.8417   1749.6521   1233.3618
     2131.7732   2063.9895   1148.0365
      791.9534   1610.1932   1379.2510
     1628.7196    622.5629    189.0142
      443.1443   1318.4945    812.2710
     2119.8584    809.7214    547.8588
     1587.8452   1071.6022   1675.0609
      290.1335    431.5992   1642.6389
     1223.7510    415.6133    588.5797
     1707.9758     68.6467   1863.7675
     1447.5831    421.4597   1370.4395
      480.0451    882.2411    629.5976
     1611.8887    632.7410   1162.1956
      731.1692   1708.0526    697.8564
     1770.6113    458.4673   1260.7261
     1558.4631     43.8202    750.3666
     1978.0925   1963.7904   2072.8994
      485.2888   1906.5691   2092.1882
      708.0896    389.7968   1339.9364
      124.8816   1247.0741    623.2526
     1169.7256   1084.3983   1827.9624
     2228.5745   1428.4117    538.8864
       12.8179   1230.6246    353.4392
     1022.9219   1298.4762    310.8076
      874.3698   2004.4819    775.9940
     1780.4370    353.1486   1792.6085
     1795.9873    426.0639   1519.7458
      262.2358   1296.4985    398.7069
     1690.3063   1543.9163   1538.4075
      331.2542   1039.8157   1802.1919
     1365.0793   2167.9971   1291.9348
     1269.9399   2066.2246    511.2037
     1960.9457   1926.1519    743.9655
     1957.0632   1647.0331    368.0614
      231.8012    222.3896   1896.9545
     1459.2877   1693.2129   2255.6321
     2012.4155     10.3271    993.9171
     2005.8004   1214.6598   2176.0828
      858.1977   1086.9326    254.9369
      569.7990     81.4487   1732.6038
      378.1772    394.6936    464.0522
      883.8382   1411.1720    121.9524
     2120.4404   1888.7712    304.2573
     1090.3875    958.7991   1359.1913
     1166.2878   2261.5222   1548.5925
     1238.9778   1441.3826   1203.8463
      435.8766    851.7481    189.3945
     1064.6692    880.9653   1885.9835
     1708.1810   2123.0757    105.1566
      673.4883    664.7074    252.2829
      956.3029    103.4193   2218.6238
     2236.7017    394.3925    540.2169
     1076.9960   1296.1007   2086.6963
     1599.1775   2259.1191   1286.0336
     1618.7917   1590.1571    969.9875
     1497.7264    969.7410    822.3409
      307.3152    732.1550   1752.2205
       14.3373    972.4928   1051.9240
      433.3879   1317.1129    188.9177
     1290.0874   1742.4149    801.9630
      770.9513   2009.8468   2024.2180
      637.3914   1561.4595   1913.1395
      878.0901    802.4556    367.4497
     1178.8485    998.9940    677.9381
     1782.1698    837.5447   1743.2834
     1059.8221   1216.2322   1440.0614
      897.5438   1699.9388   1903.5087
     1004.6712   1786.6318    843.0989
      231.4672   1598.2863    591.4985
     1016.6319   1995.4110    188.9848
      172.0125    976.6155    734.6112
     1345.5083   1456.7533    561.6238
     1948.9462   1948.9973   1010.1533
     1136.4918   1521.1840     96.0004
       35.8168   1749.4314    701.7613
      506.7325   1087.4172    136.7082
      125.8292    194.8534   2105.0210
      920.4706   1524.8950   2148.0906
      267.5417    442.3985   1176.9556
      859.1576   1404.9457   1899.1364
      314.4276   2212.0264    630.6259
      852.0036     52.0485    440.4240
     1799.3983   2098.3174   1917.7655
     1742.0751   1821.8760    816.0194
     2182.1355    150.1804   1465.2424
     1906.2576   1645.7152    961.7786
      462.8743    694.7174    395.0456
      250.4238     94.0829   1191.2837
     2256.2827    898.3115    204.7105
     1567.5176    862.3137   2180.8840
      289.0863    837.5433   1332.1676
     1015.5865   1015.3408    460.9400
      495.2235   2251.0071    796.5455
     1912.0715   1592.2961   1408.7546
     2032.9012   1930.8910   1640.2157
     1565.4468   1127.9773   1399.0157
      183.4293   1103.5186    251.3027
     2145.1550     48.1074   1705.9167
     1383.3411    237.1072    643.7954
      337.7693    817.5738   1991.0182
      710.7465   2158.1497    918.5313
     1771.8335    899.2625    423.3404
      486.5465    619.8200   2120.6677
       73.3165    590.1540    141.0607
      111.3051   2025.8427    743.2272
      688.7709    478.2696    543.1157
     1342.0879   1868.3550   1806.1049
      538.7806   2142.4150   1894.6566
     1133.0646    605.8784   1959.2632
      287.1947    726.8905    761.5932
     1505.7416   1234.0312    467.0553
     1635.9083   1161.0491    740.2105
     1743.8132   1115.5479   1238.2908
     1827.4584    125.4553    883.9352
     1369.9237    935.8659   1834.7062
      225.9761    782.7153    524.4208
     1377.3939    658.9245    258.6072
     1933.3943   2075.2065    251.8343
      987.3702    730.9673   1708.6774
       80.7932    419.7357   1838.1936
      133.8802   2035.2247   1260.1937
      674.9060   1683.9435   1612.3168
     1796.1982   1187.6786     28.8478
     1071.7046    817.9677   2257.3882
      491.1964    823.8212   1138.6520
      914.9633   1559.5817    299.0422
      654.4838   2135.7393   1607.8110
      785.7786   1071.9215   1411.4843
     1413.2379   1592.2012   1422.1874
     1957.7910   1134.4875   1110.4440
      491.3956    323.2947   1776.6642
      463.6555    944.7321    875.4190
     2250.1113    819.3646   2239.0957
     1601.7836    760.6957    918.2417
     1016.7609   1036.4840   1622.2021
      172.7685   1377.8959    177.6619
     1132.5227   1919.5471    669.9520
     1183.2703    110.6144   1046.6224
     1796.3495   1622.2242    682.1845
      341.3225    510.4319   1953.0277
     1630.0242   1658.3617    467.8275
     1088.6272   1480.7843   1908.0527
     2076.6548    342.7591   1783.3324
     2111.0273    553.5675   1393.0271
     1202.3907   2005.3677    882.8201
      590.5399   1821.7714   1843.2808
      369.3975   2011.1025    467.9910
      163.9841    558.6428    422.3918
      546.6818   1264.5664   2216.9692
     1382.8077    771.9894   1041.6315
     1690.2218   1334.0328   1381.8834
     1345.4652   1578.0580   1924.2673
      950.6385   2095.0964   1485.4360
     1531.9131   1044.1846   1085.2750
     1930.3097    904.6616   1372.0288
      359.0120    168.6597    466.3070
     1873.2666   1209.0695   1497.4573
     1330.6658   1776.1576    518.5407
     1295.5548    945.7957   1240.0947
     1461.3951   1370.1013   1285.8024
      596.6149    149.5884   1492.9028
      941.4691    163.7477    857.2097
     1675.6145   2254.5176   2134.1113
     2123.6411   1330.3606    738.9755
     2058.8818   1214.2396    489.1263
     1274.8275   2155.5405   1908.5563
      708.1566    470.1251     12.9040
     1649.0732   1433.5278   1825.5776
      928.6874    461.1982   1852.6265
      689.0704    134.2655    235.5123
      675.0245   1663.2058    435.2950
     1869.0588   1921.5481     50.4872
      553.4016   2252.4893    394.0007
     1477.8552   1933.5612     40.3823
      865.6135     94.0920   1649.7269
     1233.9897    369.2346   1887.0732
      285.6318   1787.8118   1615.3036
      583.6910   1129.4930    679.4211
     1777.3628   1790.6571   1307.8257
     1268.2467   1187.2595     12.4654
     1158.0997   1613.6368   1727.2437
       23.3202   2213.7891    596.9351
      407.8615   1347.8121   1677.3513
      440.6607   1459.2550    590.8039
     1383.6559    533.1815    789.2720
     1031.3665    264.1362   1656.5004
     1687.2550   1620.6636    236.6432
     1190.4960   1799.0706   1962.4491
      123.9590   1542.0137   1813.9220
      899.6007    516.3663   1537.8511
     2210.6479   2183.7920   2078.2102
      755.3452   1014.9457    856.9711
     2018.8474   1326.0079   1903.4738
      272.0293   1220.3589   2221.4465
      396.8534   1548.6189    347.9803
     1615.6370    126.4134    501.9904
      720.6375   2258.1841     45.0114
     1222.8451    125.0445   2123.5784
     1161.5729    533.3469   1670.5663
     1724.9999    895.5809    712.7470
      406.9122   1747.9470   1041.7842
     1374.2490    233.6773   1198.4633
     1413.8408    206.0174    936.2865
      351.0754   2049.5710    875.9686
     1278.8650    794.2866   2050.7168
     2034.1711    288.2686    712.4016
     2112.5957   1834.7791   1421.1117
     1629.1602   1993.1897   1766.0463
      744.5764   1778.7832   2068.5598
     1689.8285   1903.3826   1095.3064
      698.3514   1601.7406    991.3585
     1547.3217   1330.0090   2057.0547
     1773.8928   1185.6725    499.2502
     2051.5720    907.8033   1139.7568
       65.6252    982.1888    467.4059
     1714.1079   1438.1848     41.8173
      907.5426   1627.6019   1107.8500
     1150.3513   1189.5306    867.4821
