      940.4805   2225.5098    180.6702
     1138.2216   1361.7197   1152.0612
      512.0371   1576.2726    186.1162
     1218.8297   1139.2845   1705.3409
      706.6011   1968.6655    472.8019
      464.7067    646.8489    949.3698
     1829.6135   1600.1173   1039.6257
     1417.4890   2035.0001   1208.6490
     1640.5490    328.9283   1064.6292
     1373.8840   2147.9753   2123.2617
      598.0361   1450.7031   1534.7599
      916.4351    259.1990    145.6591
     1234.8698   1860.9250    327.9641
     1216.2484   2241.0439    750.6028
     1649.2949    907.1245   1155.3497
       85.5793   1455.5853   2176.4185
     1075.5536   1551.3904   1003.0989
      928.4355    309.3249   1343.3228
     2236.0576   1779.5103   2209.3643
     2054.6201    318.8692   1930.4586
      935.1107   2071.3066    897.6837
      655.0910   2009.2883   1709.6605
        0.2465   1055.2394   2207.4858
      635.1758    987.9641   2110.4014
     1292.6976    923.4586    634.5572
       92.8668   2191.4055   1562.7660
      272.2528   1567.8984    828.6000
     1417.3369   2149.3889   1708.2081
     2123.2036   1938.5533     90.7672
     1966.7633    129.7091    194.0557
      689.6843    722.0572    551.0401
      150.5291   1366.3877    734.5168
      473.0529    226.1526    697.5768
     1807.4431   1558.5474    791.9448
     1264.6617    871.2418   1659.5236
      737.7542    164.7758    649.5286
      904.6143   2069.8276   2207.9451
     1142.0172    480.4374   1346.9070
     1707.4194    161.3896    674.5463
     1561.8917   2071.1716   1903.2194
      362.6854   1460.0325   1531.2573
      685.1775    427.8409    283.9548
      620.7505    347.8594   1073.2479
      201.8983   1843.6558    921.1132
     1744.4666    129.9950   1258.5720
     1509.5851    172.6370   1713.4077
      859.5217    407.6470   1040.1750
     1258.6680   1146.6548    473.7356
      201.7147    403.2259   1333.9391
     1126.8468   1091.2542   2143.1824
      686.9966    820.5831    944.2386
     1148.0524   1572.4031    395.7415
      174.9481   1266.3096   1354.3885
     1890.9381    831.8378    129.8602
      748.1091   2247.4363   1849.6273
     1700.8718    893.1270   1411.8412
     1699.6573   1434.9659    614.0267
     1345.1956    386.8827     19.9334
     1600.6404   2085.4060    298.6392
     1779.2190    688.6555   1502.8242
     1959.0153   2253.5168    591.9227
     1971.4003    718.9800   1048.5491
        7.1358    157.3320   1726.7784
        6.6106    792.9985    560.0560
     2143.6045    628.7007    393.1577
      885.6674   1118.8462   1261.8801
     1401.8195   1017.4029    285.0227
     1579.4973   1525.0862    303.8534
     1183.8035     61.9146    493.3081
     1472.4525    848.9351   1453.6785
     1355.5236   1187.8085    739.7657
     1611.0293   1974.1615   2190.3718
     1392.4716   1213.0469   1241.1444
      406.9211   1660.0571   1934.4288
     1541.6847    199.2537   1397.0646
      426.6377     85.1572   1958.7389
      750.1978   1636.3564    134.9140
      448.2356    219.5737    959.6567
      948.3557    278.6234   2129.0137
     1445.4482   1703.2013    719.1542
     2011.1943   1389.8922    846.7431
      657.9625   1031.1084   1226.2434
      639.3555   1964.7773    811.3842
     1433.5013    730.4465    219.7696
     1549.2506   1109.6635   1442.5493
      659.8389   2198.1013   1299.7943
      324.8743    552.3943    212.6039
     1096.4076   1615.4353   1281.1204
      846.7105   1496.3646   1635.5422
     1087.9884    377.1877     57.1864
       15.3354   1567.5319   1719.2074
     2081.2363    107.2032   1196.7900
      162.4894   1594.9905   1038.7112
     1280.8546   1410.9104   1774.4126
     1661.1493    417.5467      3.9834
     1014.4907   1790.8325    535.9834
     1376.0690    263.3192    229.1187
      135.2367   1290.1815   1761.7798
      243.1371     10.7531     18.8691
      345.8625   1917.5166   1827.9963
     1891.0139   1178.8457   2059.8672
     1776.2030    742.3657    888.2714
      872.5438   1433.4117    862.2295
     1460.1104    645.8900   2214.1174
     2012.8497   2070.8655   1294.5088
      117.8005   1156.8105    902.2847
     1505.2924    428.5681   1754.1357
     1516.2968   1922.5283    518.2080
      521.3759    568.1125   1806.7361
      233.6984   1054.4139   1114.1859
     1465.9932   1316.7050   1880.9150
     1383.8281     48.0647   1534.1895
      239.8978   2010.9097   1224.4299
     2034.9807    586.7185   2062.0386
      104.7668    484.1146    637.7776
       19.8231   1799.4573   1167.0289
     1304.9570    684.8743    505.5773
     1851.2910   1850.0229   1546.0876
      935.9967   2103.7729   1766.7610
     2219.1033    876.2407   1537.6431
     1632.9612   1896.7631   1236.0479
      346.7761   1070.9186    301.8796
       10.1360    226.8111    249.0012
      898.7455    834.3599   1171.1704
     1912.7042    117.5656   1986.4497
     1641.7705   2241.5862   1565.1967
       97.0882    641.7457   1204.6631
     2168.9421    134.1959   2039.6671
     1055.1586    906.3359    939.6141
     1630.0804    954.3298   1982.2328
      691.9141   2175.7915    651.1611
       89.0242   1213.3762   2018.6106
       36.8451    188.3514    725.8459
     2109.4404   1555.9814    664.6970
      248.7048   2109.9102   2063.5627
     1240.7119   1907.8370     83.4070
      228.4915    321.9248    801.6324
      339.3044    150.0402   1560.6228
      605.5450   1500.9420    888.7318
      437.3629    366.4400   1465.9011
     1208.5854    218.4193   1337.1804
     1018.5424    425.9493    305.5330
      567.7620   1416.5446    400.3015
      713.7774   1227.2069    876.6217
      891.2658   1543.1846    616.1848
     2253.6382   1388.2581    978.6897
     1036.0299    836.9035    538.2900
       10.1473    473.9440    138.9369
      750.4888    861.9211     77.1829
     2039.5120   1661.8627   1701.4413
     1518.4399    587.7859   1454.8271
     1277.8553   1732.8070   1568.1255
      466.3315    221.9663   1230.7621
     2059.2703    338.2295     35.7417
      744.9681   2004.2297   1023.9899
      966.7701   1822.5753   2255.1826
       89.6170   1784.8627   1776.4639
     1153.8613   2247.7939   1059.8207
      909.1218   1931.8949   1962.0718
     2051.9236   2128.8320   2025.1696
      900.1660    941.9527   2076.6699
      390.6733    553.7606    632.6221
       83.7516   1449.8821   1504.7803
      230.1820   2161.5007    272.0397
     2036.6764    782.3246   1857.0660
     1718.4342    649.9682   1182.7605
     2200.1472    625.2079    718.9770
     1853.5530   1092.8351    262.2863
      470.9692   2043.0151    138.8255
     1438.7125     50.0854    355.8244
      642.8760    807.8771    299.8032
     1517.5031    914.7661    491.4528
     2039.2004    428.5088    582.8338
     1987.4313    959.1193   1646.7555
     1097.7988    702.2415    216.1411
      598.7438   1152.7264   1470.1115
     2065.6423    395.9571    320.6075
      972.9119    598.0605   1226.4155
      435.7202   1250.9514   1331.4968
      135.0049   2070.5090   1794.4238
     1333.0320   1521.2676    800.6331
      499.4548   2142.3425   1553.7310
      754.5905   1456.1801   2119.4023
      798.8540    926.6085   1779.0715
     2260.4734    295.3928   1205.5012
      862.2538   1785.8160    326.6486
     2125.2705   1594.6174   1045.7268
      862.6204    824.0779    772.5736
      478.4627    787.4208    709.7863
      398.9973    847.3254   2225.1985
      306.2867   1813.5331    356.6243
     1063.6637   2059.7964   1179.9324
      508.0504   2220.6975   2194.0850
       15.6765   1147.5605   1561.6022
      802.0227   1287.5150    442.1641
      557.3238   1315.1785   1952.0872
     1400.0371   1044.8906   2062.0283
     1234.6968    571.6569   1127.3593
     2085.2739    990.2266   2029.1891
     1222.7032    708.2492   1448.5640
     1378.0874    494.7447   2011.0797
       15.6839    814.1777   1769.0095
      104.8684   2258.8396   1206.4596
        1.2487   1727.4489    390.7425
      140.7393    948.8810   2050.9871
     1194.4902   1833.0024   1147.1002
      906.2925   1243.3531    675.7880
     1864.2073   1434.2389   1294.6061
     1321.1404   1589.9219   1083.4519
      301.0741    651.6956   1339.9642
     1940.5873    862.6270   1405.5802
     1910.0647   1582.8522   1971.1073
     1626.2820    941.4717    194.7930
      937.3901   1840.8296   1326.5131
     2006.2211   1836.8033   1120.6882
     1125.1194    677.1299    778.6462
     1850.0181    624.2694    683.0779
      697.5005   1369.7559   1271.8136
     1860.9025    386.8135    199.4806
      567.3326    594.5181   1446.2092
      173.8253   1788.3748   1370.8303
      675.1921    215.8857     13.4184
      926.6296   1476.7737   1301.4092
      148.0772    607.9510   1731.0338
      501.1552    960.3327   1060.8212
      713.1915   1358.8259    154.9336
     1694.8722    620.8677   1717.5601
     1792.5735   1415.5758   2136.6177
      910.2167    361.5491    768.6450
     1492.4089     31.2598   1932.1831
      374.7349   1812.4587   1632.9280
     1817.8256    156.4515   2224.6482
      495.5023    648.7377   2054.6748
        8.9089    665.7038    958.3098
     2259.2942   1129.2777   1147.1167
     1926.2983    294.7545   1328.4386
     1888.8486   1425.9412   1780.8666
      439.5734    945.3604   1948.9478
      577.7109    360.7833   1678.6781
      492.0849   1981.0427   1341.8135
     1683.4999    198.9987   2013.8267
     2221.0859   2180.3137    228.3941
     1126.0569   1610.4923    671.6558
      793.8381   1238.8049   1696.1724
       98.7955    941.9803   1307.8899
       12.3895    408.9356   2151.0618
     1738.6606   2133.9995   1156.7711
      239.8068    734.2037   1944.7750
     1812.7405   1270.0887    763.1473
     1733.2905   1246.4087   1841.1860
      453.4571   1742.2289   1400.4014
      960.5919    673.9169   1008.6331
     1743.4210   2039.8795   1394.5773
     1890.0625    395.2143   2129.7512
     1782.6987   1935.0077    424.4760
     1355.8889   1267.0217    978.7943
      626.2141    795.7326   1911.3353
     1261.8411    310.8347    444.4794
     1206.4485     80.7632   1726.3307
      661.4111    755.8442   1632.7146
      670.8287     80.5163   2048.5159
     1234.6072    989.6161   1435.7762
      462.4169    208.3475   2199.3298
     2123.6125   2122.2405   1524.7739
     1762.5822   2218.5771    431.1820
     2047.2379    670.8842   1593.8086
     1395.1141   1701.5994    105.0313
      743.1434    223.6531   1870.5242
      351.0053   1008.1837   1325.7096
      731.9078    569.1426    877.8339
     1092.4512   1342.1132    501.1538
     2259.2332    148.8080     39.2388
      229.6064    195.1737    557.7147
     2228.1946    980.2095    768.4208
      824.4276    303.1577   1658.7661
     1890.6255    838.7115   2111.1208
     1102.9277    172.2976    278.7791
     2024.6450     19.1887   2235.7671
      136.9244   1531.5016   1930.3715
     1398.3031   1803.2128   1333.1764
       64.4420    723.9635    236.9690
      477.7160    861.7939   1463.3553
      870.4343    596.0051    160.1385
      400.3193    493.7593   1192.4435
     1473.0292   1978.1246    138.9231
     1266.9495   2114.6653    314.4652
     1764.3459    414.5376    589.7596
      141.8238   1488.5526    314.2440
      760.8359    984.9908    525.9955
      623.7122   1115.4022   1865.6078
     1184.1605   1965.3252   2096.6091
     1584.5138   1107.1703    967.3907
     1701.0613    662.5212   2174.0347
     1392.9611   1318.2529   1562.1118
     2013.6205   1091.3633     38.6311
     1901.4962    994.5156   1160.2750
      251.5736   2022.0555    532.7656
      495.8131    275.9672    239.5998
      579.5961     39.0384    457.1504
     1212.0503    888.0180    381.3301
      440.7107   2050.9463   1065.9440
     1579.5289   1299.5769    824.5289
     1524.9481    740.0945    703.2507
      748.5701    169.6002   1234.6494
      953.3323   2213.9141    672.2534
     2196.2698   1911.1235    926.9674
      902.9600   1272.7024   1442.6428
     1460.3949    454.6568    558.0406
      731.6637   2109.9751    265.1214
     1793.3115    741.7841   1903.0413
      150.9339   2067.6912    977.9979
     1097.1639   1184.6644    949.0449
      992.0118     66.6068   1381.6735
      227.9476   2259.1350    770.8141
     2165.8086   1691.5099   1954.0360
     1161.5144   2148.6003     82.5897
     2097.5190   1164.7859    941.1910
     1435.8477   2057.4312   1467.9001
     1032.6783   1329.8193   1670.0929
      756.2411    779.0624   1378.3186
      198.0521    491.8859   1014.1889
     1393.9803   1626.6412    389.4966
      334.2158   2205.8833   1344.9326
      994.1812   2216.6887   1988.6469
     1627.6287    437.8936   2000.3635
     1324.7997    366.5134   1563.1781
     1005.5641   2041.2915    453.6371
      475.2050   1773.6395    855.6396
      369.3532   1000.8467    846.3795
     1185.7950   1662.4630   2173.2344
     1266.2744   1934.1984   1627.6240
     1936.7249   1852.4839   1843.1112
     1591.5477   1820.1555   1514.2843
      874.6824   1149.2739     54.6727
     1222.8020    630.5701     11.7142
     1050.9008   1013.8044    215.3954
      704.8137    582.9440   1160.1013
     1897.4398    218.0301    464.3982
      974.1622   1675.3961   1514.6680
     1165.0867   1519.1714   1486.7953
     1233.4264    201.9606    851.3899
      231.3279    864.2989   1534.8575
      492.0262   1633.8583    650.5837
      780.8621   1197.7832   2111.5876
      115.6093   1930.1240    210.9121
     1748.6956   1657.3414   1763.8060
     1636.1859   1801.1943   1980.3672
     2242.4270   1377.6061    145.8010
      223.8048   1672.7942   2127.0884
     1803.8392   1331.5421   1019.9585
      204.2061   1346.5663   1153.4081
      702.6802    257.6570    876.1675
      678.4965   1399.0962    632.4732
       52.6900   1927.3848   1564.7542
     1286.9590    891.0108     58.8136
     1441.2450    694.2337   1240.6842
     1049.5876    224.4188    623.1257
      186.5632   1860.9198   2014.3116
     1398.3197    656.6748   1640.2965
     1076.9521   1686.8076    206.8019
     2212.8750   1078.0271   1831.9956
     2104.5686   1060.0560    466.3448
     1024.8757    169.0650   1892.8582
     1425.4910    424.7864   1304.7738
     2184.6670   1702.7039   1485.5114
     2096.5737     45.4540    413.9706
     1325.6718   1377.2997   2161.1653
     2154.7217   1402.4816   1967.7104
     1705.5844    148.8446    262.3477
     2198.7173   1293.2520   1339.6426
      883.7391   2235.6924   1131.8950
      472.8136   1784.8856     32.2343
     2043.0341      4.9879    885.4373
     2213.4072    383.9351    846.8894
     1986.9341   2053.5173    424.4186
      105.8431    126.4638   1420.4240
      526.9641    334.9633   1996.5149
     1739.2467   1027.2092   2208.1055
      713.8946   1735.7181    917.3589
     1933.7350    535.2119   1805.0730
       12.9723   1655.4093    143.3087
     2165.7712   1804.9907    642.2327
      581.2324    618.2579     87.1351
        7.1885    691.3953   2029.3621
     1436.7058   2030.4751    751.5612
     2176.0247    554.3154   1779.6743
     1824.8715    980.2008   1847.9093
     2077.0635   1570.3969   2169.2212
      890.1934    601.1778    661.8118
     1337.3639   1350.8384    332.0612
     1416.7977   2245.5811     97.5339
      440.0833   1448.5946   1056.7119
     1955.1653   1434.2433    113.3856
     1019.8943    530.9743   2108.0488
     1752.8180   2046.8179    657.1353
      251.0722   1791.4568    640.2403
     2138.1729    449.0713   1436.4158
     2016.4030    270.8436   1019.4408
     2121.5920   1335.1609   1668.9126
      961.2492   1130.2157   1881.1637
      302.0203   2242.2666   1732.1559
     1471.9098   1637.7878   1710.6969
     2153.4609    506.0420   1085.6565
     1189.2705    318.6715   2082.6545
      496.9460   1603.9836   1709.8192
     2030.9384   1491.0537   1475.3833
      735.0370   1874.8820     60.1752
       50.9919    651.6892   1469.3693
     1862.0527    559.1385    413.2549
     1982.4777   1744.3177    112.6351
     1534.8186    690.8546   1923.5990
     1811.1617   1042.0414    915.1366
     1386.1823    218.4149   2036.4651
     1395.2170   2155.4448   1007.3868
      569.0573   1147.6632    433.1778
     1476.4290    308.2679    806.7301
     1990.7545   1052.7577    706.3967
     1581.6902    685.4393    432.6466
      250.5922   1980.9824      8.1788
     1889.9972   2068.7507   2230.7412
      894.3258   1319.5090   1077.1945
      756.6860    664.0528   2133.6660
     2201.3130   2234.4343    639.8529
       34.8774   1559.7410   1258.3192
     1547.2854    452.9873    259.2974
     1115.5590    426.5308    929.9358
      525.2122   1594.2521   2165.2839
     2215.0969   1063.6287    207.4193
     1220.9261    142.3178     42.1098
     2112.6636   1038.1260   1353.3525
     2204.8955   2198.2212   1821.5999
     1822.5043   1373.0459    331.5858
        9.3478   2131.1663   2212.4011
      918.8320   2089.6145   1391.1224
      333.0384   1174.1172   1938.2954
     1503.2419   1415.5354     76.2529
      983.4149   1899.2155   1637.5890
     1605.0745   1252.0652    283.7037
     1803.2218    204.1037   1571.2059
     1984.8601    478.9283    840.6501
     1069.5433    585.2786    494.6960
     1563.0938   2226.1069    568.1665
      226.5142    325.7859     91.8186
     1996.4052    616.7119     72.1501
     1611.0558     38.2080    983.4858
      372.6075   1376.3779   2126.7410
     1399.2406   1828.1528   2076.9600
     2257.7922   1999.6769    430.7393
      292.5917   1143.9474    608.0495
     2047.6851    812.2361    847.9914
      281.7353   2027.9552   1521.5459
      578.8658   1828.9038    279.4648
     1622.3801   2031.3334    914.5250
     1880.1490   2086.1733   1717.3087
     1609.2207   1601.5310   1208.7827
     1902.6061   1583.5272    539.5336
      285.3284   1538.5278   1317.1920
      228.2476    534.0469   2071.9661
      259.3189   1710.0841    119.3678
      951.7894   1831.8701   1113.6050
     1915.0883      1.9763   1421.6500
     1620.1122    358.5085   1559.7450
      757.2977    452.0357   1984.7545
     1527.6395    173.8493     12.8992
      165.3782    918.4661     75.7126
      558.1923      4.3480   1080.9169
     1467.4429   1866.9795   1019.2724
      569.0419   1192.5330   1068.8640
      532.9296   1002.7540   1662.5913
     1802.5439   2209.4600    838.8690
     1726.8918   1768.0940   2211.2593
      279.6516   1137.1949   1537.6984
      966.7219    722.3027   1939.5193
      746.3418   1962.7407   1483.7119
      436.3917      4.5845    167.6386
      470.6666    434.8064    869.4596
     2151.4480    755.5214   1249.5304
     1614.7085   1539.7999   1908.9243
     1163.4384   1090.7584   1183.6422
     1467.7163   1144.4030     35.6201
      820.7477    623.4592   1766.7322
      620.0985    460.9128    656.0948
     1654.6249    480.1969    824.0515
        6.9630    121.9047    994.4587
      651.4694   1817.9515   1198.4425
     2167.1697   2118.2993   1075.0702
      706.6107   1643.7090   1405.5413
     1714.4729    644.3979    179.6608
      352.4161   1264.7428    915.3721
     2017.3450    833.9543    590.5015
     1476.3317   1105.3243   1707.3540
      133.1639    388.1782   1595.4436
     1221.4963    414.0055    668.4551
     1720.4021     45.1006   1793.6445
     1672.1945    433.4087   1313.8990
      451.4131    917.9475    517.8697
     1565.1835    577.8638   1014.9884
      748.6117   1712.5217    672.6480
     1897.9395    444.4681   1105.3574
     1480.4070     50.2993    800.5026
     1967.5319   1823.2003   2123.7234
      435.5020   1913.7783   2085.3445
      666.0536    401.7430   1333.4943
        8.4802   1194.3009    627.4627
     1213.1947   1216.1061   1948.4758
     2203.0051   1423.3768    484.3123
       81.8263   1206.7874    385.9416
     1025.9087   1280.0339    245.2047
      862.7267   1947.8319    682.8641
     1801.0527    316.5221   1818.1073
     1858.2999    452.1271   1547.2545
      320.2335   1328.5441    452.0979
     1782.2499   1583.9349   1534.9465
      208.6468    975.9891   1766.0667
     1205.1426   2214.3479   1323.5071
     1309.6119   2095.0728    546.8763
     2039.5984   2045.1217    741.4249
     2062.6707   1544.1388    310.9561
      153.3711     52.9460   1981.3728
     1540.3771   1610.5393   2136.9326
     1881.4645     61.4468   1063.6494
     2148.7632   1311.6648   2186.7131
      752.1672   1085.0249    270.6671
      586.8070     97.1340   1688.9757
      468.0550    325.2380    483.8389
     1009.5627   1506.6283     39.7918
     2009.5652   1779.3224    428.6092
      996.5113    852.6131   1393.8657
     1151.2959   2153.4910   1552.6975
     1360.0315   1463.2700   1260.0109
      373.4302    804.7740    237.3937
     1090.2377    927.8073   1870.2559
     1727.0178   2224.4241    107.1520
      817.1415    554.0933    425.5294
      900.1907     51.1969   2211.4556
     2242.3850    259.3392    491.5876
     1043.3491   1321.1591   2139.4543
     1543.4182   2210.2087   1292.5710
     1572.9370   1574.1022    929.4997
     1321.7974    964.9100    863.7205
      347.9669    588.5128   1583.9312
      166.5422    862.6012    943.9566
      435.1952   1308.7120    172.7526
     1279.7341   1741.7634    886.1343
      681.0247   2071.4626   2053.6345
      667.1973   1515.4170   1868.8888
      907.7570    825.5770    316.3094
     1083.7329   1035.1068    713.8216
     1605.6008    835.0001   1710.6240
     1145.9991   1231.1564   1418.8928
      859.9687   1715.1993   1837.9204
      989.6011   1770.3477    902.4916
      114.7524   1579.8711    576.1186
      971.1953   1973.3590    219.9521
      229.8439    898.9453    663.5884
     1421.9697   1459.7832    554.9486
     1910.8715   2037.8206    984.5289
     1274.4921   1482.2999    148.3538
       36.0234   1670.9216    828.2335
      538.0784    999.3770    133.7040
      247.5624    260.7267   2087.6863
      928.0314   1646.9667   2076.4912
      215.2886    248.0148   1109.9078
      911.6614   1428.9523   1865.5768
      393.8254   2255.4023    580.1070
      910.6533     53.9516    461.4687
     1806.8077   2082.3186   1960.9594
     1676.9958   1821.4803    782.7217
     2125.2739    155.7202   1441.3317
     1972.4478   1772.2411    882.3349
      503.1214    596.9959    421.5800
      304.7088     24.3999   1010.4254
     2101.4937    849.6812    288.4875
     1515.2942    899.8644   2211.2627
      328.9412    772.2828   1097.3459
      986.9638   1076.0444    471.3789
      491.1892   2254.6155    834.8734
     2065.1516   1652.6080   1269.0593
     2135.7634   1961.1302   1767.0334
     1740.9343   1062.1948   1606.3269
      156.1822   1169.5396    118.7176
     1987.8278     72.6434   1707.2406
     1379.3696    157.3580    618.9708
      392.1773    787.2341   1746.8993
      722.8890   2224.6125    891.9204
     1805.3159    864.5656    391.0638
      462.1441    436.3106   2221.9883
      210.3903    657.8947     11.4159
       52.8801   2033.4193    746.8342
      806.8009    334.0817    505.0037
     1421.3043   1890.3109   1827.3579
      462.0877   2111.1770   1881.3828
     1248.3951    611.6534   1838.9777
      236.3166    650.6510    821.1433
     1510.3213   1220.3319    516.0891
     1566.1528   1064.3125    727.7859
     1693.4023   1190.7863   1205.3834
     1789.9711    255.1248    881.1578
     1382.8365    902.8386   1865.5248
      223.7986    687.7919    466.1075
     1286.0894    500.6388    244.5284
     1948.8380   2145.3083    219.8831
     1001.0361    787.8433   1669.7815
       72.1714    324.0949   1883.0895
       10.1244   2024.5952   1304.4860
      693.7597   1725.4414   1645.5387
     1731.1670   1287.5959     68.0153
     1004.9859    804.7444   2247.5881
      568.9924    787.2712   1215.1766
      878.4985   1519.1783    353.9122
      779.7878   2238.0608   1554.0094
      769.1888    989.4036   1504.2847
     1493.1094   1573.7891   1467.1224
     2028.6455   1319.1609   1152.0212
      350.9640    244.1920   1781.9014
      641.0504    988.8448    764.1974
     2185.7910    813.3796   2260.9155
     1529.2621    853.1066    946.2729
      994.2783   1040.9155   1568.4878
      278.2259   1454.1085     89.2373
     1132.2727   1992.5713    724.9021
     1060.0969    224.4826   1143.7793
     1905.0264   1843.2227    644.6918
      287.1231    442.7452   1860.4595
     1655.1205   1718.5483    534.6626
     1136.1895   1499.4117   1979.3136
     2081.2495    323.6840   1632.5856
     1938.1912    574.4105   1336.5403
     1219.8168   1984.9188    955.2697
      612.1704   1810.7194   1870.2900
      518.2491   1858.5869    558.4184
      203.1433    403.6561    347.9746
      566.9357   1202.6487   2232.3545
     1301.0219    714.6691    924.5685
     1624.1077   1392.3644   1341.4032
     1361.6653   1627.6028   1936.2709
     1129.3505   1931.9609   1415.6003
     1397.5699    943.8719   1198.9597
     1855.4604   1110.7255   1367.0485
      284.6855    143.0540    320.2657
     1894.2872   1294.5222   1514.1989
     1301.9697   1821.3301    568.1771
     1144.2621    828.0845   1191.1627
     1550.7673   1363.3094   1092.2356
      573.9600    125.9862   1456.9568
      968.0086    118.9952    898.9985
     1617.8558   2203.4773   2141.8882
     1982.0927   1306.1503    579.2057
     2064.6938   1271.9197    292.1462
     1198.8724   2081.0911   1860.6555
      760.7637    455.0110      2.6792
     1631.1920   1386.0387   1617.4445
      974.1191    410.3712   1857.6371
      704.0980    124.2902    275.5027
      669.0989   1649.2195    438.8513
     1805.8813   1909.6542    157.2659
      458.5878   2067.7136    378.0630
     1569.5261   1823.5253    284.0756
      955.0214    108.5666   1691.2640
     1248.1029    354.5351   1792.4772
      224.2086   1643.4263   1585.2771
      537.6566   1191.3618    683.4341
     1803.8390   1719.0383   1319.0605
     1227.7742   1237.8240    118.0555
     1085.8418   1578.9707   1726.4208
      108.1418   2252.8076    484.0632
      466.2472   1268.8568   1683.2922
      392.9621   1410.2754    690.5088
     1392.9849    530.9142    806.4824
     1076.3918    273.6520   1574.0419
     1821.3600   1659.2821    308.2004
     1156.1127   1780.8590   1876.4713
      329.2360   1442.4387   1847.0168
      844.9609    583.3374   1508.8143
     2209.7463   1952.5920   2031.2430
      842.4893   1044.5576   1003.9686
     1985.0089   1175.8142   1798.9680
      343.4084   1115.8979   2218.5784
      360.0697   1584.4503    440.6943
     1594.2180    242.3872    461.7166
      697.0057   2176.0713     58.9206
     1198.2854     47.7785   2027.7803
     1089.0587    511.4821   1629.6849
     1772.7460    888.3747    659.2449
      359.3451   1781.3978   1081.3074
     1422.6949    150.0636   1166.6868
     1334.3173    338.1742   1061.7697
      417.5396   2003.6278    749.8255
     1260.1195    768.3848   2062.2654
     2038.3330    215.2556    715.8339
     2066.9556   1865.9755   1413.0411
     1704.6635   1941.4026   1723.7670
      722.1583   1792.2307   2101.5613
     1771.5537   1817.0419   1042.7388
      532.8008   1591.0355   1199.2524
     1593.4272   1266.6570   2099.1865
     1763.6221   1140.0591    545.4100
     2190.7944    914.5187   1050.5073
      144.4958    963.5787    384.2562
     1743.2720   1539.5831     76.3375
      795.3297   1585.2783   1073.0735
     1133.7572   1371.7860    823.9177
