      807.7091   2254.2627    800.5667
     1184.0898    996.0260   1700.2719
      229.4248   1274.0758    642.7379
     1064.3821   1123.2369   2170.1196
      624.8843   2133.2607    643.7220
      168.2004    433.9302   1538.0065
      937.8842   1438.2620   1002.1912
     1635.3693   1667.7302   1335.5386
     1196.6637    352.9354   1006.4041
     2001.2582   2089.8408   2215.2378
      576.6377   1412.7397   1497.8933
      533.8731   1053.2427    145.1109
     1051.6542   1059.5353    229.4615
     1183.2369   1987.3425    981.6776
     1918.8254    748.2994    810.1396
      282.4101   1237.2045   1899.8275
     1277.5203   1511.7106   1736.2236
      818.8909    214.5540   1477.0725
     2261.7954   2103.6306   1467.3015
     2245.6638    348.5938   1986.0322
      897.4459   2255.7981   1129.5961
      461.4813   2039.7078   1952.0404
      293.6636    824.6870   2189.8296
      947.1759    495.0104   2254.4170
     1028.6589    678.3620    333.4577
      403.2880   2169.1809   1435.6638
      560.1774   1864.3127    778.7194
     1690.1226   2068.8779   2012.4877
     2163.0012   1848.3019    153.5009
     2144.9412    254.7103    227.0581
      396.3633   1068.9691    493.4169
      778.1448   1531.5830    647.5049
      284.0049    247.6820    409.9821
     1178.3013   1514.1737    376.4460
     1426.8739    482.6054   1444.2141
      771.5287    136.1874    290.3589
     1414.4136   2097.5713   1996.8157
     1047.3165    694.9472   2123.3325
     1840.3009    174.1566    429.1882
     2224.8247   1605.1185   1891.4268
      204.4604   1592.6017   1690.5144
      965.1172    393.1589    329.8597
      852.3944    285.5874    818.0461
      217.9617   2004.6956    914.3785
     1874.4745    353.5018    974.0604
     2036.4399    164.8793   1895.6127
      862.1777    277.4942   1174.2568
     1489.7911   1123.9952    347.9728
       44.0125    128.3533   1833.1100
     1571.7986   1287.9955   2173.6431
      558.8245   1352.8923    803.6208
     1280.2489   1320.9397    198.4294
       94.9412    681.3145   1414.6161
     1759.3795   1264.0397    188.3470
      848.3804   2239.5376   2029.8773
     1732.3599    917.5200   1375.4946
     1170.4923   1371.3130    785.6399
     1703.8010    423.4646    111.6696
     2013.6014   2008.9949    334.6275
     1855.8447    574.3555   1467.4501
     2219.7012   1888.2004    655.3328
     1614.7325    296.6089   1228.3868
      359.9981    292.3150   1820.6592
       25.4598   1130.2819    846.0268
     2259.9910    350.4883    493.7760
     1505.3793   1157.5730   1279.2030
     1520.6901    754.2632    147.9718
     1199.7358   2261.9644    654.8922
      851.2849    609.6002    631.5970
      734.1841    748.8354   1378.2444
     1497.7749   1141.8839    636.4528
     1925.8243   2215.3464   1832.7822
     1738.3868   1138.1035   1563.7942
      268.2132   1845.6082   1916.7173
     1660.8378    636.2769   1241.6011
      549.4255    226.4814   1327.3344
      650.9065   1619.8827    929.9141
      265.5093    522.4493   1070.3732
      669.4955    659.3636   2087.9546
     1910.0181   1860.0824   1035.3585
     1722.5698   1315.9128    658.2731
      994.7965    764.5773    887.3130
      691.3328   1985.9357   1129.5033
     1436.3766    297.0720    131.9146
     1825.3073   1430.4163   1806.9570
      745.1625   2168.7708   1420.4773
      332.4157   1562.5923    345.1190
     1189.1178   2007.2683   1782.2483
      789.7871    935.0158   2052.4888
     1363.0649    535.8199     92.1370
      491.6878   1664.7706   1581.8646
     2237.6052    268.3375    995.2668
      454.5836   1002.7301   1179.4392
     1056.4159   1209.8569   1855.2181
     1626.2517    142.3532    156.9512
      983.1091   1714.0999    896.0790
     1177.5861    256.9440    567.6695
      136.1198   1323.2030   1604.3929
      207.8348    118.8121     86.7763
      915.2188   1994.6169   2175.2329
     2088.5818   1027.7540   2015.0610
     1333.0525    514.3722    490.0804
      829.9271   1762.3920    560.0223
     1728.1119    649.9241   2227.5706
     2090.4204   2111.4939    768.5892
       77.8956   1456.0092    512.5937
     1227.2850    281.5122   1708.1760
     1679.5988   2072.0933   1148.4388
      694.2018    181.4324   1917.7716
       43.4144   1468.6450   1313.7449
     1592.1619   1394.7028   1193.8450
     1160.8730    752.3878   1313.3368
       46.0695   1423.0133    822.6823
     1940.6271    825.3184   2211.5178
      479.6485    274.3707    149.6701
      325.5122   1576.4984   1085.3640
      630.4970    677.6259    515.8925
     1705.8080   1667.5724   1715.3518
     1040.4904   1700.3690   2255.5347
     2016.8004    983.7720   1508.2417
     2013.8285   1823.7091    787.9493
      353.4779   1849.1243    171.1086
      126.9797    628.6215    417.3398
      697.2837   1342.2748   1011.6644
     1530.1095    396.0179   1809.8326
     1724.6847   1973.8774   1403.1654
       59.1347   1060.3225   1665.2245
     2195.7932     70.3252   2102.8354
     1369.3756    657.9202    926.1014
     1788.3771    907.5110   1687.0267
      194.7102   2245.4675    388.3095
      168.7567   1156.1543   2136.9202
       57.1093    401.4601   1314.3794
     2099.6067   1542.5212    618.7466
       30.4174   1865.4690   1768.2810
      823.8480   1937.1924    282.8354
      272.7326    244.7538    728.3838
      208.4924    135.7397   1571.1399
      401.0516   1910.5195   1298.9515
      535.5964     27.4403   1682.9589
     1590.1453    278.4063   1528.1541
      704.3973    349.8904    534.2180
     1081.8445   1109.8011    794.8256
      362.7838   1488.1594    762.3094
      121.9337   1011.9817    279.5439
     1988.5757   1210.2419    772.2014
     1171.4430    726.1652    713.8590
      429.1772    604.1104     62.2242
      830.7163   1126.7404    386.3617
     1624.9495   1686.6976   1061.7617
     1581.1968    672.4459   1989.5109
     1245.2452   1661.2632   2045.3916
      548.5782    284.3568   1600.2570
     1976.2633     47.3054    163.8106
      920.0114   1166.7767   1075.4006
     1496.2959   1546.3513   2252.4141
      649.1739   2002.8608   1729.8119
      915.9624   2000.8517    953.8838
     1141.9222   2187.5664   2053.3679
     2227.7893   2110.5989   1820.9814
     1491.2805    404.8097   2131.7632
       94.1280    734.8503    134.1968
      372.4639   1009.3829   1706.1688
      467.7893   2256.2981    228.1132
     2129.3738    537.6459   1423.4226
     2109.5371    683.9378   1696.2494
     1983.7855    874.7293    476.2289
     2126.0754    536.5258    234.4525
      683.7572   2114.0830    392.3772
     1534.9547    304.6500    487.8601
      557.9173   1382.3206    213.9809
     1685.3958    980.8054    141.0920
     1982.7515     55.2501    934.6928
     2179.0708   1599.3118   1112.9950
     1249.1829    774.3205     27.0990
     1233.8975    454.6096   2109.1816
     2056.0493    400.0965      1.4430
      817.3254    515.0297   1495.9678
       89.9971    979.3357   1373.6809
      616.6187   1893.4960   1448.8185
     1775.3354   1072.4783   1062.2034
       37.7907   1728.4895   1421.3202
      298.0321   1587.4939   1366.9480
     1140.7074   1114.0037   1389.1503
     2146.3838    160.1305   1532.0215
     1005.6357   1670.1340    279.3062
     2033.4894    986.7260    958.0514
     1353.4626   1094.2095     29.3889
      767.2961    923.6557    613.2828
      430.5115   1334.3644   2217.7576
      556.9136   1861.7421    429.9615
     1034.6691   1760.4741   1813.2778
      259.7994   2179.1980   1764.0414
      601.2673   1707.1156   1191.2235
      822.2209   1461.2136    370.0637
      759.8929   1326.0991   2128.8176
     2227.4395   1273.9398   1889.0560
     1401.2897    799.4175    615.6732
     1953.0586   1154.2041   1774.6165
     1619.8201      2.4780   1357.3398
     1616.6110    731.4435   1657.1138
      154.2471    593.6082   2106.0334
      372.0539   2164.0005    699.8426
      796.7248   1631.3984    149.2161
      523.7657    406.6722   2075.6223
      970.5814   1870.9556   1289.9438
      623.6166   1286.4419    502.3181
     1914.9564   1569.9026    836.4122
     1755.3539   2144.9272    866.6105
      321.5966    739.8511   1232.9800
     2026.4181   1400.5099   1370.2616
     2065.3491   1680.4065   2159.6802
     1731.0585   1541.8798    107.6726
     1494.9547   2052.6318   1574.8456
     1382.0994   1794.1165   1447.3521
     1436.4852   1293.5850    852.8713
     1727.3103    115.5117   1068.1097
      441.9681   1423.5747   1756.9067
     1584.8429    539.7055    315.3806
      969.8386    874.7011   1553.8687
      145.6917   2258.2866    914.6390
      990.8840     88.7555     59.2050
     1210.2990   1373.7101   1269.7227
      896.3598      9.9470   1693.6599
      278.5146    804.0735   1556.4415
      776.0085   1192.0646    100.5847
     2143.3264    665.5512   2183.9412
     1824.4153   1404.1117   2089.1638
      549.6996    210.6608    765.3841
     1265.6165    252.4021   1364.9418
      807.7871   1716.6154   1559.0195
     1821.9836    149.1719   2045.0072
      469.8316     99.9035   2173.6956
      183.7156    953.7716    613.7630
     1853.6571   1175.0546   1274.6703
     1337.4292     23.5438   1109.8954
     1998.0210   1677.1725   1786.0972
      560.5581    969.8791   1448.3262
      836.9417    470.3734   2003.2924
     1074.3920   2132.8999   1263.9199
     1395.8879     82.0937   1567.4568
     2244.0535   2178.5193    155.0104
     1327.0846   1695.2831    737.2250
      695.7499    746.5952   1747.0825
      194.8679    971.1533   1020.2001
      221.1363     45.9009   2051.5325
     1938.8910   2251.2134   1284.4016
      444.7911    726.7346   1941.5558
     1700.4330   1641.2094    621.0157
     1434.9353   1456.1486   1545.0873
     1101.4447   1652.0575   1420.8110
     1171.2263    899.6956   1070.4674
     1402.2881   1965.2015   1194.2566
     1710.0304     59.1669   1728.3585
     1592.7429   2152.5908    639.6066
     1418.2721   1033.6110    933.7968
      617.6155   1183.1816   1600.7473
     1077.5769    909.9518    537.1586
     1165.9110      7.2042   1769.2538
      815.8392   1182.7240   1301.6952
     1037.6229    230.8532   2025.0348
     1452.5865    804.8394   1483.4608
      221.9635    346.2590   2130.2783
     2192.2832   2217.0051   1158.9603
     1697.6647   1824.5597      7.4272
     2110.7722    411.1517   1706.3523
     1066.4885   1545.4368    612.0620
     1167.5565     60.4400   1433.6187
      161.8764    934.4486   1947.8312
      364.5278    783.3043    581.0502
     1254.3511   1150.4685    483.8102
     2136.6082     83.2105    443.3810
      541.7195     80.7723    486.5991
     1691.1813    539.1806    703.2908
      478.2173   1029.9631   2125.2227
     1872.0388   1156.8602   2183.2463
     1173.5566    341.5736    157.3212
     1756.9841    425.5470   2076.2864
      328.2959   1180.6398   1418.1002
     1511.1241   1177.3787   1632.1095
       21.0051   1171.6085    518.1780
      610.6523   1011.8245   1885.7677
      714.9882    540.5312    191.4079
      172.4540    464.5042    825.2057
     1378.3600   2079.0483    808.1139
      975.7820   2192.9043    313.1152
     1186.0231     91.6365    300.9341
       84.1656   1296.0161     89.9435
      327.1960   1231.1594    263.4664
      859.3734   1030.3857   1768.7667
     1194.6385   1684.5696   1108.3518
     1755.4197    830.9240   1019.0455
     1885.5197    268.1180   1459.1763
      888.2988   1240.0906   1534.3259
     2200.6772    994.9539     10.2281
     2252.6145   1220.4236   1204.0070
      832.2270   1882.6499    769.3554
      775.6898    293.7328     18.9407
      404.8163    496.9737    355.9319
      821.4232   1259.5688    743.0532
      226.8701   1324.6516   1088.2510
     2035.0636   1293.2228   1065.7229
     1639.3474    880.0014    422.0278
     1122.8827    549.9780   1535.6095
      701.3257   2249.9673      2.7164
     1784.2189   1856.3478    295.7205
      835.5590    830.3050   1106.2454
     2231.3931    209.3029    709.0403
      544.3367   1569.9744    468.4736
     1457.0038    885.7731   1186.5763
       39.2174   2209.3157    665.1802
     1263.9800   1196.4934   1096.4293
     1104.1046    445.5719    763.3212
      418.7458   2090.7083   1087.8079
     1486.3025   1772.1560   1999.7091
     1344.0410   2238.5928     88.6064
     1691.2153    933.4944    745.8566
     1376.6180   1787.5936   1740.9363
      667.6331   1630.6654   1797.3737
      380.6015    441.1323   1314.3472
      264.3097      6.6907   1228.7938
     1388.2509   2134.5842    412.0592
      587.0600   2249.2585    986.0254
      892.4238   1500.7653   1672.4296
     1793.5386    589.3173   1809.7324
     1036.6265    494.0923   1257.4321
     1475.6427   1968.3757     31.5790
      824.3072   1554.9270   1265.6411
      474.2757   1047.6021    755.1610
     1125.3804    888.7908   1975.8967
      767.7528   1925.0717   1974.6561
     1935.5802   2222.9214   1572.2863
     1436.0564   1513.0608   1048.0532
      999.1161   1420.6960    121.1268
      422.3728    840.0001    289.5511
     1945.4401    720.0868    223.9754
      684.6765    962.2073    931.5638
     1947.5941    385.8957    657.4423
      794.6132   1628.6980   2020.8755
     1463.7194    931.5894   1796.9340
      679.7455    538.5316   1179.2112
      487.6422    626.9615   1579.7363
      548.7836   1593.5238     56.1482
      997.6876   1447.5322   1950.0540
      400.5710   1828.1185    984.9988
     1951.1490   1917.1974   1627.1952
     1771.5203   1747.1370   2028.5079
     2109.2566   1482.7817    142.0585
      467.6495   1568.8271   2025.7328
     1860.6683   1517.7402   1128.4073
      243.6093   1795.7258    601.8851
     1069.6398    115.4527    924.0442
      995.7485   1279.8569    521.9653
      286.9445   1902.2775   1566.6616
      793.8445    876.9107     87.7432
     1411.6666    527.9875   1167.6807
      374.8146    254.6696   1087.3669
      578.6961   1828.0093   2149.6411
     1989.9020    297.4659   1214.8102
     1190.5426   2030.3938    157.9999
     2140.9885   1328.1779   2142.1938
     1711.9066   1358.8225    924.8019
      864.8931    386.1999   1754.1189
     1593.9523    446.4875    949.4727
     2035.1924   1992.2277   1280.6323
     2102.4556    630.9453    618.6520
     1319.5956   1185.5391   1910.7322
     1956.4805   1716.5948   1350.9819
      888.1616    107.9724    549.1830
     1538.7369   1467.5680   1910.8783
      967.5391   2012.1559   1614.9790
      117.9268   1694.6166      4.6797
     1437.9722    146.4315    867.1214
     1925.6530    606.2487   1191.6771
     1443.0497   1501.0756    588.0245
       25.3550    143.7778   1351.0852
      619.9791    497.1086   1798.5902
     1339.3728    598.7579   1778.8267
     1689.7025   1887.8411    853.1384
     1693.8579    943.1688   1992.9546
       35.0508   2010.1907    446.8175
     1728.0178   2157.4204     92.0273
      178.5188    426.9536    160.1593
      259.7065    627.7579   1790.8660
     1903.4963   1983.8649    603.8589
     1982.5358    568.5191   1962.4536
     1684.4585   1206.0033   1882.0447
     1974.7576   1924.4166   1930.6548
      622.1658    734.0966    787.1097
     1160.5465   1884.6864    678.0131
     1695.0176   2211.7534    351.7040
      127.2170   1695.5574    335.5756
     1492.9325   1496.6721    333.6841
     1049.4487    599.4012   1839.5278
     1532.2078   1896.7745    592.9163
      351.0916   2037.9240    441.9172
     2141.2478    522.5363    910.9888
     1398.0316    373.8799    734.7728
     2138.7456   1481.6105   1585.4087
     1411.7360    896.1089   2113.8540
      113.2072   1901.9686   1174.8361
     1198.5841   1910.7545   2116.3408
     2000.3300    877.8161   1264.7391
     1326.2926    150.0243   2028.2253
      490.6785   1413.6848   1215.9226
     1763.4602   1437.2404   1497.5317
      986.3681   2098.6560    640.6776
      116.3575    752.6432    802.4327
     2173.5139    870.0598    322.3996
     1505.5959   1910.4282    323.8583
     1856.1143    326.9105   1746.5968
     1869.4720   1542.4120    378.1423
     1589.5798     49.6191   2171.1895
     1294.4559   1731.2336    407.9349
      649.2001    459.6130    827.2405
     1689.6116    229.2750    735.0057
     1790.7010    654.6234    488.7358
     1338.5065    802.5226    326.9721
      596.0662   2000.6437    120.3591
     2221.6826   1926.0309   2151.9302
      416.7267    774.2567    956.7952
      734.0742   1330.1268   1870.7648
     2080.6191   1731.8242    443.7302
       76.8472   1706.8761    847.9870
     2070.8047   1173.4551    183.7632
      877.5228    473.8749    983.2289
     1216.9559   1402.4626   2152.8564
     2022.9327   1306.0667    450.6252
     1867.1172    428.0448    343.2372
     2248.5981    760.9240   1059.0602
     2170.9419   1968.7333    986.3255
     2130.5635   1000.6493    657.4122
      214.3014   2101.6675   2237.4548
     1253.8503   2011.2820   1474.2378
      238.6942   1485.6467   2020.2629
     1322.6669   1734.0066    114.6635
     1565.4479   1960.4597   1799.9521
     1787.3256   1084.3816    505.0573
     1484.3676    135.9423   1803.6309
     1912.6152     31.4169    692.0512
