      842.3291   1951.9182     48.9592
      469.3057    847.5015   1259.3804
       11.0054   1337.7224   1555.5686
     1280.9801    773.5634   1488.4429
      350.4376   2139.9692    182.9974
      438.1693    442.3057   1651.5730
     1280.4834   1533.6036   1172.8916
     1761.9562   1992.6165   1544.6790
     1177.1929    117.2790    778.6295
     2079.1692   1371.4518   2187.4998
       86.7386   2230.8342   1504.1704
       79.6465    912.4797    562.4455
     1623.9034    943.8469   1059.1013
     1219.3462   2012.3740   1300.0598
     1664.4475   1269.5710    379.3328
      417.5832   1616.1831   2211.9321
     1330.2939   1566.9695   2227.4980
      419.7286    386.2331   1076.7394
     2108.0154   2204.4783    967.9819
     1965.1520    770.0080   1755.3389
     1308.3468   2043.6558    932.0942
      127.3669   1698.2101   1986.5740
       68.0506   1441.1792   2077.7495
     1006.3002    440.7366   2227.1768
      717.0654   1243.9791    115.1766
      419.9918   1815.8157   1101.5845
      515.5937   2114.1541    554.4136
     1665.1702   2044.9995   1970.1296
     1991.8439   1892.7683    410.2205
     1844.8640    404.0609    401.4276
      848.6114    956.6060   1213.9871
      859.1387   1084.4276    636.5992
      455.2927    287.0427    341.1486
     1144.6426   1113.1492    602.3700
      615.7075    254.2171   1387.9142
     1100.9940    248.3014    151.1640
     1208.1650   1813.2449   1842.5728
      842.4246    797.3126   1457.4226
     2243.5056    689.3779    175.1185
     1807.9038    547.2162   1934.6996
      383.6640   1828.8704   1899.9279
      948.6609    240.2720    536.2023
      866.9510    166.1802   1318.3026
      122.9364   2037.0045   1131.5203
     2172.1855    667.4085    540.4010
     2034.3740    190.0104   2187.3984
      754.8168     43.6656   1762.9301
     1350.7557   1016.0102    250.3398
      154.6113    279.3980   1925.0234
     1178.7422   1352.1888   1915.5198
      779.2066   1696.7847   1132.0188
     1779.9705   1546.9259    167.3111
      363.8893    651.9594    737.0261
     1481.6774   1695.4410    261.5092
      645.3973   2143.0242   2040.9420
     1582.4839    974.3099   1428.4615
      999.1151   1623.0800    946.3106
     1961.7089   1212.2172    210.1048
     1435.9420   2194.9878     32.6571
     2030.2838     58.8982   1625.9187
     1733.6182   1310.8579    779.9439
     1349.9796    456.5698   1152.8702
      401.8868    688.1100   1968.3818
      154.5229   1410.9585    483.2370
     1862.2653    621.8851    636.2510
     1760.3490   1341.4410   1571.3214
     1324.6895    846.6311   1057.8386
     1068.3711   2250.9978    414.1222
      220.5699    762.5928   1054.3207
     1424.0454    482.3354   1817.3457
     1277.2170    805.0753    480.0526
     2120.0269   2034.1165   2108.3196
     2017.6757   1212.9464   1587.9792
      120.2980   2162.4636   2035.1044
     1241.7769     54.7071   1412.7670
      734.1673   1334.0712   1517.2301
      872.9144   1329.0164   1104.6626
      131.9186    177.6271   1203.1125
       38.2826    578.0865   1674.6455
     2171.2759   1965.4231   1808.0270
     1027.9745    983.7798    215.1211
     1345.1642    312.6143    593.3966
      592.3538   2254.1567   1171.5819
     1746.7361     50.9077    617.0847
     1821.0862    737.2563   1382.2086
      954.8723   2102.5747   1464.2247
       95.3685   1201.1248    748.5962
     1783.4745   2013.0314    914.3708
      714.4882   1301.5220   1868.2063
      941.8299    463.6469    332.3318
      951.8122   2128.4863   2021.7811
     2008.7562    352.2859    685.5891
      545.1659    296.8261    684.3846
      991.0038   1423.5995   1747.7924
     1806.1074    142.7348    260.9350
      848.5838   1799.8596    665.3724
      860.8795      1.5350    958.7289
      134.3896   1573.1781    893.4361
       91.5696    949.0869     63.9753
      438.1877   1923.6477   2228.9631
     1966.6858    460.8291   2254.3005
      676.5760    549.0015     31.7902
     1209.6198   1731.2533    724.4482
     1823.1642   1088.7556   2019.8909
     2188.8979   1948.1141    760.2772
      556.7404    990.7636    486.4631
      831.9572    308.7991   1617.5415
     1758.7336   1312.1394   1281.7585
     1011.2423    133.0395   2094.9736
      197.2086   1065.8608   1081.8044
      701.1790   1856.0122   1519.1825
     1582.6674    688.5427   1193.6377
      418.8271   1483.1614    445.6982
     1891.1600    344.5663   1486.6930
      781.6203    160.1737     57.2784
      186.0324   1709.4506   1251.9540
      384.7109    432.2275     22.9212
     1927.8123   1742.8287   2168.4998
      930.7442   1713.5663   2103.9795
     2042.2169   1500.3248    895.2316
     2048.7778   2171.3169    691.2994
      338.0060   1777.5574    618.5302
      228.2032   1116.0579    340.0733
      594.0916    998.3638   1076.4229
     1174.9709     61.1306   1111.6482
     1919.0077   1799.4087   1141.0684
      244.8123    932.7451   1665.7739
     2126.8613    329.5213   1810.2142
     2139.0371    645.6981    916.5438
     1987.1266   1107.5637   1221.2484
       42.8818   2181.5874    319.4007
      491.3498   1276.3462   2092.2305
      591.5877    624.8161   1113.1196
     1846.8268   2113.2891     38.3072
      511.0495   2055.7429   1511.7883
     1412.2352   1935.7390    601.2674
      201.5892     56.3841    940.3607
      440.7045    560.4612   1364.1210
      179.8718   1612.6676   1551.2347
      368.5396     45.4690   1507.6318
     1563.4094      3.9876    856.7461
      173.2896    413.4837    514.2548
      418.1301   1129.0863    110.8135
      659.8345   1486.4089    255.9858
      221.3930   1391.0400    138.1275
     2157.2310   1625.7041    631.8043
     1112.7146    725.3406    824.6064
      616.8406    564.0093    552.2877
     1306.6282   1270.6143    353.2482
     1897.1392    931.8937    743.5551
     1529.5449   1137.9456   1987.2893
     1573.1980   1663.8757   1470.0533
      643.4684    736.5234   1596.6978
     2246.9519    390.2009    125.6602
      139.1844    677.2459   1360.3246
     2149.6597   1283.2865   1838.3854
      365.1201   1388.6207   1823.2363
      974.4373   1894.0697   1189.5918
     1318.3466   2208.1858   1877.6244
     1667.1689   1790.0559   1781.5659
     1704.2128    137.8055   1955.3420
      405.6937    756.9406    281.7471
      617.0567    943.7893   2096.3193
      105.9730   1729.9263    418.8888
     1657.4347    858.8491   1745.2145
     1776.5951    694.4080    975.9177
     1540.4980    987.0197    589.1819
     1721.0492    707.5688    187.0668
     1193.5621   1996.1738    366.9926
     1513.8866    587.6073    667.3058
      298.1502   1792.1389    199.4675
      834.5544    864.7358    432.4569
     2092.8066    613.4597   1220.6876
     1644.5902   1522.6636   1080.6078
     1235.0983    793.3159     51.1957
     1090.1747    401.2760   1659.5393
     1591.7922    457.3745     92.0080
     1343.7877   1102.2961   1676.6135
        0.4948    994.9816   1375.1014
      492.5491   1446.7330   1229.1812
     2075.2722   1175.4957    902.8404
      204.4435   1941.6111   1614.0066
      422.7412   1029.7426   1918.7875
     1260.5521   1294.1891    815.9383
     1704.2927    185.1902   1305.4438
     1482.0812   1935.8586     40.6855
     1976.6737   1204.0188    555.8481
      723.5657    841.3636    119.9557
      649.1862    806.5070    826.7803
     1027.2905   1303.6285   2233.2900
      691.0809   1715.1615    468.7583
     1189.4493   1819.6544   2143.9355
     1413.8015   2206.0310   1601.6107
      695.2070   1399.8654    721.2874
      948.4397   1490.5247    509.4835
      908.5372    702.0515   1988.5696
     2251.3943    868.3455   2004.1345
     1592.5161    497.6233    394.8626
     1695.0160   1173.1643   1779.5575
     1956.2566    123.3743   1240.6948
     1151.8112   1044.7554   1331.4788
      190.2339    196.5071   2245.7781
      545.8301   1936.1025    332.8956
      935.0969   1623.2788    176.9324
      903.2116   1092.4740   2147.7500
     1666.1271   2128.0874   1304.8954
      421.8266   1513.1080    942.9044
     1405.3207   1494.1703    513.3311
     1481.1946   1867.7050   1182.6299
      925.7722    597.3411   1109.1919
     2128.1355   1572.2031   1186.9901
     2108.9138   1620.7705   1809.0023
     1504.3451   1165.3203     64.7329
     1787.7019   1666.5286    499.3574
     1597.6017   1492.3569   2089.0588
      943.5977    982.9235    878.7231
     1926.8184    335.0760    972.9526
      434.4797   1203.9360   1589.4585
     1264.7446    508.0519    206.3445
      879.6646    959.9482   1739.6589
      200.9091   2171.6921    550.0677
     1312.4478    125.8753    291.3231
     1089.7145   1289.3007   1310.1747
     1720.7731     65.3018   1658.5659
     1245.0969    901.4755   1876.6769
      308.0028   2029.6108    745.9041
     1575.3008    735.7416   2120.8267
     1211.8671   1003.8734   2173.1553
      468.9968     36.7172    867.4747
      754.2949    305.6565   1006.6492
      250.8766   1329.9360   1337.6846
     1335.1331    241.2149   2157.7961
      427.7934    227.0304   1850.7104
       47.2377    275.1440    761.4489
     1346.8488   1437.3601   1445.1062
     1660.9731    299.8166    694.4925
     1985.8923   1598.3438   1589.2639
      695.0023   1496.2870   2128.1951
     1240.3203    599.1423   1981.5144
      655.1637   1990.2195    998.2285
     1022.4888    350.1188    905.2078
     2176.5139   1609.4946    118.1631
     1305.1732   1806.4595   1546.0057
      648.0207    423.4916   1875.2887
      412.0374   1065.4341    744.3306
      445.4645     85.7283   2223.4973
     2077.6692   2107.5764   1407.2567
       89.7452    294.5217   1493.1511
     1523.2836   1731.8063    944.9030
     1513.5085   1207.2615   1109.2008
     1428.8917   1472.7197   1841.9342
     1039.7375    512.3885   1358.5651
     1824.3427   1703.0184    884.0593
     1487.4934    286.0278   1468.3983
     1770.0632   1876.6544    279.3336
     1592.3232    299.3823   1027.8065
      660.0936   1631.2954   1763.4335
