      867.7966   2262.3262    175.3181
      815.9385   1491.9196   1143.7106
      624.7306   1757.4932    209.0188
     1234.4080    977.6098   1632.8805
      570.6239   1913.6571    605.0770
      603.5161    557.5363   1022.2302
     1926.8624   1571.0587   1216.8081
     1408.3396   1955.7854   1182.5579
     1492.6185    342.9433    945.7166
     1421.9882   2134.4658   2253.3071
      558.6064   1538.6901   1606.0338
      876.0095    305.1750    137.4213
     1122.9254   1938.9720    439.6006
     1040.6631   2198.6909    769.4452
     1490.7648    942.2903   1243.8962
       45.2504   1256.1200   2151.8435
     1181.3840   1758.1970    788.6315
     1283.0950    189.1956   1464.3523
     2110.4692   1882.3044   2200.1960
     2167.1448    341.3537   2031.4395
     1074.0137   1859.8748   1125.1190
      708.2786   1879.5093   1671.4327
      105.1836   1039.6300   2126.9795
      898.9579   1193.2457   2112.9966
     1222.2644    834.7523    641.4962
      141.7062   2168.1445   1529.7963
      307.3687   1623.7753    806.4607
     1454.2362   2245.5269   1803.8182
     2076.8892   2150.6411    181.0255
     1909.8306     88.9020    309.9243
      750.0383   1001.3874    524.6173
      104.2670   1297.9071    700.1490
      472.0863    100.1727    658.8604
     1793.1083   1501.7462    806.0452
     1284.8612    759.4775   1688.3811
      744.7152    350.1041    780.8129
      860.7158   1999.1327   2121.9282
     1314.0879    411.5920   1374.0795
     1999.8215     21.9824    525.3707
     1651.7579   2040.3387   2075.9270
      377.5872   1389.9558   1347.1598
      537.7449    268.9080    330.8199
      512.2220    327.5547    990.9462
      223.6176   2004.9072    839.8353
     2063.3953    181.1918   1190.4282
     1663.0856      9.9394   1716.3469
     1013.0505     55.9449   1183.6050
     1077.4729   1242.7147    581.8787
      134.1504    601.2723   1468.9530
     1109.4283   1093.0995   2204.1584
      664.4774    776.1573    960.9562
      938.8620   1392.9857    407.1551
      209.5977   1364.8434   1448.5452
     1634.6061    805.9093    195.0512
      874.6346   2259.0803   1731.0321
     1587.2161    779.9227   1416.4746
     1773.6244   1337.6672    658.2805
     1368.7825    305.9893     45.7468
     1423.2839   2018.3856    599.7984
     1739.0900    746.4307   1626.1427
     2197.9001   2138.2627    554.6351
     2210.3103    522.7772    993.7524
       85.9331    240.3057   1847.4417
       10.8722    612.5622    673.8535
     2259.3665    790.8393    273.7827
      800.5310   1252.7629   1213.0500
     1316.9675   1227.6667    513.8580
     1508.4998   1599.2714    428.7733
      929.2043    295.3885    630.8524
     1437.7542    841.7181   1564.7965
     1083.3127   1303.1042    799.0858
     1867.9122   1923.1075   2135.2422
     1412.5089   1110.9210   1068.9125
      357.1486   1456.3010   1997.5416
     1663.5444    178.7020   1434.9966
      270.0211    134.2664   1935.9869
      765.1887   1824.3177     25.1296
      361.8226    183.7578    907.1894
      967.7116    274.5484   2006.6243
     1617.7876   1595.0420    654.5026
     1907.4254   1426.2201   1029.4139
      776.6169    931.9894   1116.0841
      434.1313   1984.1677    746.5892
     1475.5221    866.9838    363.7085
     1607.5631   1473.2850   1524.2755
      758.7178   2193.5889   1357.1617
      367.1062    713.1661    222.6122
     1231.8595   1747.4966   1254.7478
      753.7284   1651.5370   1608.7300
     1155.3646    352.3774    124.0600
       12.4420   1462.0015   1797.4413
     2042.0729    152.8580   1413.0361
      279.0834   1611.9890   1021.1445
     1112.8645   1476.4771   1907.7999
     1841.3833    445.3477      4.0178
      790.0238   1988.9330    627.0062
     1278.3125    339.3753    304.9067
      159.6499   1244.6216   1620.4071
       58.7765    147.2519    332.1188
      231.3605   1639.3455   2038.3259
     1885.9438   1170.4137   2201.9243
     1908.4711    771.7072   1142.7404
      773.6962   1522.3317    781.2192
     1529.2295    679.5195   2258.6108
     2015.1829   2215.1423   1335.0844
        6.1608   1482.8981   1079.2582
     1577.0895    357.3268   1733.4021
     1700.8312   1818.3649    579.1307
      301.5875    783.5182   1859.6167
      223.5105   1151.0308   1077.2195
     1460.2314   1438.8411   1772.8285
     1459.4906     18.9208   1405.9415
      247.9057   1814.3326   1289.9463
     2238.9043    564.5646   2034.7205
      172.1343    472.5258    601.6974
        9.4253   1812.2812   1292.9087
     1293.9429    731.7350    410.4897
     1878.5892   1855.3569   1535.7577
     1071.3622   2187.6973   1662.5490
     2020.0336    949.9286   1555.2455
     1812.8229   1937.2451   1322.1177
      339.4126   1069.5564    416.8615
      164.4527    245.8017    525.7582
      943.5137    862.6804   1206.3171
     1883.6466     40.5384   1803.1708
     1586.7052   2056.0850   1382.4662
       43.1056    769.0269   1118.4180
     2203.7983    124.1349   2013.1205
     1275.5338   1011.8795    915.2896
     1696.0758   1065.1311   1829.7699
      653.8645   2019.0696    823.6769
      143.3531   1059.4539   1730.7467
       76.1958    264.0028    743.0861
     1981.0232   1613.9321    802.8226
      223.7436   2005.7401   2097.4170
     1178.4565   1799.8904     11.9869
      202.2656    324.6783    986.2473
      282.7562    183.1993   1692.8401
      402.0455   1402.0209    927.7447
      478.9002    364.7454   1291.4329
     1242.3861    130.0683   1257.1398
      775.2787    614.1869    415.7641
      498.9446   1512.9044    556.8377
      539.0349   1241.3118    896.5651
      907.5416   1593.2335    541.8915
     2009.6077   1774.6887   1332.6854
     1026.5150    754.4707    668.9056
      169.0344    430.7266    373.7904
      664.2819   1037.1495    189.4916
     2014.8162   1750.3157   1709.8043
     1160.6974    556.2150   1625.4156
     1324.4541   1675.1531   1513.0184
      410.7256    176.8695   1147.8671
     2074.1858    395.3246     42.9288
      554.8247   2108.2319   1247.6492
      850.9290   1780.3439   2049.8967
        4.5644   1633.5254   1947.9359
      912.7600   2059.6921   1112.1472
      957.8095   1943.1876   1888.5709
     2205.4771   2128.6597   2018.6825
      890.0372    937.5792   1888.7870
      522.5031    433.8659    749.8403
      283.9261   1591.6007   1432.8583
      248.5691   2081.4932    371.7674
     2017.4651    848.7698   1771.9922
     1864.2032    709.3914   1356.4006
     2045.8982    584.6904    828.7392
     1860.2029   1128.1765    304.7693
      451.9245   2148.6582    424.6798
     1317.0724    131.3305    430.2832
      540.7251   1171.0092    523.0653
     1604.7917    985.0734    544.6749
     1954.1578    400.4996    618.0178
     1783.2988    918.6326   1467.1692
     1233.8973    754.0223    195.8108
      427.7416   1266.6561   1121.5282
     2059.0493    451.0446    392.6896
      907.1641    298.5271   1257.5629
      253.2945   1207.3132   1285.3635
      318.7025   1956.9283   1870.5638
     1516.1132   1504.5684   1102.0529
      258.5598   2012.2235   1642.7574
      431.9887   1523.8838   2233.7239
      865.4079    863.1898   1664.6678
     2255.7007    182.7322   1325.4418
      782.4141   1991.4479    199.7035
     2054.5820   1471.4669   1410.3729
     1059.9199    898.8530   1032.4110
      576.0767    617.9496    600.9503
      500.4660   1120.4130   2054.6609
      320.5550   1887.2218    265.3342
     1153.3293   2142.7839   1126.7726
      426.9003   2052.6638   2134.0293
       63.5605   1161.6428   1407.2336
      750.1729   1187.9127    353.7542
      478.4372   1275.3939   1897.1920
     1320.8196   1144.5972   2060.4817
     1041.7157    659.6729   1042.9840
     2113.5193   1151.9017   2107.9094
      996.5160    728.6880   1399.4626
     1272.5350    528.1691   1982.3849
      172.9845    848.1646   1686.0856
      111.3582   2250.6545   1303.1838
        0.4071   1802.4102    319.3206
       36.0424    940.2288   1898.3510
     1243.0480   1905.6112   1504.2645
      950.2017   1129.4636    728.8080
     1894.9231   1325.4323   1336.8481
     1451.8184   1745.0908   1127.6139
      506.4002    542.8774   1254.9114
     1963.8002    691.1208   1558.1321
     2089.2275   1700.8336   2064.0432
     1525.1327   1055.9950    149.9156
      918.5820   1682.3799   1326.6296
     2029.2926   1985.9678   1260.2676
     1259.8829    743.1615   1032.6284
     1899.0648    706.0330    696.9025
      569.4312   1392.4578   1443.1157
     1945.6066    257.7753    192.2651
      547.7301    466.1423   1496.8506
      130.3380   1738.1798   1484.3572
      631.1474    303.9074    118.9865
      932.5106   1399.2128   1316.5558
      193.1669    611.5126   1716.2473
      479.4825    879.1710   1074.5759
      753.9076   1372.3173    239.2962
     1604.7827    753.7480   2044.6993
     1990.4757   1484.3134   2055.2168
      869.6460    571.1708    920.9813
     1276.5610    127.7478   1956.5612
      451.3959   1883.7224   1678.6371
     1771.8727    226.6226   2262.5334
      535.1805    715.1241   1856.1185
       35.9389    691.9373    886.6617
     2081.0095   1382.9969   1167.0076
     2094.7153    368.1571   1322.0681
     1824.1055   1708.0419   1813.5687
      338.1427   1028.1407   2175.5112
      412.1694    716.8597   1646.3807
      515.8683   1841.7385   1315.8779
     1601.6852    269.2161   2116.4446
     2163.5986   2242.7449    367.3721
     1109.3356   1697.6145    605.1141
      638.8187   1138.9919   1554.3981
       68.0129   1022.0069   1211.0953
      189.5503    637.8943   1947.8945
     1958.1837   2248.4021   1120.8142
      154.3053    639.6123   2183.0317
     1687.7493   1103.8712    712.8531
     1713.3119   1118.9189   1590.4347
      352.5186   1862.8174   1479.4915
      835.3741    709.8749   1110.7736
     1905.1281   2084.2358   1467.6273
     1842.6060    356.2705   2042.7922
     1687.1212   2129.5088    283.4503
     1324.0864   1327.4326    735.1699
      553.2858   1094.2034   1775.6606
     1163.9982    487.8463    463.2009
     1284.1002    187.0561   1734.4302
      763.9593    799.4270   1349.4393
      485.7890     19.4982   2059.1035
     1325.1732   1006.5633   1433.7007
      375.3012    306.6139   2049.0034
     2049.5593   1974.7660   1635.8766
     1612.7170   2151.4573    589.2873
     2017.1779    431.0424   1581.0936
     1294.1263   1672.8983    472.8740
      865.4516    106.3476   1950.9841
      592.9371    956.2210   1279.2310
      760.0450    389.0247    998.9310
      976.2686   1453.1183    671.7177
     2177.7371    337.9915    241.4828
      251.9714    119.7517    696.0557
     2172.8960   1130.0807    782.6659
      766.7361    437.4835   1625.7747
     2020.2314    772.8534   2191.5898
     1040.6746    374.3589    295.6053
     2167.1753     21.8539   2238.6841
       33.4663   1694.7670   2150.0522
     1413.6111   1827.3600   1378.2794
      188.8992    896.0656    243.9801
      581.8809    870.5227   1686.7615
      965.0533    771.9592    212.7643
      418.5652    666.5031   1083.6685
     1231.6318   2054.0527    258.2191
     1110.2380   2249.3665    399.9850
     1708.0566    238.3422    552.9734
      122.2572   1527.6252    278.4699
      868.8214    933.3011    690.7454
      373.3454    937.5992   1706.0455
     1078.0924   1850.1940   2092.3411
     1264.4022   1243.2816    928.3517
     2010.2584    514.3915   2135.6719
     1406.8779   1450.0878   1556.1587
     1834.3457    847.7732    131.2954
     1708.7157    858.1543   1256.0153
       16.0262   2057.7439    373.1932
      138.3690    338.5091    176.2140
      597.2302     73.9874    451.9286
     1322.5315   1006.1785    493.7551
      347.2188   2243.1689   1259.4032
     1587.3035   1638.3229    916.6469
     1659.2965    685.5905    667.1017
      688.9202    276.5110   1188.3417
      789.5165   2183.5657    692.9702
     2130.0283   1836.0586   1083.1720
      777.9669   1424.5581   1563.6959
     1380.0778    534.7419    398.5851
      684.5809   2013.6331    429.5082
     1822.6079    593.6206   2001.2241
      208.0227   2070.3474   1284.0325
      929.7899   1098.7013   1139.8674
     1058.2189    128.6974   1387.5533
      207.9029   2222.4958    847.8199
     2173.5510   1847.0204   1863.5165
     1224.6030   2046.0992     32.1992
     2118.0598   1279.2687    977.8344
     1373.2074   2067.8699   1418.7262
     1193.6326   1442.3798   1666.9780
      631.5443    727.0014   1180.9338
      164.4433    556.6078   1085.4174
     1491.2544   1792.8201    529.1327
      338.4458   2259.9175   1556.4452
     1039.7972   2159.8386   1880.6326
     1628.1736    384.8705   1959.9877
     1547.6165    413.7880   1525.1449
      988.5663   2095.7930    570.0971
      538.8527   1564.7261    775.6915
      298.3534   1234.9900    870.4042
     1135.3380   1634.9221   2059.9048
     1251.2906   2057.8848   1666.6720
     1865.7174   1932.1735   1782.3070
     1459.3066   1908.9824   1571.8018
     1190.8505   1181.8546    159.0494
     1335.4822    550.9036     74.9093
     1127.2061    878.0477    372.8831
      731.6055    507.5970   1193.9628
     1857.2585    306.9835    416.6242
     1088.8657   1763.5781   1418.2875
     1467.1122   1395.8044   1324.8890
     1358.5404    429.9692    746.5715
      255.0055    801.7228   1499.8134
      449.9199   1736.6560    696.2198
      711.5280   1283.2660   1871.4261
      256.8019   2150.3137     53.2509
     1652.8644   1845.4376   1715.7147
     1714.0634   1845.6672   1976.4897
     2168.1108   1571.7349    286.4227
      105.2734   1854.4755   2257.6252
     1689.2778   1446.9845   1004.6211
      215.5962   1377.4095   1128.2183
      639.4160    129.3121   1021.9816
      794.6749   1257.3684    581.4842
        7.5591   1919.7378   1675.8979
     1372.2356   1070.0111      5.0855
     1348.6844    782.0669   1318.0627
      782.8060    251.6155    450.7405
       97.5043   2039.7881   1859.6606
     1498.9392    760.1224   1791.6309
      976.6346   1882.5820      9.1837
     2121.9365   1117.9424   1872.4730
     2034.8025    823.8587    560.7365
     1062.7590    152.3643   1833.1909
     1355.0817    585.5399   1219.0283
     2259.3054   1706.5676   1714.8362
     2065.0554    230.4461    449.1745
     1319.4114   1334.9497   1912.2391
     2054.7898   1581.1786   1853.1790
     1687.1956    143.1592    317.7343
     2245.7993   1595.5565   1417.7217
     1008.1614   2131.5342   1309.6498
      502.1162   1734.5530      5.1325
     2049.3989    371.4788   1080.1355
     2215.4023    300.8908    927.6865
     1943.4117   2132.5178    363.3376
       30.8966    390.5024   1420.0449
      555.4077    423.9680   1971.6962
     1918.6121    961.2614   2156.5413
      790.0240   1905.5435    992.3807
     1825.1173    401.3877   1805.0145
       90.7091   1541.4421     46.8130
     2103.4792   1674.1560    478.1024
      490.2480    666.6618     16.8301
        0.3513    729.3644   1836.4055
     1402.9716   2254.4424    640.0160
     2079.0986    616.8336   1731.0018
     1885.4730    829.2150   1987.4408
     2202.8896   1497.2577   2112.9028
      885.2432    776.9136    859.4240
     1332.0765   1443.2775    382.2519
     1483.4685   2183.8220    405.3438
      441.7892   1487.3158   1124.9318
     2047.5724   1531.7061      2.3362
     1052.3672    576.3237   2082.3525
     1897.5925   1806.1223    458.5507
      164.5530   1782.6527    884.4977
     2237.0356    482.3874   1624.0201
     1922.2797    559.3011   1021.7828
     2241.9526   1252.8804   1744.9729
      936.3057   1137.2285   1896.8467
      275.7442   2157.1082   1959.6006
     1501.9076   1667.0767   1635.0481
     2251.7056    597.9214   1249.4325
     1157.3452    247.8286   2182.3069
      372.3826   1723.2439   1858.2275
     1893.0660   1548.9780   1690.7070
      564.5986   1953.7854     74.9551
       74.7895    797.1982   1334.3113
     1886.2935    575.4868    488.8949
     2171.3296   1714.9497     68.2606
     1757.9077    723.8760   2199.5942
     1769.4984   1002.6046    920.3335
     1370.0798    265.9184   2081.5815
     1520.8781   2209.8911   1031.2307
      275.8344   1303.8561    314.3141
     1528.2152    288.8019    693.3461
     1975.8634    939.4543    741.8163
     1715.6034    464.6365    611.0062
      335.4556   1921.6965     41.2072
     2038.3306   2105.4827   2233.5920
      773.4509   1234.5807    989.4839
      699.3635    763.1189   2228.3984
     2198.0193   2207.4229    915.7227
      174.0275   1591.6381   1238.3961
     1542.5917    356.3715    448.0776
      958.8375    424.9183   1061.2594
      242.4898   1427.8799   2179.3887
     2214.8953   1170.5707     66.5620
     1350.8359     75.7507     58.4202
     2027.3962   1153.2703   1177.6809
     2255.6272   2146.8105   1704.2181
     1692.1361   1469.8292    500.7220
      107.1757   2218.5923   2123.2866
      956.8311   1914.5157   1297.2634
      276.2376   1231.1021   2015.2878
     1303.1117   1637.6906    189.4081
      926.6478   1804.9617   1553.3538
     1548.2362   1335.9487    378.6398
     1951.5337    225.6101   1677.3624
     1741.5509    305.2260    796.0534
      907.2747    845.1023    481.8346
     1615.1079   1974.3323    725.1013
       98.5990    128.8320     92.4921
     1927.0968    637.7378     55.6870
     1754.8693     23.7571   1073.7640
      119.7372   1409.0692   1998.5349
     1302.8619   1940.1816   2122.8579
     2029.9557   1798.0453    659.0340
      422.3175   1154.2179    717.8154
     2085.5496    712.9152   1021.5464
      375.5900   2058.1960   1447.6665
      535.1992   1956.8889    304.9973
     1757.2483   2004.9924    898.6054
     1856.8352   2122.0286   1704.4135
     1700.7749   1619.9388   1178.4642
     1968.3085   1466.3564    579.8405
      408.1604   1704.2056   1199.2585
      342.3771    542.3588   2090.9543
      411.3043   1684.5278    185.3415
     1206.9861   1993.5150   1280.5292
     1866.5480     44.6831   1517.9879
     1552.2589    603.8952   1629.4725
      755.3425    590.7371   1853.5090
     1554.1843    188.3584     61.4149
      273.1178    798.6347     30.9119
      595.2100     79.8743   1248.4678
     1468.9255   2130.1787    803.4601
      407.6866   1055.2286   1222.7690
      412.3458   1210.4127   1532.3524
     2060.3616   2247.2517    751.9397
     1942.4825   1720.7117   2224.9827
      260.9648   1065.6526   1539.2224
      830.4818    726.4517   2028.0546
      719.8157   1786.2832   1408.3094
      335.2362    133.2590    104.9451
      372.2548    509.1701    917.7352
     2022.3724    583.9135   1235.5381
     1602.3308   1524.3136   2123.7234
     1165.5319   1141.4576   1103.2942
     1445.8662   1256.7889     95.0967
      661.1849    651.5494   1651.3551
      694.6110    602.5166    802.8486
     1809.6591    531.4038    802.7477
      230.2508     75.2571   1069.7223
      776.5436   1776.7395   1185.6763
     2138.3271   2032.8934   1453.6962
      498.5518   1603.8870   1376.8597
     1697.6761    586.0034    128.0623
      175.7020   1442.6144    902.6996
     2249.3481    756.0145    514.4527
     1626.0006    915.2399   1663.5857
      364.7006    514.1454   1631.9210
      968.8391    531.4891    698.6771
     1453.0964     84.0692   2110.4895
     1531.2993    558.3775   1356.4199
      529.3353    974.1829    603.0818
     1739.9347    590.6501   1201.5063
      792.4700   1797.9427    792.2684
     1871.4233    376.3577   1210.7797
     1650.2345    168.0679    961.3052
     2031.3241   1991.7874   2017.7700
      362.8549   1842.9547   2080.2939
      752.0077    386.5769   1398.2114
      150.6575   1092.7914    773.6904
     1185.7482   1092.1003   1845.0707
     2226.6758   1423.5913    534.8271
       34.0027   1309.0183    337.9798
     1146.3218   1106.8433    378.2418
      892.5510   2027.0631    843.6317
     1728.0933    210.9376   1863.4257
     1786.2738    485.6257   1610.7976
      181.0131   1412.2334    494.6006
     1739.5332   1673.2999   1578.4521
      273.2822   1013.8260   1929.2306
     1377.2167   2171.4653   1212.1366
     1263.8768   2135.5259    492.3374
     1856.2445   1961.3508    700.5923
     1876.9801   1605.7958    383.3994
      259.3158    385.5877   1812.3175
     1704.8650   1781.7626   2202.8809
     2063.9592    132.3254    971.5580
     2160.9521   1344.4806   1957.6134
      896.0894    996.4391    286.2097
      438.0654     46.6004   1823.8951
      386.0005    326.6559    535.0455
      844.9490   1408.3397     27.2700
     2048.9443   1953.1569    355.0670
     1013.5316   1350.9630   1531.0431
     1065.9961   2036.6112   1491.6539
     1046.8385   1562.7350   1194.8107
      519.3230    696.4956    376.6769
     1049.0652    741.0358   1622.1576
     1656.1907   2048.0693     45.2745
      578.6982    814.0102    163.5016
      919.5914      3.6222   2162.4949
     2251.6746    375.4510    522.1619
      998.1818   1434.5985   2142.5913
     1664.9353   2053.8147   1124.2421
     1686.5753   1804.9126   1043.3359
     1412.4591   1037.6329    685.0004
      400.5535    555.1271   1874.2886
       45.6639    933.9993    911.1564
      572.6310   1524.3761    180.3105
     1375.7708   1698.9637    913.1340
      839.1208   2153.2773   1944.5485
      677.2896   1685.5530   1959.2441
     1088.8232    964.7042    189.3461
     1213.2795   1124.8987    711.7808
     1706.3582    828.9441   1859.9366
     1283.5986   1182.4677   1294.5895
      857.7826   1736.2668   1787.8318
     1274.3821   1870.3711   1016.4083
       57.5634   1648.2551    492.7036
      964.3616   2115.0383    306.2531
      300.9365    969.3296    626.2890
     1179.1846   1469.6550    554.5348
     1887.2041   1999.3997   1090.9260
     1184.3312   1568.8248     22.9512
        7.9405   1603.3481    894.3405
      739.3978   1218.2107     74.9633
      117.9210    207.6624   2100.3086
      792.7624   1478.0691   2083.8613
      170.3636    468.2870   1293.1184
      840.1491   1254.3757   1690.8469
      338.4567   2156.1428    613.3388
      736.0067    156.0775    258.2907
     1843.4943   2090.8311   1955.5282
     1766.0205   1777.1542    798.7036
     2217.8625      2.5106   1469.9358
     1933.8666   1843.9142    913.8462
      579.0186    464.3982    425.6705
      395.4182    178.3234   1377.0369
     2072.0110    799.0895    151.6063
     1649.4651   1193.0447   2236.7810
      236.2643    954.4673   1334.4591
     1075.2874    989.4258    591.4625
      466.8097   2250.9009   1066.3171
     1956.7792   1642.7678   1490.0249
     2059.8101   2084.5010   1820.9022
     1522.0663   1164.6965   1271.3550
      145.8874   1049.2084     70.6597
     2180.3765    229.3832   1558.2460
     1330.3402    327.8080    524.1922
      211.5018    838.7627   2064.0222
      677.0185   2129.3091   1041.4768
     1692.4027    973.1844    327.6504
      415.0669    774.2602   2091.2993
       97.0363    566.0303    157.6700
      163.9053   2044.2428    597.9621
      820.4330    672.4102    624.7955
     1485.3228   1902.9105   1962.0259
      497.2139   2105.1655   1910.4421
     1153.1228    594.5283   1835.4453
      287.3336    600.1686    755.7112
     1534.7329   1258.1888    619.9231
     1502.4847   1208.7294    850.2037
     1575.7349   1268.5518   1083.6790
     1888.0884    212.1360   1028.7854
     1356.4514    956.3243   1813.0034
      351.7373    832.1804    425.3740
     1471.0039    640.5200    235.0602
     1849.2711   2111.9736    132.4225
      941.3249    523.3227   1710.1954
        9.5605    492.9723   1834.3009
      107.5930   1960.4377   1452.4192
      574.0264   1700.3143   1748.5560
     2004.0894   1037.9752    122.9157
     1016.4105    846.8963   2241.4465
      416.1442    810.6955   1303.5544
      850.1794   1585.1520    303.9970
      482.1877   2111.6992   1669.8011
      716.6456    941.2877   1507.0212
     1524.0752   1626.2769   1356.3446
     1821.5465   1248.9021   1119.7705
      465.5699    268.6162   1855.7692
      446.7772    920.8598    816.7325
     2248.0437    791.5315   2084.1606
     1701.3315    623.5108    978.4011
     1026.6904   1021.2278   1688.1465
      125.6922   1273.9133    134.4759
     1064.4775   1924.4073    715.9397
     1291.5725     65.1358   1053.1635
     1833.3641   1627.1406    618.8697
      567.1205    463.1033   1744.8420
     1708.6917   1755.1035    376.2837
      902.3629   1599.7415   1946.5038
     2020.8505    474.6517   1887.6149
     2132.9590    594.7720   1455.2788
     1256.4285   2260.1218    846.5378
      751.4003   1917.7197   1925.9377
      388.5579   1941.8062    493.5005
      212.1902    729.2939    547.7155
      434.5037   1288.2203   2166.3530
     1449.5021    869.8678   1031.3136
     1665.5033   1394.0524   1263.9454
     1263.8756   1592.4281   1807.3644
      709.7263   2159.0222   1584.9182
     1547.0665    975.4459    857.6583
     1916.6747    944.6266   1320.2253
      364.8746     87.3288    472.5594
     1761.2269   1125.7197   1292.4465
     1257.7583   1865.6233    584.4418
     1268.2421    944.0174   1160.4088
     1352.1176   1322.1841   1120.7048
      615.4782    216.2498   1449.6759
      848.9246    130.4697    830.1011
     1815.1953   2151.6606   2178.2205
     1963.0081   1370.2484    806.2212
     2104.9653   1311.5605    649.9347
     1197.1984   1987.2639   1899.4182
      558.6164    531.1475    211.3796
     1618.5045   1366.7114   1928.7206
      896.7578    266.1034   1749.8218
      500.9148     79.0051    227.2457
      905.6365   1934.5292    409.4894
     1933.8993   1916.0839     87.4838
      588.9602   2157.0493    606.4760
     1372.8230   1861.4628    117.2754
      661.2394    250.2722   1740.6198
     1180.6547    332.4485   1955.4933
      214.9216   1815.1562   1699.7686
      682.4646   1112.5801    737.9329
     1757.7272   1722.6742   1350.2571
     1025.9476   1287.2726     35.0193
     1126.4685   1669.6296   1639.7523
       44.5838   2258.0176    705.4764
      343.2332   1401.9368   1618.4906
      266.4518   1612.5476    580.4637
     1474.2852    548.8165    592.4317
      921.4816    279.4838   1521.3636
     1492.2469   1763.0697    277.2079
     1298.4948   1821.9725   1729.3125
      128.3468   1541.8186   1603.8665
      944.2001    482.2084   1474.2379
     2258.9084   2085.2717   2251.3350
      872.9331    993.4611    915.1194
     1943.7866   1262.1178   1990.3939
      249.3050   1219.5477   2249.3523
      404.2675   1522.8380    331.2174
     1526.2811    110.8151    490.2370
      648.5081   2174.9360    246.3887
     1163.3995      3.1132   2225.7922
     1356.3483    395.1960   1604.0530
     1756.6345    895.2003    709.7221
      367.0492   1835.5795    966.4340
     1328.6105    336.0501   1141.4110
     1464.7562     85.0902    871.8207
      483.5288   2034.3323    966.2731
     1260.4474    935.3871   2051.4756
     2163.0730    422.8138    716.0298
     2171.1370   1797.9369   1509.4866
     1625.8223   2046.8711   1839.1013
      481.3841   1656.7612   2043.3617
     1603.1851   1873.6290   1250.4814
      736.2958   1646.9707    965.7138
     1474.4983   1319.5820   2098.8662
     1840.4822    987.5889    504.5321
     2188.5100   1063.7112   1043.5408
      120.1973    944.1499    460.3026
     1469.7339   1481.5024    218.8981
     1141.4417   1643.8126    993.9044
     1031.3871   1136.8322    938.8264
      840.9321    501.8176   2080.2000
      471.6479    977.8262   1477.7690
     1204.6696    465.4084   2184.8315
     2250.9668    741.9860   1591.9902
     1075.8646    780.7075   2023.3562
     2125.4128    111.8194    187.6611
      245.3529    320.0903   2245.1626
     1007.0645   1740.4912    412.9554
     2116.2354   1155.2157    341.2386
      669.7545    354.3577   2142.3223
       57.0988   1420.0684   1306.9164
     1373.4648   1234.1763    298.2851
      611.8448   1865.7128   2112.2002
      731.1676   2126.6511     35.0423
      638.9413    879.4229   2034.9509
     1265.7473   2168.3992   2044.3839
      120.5360   1530.9243    720.8616
     1088.7598    142.9949   1607.7638
      653.6544    872.3231    764.6693
      934.3810   1117.5540    459.3385
       78.3300   2260.3420   1905.0690
     2032.7931   1737.9714    231.6382
     1106.9706   1273.0569   2003.1682
     2029.1382   1317.3419   1584.9917
      279.1996    253.0007    322.2781
     1785.9647   1524.0088   1397.4597
     2206.8406    240.9463   2257.3645
        8.8425    934.1586    668.6641
      785.5726   2261.6848   1166.4757
     1155.0289    769.3011   1221.9802
       53.7833    803.1064     57.2481
     2195.9727   2245.9512   1195.9719
     1003.9042   1303.7299   1081.8628
     2262.6057    558.4338    403.2719
      615.1155   1417.8346      4.7379
      747.0458    820.9254    318.3783
      719.7678     20.6971   2129.3743
        4.0902   2018.6736   1222.1719
      359.5275    488.5533    297.4113
     1087.0348     83.0950   2051.4910
     1258.3408    253.6658    904.8873
      605.2469    623.4048   2075.9883
     1453.1932    797.1453    617.7378
     2121.8567   2079.3870   1056.6876
     1307.5837     17.4471   1595.4246
     1303.4730    757.4144   1913.2228
     1658.9467    257.4127   1181.9948
     1549.4067      8.6825    166.4705
      886.4023   2035.5176   1697.5275
     1318.2549   2257.4399    267.0095
     1675.3151   1236.4746    229.9623
      517.8250    898.3235   2227.6724
     2018.7018   2035.2401    565.9841
     1803.6785   1282.9236   1766.7439
     1946.2330    921.5745    328.7255
     1396.6830   2019.3320   1819.9102
     1689.0011    394.8489   1347.8756
      897.3689   1803.8754    610.1411
     1914.2480   2166.6433    909.3470
      726.0323   1800.6785    426.6393
      193.1331   1897.7678   1099.7161
      646.6916   1428.2485    955.3585
     1225.4857   2073.1074    717.4183
      279.1550     86.7459   2149.9426
     1216.8470    611.8036    618.6486
      657.9810   2079.4712   2067.5305
     2208.0854   1390.2537    138.4652
      705.1767   1068.9512   1956.4237
     1019.7749   1196.3550   1318.9784
     2120.8191   1260.4435   1370.0414
      818.8369   1297.0027    795.8572
     1492.4425    268.2673   1348.7627
     1161.2078    531.4796   1161.7440
       61.2157    109.8000   1690.8260
      575.4839   1823.6866    863.3262
     1080.1901    991.6586   1312.6948
     1661.1823   1260.9528   1445.9983
     2257.2847    379.8612   1153.2369
     1582.3484    491.8849    812.8159
     1675.4944   2233.4497   1506.7917
      665.5948   2248.7100    838.7963
      381.6882   1333.8235    480.2789
      584.8864   1320.7515   1685.2313
     1135.5084   1333.4960    359.5706
     1367.3671    631.5936    793.8271
       16.9365   2006.6565    744.0675
      879.5487    193.3907   1069.1776
     2134.2510    304.5078   1770.3412
     1510.4103   1052.8265   2108.7998
     1806.0480    150.9412   1283.1211
      158.2096      7.0624    492.7053
     1155.0743    729.9798    854.8253
       38.7692   1972.8834    967.9117
      919.9625   1589.2172   1501.9692
     1159.6445   1416.7196   1005.9781
     2106.5432    204.6525    754.9333
      973.9753    465.6258   1907.4021
     1766.7179    782.2756    489.5608
      653.5082    812.2497    536.3024
      162.9296    404.6561   1990.4131
     2075.4829   1587.7908    991.7484
     1533.4471   1734.5654   2073.0017
     1658.5057   1616.2733   1922.4904
     1839.2993   1460.9691   1897.2057
       50.0393   1756.3596    686.5372
     1328.9612    190.3253    695.4811
     1252.4535   1264.5614   2212.6973
     1396.4358   1439.8064    926.0665
     1184.6881     34.7232    622.6489
      340.3939   1185.0911   1764.1458
     1887.1566   1781.9045   1157.3301
      797.1631    140.1380   1359.2709
     1098.4266    947.0906    814.0288
      502.7125   1144.1476     55.0408
      474.9713   1732.1682    454.5668
      239.4759   2227.8838   1753.0901
     1898.1244   1148.7931    713.6523
     1065.1886   1000.1984   2024.2146
     1576.2102   1033.8549   1440.5536
      501.1999   2214.4475     21.3643
      755.7031    122.9319   1593.2144
      316.9304    348.8339    737.3303
      954.1653   1652.2914   2197.0146
     1123.7654   1573.4448    338.1078
     1039.5977   1688.3989    152.8517
     1290.3658   1768.4106   1984.1503
     1686.1429    528.9047   2134.6072
     1794.9879    115.2851   2069.2571
     1086.2605   1896.5824   1690.1647
     1072.7145     51.9626    970.7560
     1460.4197   2059.4851    196.8512
     1424.8762    843.0092   2147.3523
     1916.0541    488.5697    230.2485
     2049.6345    699.5754    364.8256
     1489.2168   1164.1608   1892.4984
     1725.5214    993.4290   2073.4468
     1059.8854   1272.8247   1760.1555
       29.1629   1237.7775   1171.7850
     1260.0208   1402.9625    146.4568
      579.8298   1974.1597   1508.9434
      536.5767   1181.2236   1345.9585
     2004.7274   2241.5867   2024.3292
     1510.4971    931.2402   1947.5375
      738.2910    641.6288    177.7246
      417.9188    944.0603    190.4116
     2168.8848   1621.8535   1208.8325
     1711.4705   1193.0059   2009.8091
      808.2482   1610.9037     99.9170
      156.2282    373.4397   1601.8263
     1115.1567   2247.0771    167.7832
     1343.1188   1915.8102    796.1081
      720.5670    122.9234    633.3481
      835.8049    219.8569   2189.1138
     1765.3402     55.1992    151.1406
     1864.3303    638.3468   1789.3403
     1387.3788    359.8718   1872.8395
      572.5406    216.7111    825.3365
     1617.3146   2252.0901   2199.8594
     1074.7117   1733.2609   1859.6355
     1313.5082   1571.7933   1118.4126
     1463.9399    623.5069    998.9336
     1562.4769   1664.0516     90.9110
     1523.2231   1942.1982    946.1405
      409.6092    348.2625    151.3926
     2192.0811    951.6069   1708.4536
      800.3741    896.1743     98.2827
      848.8673   1795.8568    219.9284
     1268.2239    681.5036   2161.9136
      231.8681   1186.7261    558.1464
      220.7949    886.8884   1110.9799
     1461.2300   2126.9585   2032.3026
     1780.8290   1557.4841     16.0927
      153.6913   1750.4572    174.8924
      940.6436    556.2200    184.4856
      145.2943   1814.0902   1934.5732
      182.2521    663.1400    330.5550
     1638.7008   1047.4404   1089.9293
     2130.6821     70.5894   1807.9297
     1389.7012    557.9181   1757.0170
     2139.8730    785.2839    752.1319
     1097.5862    251.5032    477.9704
     1893.4856    996.1760   1115.2314
     1773.6907   1073.4303    108.9868
      878.3694   2201.7214    965.7831
      178.4109    155.7482   1490.0005
     1470.0206    201.2890    274.1176
     1118.9092    351.0706   1740.2587
      631.0261    184.0701   1993.3926
      342.0161   1144.8408    185.0700
     1696.1467    501.5358    384.1627
      439.7435   2206.5793    833.3761
      427.2103   1350.4371    146.2957
     1227.2660    886.2490     11.7964
     1509.0551   1770.4299    741.9048
      472.2289    937.7557   1930.6117
     1138.7395   1549.2767   1421.8741
     1445.2205    166.9879   1122.7919
       58.0833    174.5316   1111.5081
     1145.6127    391.0736    679.5902
     1203.9070    564.1854    264.7399
       77.5738   1723.2443   1077.1953
     1172.7910   1517.9264    787.0813
      729.5042   1986.3528   1242.0953
      684.8824   1680.0149    615.9279
      955.8281    144.9812    334.0420
      970.2363   2088.2881     49.3790
     1376.2815   1938.5170    378.5810
     1583.9742     27.8833   1241.1521
      582.3253    295.1494    581.3849
     1692.0256    837.7294   1039.2488
      497.6860    181.3240   2227.5623
     1107.8177    848.8013   1824.9365
     1417.8678   1490.0461   2258.7910
      464.6284   1498.5276   1814.7318
     1899.0598    188.1889    661.9620
      184.9067    804.6829    747.9180
       58.5713    426.1320   2219.6455
     2160.3545   1939.5787    162.9079
     1652.5873   2234.7090   1955.5839
     2123.2253   1563.7078   1629.1307
     1867.9625    776.7876    903.7113
     2173.5505   1806.8219    857.7577
      421.8089   2095.2781    194.5280
     1985.2584    205.8094   1924.0848
     1360.7202   1600.4164    701.6323
     1811.2417   1628.1187   2066.2751
     1647.9619     96.8781    711.9429
     2051.2585    915.4327    926.8622
     2035.1803   1368.1661   1797.1812
      351.4855    436.0830   1131.4851
      280.1288   2118.7344   1025.7195
     1737.9285    225.0205   1618.0918
     2193.1006   1400.5022    837.6750
     1957.6343   1770.3927   1954.4441
      673.0740   1270.8683   2103.5273
      226.4643   1362.5200   1803.1045
     1066.1923   2060.7729   2104.1846
     2055.8999   2233.1082   1622.8623
      439.0815    301.1020   1592.7610
     1478.8778    587.6599   1940.0842
     1240.3313   2222.7686   1832.9796
     1576.2352    680.1742    418.1431
     1520.4340    170.8720   1893.2306
      887.3488    661.9832   2257.7546
      938.5932    551.0567   1236.9734
     2055.8259   1321.3497   2230.1270
     2112.4309    879.1663   1178.0071
     1430.5477   1239.7649   1492.8995
     2159.0488   1125.1631   1577.6677
      675.9690   1628.9752   2186.1316
     1482.0646   2137.2393   1623.6249
      934.1409    704.5537   1839.2996
      591.8526   1362.0255    712.0925
     1788.1078   1372.8071   2133.6934
     1204.3772   1809.9176    278.6475
      932.8813   1465.8030    931.2117
     1491.6541   1716.3815   1824.9293
      673.9080   2061.6995   1796.0015
     1722.1687    613.8365   1458.7739
      488.9565    435.7326   2212.0049
      546.6752    744.6749   1462.7306
     1047.9320   1937.6704    209.5193
     1848.3846    940.3825   1684.5839
      901.9321   1129.4753   1515.3418
     1355.8206    853.9586    816.2692
      303.0118    541.3123     66.1741
     1406.4973   1531.6106   1990.6523
      648.8832   1607.4283    378.7507
     2196.3826    976.4901    199.2412
     1198.9280    828.5469   1458.1530
      921.4736   1678.7252   1055.3077
     1160.1414    578.8594   1415.5961
     2105.0417    921.1893   1974.7804
     1832.4185   1331.6460     83.1838
     1573.7366    419.0022     38.2512
     2070.4263   1055.8022    569.9485
      521.6581   1739.3816   1528.5317
     2212.8875   1890.0222    539.3287
     2025.0135   1259.4941    186.4061
     2107.7595    798.0252   1394.2101
      666.1226   1004.7819    942.3928
      841.5101    675.8165   1548.3207
     1190.0475   2210.3103   1418.3202
     2156.9534    960.9214   2219.0498
     1360.8298    611.5880   1493.0737
     1690.1549   1527.2174    257.5428
      265.2602    969.1210    913.4395
     1450.1902   1445.6552    592.7089
      706.9190    594.7404   1400.1451
      263.7495   1857.9436    670.2072
     2047.4823   1382.4202    365.0322
     1707.8326   1194.1178    486.4274
      369.5244    565.1638    511.4925
     1855.5320    100.7267    857.2731
     1108.5851    620.8450     60.6204
      822.2653   2001.2959   1469.0499
     1878.3289    279.0394   1463.9890
     1994.4543    230.6473   2173.8474
      616.0278   1610.7267   1172.6593
     2212.8508    129.1068    562.8254
      253.4062   1696.8679    373.7164
     1355.1033   1700.3175   2199.1531
     1945.3771   1142.5603   1701.5668
      253.4028    739.3401    951.4474
     2072.9670    577.4974    577.0573
     1333.6686   2095.1609    980.4347
       73.7363   1213.4875    940.5628
       36.4930   2199.0312    175.5182
      194.2826   1593.2952   1820.1938
     1808.8407   1720.1201    158.2586
     1237.1530   1454.3301   2115.7402
      577.5128   1443.2157   2030.8721
      247.2225   2260.4468    260.6786
      676.1025     96.6080     55.2389
      126.6014    468.3302    845.7032
     2056.8496    685.4557   1977.6691
     1910.5969    518.4730   1417.4545
      678.0848   1045.7916   2201.8494
      214.3918    257.4414   1242.5508
     1671.9642   2197.7527    852.3491
      715.0060    823.8762   1834.9440
       47.0571    115.2016    896.5066
      922.0797   2252.2297   1498.2129
     1016.5986    668.3648    426.9524
      993.7859    149.3234     63.8246
     1734.3687    348.6390    199.8084
     2127.0708   1025.7129   1334.2045
     1810.9268   1374.7065   1573.3660
     1737.6276    396.4148   1003.5157
     1927.6089   1141.5258   1453.5574
        8.3390   1154.6704    526.7307
     1818.3496   1932.3280    291.9458
      758.8526    457.5701    594.1659
     1324.5654   1000.2475    249.3140
       40.0145    938.3915   1498.0708
     1510.9600   1909.1943   2212.3704
     1122.2076    509.6303    872.4886
      737.9023    482.1705     34.0216
     1316.9254   1550.6226   1326.1858
     1926.1796   1236.4868    506.6711
     1623.1781   1842.1261   1479.4890
     1962.5347   1139.7972    926.1297
     2043.7283   2014.0769    821.5235
     1460.0624   1088.8643   1641.8112
      964.2524   1651.6813    798.0576
     1791.7695   2186.4705   1289.9525
      628.1426   1134.6853   1118.6311
      940.2658   1079.5885     43.6276
     1631.4896   1879.8744    177.5947
     1661.9185   1500.6676   1734.4506
     1569.0873    754.3521    826.9068
      790.2505   2225.8906    441.8896
      275.3470   1508.3744    129.8350
     1118.9185    189.4342    765.7627
     1792.2109   2045.0369    495.4358
      302.5445    380.1722   1440.7870
      105.1017   1122.9398    296.4647
     1798.8033    681.5759    299.3032
      769.8784   1049.9849   1723.8462
      537.7549     76.5220   1626.6412
     1949.1121    353.5476    859.0418
      272.3074   1716.6268   2243.8025
      795.4438   1046.2050   1309.5212
     1834.6951   1650.7313    989.7186
      716.8293   1498.1764   1789.9014
     1693.5292   2033.9758   1602.3279
     1546.0511    726.5441   1176.2595
      760.6873    436.2188    283.2284
      582.6287   1379.8079    385.8625
      722.0928   1452.0734    534.4605
      546.1905   2229.6758   1436.0243
      747.3495   1264.1497   1414.0012
       90.7209   1169.6974   1936.4091
     1238.3534   1358.9589   1456.9437
     1653.7208    583.9105   1826.1653
      962.3503    937.7177   1470.4198
     1019.1936   1451.3835    188.8812
     2142.6177   1571.9808    669.4018
      428.5475    760.3361    625.8880
     1843.8796   2182.7639    664.0403
      771.8915    343.1129   1926.6929
     1403.8931    838.8256    130.7974
     1147.1110   1150.7635   1541.8049
       87.2989   2165.3625   1070.4641
     1151.1451   1375.3074   1248.0262
     1551.0603    459.4411   1165.4432
      895.2335   1377.1407   1925.5521
      505.0516   1646.3629    988.2507
     1509.0767    154.7973   1634.8342
      948.4242    332.1947    873.0409
      980.1412   1200.4159    247.1922
      341.3574   1396.1758    690.8480
     1138.4122    330.5518   1296.4066
     1580.8069   1259.5919   1708.4241
     2129.5222    565.0864    192.3020
     1772.9200     19.0456    485.9809
     1917.5620   1053.2067   1913.6785
     1123.5168    278.2578   1083.2963
     1298.3782    482.5345    963.6376
     1568.5166   1419.9331    798.8693
      617.3678   1382.3121   1204.3058
      448.6416   1085.0767    982.0222
      557.5268    953.4753    378.6211
      658.0579     30.3664   1843.6884
      389.8857   1988.9043   1165.8225
      486.3161    683.7932    843.1384
     1962.4364   1492.1880    177.8381
      999.9486   1843.4354    922.0294
      141.4299   1997.9651    181.7160
      167.8468   1874.2909    450.0208
     1628.1552    912.5050   2259.2927
      539.2601   1879.5424   1885.0643
     1186.3301    167.7811    243.3633
     1455.3088    496.6348   2138.5859
      716.6024   1540.6122   1343.4344
     2262.9568   1384.7323   1542.6442
     1590.6145   1967.8934    426.8337
      852.1502    943.8552   2118.5884
      586.9742   1866.7229   1083.4807
     1957.3938     64.4183     17.0016
      989.2332    409.8141   2229.5959
        8.1378   1912.5813   2061.0325
      353.9726    596.8011   1412.9041
     1486.6526    408.3942    240.5260
     1127.3190    343.7286   1515.0942
      527.4160   1179.6062    286.3089
      945.8900     80.9430    576.4860
      342.0369   1627.2955   1639.3951
     1611.6570   1413.9302     61.8404
     1828.1891   1365.1973    338.2174
     1294.3427   1233.8658   1712.0533
      247.6369    685.0126   1242.0049
     1518.3828   1109.8669    383.7938
     2182.7412    632.2066   2250.4448
      937.0763    465.4703    447.2000
     1117.7903   2041.6929    942.1988
     2146.0176    956.4747    409.1054
     1720.6664   1247.3921    907.9930
      967.8937   1510.6351   1709.4476
