      880.5540   2092.6873    837.2947
     1081.4080   1120.2756   1578.3624
      337.3858   1213.5432    626.6570
     1040.4645   1044.6063   2248.6143
      624.8126   2093.2527    633.0053
      281.3117    191.0038   1420.5560
      936.0983   1476.0680    992.5319
     1666.0028   1992.6300   1502.7397
     1401.9064    222.8800    974.7004
     1913.0996   2029.1788   2236.7534
      892.6970   1443.2064   1420.0251
      441.9974    755.1360    120.1917
     1154.5883   1149.9941    249.4748
     1335.4528   1957.6035    823.1513
     2106.0332    643.7961    909.6459
      108.8451   1371.0703   1874.5667
     1076.3690   1409.6918   1702.1886
      924.0748    282.9725   1473.3514
     2116.9209   1909.0508   1600.5608
     2252.2478    563.1713   2051.4207
      861.5792   2144.8914   1092.0140
      518.3696   2047.0708   2034.0297
      512.3541    925.1760   1901.1805
      898.2795    529.0320   2141.2666
     1308.1416    623.9406    382.0244
      447.3196   2145.1636   1276.8269
      225.1905   1970.3193    687.3903
     1576.6068   2134.2732   2065.5449
     2178.7769   1687.8060    325.4525
     2158.4468     10.1728     66.0123
      312.9678    898.3280    644.6578
      597.9347   1421.5676    517.0137
      232.5963    177.2610    690.2744
     1306.9528   1314.6161    410.4555
     1408.1378    512.0373   1553.5890
      776.7980     23.1316    441.2188
     1330.3810   2058.3538   1985.7817
     1095.4904    726.1390   2166.1868
     1848.8386    195.1955    497.5312
     2214.8521   1680.1213   2013.3574
      302.5176   1505.2002   1737.7584
     1043.0424    338.5839    377.8591
      875.3210    304.8595    962.7289
       34.0063   1796.4435    568.5615
     2029.6018    399.5855   1245.9790
     2254.8584    313.4757   1846.3910
      776.4064    351.9775   1196.9896
     1440.0687   1040.9987    254.3444
       78.4488    359.0187   1599.1844
     1583.2424   1338.6493   2101.2834
      631.4373   1166.4874    818.0033
     1146.0881   1495.4719    263.6298
      172.3139    773.1716   1282.9547
     1626.9137    902.2303    365.2787
      775.6675   2204.7744   1908.3604
     1840.3275    996.4179   1447.8319
     1322.9359   1346.9174    956.8363
     1679.7179    442.9481     18.2511
     1860.2482   2153.0640    289.2635
     1942.2253    731.9465   1335.6304
     2063.2769   2003.8271    560.9285
     1633.3613    359.6411   1044.2523
      296.0100    348.5022   1905.2833
       32.7917   1159.8921    800.8109
     2123.2051    532.3127    369.1935
     1411.5477   1138.9153   1511.3634
     1512.2445    705.8587    155.6929
     1108.9911   2035.9102    573.9693
      959.3810    448.3621    678.4092
      753.8498    686.6248   1477.9025
     1549.9778   1099.9180    676.7555
     1913.5306   2256.8818   1978.8424
     1648.5006   1347.0045   1383.3051
      124.7919   1834.9974   1893.8617
     1442.0804    473.5822   1260.3864
      610.7728    143.1407   1330.1958
      681.8135   1470.3708    835.2357
      244.5227    453.7512    982.2501
      625.1227    711.7689   2159.7041
     1801.1331   1774.7157   1029.2622
     1860.3297   1560.0148    861.1741
     1153.3181    950.8925    851.5944
      407.4850   1933.1031   1086.3835
     1449.0258    385.1401    263.5202
     2036.5649   1555.7687   1643.1133
      762.1744   2092.2561   1358.8210
      340.7913   1394.3300    366.2398
     1089.5145   1920.3024   1871.5997
     1138.1818    953.0741   1924.7219
     1139.9609    560.8610    147.1751
      545.3625   1906.2495   1409.9121
     2225.7285    125.0185   1044.2756
      370.6509   1211.6129   1230.2407
     1282.4718   1230.7404   1775.4814
     1712.3690    212.4901    227.6172
      830.6210   1725.6202    887.0242
     1266.8252    246.4363    484.9185
       97.5392   1254.6084   1645.7173
       61.9068    188.2062    178.6013
      848.8623   1997.2268   2087.2307
     2001.4705    949.1528   2150.2197
     1313.1661    561.3782    632.1226
      982.1271   1641.8916    576.5636
     1973.4020    417.6350   2050.8416
     2227.9111   2063.8638    799.8656
       53.9081   1220.0201    557.2520
     1150.4938    289.6739   1634.8326
     1553.4578   2122.3303    877.2632
      596.3592    438.2308   2004.0973
       68.3359   1258.0364   1152.7704
     1402.4382   1421.3221   1306.3777
     1019.8446    658.3967   1340.4020
      308.9356   1621.4304    562.4051
     1748.2698    712.0923   2188.4597
      494.9477    263.1688    238.3171
      273.5522   1478.1492   1207.3716
      981.6603    632.3305    442.5935
     1745.0864   1900.2759   1979.9463
      940.7452   1763.1718   2245.7864
     2211.6887   1003.9992   1570.1361
     2006.6787   1874.3135    819.7823
      274.2256   1738.3785    292.2496
       93.6982    269.5845    422.4407
      770.4475   1150.9790   1096.7394
     1426.7557    373.4898   1994.6650
     1418.9277   2205.9231   1473.8479
      286.3842   1059.5956   1498.4027
     2091.8064    197.4669   2097.8938
     1479.3127    809.8869   1167.2262
     1642.5015    913.4776   1653.1769
      261.5017   2244.6646    413.9793
      160.9974   1163.2385   2100.6606
       76.6369    316.3344    843.2249
     2210.0801   1450.1736    810.8901
       62.2729   2106.2852   1674.7086
      819.0602   1955.5974     95.4456
      459.4904    339.6406    814.7800
      232.4606     68.2539   1631.0302
      468.4992   1679.4514   1162.8135
      505.6147    267.5821   1721.5326
     1740.6177    414.2612   1355.4237
      740.3588    320.2055    616.4258
      954.6209   1153.9000    937.6282
      419.0226   1346.9213    879.2393
      385.1910    771.1537    366.0992
     1812.0759   1155.3032    912.1549
     1067.0477    695.6245    726.2637
      224.0128    480.6041    248.7737
      657.9131    935.2354    208.6311
     1653.9333   1930.3123   1219.7656
     1762.1094    509.7540   1915.2449
     1086.0714   1704.3750   1999.6583
      767.5099     21.3593   1569.2675
     1980.7428    309.9009    180.5894
     1059.4460   1270.5693   1243.3772
     1368.0247   1536.2150   2236.8860
      439.4551   1847.6067   1817.9128
     1152.6124   2185.2488    956.8412
     1087.6545   2204.0288   2050.2183
     2182.9431   2222.5369   1857.4741
     1358.1383    487.0399   2239.4119
      318.0137   1032.1302     46.9659
      413.4609   1165.9474   1754.7146
      315.3696   2235.7715     54.3254
     2261.4453    771.5141   1718.1295
     1999.0905    781.1461   1683.5115
     2249.2644    849.0834    708.9126
     2259.3062    810.0460    141.9212
      512.1287   2141.9368    342.2078
     1571.3054    260.8560    501.9627
      574.8052   1414.6263    201.8144
     1565.4791   1330.4702    120.4094
     1932.2725    134.5359   1243.4285
     2231.1211   1580.3589   1158.8657
     1190.2092    858.5930    209.8729
     1261.4919    599.3740   1925.8822
     2189.9194    436.8219     73.5989
      621.3181    405.8460   1466.8210
       40.4056   1064.3424   1345.2616
      507.5978   2114.8359   1679.3864
     1567.0961   1085.0729   1230.1451
      288.8533   1691.2600   1520.2257
      600.8180   1572.8251   1526.5999
     1121.5999    938.1413   1321.9802
     2228.8828     55.3246   1556.4714
     1013.1669   1748.9529    293.0047
     1587.8733    822.8300    894.3964
     1313.7267   1182.6140      3.0037
      623.5243    821.1252    604.1007
      581.4648   1013.4074   2229.4399
      611.5009   1727.6427    298.5513
      875.5855   1649.0706   1702.5791
      307.3243   2202.9958   1884.3455
      742.2536   1578.2468   1167.3330
      847.8277   1451.4823    376.6496
      632.5314   1494.5117   2186.6799
     2126.4536   1445.9613   1922.4778
     1405.7896    874.3594    718.8088
     1882.3075   1056.0315   1815.9088
     1630.8888    256.3264   1491.7141
     1547.2063    647.6324   1735.8201
       39.9956    891.7686   2061.9700
      425.8317   2218.1018    797.7488
      651.2382   1758.1556      1.1557
      458.7374    478.6454   2249.0239
     1083.9082   2074.0186   1260.4308
      631.2131   1106.6541    496.5917
     1583.3693   1651.2158    846.3186
     1903.1580   2166.1621   1018.4679
      474.0051    657.9738   1338.8226
     1942.4362   1250.7750   1577.6095
     1913.4005   1678.0608   2107.7744
     1841.3695   1437.5725    162.4166
     1298.0187   1950.0232   1670.6366
     1532.4725   1736.3431   1473.0641
     1182.8312   1297.6632    670.5707
     1824.3654    145.4663    909.8823
      440.0562   1405.3126   2022.2476
     1781.6616    482.4334    469.2714
     1017.8019    837.4957   1564.7528
      133.8540   2136.5435   1080.1145
      906.1631     40.6565    136.1565
     1141.9105   1530.4045   1207.3798
      819.2194    229.0177   1759.2900
      243.5766    497.1572   1438.9701
      851.7355   1172.6285    203.1447
     1933.7480    742.5872   1976.3081
     1935.7275   1345.2585   2021.9501
      680.8258     86.9630    740.0580
     1357.9500    208.0596   1313.7943
      843.5970   1788.5520   1436.6123
     1821.4629     88.3327   2249.1047
      520.8101     90.9573   2057.5957
       90.7080    741.6600    432.3333
     1956.7627   1437.5519   1327.5574
     1568.2513     60.9219   1155.3822
     2258.6169   1681.2365   1644.7244
      521.6182    981.6852   1478.9655
      637.8315    680.1141   1859.1637
     1290.4272   2239.9409   1173.2013
     1352.2417     91.8657   1684.9554
     2026.9926   1928.0170    300.5360
     1127.2247   1783.6810   1086.7579
      836.4985    504.6516   1658.7275
      189.4662   1005.9501   1119.3615
      101.3824    129.6085   2025.3956
     1921.2637   2217.0098   1459.3177
      285.2357    779.0311   1552.2253
     1504.2455   1425.0780    620.7125
     1746.8346   1527.1204   1928.2344
     1164.3240   1746.6112   1424.4840
     1170.8785    752.7532   1047.8240
     1367.6509   1929.5763   1127.0646
     1567.7751    262.7927   1773.3795
     1833.2916   2165.7673    672.7728
     1447.6506   1064.1423    971.8304
      706.5152   1243.2998   1611.5277
      949.9047    961.7321    394.0607
      983.8450      6.8761   1761.2589
      806.5525   1015.3034   1425.7355
      875.0320    226.8848   2099.3386
     1295.5863    829.9065   1552.4366
      201.9705    355.1296   2189.6213
     2169.8245   2176.3271   1245.8392
     1689.1556   1797.4775    219.9402
     2211.3298    665.4205   1429.3661
     1290.9630   1623.6696    591.1904
      895.0931    110.3421   1254.3528
      188.5577    976.5361   1835.9402
      480.3708    673.4572    775.9725
     1264.6290   1019.2806    479.1948
     2105.6091     28.9385    357.1801
      485.2449    192.2809    472.4359
     1812.9512    693.0043    798.1729
      832.3875    920.6625   2028.3322
     2125.4419   1143.7913   1900.3505
     1142.4927    202.7845    137.0154
     1726.6060    237.1688   1988.7660
      368.9390   1402.4822   1441.0450
     1678.9108   1503.0503   1623.7701
      124.3575   1112.6954    308.1017
      739.1017    897.1315   1702.9840
      869.4919    392.1342    143.4518
      253.8402    571.4100    646.3480
     1713.8103   1884.1246    754.5698
     1104.1864   2200.3003    334.1295
     1461.3081     91.6435    263.7234
       76.2340   1421.6560    181.8134
      377.6119   1083.8168    337.9436
      895.8902   1130.9608   1825.1638
     1363.6504   1932.5349   1392.5735
     1733.8191    635.2587   1099.3506
     1900.0260    248.8281   1772.0845
     1312.9785   1518.6780   1532.5557
     2195.2881   1076.9755    134.9158
     1926.6859   1117.8805   1172.3623
      666.9128   1983.3412    893.9217
      613.4524    217.1956     18.0977
      435.0950    424.6024    542.6168
      926.3059   1032.8801    656.1889
      156.8676   1336.2994    905.2069
     2041.9374   1368.8069   1070.0940
     1873.4434    814.1133    234.4189
     1107.0269    547.8897   1609.3809
      665.2317   2233.9697    133.0694
     1891.9012   1561.5479    373.4197
      909.0837    927.3825   1167.6750
     2078.8340    306.8180    503.7197
      623.0039   1757.6299    611.2087
     1583.3607    764.6525   1418.9711
       20.3157   2233.9766    610.1160
     1238.3706   1106.7510   1148.6744
     1148.6523    506.5193    972.3044
      199.1646   1752.1647   1150.0360
     1510.9683   1800.1677   1874.5220
     1301.4965   2258.3274     28.5791
     1837.0775    946.8185    659.6620
     1186.1461   1680.9398   1732.3905
      671.4153   1423.1343   1830.9600
      400.9209    367.0483   1226.8748
      322.3511    133.5926   1098.2855
     1280.8938   1945.1346    379.8376
      610.2051   2259.9268   1030.3241
      928.2665   1444.9866   1968.8374
     1670.6750    847.4422   1950.0333
     1151.9236    360.3631   1350.6066
     1667.5323   2116.8806    110.5294
      724.2457   1861.5847   1145.4462
      370.2423   1021.9764    925.3763
     1194.4897   1242.4866   2020.9098
      758.7540   1984.2544   1790.3490
     1748.7355   2242.1479   1684.1240
     1402.4048   1654.2667   1060.1156
      916.6332   1478.4969    151.1427
      644.9395    597.1421    171.5814
     1606.1488    958.8775      4.5216
      607.2859    911.1507   1190.9611
     1874.0583    409.9339    734.9602
      747.7855   1691.0320   1965.4534
     1404.8247    934.2988   1834.5787
      796.7250    648.9512   1080.7747
      496.4970    583.4993   1639.0011
      338.2198   1605.2802     68.2784
      832.3404   1277.0681   2197.5076
      498.4360   1718.8995    831.3724
     1771.1378   1756.7867   1695.3051
     1634.3365   1693.7739   2139.4990
     2102.1257   1273.3391    353.6729
      322.7651   1337.7128   2258.2751
     1690.8900   1607.7076   1207.1893
      172.8475   1614.8220    806.7618
     1161.4943    279.3907   1101.0055
      875.9660   1345.7256    634.0233
      229.9596   1960.7950   1541.7031
      905.8711    771.5438    156.9240
     1286.5674    696.7012   1307.5986
      564.4544    518.8010   1027.5590
      444.0358   1795.7882   2088.1179
     2038.2375    368.7203   1547.9066
     1098.4139   2050.1262     46.8944
     2145.9575   1325.5029   2236.7505
     1618.6914   1305.7943   1032.1591
     1102.2343    354.0020   1909.4595
     1448.7135    548.2151    993.1674
     2256.9150   1903.4713   1328.8472
     2219.4092    505.5329    645.1810
     1536.1335   1182.9746   1886.3340
     2068.8599   1777.6212   1087.2975
      963.0016     48.1035    632.6299
     1363.7825   1535.1664   1925.1302
      954.0879   1981.5763   1539.5825
       49.3498   1967.7747     63.2528
     1576.4039     91.7659    724.4758
     2253.5967    546.0012   1152.7218
     1596.2837   1608.9558    490.1833
       53.5299    236.8538   1275.3029
      318.2007    608.2486   2050.7102
     1482.8535    693.2365   2065.5667
     1163.3398   1596.3049    867.0547
     1785.3834   1140.8962   2018.8225
       89.9445   2024.5487    332.0170
     2076.4565   1604.1270     71.7127
      163.4946    665.4730     27.2601
      171.0142    559.2137   1783.8313
     1807.9315   1806.7032    535.6405
     2110.6008    547.1310   1730.7448
     1582.7167   1280.4696   1647.4023
     1961.8964   2004.0768   1776.8921
      682.2028    879.9611    929.1526
      991.7801   1864.7954    731.2104
     1643.0627   2078.4761    451.1905
       44.9234   1482.9791    516.1416
     1631.3341   1298.2740    378.4491
      961.3858    675.4793   1866.9272
     1401.1013   2161.2986    667.5680
      397.5367   1873.7581    547.3483
     2100.4460    365.7039    944.5571
     1150.5621    265.8375    776.9612
     2250.4751   1421.0890   1435.7363
     1315.1335    869.9413   2155.6006
      175.7011   2183.3474   1412.4106
     1313.0198   1847.6414   2115.7603
     1882.6414    897.8616    992.0720
     1195.8545    228.0230   2101.3511
      658.7394   1284.9669   1303.2268
     1891.1141   1711.4427   1403.9983
      814.6533   1947.8650    478.3618
      133.4974    750.9044    942.1986
     2023.5874    702.8297     21.0602
     1350.4380   1876.4156    162.7903
     1810.6145    553.1103   1600.7915
     1869.7952   1362.2693    622.2968
     1536.2042    183.9543   2221.2986
     1510.6454   1866.5259    597.2880
      677.9213    579.5479    487.0405
     1560.1171    430.4193    775.7031
     1930.2924    723.3279    531.2586
     1579.2158    738.4607    557.0261
      398.7412   1925.6353     83.5636
     2113.6194   1955.0493   2071.2554
      395.3594    768.5167   1081.4081
      656.8325   1216.8423   2036.6045
     2012.4675   1570.8384    614.1442
       63.9066   1862.6718    950.4092
     1857.9823   1178.5728     40.6680
      801.0468    663.1371    793.0767
     1116.1503   1488.7726   2206.2764
     2015.4474   1116.8179    746.9796
     1867.4421    560.5530    215.9473
     2101.1804    867.5775   1146.3954
     1955.1080   1978.2611   1285.1681
     2074.6519    889.7371    444.6011
      150.3800   1999.3198   2061.5308
     1121.1105   2250.4395   1507.2886
      129.7748   1522.5077   2167.4258
     1472.9781   1556.9951    248.1639
     1533.3136   2073.9824   1750.2834
     1856.1559   1084.7396    371.0776
     1417.4121     85.3169   1973.0901
     2085.2119     69.9630    783.0186
